t,v,vw,o,c,h,l,n
2023-07-20 12:00:00,700,2.6601,2.66,2.66,2.6605,2.66,4
2023-07-20 12:39:00,250,2.67,2.67,2.67,2.67,2.67,1
2023-07-20 13:30:00,1663,2.6599,2.66,2.66,2.66,2.66,5
2023-07-20 13:32:00,1054,2.6538,2.65,2.655,2.655,2.65,26
2023-07-20 13:34:00,200,2.66,2.66,2.66,2.66,2.66,6
2023-07-20 13:35:00,3130,2.6654,2.66,2.6749,2.6749,2.66,41
2023-07-20 13:36:00,3093,2.6777,2.675,2.6785,2.6785,2.6707,12
2023-07-20 13:37:00,3036,2.6869,2.68,2.685,2.69,2.68,17
2023-07-20 13:38:00,1360,2.6878,2.688,2.685,2.688,2.685,3
2023-07-20 13:39:00,212,2.685,2.685,2.685,2.685,2.685,4
2023-07-20 13:42:00,3501,2.6904,2.685,2.6901,2.698,2.685,20
2023-07-20 13:43:00,7455,2.6993,2.6992,2.7,2.7,2.69,29
2023-07-20 13:44:00,4235,2.7101,2.71,2.705,2.715,2.705,41
2023-07-20 13:46:00,48981,2.6974,2.7001,2.685,2.705,2.675,65
2023-07-20 13:47:00,4008,2.6955,2.6873,2.6995,2.7,2.6873,21
2023-07-20 13:48:00,408,2.6899,2.69,2.69,2.69,2.69,6
2023-07-20 13:49:00,110,2.6895,2.69,2.69,2.69,2.69,2
2023-07-20 13:51:00,355,2.6884,2.6894,2.6894,2.6894,2.6894,6
2023-07-20 13:52:00,1014,2.6897,2.685,2.695,2.695,2.685,13
2023-07-20 13:53:00,3457,2.688,2.695,2.685,2.695,2.685,26
2023-07-20 13:54:00,5065,2.6748,2.685,2.67,2.685,2.67,21
2023-07-20 13:55:00,1200,2.675,2.675,2.675,2.675,2.675,8
2023-07-20 13:57:00,3500,2.6797,2.675,2.6799,2.68,2.675,11
2023-07-20 13:58:00,4239,2.682,2.68,2.685,2.6895,2.68,12
2023-07-20 13:59:00,2653,2.6822,2.69,2.685,2.69,2.68,10
2023-07-20 14:00:00,4235,2.6985,2.695,2.7,2.7,2.695,11
2023-07-20 14:01:00,332,2.6963,2.7,2.695,2.7,2.695,4
2023-07-20 14:02:00,5000,2.6923,2.6905,2.695,2.695,2.6905,14
2023-07-20 14:03:00,2269,2.6931,2.7,2.6928,2.7,2.6928,3
2023-07-20 14:04:00,1137,2.6954,2.695,2.695,2.7,2.695,9
2023-07-20 14:05:00,2450,2.6883,2.695,2.68,2.695,2.68,38
2023-07-20 14:06:00,801,2.6678,2.675,2.665,2.675,2.665,16
2023-07-20 14:07:00,861,2.6569,2.66,2.655,2.66,2.655,16
2023-07-20 14:08:00,1843,2.6495,2.65,2.6496,2.65,2.645,18
2023-07-20 14:09:00,653,2.6488,2.65,2.6495,2.65,2.645,9
2023-07-20 14:12:00,494,2.647,2.645,2.6499,2.6499,2.645,5
2023-07-20 14:13:00,1420,2.6526,2.65,2.655,2.66,2.65,13
2023-07-20 14:14:00,8043,2.652,2.6501,2.66,2.66,2.6501,18
2023-07-20 14:15:00,574,2.665,2.665,2.665,2.665,2.665,12
2023-07-20 14:16:00,464,2.665,2.665,2.665,2.665,2.665,6
2023-07-20 14:17:00,763,2.6651,2.665,2.665,2.665,2.665,15
2023-07-20 14:18:00,576,2.6642,2.665,2.66,2.665,2.66,7
2023-07-20 14:19:00,1181,2.6714,2.665,2.675,2.675,2.665,13
2023-07-20 14:20:00,1731,2.6756,2.675,2.68,2.68,2.675,18
2023-07-20 14:22:00,6516,2.6714,2.675,2.665,2.675,2.665,56
2023-07-20 14:23:00,956,2.6594,2.66,2.655,2.66,2.655,15
2023-07-20 14:24:00,532,2.6516,2.65,2.655,2.655,2.65,7
2023-07-20 14:25:00,528,2.655,2.655,2.655,2.655,2.655,4
2023-07-20 14:26:00,638,2.655,2.655,2.655,2.655,2.655,6
2023-07-20 14:27:00,8931,2.6501,2.6501,2.65,2.6501,2.65,14
2023-07-20 14:28:00,8324,2.6388,2.64,2.635,2.645,2.63,50
2023-07-20 14:29:00,10062,2.6399,2.635,2.645,2.645,2.635,34
2023-07-20 14:30:00,1512,2.6446,2.6491,2.645,2.6491,2.6436,12
2023-07-20 14:33:00,2057,2.6515,2.65,2.65,2.655,2.65,21
2023-07-20 14:34:00,813,2.6444,2.64,2.645,2.645,2.64,8
2023-07-20 14:35:00,653,2.645,2.645,2.645,2.645,2.645,12
2023-07-20 14:36:00,1374,2.6404,2.64,2.645,2.645,2.64,6
2023-07-20 14:38:00,4324,2.6372,2.645,2.635,2.645,2.635,22
2023-07-20 14:39:00,2574,2.6289,2.635,2.625,2.635,2.625,17
2023-07-20 14:40:00,3585,2.6249,2.629,2.625,2.629,2.62,8
2023-07-20 14:41:00,585,2.6208,2.62,2.62,2.62,2.62,3
2023-07-20 14:42:00,4237,2.6298,2.625,2.63,2.63,2.625,5
2023-07-20 14:44:00,2734,2.6304,2.63,2.63,2.635,2.63,30
2023-07-20 14:47:00,965,2.6348,2.635,2.635,2.635,2.635,3
2023-07-20 14:48:00,401,2.6362,2.635,2.64,2.64,2.635,3
2023-07-20 14:49:00,1669,2.6404,2.64,2.64,2.645,2.64,21
2023-07-20 14:50:00,100,2.65,2.65,2.65,2.65,2.65,1
2023-07-20 14:51:00,400,2.6463,2.645,2.65,2.65,2.645,4
2023-07-20 14:52:00,672,2.6493,2.65,2.65,2.65,2.65,5
2023-07-20 14:53:00,516,2.6452,2.645,2.645,2.645,2.645,2
2023-07-20 14:54:00,100,2.65,2.65,2.65,2.65,2.65,1
2023-07-20 14:55:00,200,2.65,2.65,2.65,2.65,2.65,3
2023-07-20 14:56:00,466,2.6474,2.645,2.65,2.65,2.645,4
2023-07-20 14:57:00,316,2.6482,2.645,2.65,2.65,2.645,4
2023-07-20 14:59:00,3089,2.6539,2.65,2.655,2.66,2.65,29
2023-07-20 15:00:00,715,2.655,2.655,2.655,2.655,2.655,6
2023-07-20 15:01:00,106,2.655,2.655,2.655,2.655,2.655,3
2023-07-20 15:02:00,142,2.6547,2.655,2.655,2.655,2.655,4
2023-07-20 15:04:00,345,2.6581,2.655,2.659,2.66,2.655,3
2023-07-20 15:05:00,526,2.6551,2.66,2.65,2.66,2.65,10
2023-07-20 15:06:00,250,2.6555,2.655,2.655,2.655,2.655,4
2023-07-20 15:07:00,547,2.6509,2.65,2.655,2.655,2.65,3
2023-07-20 15:08:00,1105,2.6582,2.655,2.655,2.66,2.655,11
2023-07-20 15:10:00,100,2.66,2.66,2.66,2.66,2.66,1
2023-07-20 15:11:00,440,2.6562,2.655,2.66,2.66,2.655,6
2023-07-20 15:12:00,233,2.6578,2.655,2.655,2.655,2.655,5
2023-07-20 15:13:00,163,2.6585,2.66,2.66,2.66,2.66,4
2023-07-20 15:14:00,3702,2.662,2.66,2.665,2.665,2.66,30
2023-07-20 15:15:00,6133,2.6604,2.665,2.655,2.665,2.655,57
2023-07-20 15:16:00,1208,2.6588,2.655,2.655,2.6595,2.655,3
2023-07-20 15:17:00,145,2.6567,2.655,2.655,2.655,2.655,3
2023-07-20 15:18:00,101,2.655,2.655,2.655,2.655,2.655,2
2023-07-20 15:20:00,495,2.655,2.655,2.655,2.655,2.655,3
2023-07-20 15:21:00,447,2.6561,2.66,2.655,2.66,2.655,7
2023-07-20 15:22:00,111,2.655,2.655,2.655,2.655,2.655,3
2023-07-20 15:23:00,453,2.6561,2.655,2.66,2.66,2.655,9
2023-07-20 15:24:00,100,2.6525,2.6525,2.6525,2.6525,2.6525,1
2023-07-20 15:25:00,100,2.66,2.66,2.66,2.66,2.66,1
2023-07-20 15:26:00,549,2.6521,2.65,2.66,2.66,2.65,3
2023-07-20 15:27:00,365,2.6593,2.6593,2.6593,2.6593,2.6593,1
2023-07-20 15:28:00,2588,2.6626,2.6525,2.67,2.67,2.6525,21
2023-07-20 15:29:00,7279,2.6606,2.665,2.66,2.665,2.66,70
2023-07-20 15:30:00,432,2.6616,2.665,2.66,2.665,2.66,8
2023-07-20 15:31:00,1481,2.662,2.665,2.66,2.665,2.66,16
2023-07-20 15:33:00,427,2.6554,2.655,2.655,2.655,2.655,5
2023-07-20 15:34:00,200,2.66,2.66,2.66,2.66,2.66,2
2023-07-20 15:35:00,110,2.6532,2.6525,2.6525,2.6525,2.6525,3
2023-07-20 15:36:00,1594,2.6609,2.66,2.665,2.665,2.66,16
2023-07-20 15:38:00,475,2.67,2.67,2.67,2.67,2.67,2
2023-07-20 15:39:00,132,2.6684,2.67,2.67,2.67,2.67,3
2023-07-20 15:40:00,224,2.67,2.67,2.67,2.67,2.67,3
2023-07-20 15:41:00,121,2.67,2.67,2.67,2.67,2.67,2
2023-07-20 15:43:00,124,2.6699,2.67,2.67,2.67,2.67,3
2023-07-20 15:44:00,218,2.67,2.67,2.67,2.67,2.67,4
2023-07-20 15:45:00,301,2.6667,2.665,2.67,2.67,2.665,3
2023-07-20 15:46:00,12372,2.6573,2.665,2.645,2.665,2.645,97
2023-07-20 15:47:00,729,2.6428,2.6401,2.645,2.645,2.6401,4
2023-07-20 15:48:00,334,2.646,2.645,2.645,2.645,2.645,4
2023-07-20 15:49:00,6149,2.6338,2.64,2.63,2.64,2.63,39
2023-07-20 15:51:00,101,2.625,2.625,2.625,2.625,2.625,2
2023-07-20 15:52:00,1690,2.6318,2.63,2.635,2.6386,2.63,21
2023-07-20 15:53:00,117,2.6311,2.63,2.63,2.63,2.63,4
2023-07-20 15:54:00,105,2.6349,2.635,2.635,2.635,2.635,3
2023-07-20 15:55:00,505,2.634,2.635,2.63,2.635,2.63,6
2023-07-20 15:56:00,1503,2.6352,2.6387,2.635,2.6387,2.635,12
2023-07-20 15:57:00,9311,2.623,2.635,2.62,2.635,2.62,58
2023-07-20 15:58:00,1701,2.6156,2.62,2.6113,2.62,2.6113,13
2023-07-20 15:59:00,200,2.6186,2.62,2.62,2.62,2.62,11
2023-07-20 16:01:00,2919,2.6243,2.62,2.625,2.6299,2.62,22
2023-07-20 16:04:00,532,2.625,2.625,2.625,2.625,2.625,5
2023-07-20 16:05:00,807,2.6238,2.625,2.625,2.625,2.62,7
2023-07-20 16:06:00,107,2.6296,2.63,2.63,2.63,2.63,3
2023-07-20 16:09:00,1584,2.6322,2.63,2.635,2.635,2.63,18
2023-07-20 16:10:00,1402,2.6364,2.635,2.639,2.639,2.635,6
2023-07-20 16:11:00,102,2.6351,2.635,2.635,2.635,2.635,3
2023-07-20 16:14:00,832,2.6364,2.64,2.635,2.64,2.635,9
2023-07-20 16:15:00,104,2.64,2.64,2.64,2.64,2.64,4
2023-07-20 16:16:00,113,2.64,2.64,2.64,2.64,2.64,2
2023-07-20 16:17:00,911,2.6361,2.64,2.635,2.64,2.635,7
2023-07-20 16:18:00,1039,2.634,2.635,2.635,2.635,2.63,12
2023-07-20 16:19:00,3821,2.6274,2.635,2.63,2.635,2.62,38
2023-07-20 16:20:00,316,2.6246,2.625,2.625,2.625,2.625,7
2023-07-20 16:21:00,203,2.6298,2.6299,2.6299,2.6299,2.6299,2
2023-07-20 16:22:00,958,2.6247,2.625,2.6248,2.625,2.6248,8
2023-07-20 16:23:00,1171,2.625,2.625,2.625,2.625,2.625,11
2023-07-20 16:27:00,403,2.6262,2.63,2.625,2.63,2.625,5
2023-07-20 16:28:00,508,2.6254,2.625,2.625,2.625,2.625,8
2023-07-20 16:29:00,100,2.625,2.625,2.625,2.625,2.625,1
2023-07-20 16:30:00,6876,2.6194,2.625,2.615,2.625,2.61,57
2023-07-20 16:31:00,319,2.6133,2.615,2.61,2.615,2.61,9
2023-07-20 16:32:00,107,2.615,2.615,2.615,2.615,2.615,3
2023-07-20 16:33:00,803,2.615,2.615,2.615,2.615,2.615,10
2023-07-20 16:34:00,2078,2.6091,2.61,2.605,2.61,2.605,20
2023-07-20 16:35:00,612,2.6066,2.605,2.61,2.61,2.605,11
2023-07-20 16:36:00,1950,2.6083,2.605,2.61,2.61,2.605,16
2023-07-20 16:37:00,810,2.61,2.61,2.61,2.61,2.61,10
2023-07-20 16:38:00,1756,2.6154,2.61,2.615,2.62,2.61,19
2023-07-20 16:39:00,1068,2.61,2.615,2.61,2.615,2.605,21
2023-07-20 16:40:00,1235,2.6104,2.61,2.615,2.615,2.61,20
2023-07-20 16:42:00,475,2.6143,2.615,2.615,2.615,2.615,4
2023-07-20 16:43:00,596,2.6154,2.615,2.615,2.6197,2.615,7
2023-07-20 16:44:00,200,2.6172,2.615,2.615,2.615,2.615,3
2023-07-20 16:45:00,311,2.6152,2.615,2.615,2.615,2.615,4
2023-07-20 16:46:00,200,2.6175,2.62,2.615,2.62,2.615,2
2023-07-20 16:48:00,312,2.6181,2.62,2.615,2.62,2.615,4
2023-07-20 16:51:00,27172,2.6049,2.615,2.61,2.62,2.6,116
2023-07-20 16:52:00,28025,2.584,2.5991,2.5951,2.5991,2.58,62
2023-07-20 16:53:00,1415,2.5932,2.5999,2.595,2.5999,2.59,8
2023-07-20 16:55:00,2118,2.5932,2.595,2.595,2.595,2.5924,8
2023-07-20 16:56:00,304,2.595,2.595,2.595,2.595,2.595,4
2023-07-20 16:57:00,1589,2.5913,2.59,2.59,2.595,2.59,27
2023-07-20 16:58:00,1045,2.5925,2.59,2.59,2.595,2.59,16
2023-07-20 16:59:00,809,2.59,2.59,2.59,2.59,2.59,11
2023-07-20 17:00:00,100,2.59,2.59,2.59,2.59,2.59,1
2023-07-20 17:01:00,899,2.5866,2.5899,2.585,2.5899,2.585,7
2023-07-20 17:02:00,4379,2.5826,2.585,2.58,2.59,2.58,22
2023-07-20 17:03:00,2403,2.5769,2.5772,2.575,2.5792,2.575,6
2023-07-20 17:04:00,2401,2.58,2.58,2.58,2.58,2.58,13
2023-07-20 17:05:00,404,2.585,2.585,2.585,2.585,2.585,4
2023-07-20 17:07:00,922,2.5863,2.5872,2.585,2.5872,2.585,5
2023-07-20 17:08:00,380,2.585,2.585,2.585,2.585,2.585,3
2023-07-20 17:09:00,1672,2.5856,2.585,2.585,2.59,2.585,14
2023-07-20 17:10:00,271,2.585,2.585,2.585,2.585,2.585,4
2023-07-20 17:11:00,318,2.5805,2.58,2.58,2.58,2.58,6
2023-07-20 17:12:00,143,2.5815,2.58,2.58,2.58,2.58,5
2023-07-20 17:13:00,665,2.5849,2.585,2.585,2.585,2.585,7
2023-07-20 17:15:00,635,2.5864,2.5899,2.585,2.5899,2.585,7
2023-07-20 17:16:00,511,2.5896,2.5899,2.5892,2.59,2.5892,4
2023-07-20 17:17:00,605,2.5859,2.585,2.59,2.59,2.585,7
2023-07-20 17:20:00,401,2.585,2.585,2.585,2.585,2.585,4
2023-07-20 17:22:00,800,2.5862,2.59,2.585,2.59,2.585,7
2023-07-20 17:23:00,3130,2.5899,2.585,2.595,2.595,2.585,32
2023-07-20 17:24:00,145,2.5942,2.595,2.595,2.595,2.595,3
2023-07-20 17:25:00,102,2.6,2.6,2.6,2.6,2.6,2
2023-07-20 17:26:00,534,2.595,2.595,2.595,2.595,2.595,8
2023-07-20 17:28:00,114,2.6,2.6,2.6,2.6,2.6,2
2023-07-20 17:29:00,202,2.6,2.6,2.6,2.6,2.6,4
2023-07-20 17:30:00,114,2.6,2.6,2.6,2.6,2.6,3
2023-07-20 17:34:00,1529,2.5997,2.6,2.6,2.6,2.5995,8
2023-07-20 17:35:00,1032,2.5951,2.595,2.595,2.595,2.595,5
2023-07-20 17:36:00,295,2.5972,2.595,2.6,2.6,2.595,5
2023-07-20 17:39:00,211,2.5974,2.595,2.6,2.6,2.595,3
2023-07-20 17:40:00,243,2.5974,2.595,2.6,2.6,2.595,5
2023-07-20 17:42:00,203,2.5975,2.595,2.6,2.6,2.595,3
2023-07-20 17:43:00,172,2.5988,2.6,2.6,2.6,2.6,8
2023-07-20 17:44:00,126,2.6,2.6,2.6,2.6,2.6,3
2023-07-20 17:45:00,228,2.5998,2.6,2.6,2.6,2.6,4
2023-07-20 17:46:00,200,2.6,2.6,2.6,2.6,2.6,2
2023-07-20 17:47:00,1280,2.5941,2.59,2.595,2.595,2.59,12
2023-07-20 17:50:00,141,2.5991,2.6,2.6,2.6,2.6,3
2023-07-20 17:52:00,106,2.6,2.6,2.6,2.6,2.6,2
2023-07-20 17:54:00,231,2.5978,2.6,2.595,2.6,2.595,7
2023-07-20 17:55:00,2737,2.5954,2.595,2.595,2.6,2.59,25
2023-07-20 17:56:00,5200,2.5999,2.5999,2.6,2.6,2.5999,2
2023-07-20 17:57:00,1014,2.5999,2.5999,2.5999,2.5999,2.5999,2
2023-07-20 18:01:00,1415,2.5919,2.6,2.595,2.6,2.5901,6
2023-07-20 18:02:00,100,2.6,2.6,2.6,2.6,2.6,1
2023-07-20 18:03:00,186,2.5977,2.6,2.6,2.6,2.6,2
2023-07-20 18:04:00,4005,2.5938,2.595,2.6,2.6,2.59,40
2023-07-20 18:05:00,521,2.595,2.6,2.595,2.6,2.59,7
2023-07-20 18:06:00,200,2.5925,2.595,2.595,2.595,2.595,5
2023-07-20 18:07:00,100,2.6,2.6,2.6,2.6,2.6,1
2023-07-20 18:08:00,509,2.5951,2.595,2.595,2.595,2.595,5
2023-07-20 18:09:00,975,2.5924,2.595,2.595,2.595,2.59,9
2023-07-20 18:11:00,1218,2.5921,2.595,2.59,2.595,2.59,13
2023-07-20 18:12:00,4427,2.5885,2.59,2.58,2.59,2.58,50
2023-07-20 18:13:00,8433,2.5802,2.58,2.5899,2.5899,2.58,72
2023-07-20 18:14:00,425,2.585,2.585,2.585,2.585,2.585,4
2023-07-20 18:15:00,1032,2.585,2.585,2.585,2.585,2.585,4
2023-07-20 18:16:00,2305,2.5856,2.585,2.58,2.5885,2.58,16
2023-07-20 18:17:00,200,2.5825,2.58,2.585,2.585,2.58,2
2023-07-20 18:18:00,4571,2.58,2.58,2.58,2.5801,2.58,49
2023-07-20 18:19:00,3680,2.5738,2.57,2.575,2.5782,2.57,11
2023-07-20 18:20:00,5164,2.5646,2.57,2.563,2.57,2.56,45
2023-07-20 18:21:00,4409,2.5651,2.5659,2.56,2.57,2.56,24
2023-07-20 18:22:00,600,2.565,2.565,2.565,2.565,2.565,4
2023-07-20 18:23:00,100,2.565,2.565,2.565,2.565,2.565,1
2023-07-20 18:24:00,305,2.565,2.565,2.565,2.565,2.565,3
2023-07-20 18:25:00,9805,2.5699,2.57,2.575,2.58,2.565,23
2023-07-20 18:26:00,2902,2.5747,2.575,2.575,2.575,2.57,11
2023-07-20 18:27:00,142,2.575,2.575,2.575,2.575,2.575,4
2023-07-20 18:28:00,113,2.5744,2.575,2.575,2.575,2.575,2
2023-07-20 18:29:00,2113,2.5705,2.57,2.57,2.575,2.57,23
2023-07-20 18:30:00,7473,2.5701,2.57,2.5699,2.575,2.5699,36
2023-07-20 18:31:00,410,2.5701,2.57,2.57,2.57,2.57,7
2023-07-20 18:32:00,1261,2.5718,2.57,2.575,2.575,2.57,13
2023-07-20 18:33:00,300,2.575,2.575,2.575,2.575,2.575,3
2023-07-20 18:35:00,751,2.5791,2.575,2.58,2.58,2.575,7
2023-07-20 18:36:00,913,2.5751,2.575,2.575,2.575,2.575,6
2023-07-20 18:38:00,286,2.58,2.58,2.58,2.58,2.58,3
2023-07-20 18:39:00,2001,2.574,2.57,2.575,2.58,2.57,19
2023-07-20 18:40:00,100,2.575,2.575,2.575,2.575,2.575,1
2023-07-20 18:42:00,401,2.575,2.575,2.575,2.575,2.575,4
2023-07-20 18:43:00,1012,2.5735,2.57,2.57,2.575,2.57,13
2023-07-20 18:44:00,601,2.5771,2.57,2.58,2.58,2.57,5
2023-07-20 18:45:00,2213,2.5787,2.575,2.5791,2.5791,2.575,6
2023-07-20 18:46:00,513,2.574,2.575,2.58,2.58,2.57,5
2023-07-20 18:47:00,310,2.5768,2.575,2.58,2.58,2.575,7
2023-07-20 18:49:00,305,2.5734,2.57,2.58,2.58,2.57,6
2023-07-20 18:50:00,322,2.5768,2.575,2.58,2.58,2.575,4
2023-07-20 18:51:00,600,2.5758,2.575,2.575,2.575,2.575,6
2023-07-20 18:53:00,1234,2.5754,2.58,2.575,2.58,2.575,13
2023-07-20 18:54:00,100,2.58,2.58,2.58,2.58,2.58,1
2023-07-20 18:55:00,305,2.5734,2.57,2.58,2.58,2.57,4
2023-07-20 18:56:00,424,2.575,2.575,2.575,2.575,2.575,5
2023-07-20 18:57:00,704,2.5734,2.575,2.575,2.575,2.57,8
2023-07-20 18:58:00,410,2.5788,2.58,2.58,2.58,2.575,8
2023-07-20 18:59:00,704,2.5771,2.5799,2.58,2.58,2.57,6
2023-07-20 19:00:00,1030,2.575,2.575,2.575,2.575,2.575,7
2023-07-20 19:01:00,862,2.5744,2.575,2.57,2.58,2.57,8
2023-07-20 19:02:00,200,2.575,2.575,2.575,2.575,2.575,2
2023-07-20 19:03:00,131,2.575,2.575,2.575,2.575,2.575,2
2023-07-20 19:04:00,1418,2.5743,2.575,2.575,2.575,2.57,16
2023-07-20 19:05:00,100,2.575,2.575,2.575,2.575,2.575,1
2023-07-20 19:06:00,20055,2.58,2.58,2.58,2.58,2.58,5
2023-07-20 19:07:00,8919,2.5821,2.58,2.595,2.595,2.575,48
2023-07-20 19:08:00,648,2.5946,2.5912,2.595,2.6,2.5912,4
2023-07-20 19:09:00,280,2.5979,2.6,2.6,2.6,2.6,4
2023-07-20 19:10:00,5427,2.5898,2.59,2.585,2.595,2.585,53
2023-07-20 19:11:00,100,2.59,2.59,2.59,2.59,2.59,1
2023-07-20 19:15:00,200,2.59,2.59,2.59,2.59,2.59,2
2023-07-20 19:16:00,173,2.5879,2.59,2.59,2.59,2.59,3
2023-07-20 19:17:00,420,2.5886,2.59,2.59,2.59,2.585,5
2023-07-20 19:18:00,364,2.585,2.585,2.585,2.585,2.585,2
2023-07-20 19:19:00,700,2.5864,2.59,2.585,2.59,2.585,4
2023-07-20 19:20:00,20503,2.5978,2.59,2.5901,2.6,2.59,45
2023-07-20 19:21:00,100,2.6,2.6,2.6,2.6,2.6,1
2023-07-20 19:22:00,1350,2.5994,2.5995,2.5991,2.6,2.5991,3
2023-07-20 19:23:00,7463,2.5907,2.59,2.5891,2.6,2.585,56
2023-07-20 19:24:00,495,2.5844,2.585,2.585,2.585,2.585,7
2023-07-20 19:25:00,200,2.585,2.585,2.585,2.585,2.585,2
2023-07-20 19:26:00,167,2.585,2.585,2.585,2.585,2.585,1
2023-07-20 19:27:00,100,2.585,2.585,2.585,2.585,2.585,1
2023-07-20 19:28:00,514,2.5862,2.5878,2.585,2.5878,2.585,4
2023-07-20 19:29:00,552,2.585,2.585,2.585,2.585,2.585,3
2023-07-20 19:30:00,170,2.5879,2.59,2.59,2.59,2.59,2
2023-07-20 19:31:00,3378,2.5902,2.59,2.6,2.6,2.585,15
2023-07-20 19:32:00,201,2.6,2.6,2.6,2.6,2.6,3
2023-07-20 19:33:00,100,2.6,2.6,2.6,2.6,2.6,1
2023-07-20 19:34:00,300,2.595,2.595,2.595,2.595,2.595,3
2023-07-20 19:35:00,188,2.5943,2.595,2.595,2.595,2.595,4
2023-07-20 19:36:00,467,2.5961,2.6,2.595,2.6,2.595,4
2023-07-20 19:37:00,400,2.5988,2.6,2.6,2.6,2.595,4
2023-07-20 19:38:00,2300,2.5911,2.6,2.6,2.6,2.59,4
2023-07-20 19:39:00,328,2.5953,2.595,2.595,2.595,2.595,5
2023-07-20 19:40:00,20979,2.5855,2.6,2.575,2.6,2.5742,144
2023-07-20 19:41:00,600,2.5725,2.575,2.575,2.575,2.57,6
2023-07-20 19:42:00,385,2.5752,2.575,2.575,2.575,2.575,5
2023-07-20 19:43:00,768,2.5744,2.575,2.575,2.575,2.57,11
2023-07-20 19:44:00,723,2.5751,2.575,2.575,2.575,2.575,10
2023-07-20 19:45:00,1773,2.5711,2.575,2.575,2.575,2.57,18
2023-07-20 19:46:00,11846,2.5702,2.57,2.575,2.575,2.57,70
2023-07-20 19:47:00,1457,2.5738,2.575,2.575,2.575,2.57,13
2023-07-20 19:48:00,786,2.575,2.575,2.575,2.575,2.575,8
2023-07-20 19:49:00,873,2.5743,2.575,2.57,2.575,2.57,10
2023-07-20 19:50:00,2776,2.5726,2.57,2.575,2.575,2.57,32
2023-07-20 19:51:00,581,2.5759,2.58,2.575,2.58,2.575,8
2023-07-20 19:52:00,1872,2.5738,2.575,2.58,2.58,2.57,12
2023-07-20 19:53:00,2284,2.5757,2.58,2.575,2.58,2.575,17
2023-07-20 19:54:00,3531,2.5795,2.575,2.58,2.58,2.575,8
2023-07-20 19:55:00,2454,2.5754,2.575,2.575,2.58,2.57,25
2023-07-20 19:56:00,3594,2.5752,2.57,2.575,2.58,2.57,38
2023-07-20 19:57:00,2958,2.5735,2.575,2.575,2.575,2.57,39
2023-07-20 19:58:00,7607,2.5727,2.58,2.575,2.58,2.57,67
2023-07-20 19:59:00,19010,2.5743,2.575,2.58,2.58,2.57,163
2023-07-20 23:05:00,200,2.6,2.6,2.6,2.6,2.6,1
2023-07-20 23:20:00,200,2.61,2.61,2.61,2.61,2.61,1
2023-07-20 23:23:00,100,2.6,2.6,2.6,2.6,2.6,1
2023-07-20 23:43:00,120,2.6267,2.62,2.62,2.62,2.62,4
2023-07-21 13:03:00,150,2.6,2.6,2.6,2.6,2.6,1
2023-07-21 13:30:00,64175,2.58,2.58,2.588,2.588,2.58,6
2023-07-21 13:32:00,8655,2.6015,2.6,2.6101,2.62,2.595,22
2023-07-21 13:33:00,1146,2.614,2.61,2.62,2.62,2.61,20
2023-07-21 13:37:00,384,2.6244,2.625,2.625,2.625,2.625,19
2023-07-21 13:38:00,1393,2.6283,2.625,2.63,2.63,2.625,25
2023-07-21 13:39:00,848,2.6411,2.64,2.635,2.645,2.635,23
2023-07-21 13:40:00,502,2.6387,2.6411,2.635,2.6411,2.635,16
2023-07-21 13:42:00,380,2.6238,2.6201,2.6201,2.6201,2.6201,28
2023-07-21 13:44:00,18080,2.6046,2.625,2.595,2.625,2.595,104
2023-07-21 13:45:00,1944,2.6117,2.6,2.615,2.62,2.6,20
2023-07-21 13:46:00,425,2.6151,2.615,2.615,2.615,2.615,25
2023-07-21 13:47:00,1058,2.6065,2.61,2.59,2.61,2.59,20
2023-07-21 13:48:00,415,2.5944,2.59,2.59,2.59,2.59,13
2023-07-21 13:49:00,1135,2.588,2.595,2.58,2.595,2.58,21
2023-07-21 13:50:00,2173,2.5765,2.575,2.58,2.58,2.575,10
2023-07-21 13:51:00,2008,2.5702,2.5701,2.57,2.5701,2.5699,13
2023-07-21 13:52:00,811,2.5644,2.565,2.565,2.5699,2.5601,10
2023-07-21 13:53:00,783,2.5637,2.565,2.565,2.565,2.56,15
2023-07-21 13:54:00,456,2.5648,2.565,2.565,2.565,2.565,9
2023-07-21 13:55:00,3042,2.5697,2.57,2.57,2.57,2.565,25
2023-07-21 13:57:00,300,2.575,2.575,2.575,2.575,2.575,1
2023-07-21 13:58:00,641,2.5774,2.58,2.575,2.58,2.575,20
2023-07-21 13:59:00,2110,2.575,2.575,2.575,2.575,2.575,20
2023-07-21 14:00:00,1509,2.5742,2.575,2.5727,2.575,2.5727,4
2023-07-21 14:01:00,1827,2.5642,2.57,2.555,2.57,2.555,33
2023-07-21 14:02:00,5009,2.5448,2.55,2.5409,2.55,2.5409,42
2023-07-21 14:03:00,745,2.5429,2.5498,2.54,2.5498,2.54,13
2023-07-21 14:04:00,808,2.5437,2.545,2.545,2.545,2.54,15
2023-07-21 14:05:00,2477,2.5403,2.54,2.54,2.54,2.54,34
2023-07-21 14:06:00,2016,2.5349,2.535,2.535,2.5395,2.531,15
2023-07-21 14:07:00,703,2.535,2.535,2.535,2.535,2.535,5
2023-07-21 14:08:00,1944,2.5314,2.535,2.535,2.535,2.53,25
2023-07-21 14:09:00,4188,2.5398,2.535,2.54,2.54,2.535,19
2023-07-21 14:11:00,720,2.5486,2.5438,2.5495,2.5495,2.5438,4
2023-07-21 14:12:00,1348,2.5505,2.55,2.55,2.55,2.55,18
2023-07-21 14:13:00,349,2.556,2.555,2.555,2.555,2.555,10
2023-07-21 14:14:00,1694,2.5553,2.555,2.555,2.5599,2.555,28
2023-07-21 14:15:00,2214,2.5578,2.56,2.5552,2.56,2.5552,7
2023-07-21 14:17:00,2324,2.5581,2.5501,2.5593,2.5593,2.5501,5
2023-07-21 14:18:00,313,2.555,2.555,2.555,2.555,2.555,5
2023-07-21 14:19:00,939,2.5551,2.555,2.555,2.555,2.555,19
2023-07-21 14:20:00,1067,2.5549,2.555,2.555,2.555,2.555,15
2023-07-21 14:21:00,1696,2.5529,2.555,2.555,2.555,2.55,26
2023-07-21 14:22:00,1000,2.553,2.55,2.55,2.555,2.55,21
2023-07-21 14:23:00,1839,2.5468,2.55,2.545,2.55,2.545,30
2023-07-21 14:24:00,1993,2.5441,2.545,2.54,2.545,2.54,20
2023-07-21 14:25:00,1086,2.545,2.545,2.545,2.545,2.545,8
2023-07-21 14:26:00,554,2.5485,2.5499,2.545,2.5499,2.545,5
2023-07-21 14:29:00,385,2.5451,2.545,2.545,2.545,2.545,11
2023-07-21 14:30:00,350,2.545,2.545,2.545,2.545,2.545,7
2023-07-21 14:31:00,268,2.5454,2.5454,2.5454,2.5454,2.5454,4
2023-07-21 14:32:00,354,2.5453,2.545,2.545,2.545,2.545,8
2023-07-21 14:33:00,599,2.5452,2.545,2.545,2.545,2.545,11
2023-07-21 14:35:00,1363,2.5454,2.5464,2.5437,2.5464,2.5437,4
2023-07-21 14:36:00,4598,2.55,2.55,2.55,2.55,2.55,16
2023-07-21 14:38:00,5788,2.5622,2.56,2.565,2.565,2.56,43
2023-07-21 14:39:00,342,2.5608,2.56,2.5605,2.5605,2.56,7
2023-07-21 14:41:00,210,2.5602,2.565,2.565,2.565,2.565,3
2023-07-21 14:44:00,125,2.566,2.565,2.565,2.565,2.565,2
2023-07-21 14:46:00,515,2.565,2.565,2.565,2.565,2.565,12
2023-07-21 14:47:00,1060,2.565,2.565,2.565,2.565,2.565,19
2023-07-21 14:48:00,240,2.5608,2.56,2.56,2.56,2.56,5
2023-07-21 14:49:00,374,2.5697,2.57,2.57,2.57,2.57,5
2023-07-21 14:50:00,114,2.57,2.57,2.57,2.57,2.57,2
2023-07-21 14:51:00,640,2.565,2.565,2.565,2.565,2.565,7
2023-07-21 14:53:00,120,2.565,2.565,2.565,2.565,2.565,3
2023-07-21 14:54:00,710,2.5651,2.565,2.565,2.565,2.565,13
2023-07-21 14:55:00,189,2.565,2.565,2.565,2.565,2.565,12
2023-07-21 14:56:00,439,2.565,2.565,2.565,2.565,2.565,8
2023-07-21 14:58:00,691,2.565,2.56,2.565,2.565,2.56,9
2023-07-21 15:03:00,100,2.57,2.57,2.57,2.57,2.57,1
2023-07-21 15:06:00,7023,2.5764,2.57,2.5811,2.585,2.57,42
2023-07-21 15:08:00,683,2.5822,2.5812,2.5801,2.585,2.5801,4
2023-07-21 15:09:00,1010,2.5899,2.5899,2.5899,2.5899,2.5899,2
2023-07-21 15:10:00,100,2.585,2.585,2.585,2.585,2.585,1
2023-07-21 15:11:00,901,2.585,2.585,2.585,2.585,2.585,13
2023-07-21 15:12:00,200,2.5859,2.5867,2.585,2.5867,2.585,2
2023-07-21 15:13:00,953,2.5855,2.585,2.585,2.585,2.585,10
2023-07-21 15:14:00,430,2.5826,2.585,2.58,2.585,2.58,7
2023-07-21 15:15:00,192,2.5879,2.59,2.59,2.59,2.59,8
2023-07-21 15:18:00,100,2.585,2.585,2.585,2.585,2.585,1
2023-07-21 15:20:00,766,2.5857,2.585,2.585,2.585,2.585,8
2023-07-21 15:22:00,713,2.5829,2.5801,2.585,2.585,2.5801,7
2023-07-21 15:24:00,1805,2.582,2.585,2.58,2.585,2.58,18
2023-07-21 15:25:00,396,2.585,2.585,2.585,2.585,2.585,7
2023-07-21 15:27:00,1704,2.5896,2.5899,2.5899,2.5899,2.5899,5
2023-07-21 15:30:00,402,2.585,2.585,2.585,2.585,2.585,11
2023-07-21 15:32:00,115,2.5893,2.59,2.59,2.59,2.59,2
2023-07-21 15:33:00,1117,2.585,2.585,2.585,2.585,2.585,19
2023-07-21 15:34:00,131,2.5888,2.59,2.59,2.59,2.59,5
2023-07-21 15:35:00,213,2.5873,2.59,2.59,2.59,2.59,10
2023-07-21 15:37:00,1506,2.5814,2.58,2.585,2.585,2.58,24
2023-07-21 15:38:00,353,2.5866,2.585,2.59,2.59,2.585,9
2023-07-21 15:39:00,250,2.5851,2.585,2.585,2.585,2.585,7
2023-07-21 15:42:00,383,2.5852,2.585,2.585,2.585,2.585,9
2023-07-21 15:43:00,447,2.5867,2.585,2.585,2.585,2.585,10
2023-07-21 15:45:00,535,2.5841,2.58,2.585,2.585,2.58,9
2023-07-21 15:47:00,3260,2.5906,2.59,2.595,2.595,2.59,25
2023-07-21 15:48:00,101,2.6,2.6,2.6,2.6,2.6,2
2023-07-21 15:49:00,3610,2.5994,2.6,2.6,2.6,2.5963,20
2023-07-21 15:51:00,296,2.5967,2.6,2.595,2.6,2.595,8
2023-07-21 15:53:00,799,2.5949,2.595,2.595,2.595,2.595,13
2023-07-21 15:54:00,445,2.5952,2.595,2.595,2.595,2.595,8
2023-07-21 15:58:00,1363,2.5943,2.5911,2.5958,2.5958,2.5911,10
2023-07-21 16:01:00,280,2.5968,2.6,2.6,2.6,2.6,5
2023-07-21 16:02:00,1018,2.5955,2.595,2.595,2.595,2.595,17
2023-07-21 16:03:00,873,2.595,2.595,2.595,2.595,2.595,15
2023-07-21 16:06:00,422,2.595,2.595,2.595,2.595,2.595,13
2023-07-21 16:07:00,1518,2.5934,2.595,2.595,2.595,2.5901,27
2023-07-21 16:08:00,454,2.5961,2.6,2.595,2.6,2.595,9
2023-07-21 16:09:00,217,2.5903,2.59,2.59,2.59,2.59,4
2023-07-21 16:10:00,141,2.595,2.595,2.595,2.595,2.595,6
2023-07-21 16:11:00,336,2.5945,2.595,2.595,2.595,2.595,10
2023-07-21 16:12:00,621,2.5958,2.6,2.595,2.6,2.595,9
2023-07-21 16:14:00,152,2.595,2.595,2.595,2.595,2.595,7
2023-07-21 16:15:00,261,2.595,2.595,2.595,2.595,2.595,5
2023-07-21 16:18:00,180,2.595,2.595,2.595,2.595,2.595,6
2023-07-21 16:19:00,210,2.595,2.595,2.595,2.595,2.595,5
2023-07-21 16:20:00,9918,2.6004,2.5995,2.6,2.605,2.5995,92
2023-07-21 16:22:00,154,2.5982,2.6,2.6,2.6,2.6,5
2023-07-21 16:23:00,3542,2.5902,2.59,2.59,2.59,2.59,53
2023-07-21 16:24:00,1100,2.5897,2.59,2.5871,2.59,2.5871,2
2023-07-21 16:27:00,655,2.585,2.585,2.585,2.585,2.585,10
2023-07-21 16:28:00,1501,2.5822,2.585,2.585,2.585,2.5811,7
2023-07-21 16:29:00,250,2.585,2.585,2.585,2.585,2.585,7
2023-07-21 16:30:00,149,2.585,2.585,2.585,2.585,2.585,2
2023-07-21 16:31:00,181,2.5877,2.5899,2.5899,2.5899,2.5899,3
2023-07-21 16:32:00,200,2.585,2.585,2.585,2.585,2.585,2
2023-07-21 16:33:00,443,2.585,2.585,2.585,2.585,2.585,11
2023-07-21 16:35:00,900,2.5889,2.585,2.59,2.59,2.585,6
2023-07-21 16:37:00,326,2.5899,2.59,2.59,2.59,2.59,5
2023-07-21 16:38:00,130,2.585,2.585,2.585,2.585,2.585,2
2023-07-21 16:39:00,1295,2.585,2.585,2.585,2.59,2.5801,23
2023-07-21 16:40:00,545,2.585,2.585,2.585,2.585,2.585,6
2023-07-21 16:41:00,124,2.5851,2.585,2.585,2.585,2.585,5
2023-07-21 16:42:00,3060,2.5798,2.58,2.575,2.58,2.575,28
2023-07-21 16:43:00,1521,2.5778,2.5761,2.58,2.58,2.5701,15
2023-07-21 16:46:00,277,2.5768,2.575,2.5799,2.5799,2.575,3
2023-07-21 16:47:00,320,2.5777,2.575,2.5789,2.579,2.575,3
2023-07-21 16:48:00,110,2.575,2.575,2.575,2.575,2.575,2
2023-07-21 16:52:00,407,2.5787,2.5799,2.58,2.58,2.575,5
2023-07-21 16:54:00,177,2.575,2.575,2.575,2.575,2.575,3
2023-07-21 16:56:00,224,2.5769,2.58,2.58,2.58,2.58,5
2023-07-21 16:57:00,109,2.58,2.58,2.58,2.58,2.58,4
2023-07-21 16:58:00,100,2.575,2.575,2.575,2.575,2.575,1
2023-07-21 16:59:00,194,2.5751,2.575,2.575,2.575,2.575,4
2023-07-21 17:03:00,117,2.5796,2.58,2.58,2.58,2.58,4
2023-07-21 17:04:00,465,2.5792,2.58,2.58,2.58,2.58,4
2023-07-21 17:05:00,108,2.5751,2.575,2.575,2.575,2.575,4
2023-07-21 17:08:00,3175,2.5818,2.58,2.585,2.585,2.58,38
2023-07-21 17:14:00,106,2.59,2.59,2.59,2.59,2.59,3
2023-07-21 17:16:00,141,2.5882,2.5874,2.5874,2.5874,2.5874,4
2023-07-21 17:19:00,133,2.5853,2.585,2.585,2.585,2.585,5
2023-07-21 17:20:00,293,2.59,2.59,2.59,2.59,2.59,3
2023-07-21 17:21:00,9019,2.5973,2.59,2.5941,2.605,2.59,84
2023-07-21 17:22:00,1021,2.5944,2.5941,2.595,2.595,2.5941,5
2023-07-21 17:23:00,329,2.595,2.595,2.595,2.595,2.595,8
2023-07-21 17:24:00,359,2.595,2.595,2.595,2.595,2.595,5
2023-07-21 17:25:00,360,2.5949,2.595,2.595,2.595,2.595,11
2023-07-21 17:26:00,131,2.5953,2.595,2.595,2.595,2.595,5
2023-07-21 17:28:00,147,2.5952,2.595,2.595,2.595,2.595,6
2023-07-21 17:29:00,241,2.595,2.595,2.595,2.595,2.595,7
2023-07-21 17:30:00,144,2.5951,2.595,2.595,2.595,2.595,7
2023-07-21 17:32:00,120,2.595,2.595,2.595,2.595,2.595,3
2023-07-21 17:33:00,106,2.5953,2.595,2.595,2.595,2.595,2
2023-07-21 17:34:00,139,2.5964,2.595,2.595,2.595,2.595,3
2023-07-21 17:35:00,402,2.5961,2.595,2.595,2.595,2.595,7
2023-07-21 17:36:00,120,2.5952,2.595,2.595,2.595,2.595,3
2023-07-21 17:37:00,1348,2.5945,2.595,2.595,2.595,2.5941,10
2023-07-21 17:42:00,262,2.595,2.595,2.595,2.595,2.595,6
2023-07-21 17:43:00,151,2.595,2.595,2.595,2.595,2.595,4
2023-07-21 17:44:00,338,2.5951,2.595,2.595,2.595,2.595,9
2023-07-21 17:46:00,101,2.595,2.595,2.595,2.595,2.595,2
2023-07-21 17:48:00,146,2.5962,2.595,2.595,2.595,2.595,6
2023-07-21 17:49:00,116,2.595,2.595,2.595,2.595,2.595,3
2023-07-21 17:51:00,603,2.6,2.6,2.6,2.6,2.6,4
2023-07-21 17:53:00,5951,2.6009,2.6,2.6,2.605,2.6,100
2023-07-21 17:55:00,100,2.605,2.605,2.605,2.605,2.605,1
2023-07-21 17:56:00,601,2.6058,2.61,2.605,2.61,2.605,15
2023-07-21 17:57:00,233,2.605,2.605,2.605,2.605,2.605,7
2023-07-21 17:58:00,133,2.6053,2.605,2.605,2.605,2.605,4
2023-07-21 18:00:00,121,2.605,2.605,2.605,2.605,2.605,4
2023-07-21 18:01:00,39951,2.5895,2.605,2.585,2.605,2.575,188
2023-07-21 18:02:00,2116,2.59,2.59,2.59,2.59,2.59,13
2023-07-21 18:03:00,122,2.595,2.595,2.595,2.595,2.595,4
2023-07-21 18:04:00,120,2.595,2.595,2.595,2.595,2.595,3
2023-07-21 18:09:00,168,2.595,2.595,2.595,2.595,2.595,6
2023-07-21 18:13:00,220,2.595,2.595,2.595,2.595,2.595,4
2023-07-21 18:14:00,1625,2.5891,2.59,2.585,2.59,2.585,31
2023-07-21 18:15:00,222,2.585,2.585,2.585,2.585,2.585,5
2023-07-21 18:16:00,314,2.5838,2.585,2.5811,2.585,2.5811,8
2023-07-21 18:17:00,123,2.585,2.585,2.585,2.585,2.585,5
2023-07-21 18:18:00,633,2.5842,2.585,2.585,2.585,2.585,16
2023-07-21 18:19:00,100,2.585,2.585,2.585,2.585,2.585,1
2023-07-21 18:22:00,494,2.5825,2.5801,2.585,2.585,2.5801,10
2023-07-21 18:24:00,854,2.5779,2.58,2.575,2.58,2.575,14
2023-07-21 18:25:00,2148,2.5782,2.575,2.58,2.58,2.575,15
2023-07-21 18:26:00,469,2.5783,2.5792,2.58,2.58,2.575,8
2023-07-21 18:27:00,523,2.5717,2.57,2.572,2.572,2.57,6
2023-07-21 18:28:00,1126,2.575,2.575,2.575,2.575,2.575,14
2023-07-21 18:30:00,263,2.5742,2.57,2.5788,2.5788,2.57,11
2023-07-21 18:31:00,442,2.5738,2.575,2.575,2.575,2.575,11
2023-07-21 18:33:00,230,2.5754,2.575,2.575,2.575,2.575,10
2023-07-21 18:34:00,226,2.575,2.575,2.575,2.575,2.575,7
2023-07-21 18:35:00,411,2.5794,2.5796,2.58,2.58,2.5796,7
2023-07-21 18:36:00,438,2.5751,2.575,2.575,2.575,2.575,17
2023-07-21 18:37:00,240,2.5799,2.58,2.58,2.58,2.58,4
2023-07-21 18:38:00,124,2.575,2.575,2.575,2.575,2.575,4
2023-07-21 18:39:00,154,2.5753,2.575,2.575,2.575,2.575,10
2023-07-21 18:40:00,227,2.575,2.575,2.575,2.575,2.575,5
2023-07-21 18:41:00,202,2.575,2.575,2.575,2.575,2.575,3
2023-07-21 18:42:00,3000,2.5809,2.5799,2.585,2.585,2.5799,50
2023-07-21 18:43:00,572,2.585,2.585,2.585,2.585,2.585,14
2023-07-21 18:44:00,330,2.585,2.585,2.585,2.585,2.585,6
2023-07-21 18:45:00,459,2.5852,2.585,2.585,2.585,2.585,10
2023-07-21 18:46:00,335,2.585,2.585,2.585,2.585,2.585,9
2023-07-21 18:47:00,141,2.585,2.585,2.585,2.585,2.585,6
2023-07-21 18:48:00,487,2.585,2.585,2.585,2.585,2.585,7
2023-07-21 18:49:00,322,2.585,2.585,2.585,2.585,2.585,7
2023-07-21 18:50:00,271,2.5857,2.585,2.585,2.585,2.585,9
2023-07-21 18:51:00,139,2.5821,2.58,2.58,2.58,2.58,4
2023-07-21 18:52:00,884,2.5894,2.59,2.585,2.59,2.585,5
2023-07-21 18:53:00,2269,2.58,2.58,2.58,2.58,2.58,30
2023-07-21 18:54:00,713,2.5786,2.58,2.575,2.58,2.575,16
2023-07-21 18:55:00,243,2.575,2.575,2.575,2.575,2.575,8
2023-07-21 18:56:00,112,2.575,2.575,2.575,2.575,2.575,3
2023-07-21 18:58:00,327,2.5765,2.575,2.575,2.5799,2.575,8
2023-07-21 18:59:00,137,2.5745,2.575,2.575,2.575,2.575,7
2023-07-21 19:00:00,251,2.575,2.575,2.575,2.575,2.575,8
2023-07-21 19:01:00,156,2.575,2.575,2.575,2.575,2.575,8
2023-07-21 19:02:00,424,2.5714,2.575,2.57,2.575,2.57,8
2023-07-21 19:03:00,4030,2.5672,2.57,2.565,2.57,2.5609,40
2023-07-21 19:04:00,350,2.5661,2.5689,2.565,2.5689,2.565,9
2023-07-21 19:05:00,513,2.5649,2.565,2.565,2.565,2.565,12
2023-07-21 19:06:00,225,2.565,2.565,2.565,2.565,2.565,6
2023-07-21 19:07:00,2274,2.5654,2.565,2.565,2.566,2.565,12
2023-07-21 19:08:00,186,2.5651,2.565,2.565,2.565,2.565,6
2023-07-21 19:10:00,3359,2.5561,2.56,2.555,2.56,2.55,45
2023-07-21 19:11:00,786,2.5507,2.55,2.555,2.555,2.55,14
2023-07-21 19:12:00,377,2.5537,2.55,2.555,2.555,2.55,7
2023-07-21 19:13:00,839,2.5532,2.555,2.55,2.5558,2.55,11
2023-07-21 19:14:00,228,2.5549,2.555,2.555,2.555,2.555,6
2023-07-21 19:15:00,13212,2.5433,2.555,2.54,2.555,2.54,68
2023-07-21 19:16:00,465,2.5438,2.54,2.545,2.545,2.54,6
2023-07-21 19:17:00,2275,2.5456,2.5499,2.545,2.5499,2.5428,11
2023-07-21 19:18:00,233,2.5476,2.5499,2.546,2.5499,2.546,7
2023-07-21 19:19:00,539,2.545,2.545,2.545,2.545,2.545,10
2023-07-21 19:21:00,436,2.5451,2.545,2.545,2.5454,2.545,11
2023-07-21 19:22:00,364,2.5418,2.545,2.545,2.545,2.545,10
2023-07-21 19:23:00,222,2.545,2.545,2.545,2.545,2.545,5
2023-07-21 19:24:00,573,2.545,2.545,2.546,2.546,2.545,14
2023-07-21 19:25:00,381,2.5449,2.545,2.545,2.545,2.545,9
2023-07-21 19:26:00,2037,2.545,2.545,2.545,2.545,2.545,7
2023-07-21 19:27:00,337,2.5438,2.545,2.545,2.545,2.545,7
2023-07-21 19:29:00,375,2.5423,2.545,2.54,2.545,2.54,10
2023-07-21 19:30:00,632,2.545,2.5454,2.545,2.5454,2.545,10
2023-07-21 19:31:00,338,2.5418,2.545,2.545,2.545,2.545,12
2023-07-21 19:32:00,2256,2.5471,2.5474,2.545,2.5474,2.545,9
2023-07-21 19:33:00,799,2.5444,2.54,2.545,2.545,2.54,10
2023-07-21 19:34:00,636,2.545,2.55,2.54,2.55,2.54,14
2023-07-21 19:35:00,434,2.5444,2.5412,2.545,2.545,2.5412,11
2023-07-21 19:36:00,605,2.5436,2.55,2.545,2.55,2.54,12
2023-07-21 19:37:00,3533,2.5409,2.54,2.545,2.55,2.54,12
2023-07-21 19:38:00,457,2.546,2.55,2.545,2.55,2.545,12
2023-07-21 19:39:00,268,2.5464,2.55,2.545,2.55,2.545,9
2023-07-21 19:40:00,323,2.5457,2.55,2.55,2.55,2.55,8
2023-07-21 19:41:00,450,2.5461,2.55,2.545,2.55,2.545,14
2023-07-21 19:42:00,317,2.5466,2.55,2.55,2.55,2.55,12
2023-07-21 19:43:00,166,2.5483,2.55,2.55,2.55,2.55,9
2023-07-21 19:44:00,550,2.5458,2.5459,2.5459,2.5459,2.5459,9
2023-07-21 19:45:00,1163,2.5439,2.545,2.545,2.545,2.54,29
2023-07-21 19:47:00,293,2.5467,2.55,2.545,2.55,2.545,12
2023-07-21 19:50:00,6388,2.5427,2.55,2.5431,2.55,2.54,39
2023-07-21 19:51:00,4188,2.5414,2.545,2.5434,2.545,2.54,41
2023-07-21 19:52:00,537,2.5461,2.5486,2.5486,2.5486,2.5486,23
2023-07-21 19:53:00,1919,2.5433,2.54,2.545,2.55,2.54,40
2023-07-21 19:54:00,856,2.5432,2.545,2.54,2.545,2.54,17
2023-07-21 19:55:00,11415,2.5406,2.55,2.535,2.55,2.535,99
2023-07-21 19:56:00,2577,2.5356,2.54,2.5312,2.54,2.5312,19
2023-07-21 19:57:00,4172,2.5393,2.5399,2.5399,2.54,2.535,23
2023-07-21 19:58:00,8568,2.5409,2.54,2.545,2.55,2.535,71
2023-07-21 19:59:00,11283,2.5437,2.545,2.54,2.55,2.54,75
2023-07-21 21:06:00,100,2.54,2.54,2.54,2.54,2.54,1
2023-07-24 12:30:00,1000,2.55,2.55,2.55,2.55,2.55,3
2023-07-24 13:30:00,1809,2.54,2.54,2.54,2.54,2.54,5
2023-07-24 13:31:00,1971,2.5261,2.54,2.53,2.54,2.52,16
2023-07-24 13:32:00,2200,2.5478,2.54,2.555,2.555,2.54,17
2023-07-24 13:33:00,2486,2.5566,2.555,2.56,2.56,2.555,25
2023-07-24 13:34:00,21781,2.5653,2.56,2.57,2.57,2.555,18
2023-07-24 13:35:00,201,2.5695,2.5695,2.5695,2.5695,2.5695,2
2023-07-24 13:36:00,271,2.565,2.565,2.565,2.565,2.565,7
2023-07-24 13:37:00,1215,2.5568,2.5601,2.5495,2.5606,2.545,16
2023-07-24 13:38:00,200,2.555,2.555,2.555,2.555,2.555,2
2023-07-24 13:40:00,451,2.5603,2.56,2.56,2.56,2.56,10
2023-07-24 13:41:00,512,2.5613,2.565,2.5601,2.565,2.5601,6
2023-07-24 13:42:00,196,2.57,2.57,2.57,2.57,2.57,5
2023-07-24 13:43:00,1051,2.5656,2.57,2.56,2.57,2.56,22
2023-07-24 13:44:00,853,2.56,2.56,2.56,2.56,2.56,23
2023-07-24 13:45:00,310,2.5584,2.555,2.56,2.56,2.555,8
2023-07-24 13:46:00,100,2.56,2.56,2.56,2.56,2.56,1
2023-07-24 13:47:00,2002,2.5594,2.5594,2.5594,2.5594,2.5594,2
2023-07-24 13:50:00,2067,2.5496,2.55,2.55,2.55,2.55,26
2023-07-24 13:53:00,1341,2.5374,2.54,2.53,2.54,2.53,27
2023-07-24 13:54:00,18583,2.5154,2.525,2.515,2.5269,2.505,83
2023-07-24 13:55:00,3057,2.5157,2.52,2.515,2.52,2.515,9
2023-07-24 13:56:00,11654,2.5142,2.515,2.5092,2.515,2.5092,35
2023-07-24 13:57:00,1869,2.5109,2.51,2.515,2.5159,2.51,22
2023-07-24 13:58:00,135,2.515,2.515,2.515,2.515,2.515,4
2023-07-24 14:00:00,152,2.5163,2.515,2.515,2.515,2.515,3
2023-07-24 14:02:00,2501,2.5164,2.515,2.515,2.5173,2.515,12
2023-07-24 14:03:00,1059,2.5126,2.5109,2.515,2.515,2.5109,7
2023-07-24 14:05:00,1295,2.5172,2.515,2.515,2.52,2.515,14
2023-07-24 14:06:00,7299,2.5263,2.52,2.535,2.535,2.52,64
2023-07-24 14:07:00,4386,2.5321,2.539,2.535,2.54,2.53,43
2023-07-24 14:08:00,611,2.5402,2.54,2.5401,2.5406,2.54,8
2023-07-24 14:09:00,123,2.545,2.545,2.545,2.545,2.545,3
2023-07-24 14:13:00,401,2.5446,2.55,2.55,2.55,2.55,5
2023-07-24 14:14:00,4982,2.552,2.55,2.555,2.555,2.55,58
2023-07-24 14:15:00,1309,2.555,2.555,2.555,2.555,2.555,13
2023-07-24 14:16:00,100,2.555,2.555,2.555,2.555,2.555,1
2023-07-24 14:17:00,554,2.5537,2.5575,2.555,2.5575,2.5501,9
2023-07-24 14:18:00,200,2.555,2.555,2.555,2.555,2.555,2
2023-07-24 14:19:00,400,2.555,2.555,2.555,2.555,2.555,2
2023-07-24 14:20:00,504,2.558,2.555,2.56,2.56,2.555,6
2023-07-24 14:21:00,6163,2.567,2.56,2.5601,2.575,2.56,55
2023-07-24 14:22:00,1924,2.5685,2.565,2.57,2.57,2.565,9
2023-07-24 14:23:00,603,2.5688,2.57,2.57,2.57,2.565,6
2023-07-24 14:24:00,212,2.5697,2.57,2.57,2.57,2.57,5
2023-07-24 14:25:00,7322,2.5612,2.57,2.565,2.57,2.56,22
2023-07-24 14:26:00,254,2.5669,2.565,2.57,2.57,2.565,5
2023-07-24 14:27:00,368,2.5697,2.57,2.57,2.57,2.57,5
2023-07-24 14:28:00,402,2.5747,2.57,2.5768,2.58,2.57,10
2023-07-24 14:29:00,1319,2.5761,2.58,2.5792,2.58,2.575,5
2023-07-24 14:30:00,200,2.58,2.58,2.58,2.58,2.58,2
2023-07-24 14:31:00,6054,2.5799,2.58,2.575,2.585,2.57,41
2023-07-24 14:32:00,2185,2.57,2.575,2.565,2.575,2.565,30
2023-07-24 14:34:00,110,2.5651,2.565,2.565,2.565,2.565,2
2023-07-24 14:35:00,6040,2.5697,2.5691,2.5701,2.575,2.5691,23
2023-07-24 14:37:00,3693,2.5734,2.571,2.575,2.5793,2.57,19
2023-07-24 14:38:00,700,2.5744,2.575,2.575,2.575,2.5711,7
2023-07-24 14:39:00,2459,2.5699,2.57,2.57,2.57,2.57,19
2023-07-24 14:40:00,294,2.56,2.56,2.56,2.56,2.56,3
2023-07-24 14:41:00,1226,2.5604,2.56,2.56,2.5627,2.56,12
2023-07-24 14:43:00,850,2.555,2.555,2.555,2.555,2.555,2
2023-07-24 14:45:00,200,2.5571,2.5592,2.555,2.5592,2.555,2
2023-07-24 14:47:00,1787,2.5528,2.555,2.5522,2.555,2.55,10
2023-07-24 14:48:00,7276,2.5446,2.55,2.5357,2.55,2.5357,41
2023-07-24 14:49:00,200,2.5392,2.5392,2.5392,2.5392,2.5392,1
2023-07-24 14:50:00,1300,2.5319,2.531,2.535,2.535,2.531,4
2023-07-24 14:51:00,1014,2.535,2.535,2.535,2.5399,2.53,7
2023-07-24 14:52:00,100,2.535,2.535,2.535,2.535,2.535,1
2023-07-24 14:53:00,300,2.535,2.535,2.535,2.535,2.535,3
2023-07-24 14:54:00,100,2.535,2.535,2.535,2.535,2.535,1
2023-07-24 14:55:00,500,2.535,2.535,2.535,2.535,2.535,4
2023-07-24 14:56:00,301,2.5359,2.53,2.535,2.535,2.53,4
2023-07-24 14:57:00,400,2.535,2.535,2.535,2.535,2.535,3
2023-07-24 14:58:00,200,2.5375,2.54,2.535,2.54,2.535,2
2023-07-24 14:59:00,700,2.5377,2.535,2.5392,2.5399,2.535,4
2023-07-24 15:00:00,2347,2.5403,2.54,2.5411,2.545,2.54,27
2023-07-24 15:01:00,300,2.5433,2.545,2.54,2.545,2.54,3
2023-07-24 15:02:00,1325,2.5494,2.545,2.5499,2.5499,2.545,6
2023-07-24 15:03:00,200,2.5475,2.55,2.545,2.55,2.545,2
2023-07-24 15:04:00,200,2.5475,2.545,2.55,2.55,2.545,2
2023-07-24 15:05:00,100,2.545,2.545,2.545,2.545,2.545,1
2023-07-24 15:06:00,700,2.5461,2.55,2.55,2.55,2.545,7
2023-07-24 15:07:00,234,2.5471,2.55,2.545,2.55,2.545,4
2023-07-24 15:08:00,110,2.5495,2.55,2.55,2.55,2.55,2
2023-07-24 15:09:00,633,2.545,2.545,2.545,2.545,2.545,12
2023-07-24 15:10:00,112,2.5495,2.55,2.55,2.55,2.55,3
2023-07-24 15:11:00,100,2.55,2.55,2.55,2.55,2.55,1
2023-07-24 15:12:00,4473,2.5525,2.55,2.56,2.56,2.5494,22
2023-07-24 15:14:00,1651,2.5545,2.555,2.56,2.56,2.55,24
2023-07-24 15:16:00,4927,2.5504,2.55,2.54,2.555,2.54,47
2023-07-24 15:19:00,400,2.5438,2.545,2.545,2.545,2.54,4
2023-07-24 15:20:00,340,2.543,2.54,2.545,2.545,2.54,4
2023-07-24 15:21:00,400,2.545,2.545,2.545,2.545,2.545,4
2023-07-24 15:22:00,200,2.545,2.545,2.545,2.545,2.545,2
2023-07-24 15:23:00,401,2.5438,2.545,2.54,2.545,2.54,5
2023-07-24 15:24:00,3233,2.5405,2.545,2.535,2.545,2.535,37
2023-07-24 15:25:00,713,2.536,2.535,2.535,2.539,2.53,7
2023-07-24 15:26:00,500,2.5331,2.535,2.53,2.535,2.53,6
2023-07-24 15:27:00,200,2.535,2.535,2.535,2.535,2.535,2
2023-07-24 15:28:00,1062,2.53,2.53,2.53,2.53,2.53,12
2023-07-24 15:29:00,927,2.5349,2.535,2.535,2.535,2.5338,9
2023-07-24 15:30:00,300,2.5308,2.53,2.53,2.53,2.53,3
2023-07-24 15:31:00,1300,2.5327,2.535,2.53,2.535,2.53,8
2023-07-24 15:33:00,1946,2.53,2.53,2.53,2.53,2.53,16
2023-07-24 15:34:00,227,2.5206,2.52,2.52,2.52,2.52,3
2023-07-24 15:35:00,100,2.52,2.52,2.52,2.52,2.52,1
2023-07-24 15:36:00,1403,2.5232,2.525,2.525,2.5299,2.52,12
2023-07-24 15:37:00,676,2.5269,2.52,2.525,2.5299,2.52,8
2023-07-24 15:38:00,502,2.524,2.525,2.52,2.525,2.52,7
2023-07-24 15:39:00,802,2.5233,2.5244,2.525,2.525,2.5211,7
2023-07-24 15:40:00,300,2.5233,2.525,2.525,2.525,2.52,3
2023-07-24 15:41:00,813,2.5256,2.525,2.525,2.525,2.525,8
2023-07-24 15:42:00,627,2.5232,2.525,2.52,2.525,2.52,7
2023-07-24 15:43:00,1550,2.525,2.525,2.525,2.525,2.525,4
2023-07-24 15:44:00,900,2.5249,2.525,2.52,2.5289,2.52,8
2023-07-24 15:45:00,300,2.5241,2.525,2.5225,2.525,2.5225,3
2023-07-24 15:47:00,200,2.525,2.525,2.525,2.525,2.525,2
2023-07-24 15:48:00,300,2.5233,2.52,2.525,2.525,2.52,3
2023-07-24 15:49:00,441,2.5239,2.525,2.525,2.525,2.52,5
2023-07-24 15:50:00,200,2.5275,2.53,2.525,2.53,2.525,2
2023-07-24 15:51:00,300,2.5233,2.525,2.525,2.525,2.52,3
2023-07-24 15:52:00,100,2.52,2.52,2.52,2.52,2.52,1
2023-07-24 15:53:00,1033,2.523,2.525,2.52,2.53,2.52,6
2023-07-24 15:54:00,100,2.525,2.525,2.525,2.525,2.525,1
2023-07-24 15:55:00,3174,2.5305,2.53,2.535,2.535,2.53,31
2023-07-24 15:56:00,3767,2.5412,2.535,2.535,2.545,2.535,45
2023-07-24 15:57:00,600,2.5317,2.53,2.54,2.54,2.53,2
2023-07-24 15:58:00,658,2.535,2.535,2.535,2.535,2.535,9
2023-07-24 16:00:00,1751,2.5421,2.54,2.545,2.545,2.54,21
2023-07-24 16:01:00,120,2.5453,2.545,2.545,2.545,2.545,5
2023-07-24 16:02:00,514,2.5414,2.541,2.541,2.541,2.541,5
2023-07-24 16:03:00,631,2.5424,2.5401,2.545,2.545,2.5401,10
2023-07-24 16:04:00,764,2.5441,2.5408,2.545,2.545,2.5408,9
2023-07-24 16:05:00,330,2.5465,2.55,2.545,2.55,2.545,6
2023-07-24 16:06:00,170,2.545,2.545,2.545,2.545,2.545,9
2023-07-24 16:07:00,593,2.5441,2.545,2.545,2.545,2.545,15
2023-07-24 16:08:00,320,2.5434,2.545,2.545,2.545,2.54,4
2023-07-24 16:09:00,583,2.5451,2.545,2.5475,2.5475,2.545,10
2023-07-24 16:10:00,520,2.5431,2.545,2.545,2.545,2.54,6
2023-07-24 16:11:00,202,2.545,2.545,2.545,2.545,2.545,3
2023-07-24 16:12:00,2100,2.5407,2.5405,2.545,2.545,2.5405,2
2023-07-24 16:13:00,1000,2.545,2.545,2.545,2.545,2.545,11
2023-07-24 16:14:00,203,2.545,2.55,2.54,2.55,2.54,5
2023-07-24 16:15:00,200,2.545,2.545,2.545,2.545,2.545,2
2023-07-24 16:17:00,126,2.545,2.545,2.545,2.545,2.545,3
2023-07-24 16:18:00,907,2.5433,2.545,2.545,2.545,2.54,12
2023-07-24 16:19:00,413,2.5423,2.5475,2.54,2.5475,2.54,7
2023-07-24 16:20:00,3976,2.5375,2.54,2.53,2.54,2.53,37
2023-07-24 16:21:00,340,2.5303,2.53,2.53,2.53,2.53,6
2023-07-24 16:22:00,745,2.535,2.535,2.535,2.535,2.535,6
2023-07-24 16:23:00,200,2.535,2.535,2.535,2.535,2.535,3
2023-07-24 16:24:00,100,2.535,2.535,2.535,2.535,2.535,1
2023-07-24 16:25:00,423,2.5338,2.53,2.535,2.54,2.53,8
2023-07-24 16:26:00,6393,2.5402,2.54,2.545,2.545,2.54,54
2023-07-24 16:27:00,503,2.545,2.545,2.545,2.545,2.545,7
2023-07-24 16:28:00,210,2.545,2.545,2.545,2.545,2.545,8
2023-07-24 16:30:00,209,2.545,2.545,2.545,2.545,2.545,3
2023-07-24 16:33:00,300,2.545,2.545,2.545,2.545,2.545,3
2023-07-24 16:34:00,100,2.545,2.545,2.545,2.545,2.545,1
2023-07-24 16:35:00,205,2.545,2.545,2.545,2.545,2.545,4
2023-07-24 16:36:00,119,2.545,2.545,2.545,2.545,2.545,4
2023-07-24 16:37:00,567,2.5431,2.545,2.54,2.545,2.54,11
2023-07-24 16:38:00,241,2.5441,2.545,2.545,2.545,2.545,3
2023-07-24 16:39:00,200,2.54,2.54,2.54,2.54,2.54,2
2023-07-24 16:40:00,227,2.545,2.545,2.545,2.545,2.545,4
2023-07-24 16:41:00,246,2.543,2.54,2.545,2.545,2.54,4
2023-07-24 16:42:00,400,2.5425,2.545,2.54,2.545,2.54,4
2023-07-24 16:43:00,301,2.5433,2.545,2.54,2.545,2.54,4
2023-07-24 16:44:00,438,2.5452,2.545,2.5475,2.5475,2.545,7
2023-07-24 16:45:00,2831,2.541,2.54,2.545,2.545,2.54,7
2023-07-24 16:46:00,1130,2.5428,2.545,2.55,2.55,2.54,8
2023-07-24 16:47:00,200,2.5426,2.5401,2.545,2.545,2.5401,2
2023-07-24 16:48:00,993,2.5445,2.545,2.54,2.55,2.54,9
2023-07-24 16:49:00,525,2.546,2.545,2.545,2.55,2.545,6
2023-07-24 16:51:00,1116,2.5405,2.54,2.54,2.545,2.54,14
2023-07-24 16:52:00,1025,2.5415,2.545,2.54,2.545,2.54,13
2023-07-24 16:53:00,402,2.54,2.54,2.54,2.54,2.54,3
2023-07-24 16:54:00,1013,2.5415,2.54,2.54,2.545,2.54,16
2023-07-24 16:55:00,828,2.5452,2.545,2.545,2.5499,2.545,10
2023-07-24 16:56:00,100,2.545,2.545,2.545,2.545,2.545,1
2023-07-24 16:57:00,405,2.5449,2.545,2.545,2.545,2.545,5
2023-07-24 16:58:00,304,2.545,2.545,2.545,2.545,2.545,5
2023-07-24 16:59:00,302,2.545,2.545,2.545,2.545,2.545,5
2023-07-24 17:00:00,3250,2.5401,2.545,2.535,2.545,2.535,30
2023-07-24 17:01:00,551,2.5319,2.535,2.53,2.535,2.53,8
2023-07-24 17:02:00,16964,2.5242,2.53,2.515,2.5301,2.51,85
2023-07-24 17:03:00,802,2.5162,2.51,2.52,2.52,2.51,6
2023-07-24 17:04:00,2504,2.5138,2.5189,2.51,2.5189,2.51,23
2023-07-24 17:05:00,200,2.515,2.515,2.515,2.515,2.515,2
2023-07-24 17:06:00,500,2.5105,2.51,2.51,2.5127,2.51,5
2023-07-24 17:07:00,20878,2.5018,2.515,2.49,2.515,2.49,90
2023-07-24 17:08:00,2325,2.4959,2.494,2.4999,2.4999,2.494,11
2023-07-24 17:09:00,3640,2.5004,2.5,2.5,2.505,2.5,34
2023-07-24 17:10:00,108,2.5007,2.5,2.5,2.5,2.5,3
2023-07-24 17:11:00,5203,2.501,2.5001,2.5,2.505,2.5,10
2023-07-24 17:12:00,850,2.5,2.5,2.5,2.5,2.5,10
2023-07-24 17:13:00,2339,2.4987,2.495,2.5,2.5,2.495,19
2023-07-24 17:14:00,1969,2.5,2.5,2.5,2.5,2.4999,20
2023-07-24 17:15:00,1115,2.4999,2.5,2.5,2.5,2.5,10
2023-07-24 17:16:00,635,2.4999,2.5,2.5,2.5,2.5,5
2023-07-24 17:17:00,384,2.5,2.5,2.5,2.5,2.5,7
2023-07-24 17:18:00,1410,2.4948,2.495,2.495,2.4992,2.4901,9
2023-07-24 17:19:00,1050,2.4974,2.5,2.495,2.5,2.495,4
2023-07-24 17:20:00,2002,2.4962,2.4962,2.4956,2.5,2.495,8
2023-07-24 17:21:00,201,2.495,2.495,2.495,2.495,2.495,3
2023-07-24 17:22:00,265,2.4941,2.4927,2.4927,2.4927,2.4927,3
2023-07-24 17:23:00,200,2.495,2.495,2.495,2.495,2.495,1
2023-07-24 17:25:00,300,2.495,2.495,2.495,2.495,2.495,2
2023-07-24 17:27:00,5378,2.4998,2.495,2.5,2.5,2.495,25
2023-07-24 17:28:00,2852,2.5003,2.5,2.505,2.505,2.5,32
2023-07-24 17:29:00,11210,2.5007,2.505,2.5,2.505,2.5,78
2023-07-24 17:30:00,525,2.5041,2.51,2.5001,2.51,2.5001,6
2023-07-24 17:31:00,728,2.5048,2.505,2.505,2.505,2.505,8
2023-07-24 17:32:00,100,2.505,2.505,2.505,2.505,2.505,1
2023-07-24 17:33:00,700,2.505,2.505,2.505,2.505,2.505,7
2023-07-24 17:36:00,200,2.505,2.505,2.505,2.505,2.505,2
2023-07-24 17:38:00,17031,2.5004,2.505,2.5,2.505,2.5,45
2023-07-24 17:39:00,273,2.505,2.505,2.505,2.505,2.505,6
2023-07-24 17:40:00,500,2.5,2.5,2.5,2.5,2.5,2
2023-07-24 17:42:00,450,2.5034,2.5,2.505,2.505,2.5,4
2023-07-24 17:43:00,480,2.5037,2.5075,2.5,2.5075,2.5,6
2023-07-24 17:44:00,200,2.505,2.505,2.505,2.505,2.505,2
2023-07-24 17:45:00,717,2.5069,2.5,2.5089,2.5089,2.5,6
2023-07-24 17:46:00,560,2.5041,2.505,2.5,2.505,2.5,11
2023-07-24 17:47:00,207,2.5046,2.5075,2.5075,2.5075,2.5075,5
2023-07-24 17:48:00,1050,2.5017,2.5001,2.505,2.505,2.5,8
2023-07-24 17:49:00,200,2.5025,2.505,2.5,2.505,2.5,2
2023-07-24 17:50:00,185,2.505,2.505,2.505,2.505,2.505,2
2023-07-24 17:51:00,403,2.5025,2.505,2.5,2.505,2.5,6
2023-07-24 17:52:00,301,2.5033,2.505,2.505,2.505,2.5,4
2023-07-24 17:53:00,773,2.5057,2.505,2.505,2.51,2.505,16
2023-07-24 17:54:00,341,2.505,2.505,2.505,2.505,2.505,4
2023-07-24 17:55:00,302,2.5046,2.505,2.505,2.505,2.505,5
2023-07-24 17:56:00,825,2.5033,2.505,2.505,2.505,2.5,9
2023-07-24 17:58:00,448,2.5,2.5,2.5,2.5,2.5,5
2023-07-24 17:59:00,867,2.5017,2.505,2.5,2.505,2.5,13
2023-07-24 18:00:00,815,2.5021,2.5,2.505,2.505,2.5,6
2023-07-24 18:01:00,356,2.5036,2.505,2.505,2.505,2.5,5
2023-07-24 18:02:00,350,2.5056,2.505,2.505,2.505,2.505,5
2023-07-24 18:03:00,437,2.5053,2.505,2.505,2.505,2.505,7
2023-07-24 18:04:00,302,2.5034,2.505,2.5,2.505,2.5,5
2023-07-24 18:05:00,101,2.505,2.505,2.505,2.505,2.505,2
2023-07-24 18:06:00,3457,2.5099,2.505,2.5111,2.515,2.505,36
2023-07-24 18:07:00,300,2.5148,2.5145,2.515,2.515,2.5145,3
2023-07-24 18:08:00,300,2.5183,2.52,2.515,2.52,2.515,4
2023-07-24 18:09:00,127,2.515,2.515,2.515,2.515,2.515,3
2023-07-24 18:10:00,100,2.52,2.52,2.52,2.52,2.52,1
2023-07-24 18:11:00,300,2.5167,2.51,2.52,2.52,2.51,3
2023-07-24 18:12:00,2897,2.5212,2.52,2.52,2.525,2.52,27
2023-07-24 18:13:00,524,2.5258,2.525,2.525,2.53,2.525,6
2023-07-24 18:14:00,301,2.525,2.525,2.525,2.525,2.525,3
2023-07-24 18:15:00,2300,2.525,2.525,2.525,2.525,2.525,4
2023-07-24 18:16:00,300,2.525,2.525,2.525,2.525,2.525,4
2023-07-24 18:17:00,120,2.525,2.525,2.525,2.525,2.525,2
2023-07-24 18:18:00,213,2.5238,2.5275,2.5275,2.5275,2.5275,4
2023-07-24 18:19:00,100,2.525,2.525,2.525,2.525,2.525,1
2023-07-24 18:20:00,300,2.525,2.525,2.525,2.525,2.525,3
2023-07-24 18:21:00,300,2.525,2.525,2.525,2.525,2.525,3
2023-07-24 18:22:00,600,2.5246,2.525,2.525,2.525,2.525,8
2023-07-24 18:23:00,2692,2.5194,2.525,2.515,2.525,2.515,27
2023-07-24 18:24:00,538,2.515,2.515,2.515,2.515,2.515,7
2023-07-24 18:25:00,1003,2.5125,2.515,2.515,2.515,2.51,8
2023-07-24 18:26:00,1000,2.5145,2.51,2.515,2.515,2.51,4
2023-07-24 18:28:00,100,2.51,2.51,2.51,2.51,2.51,1
2023-07-24 18:33:00,403,2.5138,2.515,2.51,2.515,2.51,5
2023-07-24 18:34:00,558,2.5141,2.51,2.515,2.515,2.51,14
2023-07-24 18:35:00,135,2.5163,2.515,2.515,2.515,2.515,2
2023-07-24 18:36:00,700,2.518,2.515,2.5192,2.5192,2.515,3
2023-07-24 18:37:00,1490,2.5175,2.52,2.515,2.52,2.515,6
2023-07-24 18:38:00,203,2.5125,2.51,2.515,2.515,2.51,3
2023-07-24 18:39:00,316,2.5134,2.515,2.515,2.515,2.515,6
2023-07-24 18:40:00,106,2.515,2.515,2.515,2.515,2.515,2
2023-07-24 18:41:00,105,2.515,2.515,2.515,2.515,2.515,2
2023-07-24 18:42:00,610,2.5138,2.51,2.515,2.5175,2.51,8
2023-07-24 18:43:00,412,2.515,2.515,2.515,2.515,2.515,7
2023-07-24 18:45:00,326,2.515,2.515,2.515,2.515,2.515,6
2023-07-24 18:46:00,200,2.515,2.515,2.515,2.515,2.515,2
2023-07-24 18:47:00,281,2.5168,2.515,2.52,2.52,2.515,4
2023-07-24 18:48:00,122,2.5158,2.515,2.515,2.515,2.515,3
2023-07-24 18:49:00,105,2.5152,2.515,2.515,2.515,2.515,4
2023-07-24 18:50:00,100,2.52,2.52,2.52,2.52,2.52,1
2023-07-24 18:51:00,400,2.5188,2.515,2.52,2.52,2.515,4
2023-07-24 18:52:00,300,2.5167,2.51,2.52,2.52,2.51,4
2023-07-24 18:53:00,300,2.515,2.51,2.52,2.52,2.51,3
2023-07-24 18:54:00,200,2.5175,2.52,2.515,2.52,2.515,2
2023-07-24 18:55:00,2838,2.5215,2.52,2.5251,2.5251,2.52,42
2023-07-24 18:56:00,2528,2.52,2.52,2.52,2.52,2.52,19
2023-07-24 18:57:00,54338,2.5028,2.515,2.505,2.515,2.5,150
2023-07-24 19:00:00,454,2.5039,2.5039,2.505,2.505,2.5039,4
2023-07-24 19:01:00,100,2.5,2.5,2.5,2.5,2.5,1
2023-07-24 19:02:00,200,2.505,2.505,2.505,2.505,2.505,1
2023-07-24 19:03:00,100,2.5,2.5,2.5,2.5,2.5,1
2023-07-24 19:04:00,401,2.5025,2.505,2.505,2.505,2.505,6
2023-07-24 19:05:00,400,2.505,2.505,2.505,2.505,2.505,3
2023-07-24 19:06:00,211,2.5045,2.5,2.5089,2.5089,2.5,4
2023-07-24 19:07:00,500,2.503,2.505,2.505,2.505,2.5,5
2023-07-24 19:08:00,605,2.5013,2.505,2.5,2.505,2.5,10
2023-07-24 19:09:00,201,2.5069,2.505,2.5089,2.5089,2.505,3
2023-07-24 19:10:00,820,2.505,2.505,2.505,2.505,2.505,8
2023-07-24 19:11:00,400,2.505,2.505,2.505,2.505,2.505,4
2023-07-24 19:12:00,2101,2.506,2.51,2.5,2.51,2.5,15
2023-07-24 19:13:00,1500,2.5013,2.505,2.505,2.505,2.5,12
2023-07-24 19:15:00,14915,2.5002,2.5,2.505,2.5096,2.495,112
2023-07-24 19:16:00,100,2.5,2.5,2.5,2.5,2.5,1
2023-07-24 19:17:00,204,2.505,2.505,2.505,2.505,2.505,5
2023-07-24 19:18:00,200,2.505,2.5,2.51,2.51,2.5,2
2023-07-24 19:19:00,1400,2.5079,2.5,2.5099,2.5099,2.5,5
2023-07-24 19:20:00,2587,2.5116,2.505,2.515,2.515,2.505,29
2023-07-24 19:21:00,200,2.515,2.515,2.515,2.515,2.515,1
2023-07-24 19:22:00,860,2.5138,2.515,2.515,2.515,2.51,9
2023-07-24 19:23:00,400,2.515,2.515,2.515,2.515,2.515,4
2023-07-24 19:24:00,311,2.515,2.515,2.515,2.515,2.515,5
2023-07-24 19:25:00,301,2.515,2.515,2.515,2.515,2.515,4
2023-07-24 19:26:00,1137,2.513,2.515,2.515,2.5175,2.51,12
2023-07-24 19:28:00,442,2.5116,2.51,2.515,2.515,2.51,8
2023-07-24 19:29:00,644,2.514,2.515,2.5175,2.5175,2.515,9
2023-07-24 19:30:00,492,2.515,2.515,2.515,2.515,2.515,11
2023-07-24 19:31:00,840,2.515,2.515,2.515,2.515,2.515,10
2023-07-24 19:32:00,431,2.5126,2.515,2.515,2.515,2.51,6
2023-07-24 19:33:00,488,2.5155,2.5175,2.515,2.5175,2.515,8
2023-07-24 19:34:00,300,2.5167,2.515,2.52,2.52,2.515,3
2023-07-24 19:35:00,608,2.5126,2.5107,2.51,2.515,2.51,6
2023-07-24 19:36:00,142,2.5162,2.515,2.515,2.515,2.515,3
2023-07-24 19:37:00,773,2.5148,2.515,2.5159,2.5159,2.51,5
2023-07-24 19:38:00,844,2.515,2.515,2.515,2.52,2.51,12
2023-07-24 19:39:00,200,2.515,2.515,2.515,2.515,2.515,2
2023-07-24 19:40:00,552,2.5136,2.51,2.515,2.515,2.51,6
2023-07-24 19:41:00,602,2.5162,2.52,2.515,2.52,2.515,7
2023-07-24 19:42:00,502,2.5149,2.515,2.515,2.515,2.515,6
2023-07-24 19:43:00,602,2.5154,2.515,2.5175,2.5199,2.51,7
2023-07-24 19:44:00,500,2.514,2.51,2.515,2.515,2.51,5
2023-07-24 19:45:00,605,2.515,2.515,2.515,2.515,2.515,12
2023-07-24 19:46:00,895,2.5153,2.515,2.5175,2.5175,2.515,19
2023-07-24 19:47:00,610,2.5158,2.52,2.515,2.52,2.51,7
2023-07-24 19:48:00,300,2.518,2.515,2.52,2.52,2.515,4
2023-07-24 19:49:00,451,2.5139,2.51,2.52,2.52,2.51,11
2023-07-24 19:50:00,588,2.515,2.515,2.515,2.515,2.515,16
2023-07-24 19:51:00,1126,2.5147,2.515,2.5175,2.5175,2.51,30
2023-07-24 19:52:00,329,2.515,2.515,2.515,2.515,2.515,7
2023-07-24 19:53:00,986,2.516,2.52,2.515,2.52,2.51,14
2023-07-24 19:54:00,2266,2.514,2.515,2.515,2.5187,2.51,31
2023-07-24 19:55:00,1313,2.5153,2.515,2.5175,2.52,2.51,25
2023-07-24 19:56:00,1101,2.515,2.515,2.515,2.515,2.51,28
2023-07-24 19:57:00,1925,2.5149,2.52,2.515,2.52,2.51,40
2023-07-24 19:58:00,4236,2.5188,2.52,2.52,2.52,2.51,38
2023-07-24 19:59:00,23521,2.5177,2.515,2.51,2.525,2.51,190
2023-07-25 12:35:00,1000,2.59,2.59,2.59,2.59,2.59,1
2023-07-25 12:55:00,200,2.52,2.52,2.52,2.52,2.52,1
2023-07-25 13:30:00,3892,2.5004,2.5,2.508,2.508,2.5,3
2023-07-25 13:31:00,3875,2.5157,2.5062,2.51,2.52,2.5062,11
2023-07-25 13:32:00,1095,2.5012,2.5007,2.5007,2.5007,2.5007,5
2023-07-25 13:33:00,916,2.509,2.509,2.51,2.51,2.509,13
2023-07-25 13:34:00,469,2.52,2.52,2.52,2.52,2.52,4
2023-07-25 13:35:00,345,2.5121,2.51,2.51,2.51,2.51,9
2023-07-25 13:36:00,409,2.5125,2.515,2.51,2.515,2.51,7
2023-07-25 13:37:00,930,2.5099,2.51,2.51,2.5101,2.51,18
2023-07-25 13:38:00,519,2.5049,2.505,2.5099,2.5099,2.5,7
2023-07-25 13:39:00,808,2.5047,2.505,2.5,2.505,2.5,6
2023-07-25 13:40:00,5692,2.5017,2.5,2.5,2.51,2.5,38
2023-07-25 13:41:00,420,2.5024,2.505,2.5,2.505,2.5,5
2023-07-25 13:42:00,2983,2.4886,2.49,2.49,2.49,2.4804,17
2023-07-25 13:43:00,1931,2.4839,2.48,2.49,2.49,2.48,15
2023-07-25 13:44:00,5744,2.4776,2.48,2.469,2.49,2.46,38
2023-07-25 13:45:00,2041,2.4663,2.465,2.47,2.47,2.46,8
2023-07-25 13:46:00,3362,2.4718,2.4693,2.4794,2.48,2.4657,24
2023-07-25 13:47:00,5078,2.4846,2.4791,2.485,2.4877,2.47,17
2023-07-25 13:48:00,2429,2.4784,2.48,2.4689,2.4891,2.4689,21
2023-07-25 13:49:00,710,2.4661,2.4699,2.46,2.4699,2.46,6
2023-07-25 13:50:00,7512,2.4599,2.465,2.465,2.465,2.45,55
2023-07-25 13:51:00,1636,2.4675,2.46,2.475,2.475,2.46,19
2023-07-25 13:52:00,6661,2.4706,2.48,2.465,2.48,2.465,29
2023-07-25 13:53:00,475,2.4632,2.46,2.465,2.465,2.46,3
2023-07-25 13:54:00,600,2.46,2.46,2.46,2.46,2.46,5
2023-07-25 13:55:00,4106,2.4652,2.465,2.47,2.47,2.465,17
2023-07-25 13:56:00,125,2.4679,2.4675,2.4675,2.4675,2.4675,2
2023-07-25 13:57:00,1117,2.4693,2.47,2.4675,2.47,2.465,4
2023-07-25 13:58:00,180,2.47,2.47,2.47,2.47,2.47,15
2023-07-25 13:59:00,3604,2.4768,2.47,2.485,2.49,2.47,42
2023-07-25 14:01:00,4736,2.4898,2.4892,2.49,2.49,2.4892,38
2023-07-25 14:02:00,101,2.4801,2.48,2.48,2.48,2.48,2
2023-07-25 14:04:00,6042,2.4798,2.48,2.48,2.48,2.4775,31
2023-07-25 14:05:00,264,2.4769,2.48,2.48,2.48,2.48,16
2023-07-25 14:06:00,852,2.475,2.475,2.475,2.475,2.475,17
2023-07-25 14:07:00,820,2.4793,2.48,2.48,2.48,2.48,13
2023-07-25 14:08:00,155,2.4782,2.48,2.48,2.48,2.48,9
2023-07-25 14:09:00,1349,2.4762,2.475,2.475,2.475,2.475,9
2023-07-25 14:10:00,716,2.4788,2.48,2.48,2.48,2.48,24
2023-07-25 14:11:00,580,2.4805,2.48,2.4801,2.4801,2.48,16
2023-07-25 14:15:00,2001,2.49,2.4899,2.49,2.49,2.4899,14
2023-07-25 14:16:00,325,2.4918,2.49,2.49,2.49,2.49,10
2023-07-25 14:17:00,1291,2.4897,2.49,2.49,2.49,2.49,18
2023-07-25 14:18:00,390,2.4891,2.49,2.49,2.49,2.4899,10
2023-07-25 14:19:00,1970,2.4872,2.4896,2.4896,2.4896,2.4867,6
2023-07-25 14:20:00,2010,2.4835,2.4881,2.4801,2.49,2.48,6
2023-07-25 14:21:00,1036,2.483,2.4899,2.48,2.4899,2.48,15
2023-07-25 14:22:00,823,2.483,2.48,2.4891,2.4891,2.48,17
2023-07-25 14:23:00,612,2.4843,2.485,2.48,2.49,2.48,11
2023-07-25 14:24:00,400,2.4813,2.485,2.48,2.485,2.48,5
2023-07-25 14:25:00,355,2.4807,2.48,2.48,2.48,2.48,8
2023-07-25 14:26:00,514,2.4803,2.48,2.48,2.48,2.48,7
2023-07-25 14:27:00,392,2.4851,2.4898,2.485,2.4898,2.485,10
2023-07-25 14:28:00,420,2.4837,2.4889,2.48,2.4889,2.48,9
2023-07-25 14:29:00,11428,2.4802,2.48,2.485,2.485,2.48,92
2023-07-25 14:30:00,2368,2.4808,2.48,2.48,2.4808,2.48,9
2023-07-25 14:31:00,1985,2.4801,2.48,2.48,2.48,2.48,29
2023-07-25 14:32:00,2191,2.4779,2.48,2.47,2.48,2.47,28
2023-07-25 14:33:00,640,2.472,2.4733,2.47,2.475,2.47,7
2023-07-25 14:34:00,3487,2.4667,2.47,2.465,2.475,2.46,19
2023-07-25 14:35:00,3330,2.461,2.4608,2.46,2.4689,2.46,30
2023-07-25 14:36:00,2530,2.4573,2.4593,2.46,2.46,2.45,18
2023-07-25 14:37:00,2780,2.4565,2.455,2.46,2.46,2.45,16
2023-07-25 14:38:00,500,2.4535,2.45,2.455,2.455,2.45,6
2023-07-25 14:39:00,1610,2.4557,2.45,2.45,2.4591,2.45,7
2023-07-25 14:40:00,3058,2.4557,2.455,2.459,2.46,2.45,13
2023-07-25 14:41:00,5737,2.4549,2.4555,2.455,2.4555,2.45,9
2023-07-25 14:42:00,5424,2.4591,2.4599,2.45,2.4599,2.45,9
2023-07-25 14:43:00,1596,2.4572,2.455,2.45,2.4592,2.45,7
2023-07-25 14:44:00,5542,2.4636,2.4592,2.47,2.47,2.455,44
2023-07-25 14:45:00,540,2.4618,2.46,2.46,2.46,2.46,8
2023-07-25 14:46:00,420,2.4602,2.46,2.46,2.46,2.46,2
2023-07-25 14:49:00,601,2.4633,2.465,2.46,2.465,2.46,3
2023-07-25 14:51:00,133,2.4612,2.46,2.46,2.46,2.46,3
2023-07-25 14:52:00,132,2.465,2.465,2.465,2.465,2.465,3
2023-07-25 14:54:00,1961,2.4652,2.4649,2.46,2.469,2.46,16
2023-07-25 14:55:00,1630,2.466,2.46,2.46,2.4691,2.46,7
2023-07-25 14:56:00,3541,2.4631,2.4691,2.46,2.4691,2.46,32
2023-07-25 14:58:00,1000,2.4607,2.4607,2.4607,2.4607,2.4607,1
2023-07-25 14:59:00,123,2.4609,2.46,2.46,2.46,2.46,2
2023-07-25 15:01:00,323,2.4604,2.46,2.46,2.46,2.46,3
2023-07-25 15:02:00,300,2.4604,2.46,2.46,2.46,2.46,4
2023-07-25 15:04:00,2498,2.46,2.46,2.46,2.46,2.46,25
2023-07-25 15:05:00,500,2.4514,2.45,2.45,2.4571,2.45,3
2023-07-25 15:06:00,4058,2.4547,2.455,2.455,2.4564,2.45,6
2023-07-25 15:07:00,900,2.4557,2.45,2.4589,2.4589,2.45,3
2023-07-25 15:08:00,1520,2.4543,2.4533,2.45,2.4589,2.45,9
2023-07-25 15:09:00,1510,2.4578,2.455,2.4586,2.46,2.455,4
2023-07-25 15:10:00,1815,2.454,2.45,2.455,2.455,2.45,5
2023-07-25 15:11:00,1603,2.4541,2.455,2.455,2.455,2.45,7
2023-07-25 15:12:00,4438,2.4611,2.46,2.465,2.4662,2.46,38
2023-07-25 15:13:00,770,2.4603,2.46,2.46,2.46,2.46,7
2023-07-25 15:14:00,1200,2.4676,2.4681,2.465,2.4681,2.465,2
2023-07-25 15:15:00,2426,2.4638,2.469,2.46,2.469,2.46,20
2023-07-25 15:16:00,200,2.455,2.455,2.455,2.455,2.455,1
2023-07-25 15:17:00,200,2.45,2.45,2.45,2.45,2.45,2
2023-07-25 15:19:00,100,2.455,2.455,2.455,2.455,2.455,1
2023-07-25 15:20:00,100,2.455,2.455,2.455,2.455,2.455,1
2023-07-25 15:22:00,2332,2.458,2.4592,2.45,2.4592,2.45,2
2023-07-25 15:23:00,1750,2.4522,2.455,2.451,2.455,2.451,6
2023-07-25 15:24:00,100,2.45,2.45,2.45,2.45,2.45,1
2023-07-25 15:25:00,900,2.45,2.45,2.45,2.45,2.45,2
2023-07-25 15:26:00,236,2.4508,2.45,2.45,2.45,2.45,3
2023-07-25 15:27:00,200,2.45,2.45,2.45,2.45,2.45,1
2023-07-25 15:28:00,2111,2.4548,2.45,2.45,2.4596,2.45,7
2023-07-25 15:29:00,300,2.45,2.45,2.45,2.45,2.45,1
2023-07-25 15:36:00,120,2.455,2.455,2.455,2.455,2.455,2
2023-07-25 15:37:00,7957,2.4616,2.46,2.465,2.47,2.46,73
2023-07-25 15:38:00,2526,2.474,2.465,2.475,2.475,2.465,17
2023-07-25 15:39:00,180,2.475,2.475,2.475,2.475,2.475,4
2023-07-25 15:40:00,300,2.4703,2.4701,2.4708,2.4708,2.4701,2
2023-07-25 15:42:00,2500,2.4773,2.4777,2.475,2.4781,2.475,3
2023-07-25 15:43:00,1040,2.4778,2.4779,2.4779,2.4779,2.4779,4
2023-07-25 15:46:00,1000,2.4789,2.4789,2.4789,2.4789,2.4789,1
2023-07-25 15:48:00,272,2.473,2.474,2.474,2.474,2.474,2
2023-07-25 15:51:00,100,2.475,2.475,2.475,2.475,2.475,1
2023-07-25 15:55:00,540,2.4741,2.475,2.47,2.475,2.47,7
2023-07-25 15:56:00,418,2.4744,2.475,2.475,2.475,2.475,4
2023-07-25 15:58:00,300,2.475,2.475,2.475,2.475,2.475,6
2023-07-25 15:59:00,1500,2.4734,2.47,2.47,2.475,2.47,10
2023-07-25 16:02:00,105,2.475,2.475,2.475,2.475,2.475,3
2023-07-25 16:08:00,135,2.475,2.475,2.475,2.475,2.475,5
2023-07-25 16:11:00,200,2.475,2.475,2.475,2.475,2.475,2
2023-07-25 16:13:00,120,2.4708,2.47,2.47,2.47,2.47,2
2023-07-25 16:14:00,502,2.4766,2.4787,2.475,2.4787,2.475,5
2023-07-25 16:15:00,12327,2.4712,2.475,2.47,2.475,2.47,82
2023-07-25 16:17:00,4005,2.4682,2.475,2.455,2.475,2.455,33
2023-07-25 16:18:00,2883,2.4588,2.4593,2.45,2.4593,2.45,3
2023-07-25 16:20:00,200,2.4588,2.4588,2.4588,2.4588,2.4588,1
2023-07-25 16:21:00,400,2.459,2.459,2.459,2.459,2.459,1
2023-07-25 16:24:00,4919,2.4512,2.4509,2.4509,2.4509,2.4509,2
2023-07-25 16:25:00,7015,2.4472,2.45,2.4358,2.4501,2.4358,45
2023-07-25 16:26:00,3465,2.4412,2.435,2.44,2.4499,2.435,21
2023-07-25 16:27:00,3040,2.4414,2.445,2.44,2.445,2.44,4
2023-07-25 16:28:00,100,2.44,2.44,2.44,2.44,2.44,1
2023-07-25 16:29:00,3526,2.4387,2.44,2.435,2.4401,2.434,22
2023-07-25 16:30:00,9146,2.4379,2.435,2.44,2.44,2.43,36
2023-07-25 16:31:00,1116,2.4346,2.44,2.4399,2.44,2.43,12
2023-07-25 16:32:00,12305,2.4327,2.4391,2.44,2.44,2.43,44
2023-07-25 16:33:00,3927,2.4447,2.4399,2.445,2.4491,2.4399,19
2023-07-25 16:36:00,350,2.4464,2.4469,2.4469,2.4469,2.4469,3
2023-07-25 16:37:00,2504,2.4401,2.44,2.4401,2.4401,2.44,28
2023-07-25 16:38:00,3191,2.4309,2.4306,2.44,2.44,2.4306,7
2023-07-25 16:39:00,214,2.4328,2.4326,2.4326,2.4326,2.4326,2
2023-07-25 16:40:00,846,2.4336,2.43,2.4304,2.4389,2.43,11
2023-07-25 16:41:00,1545,2.4358,2.435,2.435,2.4389,2.435,8
2023-07-25 16:42:00,536,2.435,2.435,2.435,2.435,2.435,4
2023-07-25 16:43:00,382,2.4313,2.43,2.43,2.43,2.43,6
2023-07-25 16:44:00,21206,2.4285,2.435,2.4307,2.435,2.42,79
2023-07-25 16:45:00,147,2.4315,2.43,2.43,2.43,2.43,5
2023-07-25 16:46:00,200,2.4387,2.4387,2.4387,2.4387,2.4387,1
2023-07-25 16:48:00,222,2.4305,2.43,2.43,2.43,2.43,4
2023-07-25 16:53:00,200,2.4308,2.43,2.43,2.43,2.43,3
2023-07-25 16:56:00,1050,2.43,2.43,2.43,2.43,2.43,1
2023-07-25 16:58:00,370,2.4348,2.435,2.435,2.435,2.435,5
2023-07-25 17:03:00,3100,2.4318,2.435,2.43,2.435,2.43,4
2023-07-25 17:04:00,1040,2.4301,2.43,2.43,2.43,2.43,14
2023-07-25 17:05:00,2020,2.4389,2.4389,2.4389,2.4389,2.4389,3
2023-07-25 17:06:00,1007,2.428,2.43,2.425,2.43,2.425,12
2023-07-25 17:07:00,6171,2.4282,2.4291,2.435,2.435,2.42,42
2023-07-25 17:12:00,1001,2.43,2.43,2.43,2.43,2.43,2
2023-07-25 17:13:00,851,2.435,2.435,2.435,2.435,2.435,7
2023-07-25 17:14:00,632,2.4367,2.435,2.44,2.44,2.435,11
2023-07-25 17:15:00,100,2.435,2.435,2.435,2.435,2.435,1
2023-07-25 17:17:00,162,2.435,2.435,2.435,2.435,2.435,8
2023-07-25 17:18:00,110,2.4305,2.43,2.43,2.43,2.43,2
2023-07-25 17:21:00,1020,2.435,2.435,2.435,2.435,2.435,2
2023-07-25 17:24:00,208,2.4326,2.43,2.435,2.435,2.43,4
2023-07-25 17:26:00,321,2.4364,2.44,2.44,2.44,2.44,7
2023-07-25 17:27:00,201,2.4331,2.4311,2.435,2.435,2.4311,3
2023-07-25 17:28:00,477,2.4367,2.435,2.4334,2.4396,2.4334,4
2023-07-25 17:30:00,110,2.4305,2.43,2.43,2.43,2.43,2
2023-07-25 17:32:00,2731,2.44,2.435,2.445,2.445,2.435,35
2023-07-25 17:33:00,205,2.4402,2.4401,2.4401,2.4401,2.4401,4
2023-07-25 17:34:00,400,2.4454,2.4499,2.4408,2.4499,2.4408,2
2023-07-25 17:35:00,225,2.4422,2.44,2.445,2.445,2.44,2
2023-07-25 17:38:00,2000,2.4405,2.4405,2.4405,2.4405,2.4405,1
2023-07-25 17:43:00,819,2.445,2.445,2.445,2.445,2.445,5
2023-07-25 17:44:00,200,2.445,2.445,2.445,2.445,2.445,2
2023-07-25 17:46:00,119,2.4416,2.44,2.44,2.44,2.44,2
2023-07-25 17:47:00,300,2.444,2.445,2.445,2.445,2.445,4
2023-07-25 17:48:00,1000,2.445,2.445,2.445,2.445,2.445,1
2023-07-25 17:50:00,201,2.4448,2.445,2.445,2.445,2.445,3
2023-07-25 17:51:00,107,2.4406,2.44,2.44,2.44,2.44,3
2023-07-25 17:53:00,1622,2.4479,2.445,2.445,2.45,2.445,12
2023-07-25 17:54:00,220,2.448,2.4483,2.4483,2.4483,2.4483,2
2023-07-25 17:58:00,520,2.445,2.445,2.45,2.45,2.445,11
2023-07-25 18:02:00,188,2.4427,2.445,2.445,2.445,2.445,2
2023-07-25 18:03:00,102,2.445,2.445,2.445,2.445,2.445,2
2023-07-25 18:08:00,7393,2.4489,2.445,2.45,2.45,2.445,23
2023-07-25 18:09:00,3130,2.4502,2.45,2.455,2.455,2.45,39
2023-07-25 18:10:00,2409,2.4501,2.4508,2.45,2.4508,2.45,23
2023-07-25 18:11:00,800,2.4455,2.445,2.445,2.445,2.445,6
2023-07-25 18:12:00,1450,2.4477,2.4477,2.4477,2.4477,2.4477,1
2023-07-25 18:13:00,300,2.4417,2.445,2.44,2.445,2.44,2
2023-07-25 18:14:00,552,2.4495,2.4499,2.4499,2.4499,2.4499,4
2023-07-25 18:15:00,620,2.445,2.445,2.445,2.445,2.445,7
2023-07-25 18:16:00,279,2.44,2.44,2.44,2.44,2.44,2
2023-07-25 18:18:00,200,2.44,2.44,2.44,2.44,2.44,2
2023-07-25 18:21:00,100,2.44,2.44,2.44,2.44,2.44,1
2023-07-25 18:27:00,305,2.4456,2.445,2.445,2.445,2.445,8
2023-07-25 18:30:00,340,2.445,2.44,2.45,2.45,2.44,13
2023-07-25 18:32:00,100,2.445,2.445,2.445,2.445,2.445,1
2023-07-25 18:33:00,150,2.445,2.445,2.445,2.445,2.445,4
2023-07-25 18:34:00,360,2.4457,2.4457,2.4457,2.4457,2.4457,2
2023-07-25 18:37:00,400,2.4438,2.445,2.44,2.445,2.44,4
2023-07-25 18:39:00,617,2.445,2.445,2.445,2.445,2.445,3
2023-07-25 18:41:00,100,2.445,2.445,2.445,2.445,2.445,1
2023-07-25 18:43:00,335,2.4435,2.44,2.445,2.445,2.44,2
2023-07-25 18:44:00,449,2.4465,2.45,2.44,2.45,2.44,6
2023-07-25 18:46:00,185,2.4469,2.445,2.445,2.445,2.445,6
2023-07-25 18:47:00,200,2.445,2.445,2.445,2.445,2.445,2
2023-07-25 18:48:00,100,2.445,2.445,2.445,2.445,2.445,1
2023-07-25 18:50:00,1282,2.4449,2.445,2.445,2.445,2.445,5
2023-07-25 18:53:00,400,2.445,2.445,2.445,2.445,2.445,4
2023-07-25 18:54:00,200,2.445,2.445,2.445,2.445,2.445,1
2023-07-25 18:56:00,603,2.4434,2.445,2.44,2.4453,2.44,9
2023-07-25 18:57:00,22694,2.4399,2.44,2.4388,2.44,2.435,27
2023-07-25 19:00:00,5960,2.4299,2.43,2.425,2.43,2.425,32
2023-07-25 19:01:00,7285,2.4265,2.425,2.425,2.43,2.4201,18
2023-07-25 19:02:00,4465,2.4264,2.43,2.425,2.43,2.42,18
2023-07-25 19:03:00,400,2.4271,2.4299,2.4287,2.4299,2.4287,4
2023-07-25 19:04:00,102,2.4201,2.42,2.42,2.42,2.42,2
2023-07-25 19:05:00,4804,2.4227,2.425,2.4209,2.425,2.42,10
2023-07-25 19:07:00,3702,2.4214,2.4288,2.42,2.4288,2.42,26
2023-07-25 19:08:00,8163,2.4182,2.415,2.425,2.425,2.4112,40
2023-07-25 19:09:00,340,2.425,2.425,2.425,2.425,2.425,4
2023-07-25 19:10:00,1048,2.4283,2.425,2.4263,2.43,2.425,10
2023-07-25 19:11:00,2152,2.4301,2.43,2.43,2.43,2.43,21
2023-07-25 19:12:00,9119,2.4235,2.431,2.4201,2.431,2.42,20
2023-07-25 19:13:00,215,2.4253,2.425,2.425,2.425,2.425,3
2023-07-25 19:16:00,100,2.425,2.425,2.425,2.425,2.425,1
2023-07-25 19:18:00,100,2.425,2.425,2.425,2.425,2.425,1
2023-07-25 19:19:00,538,2.425,2.425,2.425,2.425,2.425,6
2023-07-25 19:21:00,514,2.4241,2.425,2.425,2.425,2.425,3
2023-07-25 19:23:00,100,2.42,2.42,2.42,2.42,2.42,1
2023-07-25 19:26:00,2360,2.4219,2.4201,2.425,2.425,2.42,11
2023-07-25 19:28:00,115,2.4207,2.42,2.42,2.42,2.42,2
2023-07-25 19:30:00,3268,2.4195,2.42,2.415,2.42,2.415,23
2023-07-25 19:31:00,4530,2.416,2.415,2.4149,2.42,2.4149,26
2023-07-25 19:32:00,2042,2.4159,2.4136,2.42,2.42,2.4136,5
2023-07-25 19:34:00,1222,2.4122,2.41,2.41,2.415,2.41,10
2023-07-25 19:35:00,1764,2.4102,2.41,2.41,2.41,2.41,7
2023-07-25 19:36:00,12538,2.4071,2.41,2.409,2.41,2.4012,40
2023-07-25 19:37:00,5101,2.41,2.41,2.41,2.41,2.41,39
2023-07-25 19:38:00,1568,2.4179,2.415,2.42,2.42,2.415,8
2023-07-25 19:39:00,2124,2.4195,2.42,2.415,2.42,2.415,5
2023-07-25 19:40:00,253,2.415,2.415,2.415,2.415,2.415,3
2023-07-25 19:41:00,6498,2.4188,2.415,2.42,2.42,2.415,14
2023-07-25 19:42:00,10712,2.4238,2.42,2.426,2.43,2.42,34
2023-07-25 19:43:00,1574,2.4274,2.43,2.425,2.43,2.425,16
2023-07-25 19:44:00,2597,2.4274,2.4284,2.4212,2.4284,2.4201,11
2023-07-25 19:46:00,2332,2.425,2.425,2.425,2.425,2.425,23
2023-07-25 19:47:00,1207,2.4222,2.4227,2.42,2.4227,2.42,5
2023-07-25 19:48:00,3913,2.4204,2.42,2.42,2.425,2.42,38
2023-07-25 19:49:00,1542,2.4183,2.42,2.4195,2.42,2.41,7
2023-07-25 19:50:00,18334,2.4155,2.415,2.41,2.4199,2.41,66
2023-07-25 19:51:00,22089,2.4183,2.4111,2.4192,2.42,2.41,47
2023-07-25 19:52:00,15358,2.4227,2.42,2.425,2.4299,2.42,50
2023-07-25 19:53:00,5866,2.4208,2.425,2.425,2.425,2.4201,11
2023-07-25 19:54:00,1905,2.4231,2.425,2.425,2.4299,2.421,12
2023-07-25 19:55:00,4057,2.4241,2.425,2.4205,2.4286,2.42,20
2023-07-25 19:56:00,2526,2.4189,2.42,2.415,2.4201,2.41,22
2023-07-25 19:57:00,13807,2.4172,2.415,2.41,2.42,2.41,46
2023-07-25 19:58:00,9250,2.4107,2.41,2.41,2.415,2.41,34
2023-07-25 19:59:00,20213,2.4065,2.415,2.405,2.4188,2.4,162
2023-07-25 20:00:00,500,2.392,2.4,2.39,2.4,2.39,2
2023-07-25 22:39:00,436,2.4,2.4,2.4,2.4,2.4,1
2023-07-25 23:43:00,200,2.41,2.41,2.41,2.41,2.41,1
2023-07-26 11:13:00,100,2.41,2.41,2.41,2.41,2.41,1
2023-07-26 12:00:00,2403,2.3981,2.39,2.4101,2.4101,2.39,7
2023-07-26 12:40:00,100,2.41,2.41,2.41,2.41,2.41,1
2023-07-26 13:03:00,100,2.4,2.4,2.4,2.4,2.4,1
2023-07-26 13:30:00,1174,2.4132,2.41,2.4299,2.4299,2.41,11
2023-07-26 13:31:00,334,2.4102,2.41,2.41,2.41,2.41,6
2023-07-26 13:32:00,3234,2.432,2.42,2.4301,2.4382,2.42,22
2023-07-26 13:33:00,1001,2.425,2.425,2.425,2.425,2.425,2
2023-07-26 13:34:00,1359,2.42,2.42,2.42,2.42,2.42,17
2023-07-26 13:35:00,100,2.415,2.415,2.415,2.415,2.415,1
2023-07-26 13:36:00,150,2.4117,2.41,2.41,2.41,2.41,4
2023-07-26 13:37:00,6711,2.4254,2.42,2.43,2.43,2.42,16
2023-07-26 13:38:00,400,2.4225,2.425,2.42,2.425,2.42,4
2023-07-26 13:39:00,218,2.4205,2.42,2.42,2.42,2.42,7
2023-07-26 13:40:00,2000,2.4298,2.43,2.43,2.435,2.42,16
2023-07-26 13:41:00,205,2.4326,2.435,2.43,2.435,2.43,3
2023-07-26 13:42:00,919,2.4339,2.435,2.435,2.435,2.43,8
2023-07-26 13:43:00,1603,2.4353,2.435,2.43,2.44,2.43,7
2023-07-26 13:44:00,3192,2.4296,2.435,2.42,2.435,2.42,40
2023-07-26 13:45:00,793,2.4183,2.425,2.41,2.425,2.41,8
2023-07-26 13:46:00,1989,2.4158,2.415,2.415,2.4199,2.41,18
2023-07-26 13:47:00,1561,2.4184,2.415,2.42,2.42,2.41,24
2023-07-26 13:48:00,2793,2.4277,2.42,2.42,2.4299,2.42,18
2023-07-26 13:49:00,624,2.4202,2.42,2.42,2.42,2.42,14
2023-07-26 13:50:00,2016,2.4204,2.42,2.42,2.4209,2.42,16
2023-07-26 13:51:00,607,2.4201,2.42,2.42,2.42,2.42,10
2023-07-26 13:52:00,745,2.42,2.42,2.42,2.42,2.42,15
2023-07-26 13:53:00,3929,2.4271,2.42,2.435,2.435,2.42,36
2023-07-26 13:54:00,6207,2.4462,2.435,2.4409,2.45,2.435,58
2023-07-26 13:55:00,2979,2.4362,2.445,2.435,2.445,2.43,20
2023-07-26 13:56:00,1062,2.4317,2.435,2.43,2.435,2.43,22
2023-07-26 13:57:00,1465,2.426,2.43,2.42,2.43,2.42,22
2023-07-26 13:58:00,1349,2.4252,2.425,2.425,2.43,2.42,14
2023-07-26 13:59:00,1223,2.4238,2.42,2.42,2.425,2.42,15
2023-07-26 14:00:00,614,2.4217,2.42,2.42,2.425,2.42,10
2023-07-26 14:01:00,913,2.4228,2.425,2.425,2.425,2.42,17
2023-07-26 14:02:00,4260,2.4282,2.4299,2.425,2.43,2.42,38
2023-07-26 14:03:00,2674,2.4149,2.42,2.41,2.42,2.41,24
2023-07-26 14:04:00,2726,2.4064,2.41,2.4011,2.41,2.4011,28
2023-07-26 14:05:00,1561,2.4047,2.4099,2.405,2.4099,2.405,25
2023-07-26 14:06:00,732,2.4037,2.405,2.405,2.405,2.4,10
2023-07-26 14:07:00,1149,2.4046,2.405,2.405,2.405,2.4,17
2023-07-26 14:08:00,2834,2.4084,2.41,2.4,2.41,2.4,34
2023-07-26 14:09:00,146,2.415,2.415,2.415,2.415,2.415,7
2023-07-26 14:10:00,540,2.413,2.415,2.415,2.415,2.415,10
2023-07-26 14:11:00,1087,2.4141,2.41,2.415,2.415,2.41,15
2023-07-26 14:12:00,1011,2.415,2.415,2.415,2.42,2.41,13
2023-07-26 14:13:00,1520,2.414,2.415,2.415,2.415,2.41,24
2023-07-26 14:14:00,1288,2.4145,2.41,2.415,2.415,2.41,19
2023-07-26 14:15:00,1130,2.4146,2.415,2.415,2.415,2.415,15
2023-07-26 14:16:00,1520,2.4147,2.42,2.415,2.42,2.41,16
2023-07-26 14:17:00,1103,2.4155,2.415,2.415,2.42,2.41,10
2023-07-26 14:18:00,4660,2.421,2.415,2.4284,2.43,2.41,45
2023-07-26 14:19:00,588,2.4291,2.43,2.43,2.43,2.425,9
2023-07-26 14:20:00,1457,2.4258,2.43,2.425,2.43,2.425,14
2023-07-26 14:21:00,417,2.4243,2.425,2.425,2.425,2.425,7
2023-07-26 14:22:00,650,2.4242,2.425,2.425,2.425,2.425,15
2023-07-26 14:23:00,1160,2.4242,2.43,2.425,2.43,2.42,13
2023-07-26 14:24:00,997,2.4243,2.425,2.425,2.425,2.42,11
2023-07-26 14:25:00,1121,2.425,2.425,2.425,2.43,2.42,15
2023-07-26 14:26:00,1044,2.424,2.425,2.425,2.425,2.42,17
2023-07-26 14:27:00,1361,2.4248,2.425,2.425,2.43,2.42,20
2023-07-26 14:28:00,1299,2.425,2.425,2.425,2.43,2.425,18
2023-07-26 14:29:00,1053,2.4241,2.425,2.425,2.425,2.42,17
2023-07-26 14:30:00,2906,2.4267,2.425,2.425,2.4293,2.42,22
2023-07-26 14:31:00,1203,2.4246,2.425,2.42,2.425,2.42,20
2023-07-26 14:32:00,999,2.4255,2.425,2.425,2.43,2.425,16
2023-07-26 14:33:00,1294,2.4223,2.425,2.42,2.425,2.42,21
2023-07-26 14:34:00,1579,2.4227,2.42,2.42,2.425,2.42,24
2023-07-26 14:35:00,1135,2.4233,2.425,2.425,2.425,2.42,13
2023-07-26 14:36:00,823,2.4232,2.425,2.425,2.425,2.42,11
2023-07-26 14:37:00,1622,2.4244,2.425,2.425,2.425,2.42,21
2023-07-26 14:38:00,1518,2.4238,2.421,2.425,2.43,2.4201,19
2023-07-26 14:39:00,1120,2.424,2.425,2.425,2.425,2.42,13
2023-07-26 14:40:00,1270,2.4245,2.425,2.425,2.425,2.42,15
2023-07-26 14:41:00,700,2.425,2.425,2.42,2.43,2.42,7
2023-07-26 14:42:00,1100,2.425,2.425,2.425,2.43,2.42,11
2023-07-26 14:43:00,1038,2.4241,2.425,2.425,2.425,2.42,12
2023-07-26 14:44:00,970,2.4243,2.425,2.425,2.425,2.42,12
2023-07-26 14:45:00,1010,2.4245,2.425,2.42,2.43,2.42,11
2023-07-26 14:46:00,700,2.4243,2.425,2.425,2.425,2.42,7
2023-07-26 14:47:00,1116,2.4239,2.425,2.42,2.425,2.42,21
2023-07-26 14:48:00,801,2.4219,2.425,2.425,2.425,2.42,10
2023-07-26 14:49:00,2971,2.4188,2.42,2.415,2.42,2.41,41
2023-07-26 14:50:00,2301,2.4105,2.415,2.41,2.415,2.41,20
2023-07-26 14:51:00,2342,2.4047,2.4,2.405,2.4086,2.4,7
2023-07-26 14:52:00,5800,2.4049,2.4,2.4,2.41,2.4,14
2023-07-26 14:53:00,35572,2.3954,2.4,2.4,2.405,2.38,107
2023-07-26 14:54:00,6000,2.4051,2.405,2.405,2.4099,2.405,10
2023-07-26 14:55:00,110,2.4005,2.4,2.4,2.4,2.4,2
2023-07-26 14:56:00,1200,2.4013,2.4,2.405,2.405,2.4,5
2023-07-26 14:57:00,11004,2.4001,2.4,2.4,2.4001,2.4,7
2023-07-26 14:58:00,2526,2.4049,2.4071,2.4,2.4086,2.4,15
2023-07-26 14:59:00,744,2.4016,2.4,2.4,2.405,2.4,13
2023-07-26 15:00:00,1703,2.406,2.4088,2.4,2.4088,2.4,9
2023-07-26 15:01:00,5905,2.4004,2.405,2.39,2.4088,2.39,44
2023-07-26 15:02:00,3374,2.385,2.3888,2.38,2.3899,2.38,25
2023-07-26 15:03:00,3202,2.384,2.38,2.385,2.3899,2.38,13
2023-07-26 15:04:00,985,2.382,2.385,2.38,2.385,2.38,10
2023-07-26 15:05:00,1200,2.3811,2.385,2.3808,2.385,2.38,6
2023-07-26 15:06:00,1400,2.3812,2.38,2.38,2.3899,2.38,7
2023-07-26 15:07:00,2700,2.3841,2.38,2.385,2.3899,2.38,20
2023-07-26 15:08:00,2337,2.3847,2.385,2.384,2.39,2.38,20
2023-07-26 15:09:00,14857,2.3889,2.385,2.395,2.395,2.38,73
2023-07-26 15:10:00,809,2.3927,2.395,2.395,2.395,2.395,6
2023-07-26 15:11:00,430,2.395,2.395,2.395,2.395,2.395,3
2023-07-26 15:12:00,211,2.395,2.395,2.395,2.395,2.395,6
2023-07-26 15:13:00,1815,2.3942,2.395,2.395,2.395,2.39,11
2023-07-26 15:14:00,6319,2.3899,2.39,2.3899,2.39,2.385,65
2023-07-26 15:15:00,2244,2.3888,2.39,2.39,2.39,2.38,23
2023-07-26 15:16:00,1980,2.392,2.39,2.3967,2.3967,2.39,14
2023-07-26 15:17:00,2479,2.3969,2.3966,2.3999,2.3999,2.3945,10
2023-07-26 15:18:00,303,2.3933,2.395,2.39,2.395,2.39,5
2023-07-26 15:19:00,1193,2.3901,2.39,2.385,2.3931,2.385,17
2023-07-26 15:20:00,1114,2.3844,2.385,2.385,2.3861,2.38,16
2023-07-26 15:21:00,705,2.3843,2.385,2.385,2.385,2.38,11
2023-07-26 15:22:00,1409,2.3839,2.385,2.385,2.385,2.38,22
2023-07-26 15:23:00,1433,2.3844,2.385,2.385,2.385,2.38,23
2023-07-26 15:24:00,4441,2.3841,2.385,2.385,2.385,2.38,25
2023-07-26 15:25:00,504,2.381,2.38,2.385,2.385,2.38,11
2023-07-26 15:26:00,1711,2.3842,2.38,2.38,2.3899,2.38,14
2023-07-26 15:27:00,1003,2.3845,2.385,2.385,2.385,2.38,11
2023-07-26 15:28:00,1312,2.3829,2.385,2.38,2.385,2.38,19
2023-07-26 15:29:00,16307,2.3799,2.38,2.3787,2.38,2.375,52
2023-07-26 15:30:00,7402,2.3798,2.3792,2.385,2.39,2.37,60
2023-07-26 15:31:00,1041,2.385,2.385,2.385,2.385,2.385,8
2023-07-26 15:32:00,2803,2.3832,2.385,2.38,2.385,2.38,15
2023-07-26 15:33:00,900,2.3833,2.385,2.385,2.385,2.38,7
2023-07-26 15:34:00,900,2.3828,2.38,2.38,2.385,2.38,5
2023-07-26 15:35:00,510,2.3801,2.38,2.38,2.38,2.38,6
2023-07-26 15:36:00,920,2.3816,2.385,2.38,2.385,2.38,9
2023-07-26 15:37:00,5820,2.3768,2.38,2.3786,2.38,2.37,47
2023-07-26 15:38:00,11438,2.3795,2.3755,2.385,2.385,2.37,50
2023-07-26 15:39:00,300,2.3833,2.385,2.385,2.385,2.385,3
2023-07-26 15:40:00,700,2.3879,2.385,2.385,2.3891,2.385,3
2023-07-26 15:41:00,840,2.385,2.385,2.385,2.385,2.385,11
2023-07-26 15:42:00,1301,2.3838,2.385,2.385,2.385,2.38,10
2023-07-26 15:43:00,601,2.3817,2.385,2.38,2.385,2.38,7
2023-07-26 15:44:00,1620,2.3832,2.38,2.38,2.385,2.38,13
2023-07-26 15:45:00,900,2.3839,2.38,2.385,2.3899,2.38,7
2023-07-26 15:46:00,600,2.3842,2.385,2.385,2.385,2.38,6
2023-07-26 15:47:00,1000,2.3844,2.38,2.3888,2.3888,2.38,6
2023-07-26 15:48:00,1187,2.3843,2.385,2.3813,2.39,2.38,13
2023-07-26 15:49:00,1760,2.3868,2.385,2.3899,2.3899,2.38,14
2023-07-26 15:50:00,1576,2.3845,2.385,2.385,2.385,2.38,26
2023-07-26 15:51:00,969,2.3844,2.3851,2.385,2.3851,2.38,9
2023-07-26 15:52:00,2168,2.3866,2.385,2.385,2.39,2.38,21
2023-07-26 15:53:00,1194,2.3846,2.385,2.385,2.385,2.38,11
2023-07-26 15:54:00,1340,2.3832,2.385,2.385,2.385,2.38,17
2023-07-26 15:55:00,500,2.384,2.385,2.385,2.385,2.38,5
2023-07-26 15:56:00,1852,2.3843,2.385,2.38,2.385,2.38,16
2023-07-26 15:57:00,1896,2.3856,2.385,2.385,2.39,2.38,15
2023-07-26 15:58:00,1630,2.3867,2.385,2.3888,2.3888,2.38,9
2023-07-26 15:59:00,1000,2.3835,2.385,2.38,2.385,2.38,10
2023-07-26 16:00:00,2003,2.3849,2.385,2.385,2.385,2.3844,10
2023-07-26 16:01:00,816,2.3844,2.385,2.385,2.39,2.38,14
2023-07-26 16:02:00,601,2.3825,2.385,2.38,2.385,2.38,8
2023-07-26 16:03:00,503,2.382,2.385,2.38,2.385,2.38,8
2023-07-26 16:04:00,916,2.3832,2.385,2.38,2.385,2.38,10
2023-07-26 16:05:00,610,2.3803,2.38,2.38,2.38,2.38,23
2023-07-26 16:06:00,1333,2.3816,2.38,2.38,2.385,2.38,17
2023-07-26 16:07:00,503,2.382,2.38,2.385,2.385,2.38,8
2023-07-26 16:08:00,658,2.3826,2.38,2.385,2.385,2.38,14
2023-07-26 16:09:00,924,2.3823,2.385,2.38,2.385,2.38,14
2023-07-26 16:10:00,846,2.385,2.385,2.38,2.39,2.38,13
2023-07-26 16:11:00,650,2.3836,2.385,2.38,2.385,2.38,12
2023-07-26 16:12:00,805,2.3848,2.385,2.385,2.385,2.38,17
2023-07-26 16:13:00,648,2.3837,2.385,2.385,2.385,2.38,14
2023-07-26 16:14:00,1632,2.3843,2.385,2.38,2.39,2.38,31
2023-07-26 16:15:00,1254,2.3836,2.385,2.38,2.39,2.38,18
2023-07-26 16:16:00,1071,2.3845,2.385,2.385,2.385,2.385,24
2023-07-26 16:17:00,1600,2.3858,2.385,2.385,2.3895,2.385,18
2023-07-26 16:18:00,1450,2.3842,2.385,2.385,2.385,2.38,15
2023-07-26 16:19:00,1032,2.3826,2.385,2.38,2.385,2.38,15
2023-07-26 16:20:00,930,2.3828,2.385,2.38,2.39,2.38,11
2023-07-26 16:21:00,692,2.3816,2.38,2.38,2.385,2.38,15
2023-07-26 16:22:00,1389,2.3832,2.38,2.38,2.385,2.38,21
2023-07-26 16:23:00,513,2.3801,2.38,2.38,2.38,2.38,9
2023-07-26 16:24:00,510,2.3811,2.38,2.385,2.385,2.38,8
2023-07-26 16:25:00,687,2.3806,2.38,2.38,2.38,2.38,12
2023-07-26 16:26:00,563,2.3815,2.38,2.38,2.38,2.38,11
2023-07-26 16:27:00,651,2.3819,2.38,2.38,2.385,2.38,15
2023-07-26 16:28:00,731,2.3816,2.38,2.38,2.385,2.38,12
2023-07-26 16:29:00,609,2.3817,2.38,2.38,2.385,2.38,7
2023-07-26 16:30:00,657,2.382,2.385,2.385,2.385,2.38,10
2023-07-26 16:31:00,688,2.3821,2.385,2.385,2.385,2.38,13
2023-07-26 16:32:00,376,2.382,2.38,2.385,2.385,2.38,10
2023-07-26 16:33:00,734,2.383,2.385,2.38,2.385,2.38,14
2023-07-26 16:34:00,1039,2.384,2.385,2.385,2.39,2.38,17
2023-07-26 16:35:00,809,2.3844,2.385,2.385,2.385,2.385,16
2023-07-26 16:36:00,458,2.3839,2.385,2.385,2.385,2.385,12
2023-07-26 16:37:00,719,2.383,2.385,2.385,2.385,2.385,12
2023-07-26 16:38:00,326,2.3804,2.38,2.38,2.38,2.38,7
2023-07-26 16:39:00,711,2.3829,2.385,2.38,2.385,2.38,9
2023-07-26 16:40:00,726,2.3822,2.38,2.385,2.385,2.38,14
2023-07-26 16:41:00,608,2.3842,2.385,2.385,2.385,2.38,8
2023-07-26 16:42:00,699,2.3829,2.385,2.38,2.385,2.38,13
2023-07-26 16:43:00,812,2.3825,2.385,2.385,2.385,2.38,12
2023-07-26 16:44:00,762,2.385,2.39,2.385,2.39,2.38,14
2023-07-26 16:45:00,872,2.383,2.3888,2.38,2.3888,2.38,14
2023-07-26 16:46:00,711,2.3815,2.385,2.38,2.385,2.38,9
2023-07-26 16:47:00,908,2.3816,2.38,2.38,2.385,2.38,10
2023-07-26 16:48:00,723,2.3802,2.38,2.38,2.38,2.38,11
2023-07-26 16:49:00,3877,2.3801,2.38,2.38,2.385,2.38,42
2023-07-26 16:50:00,4892,2.3732,2.38,2.375,2.38,2.37,28
2023-07-26 16:51:00,1944,2.3746,2.3799,2.375,2.3799,2.37,17
2023-07-26 16:52:00,1519,2.3729,2.37,2.375,2.375,2.37,13
2023-07-26 16:53:00,1109,2.3721,2.37,2.37,2.375,2.37,10
2023-07-26 16:54:00,723,2.3727,2.375,2.37,2.375,2.37,10
2023-07-26 16:55:00,734,2.3716,2.375,2.37,2.375,2.37,16
2023-07-26 16:56:00,1681,2.3726,2.375,2.375,2.375,2.37,8
2023-07-26 16:57:00,818,2.3732,2.37,2.375,2.375,2.37,14
2023-07-26 16:58:00,923,2.3745,2.375,2.375,2.375,2.37,14
2023-07-26 16:59:00,513,2.3739,2.375,2.37,2.375,2.37,11
2023-07-26 17:00:00,1260,2.3726,2.375,2.37,2.375,2.37,21
2023-07-26 17:01:00,510,2.3721,2.37,2.37,2.375,2.37,13
2023-07-26 17:02:00,930,2.3722,2.37,2.375,2.375,2.37,13
2023-07-26 17:03:00,405,2.37,2.37,2.37,2.37,2.37,8
2023-07-26 17:04:00,4306,2.3699,2.38,2.365,2.38,2.365,40
2023-07-26 17:05:00,5864,2.37,2.37,2.375,2.375,2.36,46
2023-07-26 17:06:00,1640,2.3823,2.38,2.385,2.385,2.38,21
2023-07-26 17:07:00,277,2.3857,2.385,2.385,2.385,2.385,7
2023-07-26 17:08:00,2570,2.3851,2.385,2.385,2.385,2.385,9
2023-07-26 17:09:00,810,2.3824,2.385,2.385,2.385,2.38,13
2023-07-26 17:10:00,752,2.3839,2.385,2.38,2.385,2.38,9
2023-07-26 17:11:00,640,2.3844,2.385,2.385,2.385,2.38,9
2023-07-26 17:12:00,6471,2.3893,2.385,2.38,2.3899,2.38,11
2023-07-26 17:13:00,910,2.3837,2.38,2.38,2.385,2.38,10
2023-07-26 17:14:00,333,2.3805,2.38,2.38,2.38,2.38,5
2023-07-26 17:15:00,575,2.382,2.38,2.38,2.385,2.38,8
2023-07-26 17:16:00,9203,2.3802,2.38,2.385,2.385,2.38,70
2023-07-26 17:17:00,2948,2.39,2.385,2.395,2.395,2.385,32
2023-07-26 17:18:00,410,2.395,2.395,2.395,2.395,2.395,4
2023-07-26 17:19:00,437,2.3923,2.3901,2.395,2.395,2.3901,5
2023-07-26 17:20:00,171,2.395,2.395,2.395,2.395,2.395,6
2023-07-26 17:21:00,830,2.3938,2.395,2.39,2.395,2.39,15
2023-07-26 17:22:00,710,2.3936,2.395,2.39,2.395,2.39,13
2023-07-26 17:23:00,7410,2.3904,2.395,2.395,2.395,2.39,64
2023-07-26 17:24:00,225,2.395,2.395,2.395,2.395,2.395,4
2023-07-26 17:25:00,871,2.3951,2.395,2.395,2.3956,2.395,10
2023-07-26 17:26:00,528,2.396,2.4,2.395,2.4,2.395,8
2023-07-26 17:27:00,578,2.3945,2.395,2.39,2.395,2.39,9
2023-07-26 17:28:00,905,2.3937,2.395,2.395,2.395,2.39,12
2023-07-26 17:29:00,857,2.394,2.395,2.395,2.395,2.39,13
2023-07-26 17:30:00,599,2.3942,2.395,2.395,2.395,2.39,10
2023-07-26 17:31:00,833,2.3942,2.395,2.3986,2.3986,2.39,10
2023-07-26 17:32:00,455,2.3914,2.39,2.39,2.395,2.39,9
2023-07-26 17:33:00,405,2.39,2.39,2.39,2.39,2.39,5
2023-07-26 17:34:00,534,2.3931,2.395,2.39,2.4,2.39,6
2023-07-26 17:35:00,1010,2.3931,2.39,2.39,2.395,2.39,10
2023-07-26 17:36:00,850,2.3924,2.395,2.39,2.395,2.39,8
2023-07-26 17:37:00,773,2.3918,2.39,2.39,2.395,2.39,18
2023-07-26 17:38:00,400,2.3925,2.39,2.395,2.395,2.39,4
2023-07-26 17:39:00,900,2.3928,2.395,2.39,2.4,2.39,10
2023-07-26 17:40:00,540,2.3931,2.395,2.39,2.395,2.39,9
2023-07-26 17:41:00,5851,2.3949,2.395,2.395,2.4,2.39,13
2023-07-26 17:42:00,610,2.3925,2.395,2.39,2.395,2.39,9
2023-07-26 17:43:00,946,2.3927,2.395,2.39,2.395,2.39,12
2023-07-26 17:44:00,1102,2.3927,2.39,2.39,2.4,2.39,16
2023-07-26 17:45:00,1010,2.3919,2.39,2.39,2.395,2.39,7
2023-07-26 17:46:00,811,2.3913,2.395,2.39,2.395,2.39,8
2023-07-26 17:47:00,936,2.3944,2.39,2.3987,2.3987,2.39,7
2023-07-26 17:48:00,700,2.3929,2.395,2.395,2.395,2.39,7
2023-07-26 17:49:00,2200,2.3981,2.3996,2.395,2.4,2.39,7
2023-07-26 17:50:00,645,2.3919,2.395,2.39,2.395,2.39,8
2023-07-26 17:51:00,438,2.3904,2.39,2.39,2.39,2.39,9
2023-07-26 17:52:00,623,2.3918,2.395,2.39,2.395,2.39,10
2023-07-26 17:53:00,834,2.3938,2.395,2.39,2.395,2.39,10
2023-07-26 17:54:00,400,2.3963,2.395,2.395,2.4,2.395,4
2023-07-26 17:55:00,930,2.3935,2.395,2.395,2.395,2.39,9
2023-07-26 17:56:00,927,2.3907,2.39,2.39,2.395,2.39,14
2023-07-26 17:57:00,941,2.3918,2.395,2.39,2.395,2.39,9
2023-07-26 17:58:00,522,2.3912,2.39,2.395,2.395,2.39,6
2023-07-26 17:59:00,518,2.3921,2.4,2.39,2.4,2.39,13
2023-07-26 18:00:00,882,2.3927,2.39,2.39,2.4,2.39,16
2023-07-26 18:01:00,921,2.3923,2.395,2.395,2.395,2.39,12
2023-07-26 18:02:00,426,2.3901,2.39,2.39,2.39,2.39,7
2023-07-26 18:03:00,715,2.3908,2.39,2.39,2.395,2.39,10
2023-07-26 18:04:00,1468,2.3938,2.39,2.395,2.4,2.39,10
2023-07-26 18:05:00,1190,2.3921,2.395,2.39,2.395,2.39,16
2023-07-26 18:06:00,411,2.3913,2.39,2.395,2.395,2.39,5
2023-07-26 18:07:00,912,2.3918,2.395,2.39,2.4,2.39,10
2023-07-26 18:08:00,720,2.3929,2.395,2.395,2.395,2.39,9
2023-07-26 18:09:00,5906,2.3963,2.39,2.395,2.3995,2.39,27
2023-07-26 18:10:00,6612,2.3996,2.395,2.405,2.405,2.39,74
2023-07-26 18:11:00,430,2.4038,2.405,2.4,2.405,2.4,7
2023-07-26 18:12:00,130,2.405,2.405,2.405,2.405,2.405,4
2023-07-26 18:13:00,1160,2.4031,2.405,2.405,2.41,2.4,17
2023-07-26 18:14:00,811,2.4032,2.405,2.4,2.405,2.4,9
2023-07-26 18:15:00,1149,2.4041,2.405,2.405,2.405,2.4,18
2023-07-26 18:16:00,990,2.4046,2.405,2.405,2.41,2.4,13
2023-07-26 18:17:00,1779,2.4037,2.405,2.4,2.405,2.4,17
2023-07-26 18:18:00,1715,2.4012,2.4,2.4,2.405,2.4,16
2023-07-26 18:19:00,1572,2.4008,2.4,2.4,2.405,2.4,20
2023-07-26 18:20:00,628,2.401,2.4,2.4,2.4,2.4,12
2023-07-26 18:21:00,790,2.4012,2.4,2.4,2.4,2.4,19
2023-07-26 18:22:00,1120,2.4018,2.4,2.4,2.405,2.4,20
2023-07-26 18:23:00,1010,2.4018,2.41,2.4,2.41,2.4,13
2023-07-26 18:24:00,800,2.4001,2.4,2.4,2.4,2.4,14
2023-07-26 18:25:00,10873,2.399,2.4,2.395,2.4,2.39,104
2023-07-26 18:26:00,1040,2.3936,2.395,2.39,2.395,2.39,13
2023-07-26 18:27:00,507,2.3911,2.39,2.39,2.395,2.39,7
2023-07-26 18:28:00,916,2.3928,2.39,2.395,2.395,2.39,14
2023-07-26 18:29:00,635,2.391,2.39,2.39,2.395,2.39,13
2023-07-26 18:30:00,1741,2.3939,2.39,2.395,2.395,2.39,26
2023-07-26 18:31:00,1020,2.394,2.395,2.395,2.395,2.39,14
2023-07-26 18:32:00,10296,2.4006,2.395,2.415,2.415,2.39,88
2023-07-26 18:33:00,2877,2.4109,2.415,2.41,2.415,2.41,25
2023-07-26 18:35:00,968,2.405,2.405,2.405,2.405,2.405,16
2023-07-26 18:36:00,930,2.4054,2.405,2.405,2.41,2.405,14
2023-07-26 18:37:00,1385,2.4046,2.405,2.41,2.41,2.4,19
2023-07-26 18:38:00,3224,2.4114,2.405,2.41,2.415,2.4,25
2023-07-26 18:39:00,7830,2.4194,2.41,2.425,2.425,2.41,48
2023-07-26 18:40:00,1290,2.425,2.425,2.425,2.425,2.425,6
2023-07-26 18:41:00,3237,2.4248,2.425,2.4213,2.43,2.42,25
2023-07-26 18:42:00,8105,2.4207,2.425,2.42,2.425,2.42,21
2023-07-26 18:43:00,730,2.4209,2.42,2.42,2.425,2.42,10
2023-07-26 18:44:00,5366,2.4186,2.42,2.415,2.42,2.41,31
2023-07-26 18:45:00,1462,2.4147,2.415,2.415,2.415,2.41,18
2023-07-26 18:46:00,1167,2.4141,2.415,2.415,2.415,2.415,14
2023-07-26 18:47:00,1818,2.4135,2.415,2.415,2.415,2.41,15
2023-07-26 18:48:00,1041,2.4136,2.415,2.415,2.415,2.41,14
2023-07-26 18:49:00,600,2.4117,2.41,2.41,2.415,2.41,7
2023-07-26 18:50:00,937,2.4119,2.415,2.4116,2.415,2.41,16
2023-07-26 18:51:00,1760,2.4144,2.41,2.415,2.4156,2.41,12
2023-07-26 18:52:00,876,2.4135,2.415,2.415,2.415,2.41,13
2023-07-26 18:53:00,1495,2.4132,2.415,2.415,2.415,2.41,18
2023-07-26 18:54:00,19860,2.4244,2.41,2.42,2.43,2.41,99
2023-07-26 18:55:00,1695,2.4212,2.42,2.42,2.425,2.42,20
2023-07-26 18:56:00,370,2.4223,2.42,2.42,2.42,2.42,9
2023-07-26 18:57:00,3090,2.4261,2.42,2.425,2.43,2.42,20
2023-07-26 18:58:00,14949,2.4288,2.4299,2.42,2.435,2.42,66
2023-07-26 18:59:00,1821,2.435,2.435,2.4355,2.4355,2.435,6
2023-07-26 19:00:00,5453,2.4393,2.435,2.43,2.4399,2.43,8
2023-07-26 19:01:00,3904,2.4345,2.4359,2.4301,2.4359,2.4301,16
2023-07-26 19:02:00,645,2.4331,2.435,2.435,2.435,2.43,9
2023-07-26 19:03:00,3128,2.4289,2.43,2.42,2.435,2.42,37
2023-07-26 19:04:00,1519,2.4251,2.425,2.425,2.43,2.42,20
2023-07-26 19:05:00,1041,2.4245,2.425,2.42,2.425,2.42,10
2023-07-26 19:06:00,901,2.4217,2.42,2.42,2.425,2.42,18
2023-07-26 19:07:00,1475,2.4257,2.42,2.425,2.4288,2.42,16
2023-07-26 19:08:00,3698,2.4192,2.42,2.41,2.425,2.41,31
2023-07-26 19:09:00,818,2.4144,2.415,2.415,2.415,2.41,10
2023-07-26 19:10:00,932,2.4134,2.415,2.415,2.415,2.41,10
2023-07-26 19:11:00,1021,2.414,2.415,2.415,2.415,2.41,16
2023-07-26 19:12:00,1153,2.4125,2.415,2.41,2.415,2.41,15
2023-07-26 19:13:00,420,2.4102,2.41,2.41,2.41,2.41,5
2023-07-26 19:14:00,711,2.4115,2.41,2.415,2.415,2.41,10
2023-07-26 19:15:00,843,2.4114,2.41,2.41,2.415,2.41,9
2023-07-26 19:16:00,928,2.4146,2.41,2.415,2.42,2.41,12
2023-07-26 19:17:00,1401,2.4136,2.415,2.415,2.415,2.41,22
2023-07-26 19:18:00,2894,2.4159,2.415,2.415,2.42,2.41,37
2023-07-26 19:19:00,467,2.4144,2.41,2.415,2.415,2.41,7
2023-07-26 19:20:00,900,2.4156,2.415,2.42,2.42,2.41,9
2023-07-26 19:21:00,7932,2.4211,2.42,2.425,2.43,2.41,69
2023-07-26 19:22:00,470,2.4239,2.425,2.42,2.425,2.42,8
2023-07-26 19:23:00,519,2.424,2.425,2.42,2.425,2.42,7
2023-07-26 19:24:00,1595,2.425,2.425,2.425,2.43,2.425,22
2023-07-26 19:25:00,914,2.4223,2.42,2.425,2.425,2.42,11
2023-07-26 19:26:00,1083,2.425,2.425,2.425,2.43,2.42,17
2023-07-26 19:27:00,947,2.4239,2.425,2.425,2.425,2.42,16
2023-07-26 19:28:00,715,2.425,2.425,2.43,2.43,2.42,10
2023-07-26 19:29:00,1160,2.4237,2.425,2.425,2.425,2.42,13
2023-07-26 19:30:00,932,2.4234,2.425,2.42,2.425,2.42,13
2023-07-26 19:31:00,887,2.4239,2.42,2.425,2.43,2.42,18
2023-07-26 19:32:00,2535,2.4267,2.425,2.4231,2.43,2.42,21
2023-07-26 19:33:00,1333,2.425,2.425,2.425,2.43,2.425,20
2023-07-26 19:34:00,1424,2.4243,2.425,2.425,2.425,2.42,19
2023-07-26 19:35:00,1200,2.425,2.43,2.425,2.43,2.42,12
2023-07-26 19:36:00,837,2.425,2.425,2.42,2.43,2.42,15
2023-07-26 19:37:00,932,2.4228,2.42,2.425,2.425,2.42,12
2023-07-26 19:38:00,1620,2.4228,2.42,2.425,2.43,2.42,20
2023-07-26 19:39:00,1212,2.4238,2.425,2.425,2.425,2.42,13
2023-07-26 19:40:00,1101,2.4245,2.425,2.42,2.43,2.42,12
2023-07-26 19:41:00,1156,2.4237,2.425,2.425,2.425,2.42,18
2023-07-26 19:42:00,1283,2.4243,2.42,2.425,2.43,2.42,20
2023-07-26 19:43:00,1132,2.4224,2.425,2.42,2.425,2.42,17
2023-07-26 19:44:00,1008,2.4219,2.42,2.42,2.425,2.42,19
2023-07-26 19:45:00,2269,2.4261,2.43,2.425,2.43,2.42,32
2023-07-26 19:46:00,2057,2.424,2.42,2.42,2.425,2.42,27
2023-07-26 19:47:00,3129,2.4252,2.425,2.425,2.43,2.42,30
2023-07-26 19:48:00,2469,2.4273,2.425,2.425,2.43,2.42,43
2023-07-26 19:49:00,1966,2.4247,2.43,2.425,2.43,2.42,28
2023-07-26 19:50:00,2295,2.4239,2.425,2.42,2.4287,2.42,26
2023-07-26 19:51:00,13603,2.42,2.42,2.41,2.425,2.41,142
2023-07-26 19:52:00,7894,2.4271,2.415,2.435,2.435,2.415,51
2023-07-26 19:53:00,2200,2.4341,2.435,2.43,2.435,2.43,16
2023-07-26 19:54:00,1945,2.4315,2.43,2.435,2.435,2.43,16
2023-07-26 19:55:00,3777,2.4312,2.435,2.43,2.435,2.43,31
2023-07-26 19:56:00,7572,2.4294,2.435,2.425,2.435,2.42,56
2023-07-26 19:57:00,5739,2.4291,2.425,2.43,2.435,2.425,54
2023-07-26 19:58:00,7761,2.4345,2.435,2.435,2.435,2.43,60
2023-07-26 19:59:00,10918,2.4367,2.435,2.43,2.44,2.43,104
2023-07-26 20:00:00,200,2.44,2.44,2.44,2.44,2.44,1
2023-07-27 12:00:00,700,2.46,2.46,2.46,2.46,2.46,1
2023-07-27 12:33:00,4000,2.47,2.47,2.47,2.47,2.47,1
2023-07-27 12:41:00,100,2.48,2.48,2.48,2.48,2.48,1
2023-07-27 12:44:00,700,2.47,2.47,2.47,2.47,2.47,3
2023-07-27 12:45:00,800,2.46,2.46,2.46,2.46,2.46,4
2023-07-27 13:06:00,100,2.46,2.46,2.46,2.46,2.46,1
2023-07-27 13:10:00,100,2.47,2.47,2.47,2.47,2.47,1
2023-07-27 13:30:00,2433,2.4492,2.45,2.43,2.46,2.43,13
2023-07-27 13:31:00,565,2.4345,2.4361,2.43,2.4361,2.43,6
2023-07-27 13:32:00,1713,2.447,2.43,2.45,2.45,2.43,21
2023-07-27 13:36:00,879,2.4487,2.45,2.45,2.45,2.44,18
2023-07-27 13:37:00,6706,2.4438,2.445,2.455,2.455,2.44,17
2023-07-27 13:38:00,1825,2.4556,2.46,2.455,2.46,2.455,13
2023-07-27 13:39:00,212,2.4504,2.4501,2.4501,2.4501,2.4501,4
2023-07-27 13:40:00,7294,2.4685,2.46,2.47,2.4706,2.46,54
2023-07-27 13:41:00,481,2.4632,2.4608,2.465,2.465,2.4608,6
2023-07-27 13:42:00,1413,2.4615,2.4607,2.465,2.465,2.4607,12
2023-07-27 13:43:00,237,2.4651,2.465,2.465,2.465,2.465,7
2023-07-27 13:44:00,4381,2.4743,2.47,2.48,2.48,2.47,46
2023-07-27 13:45:00,3334,2.4807,2.48,2.485,2.485,2.48,26
2023-07-27 13:46:00,324,2.4704,2.4701,2.4701,2.4701,2.4701,5
2023-07-27 13:47:00,1652,2.4838,2.48,2.4801,2.49,2.48,17
2023-07-27 13:49:00,393,2.4871,2.485,2.489,2.489,2.485,5
2023-07-27 13:50:00,3182,2.4898,2.485,2.49,2.4901,2.485,35
2023-07-27 13:51:00,2281,2.4805,2.4801,2.48,2.485,2.48,23
2023-07-27 13:52:00,300,2.4733,2.47,2.475,2.475,2.47,2
2023-07-27 13:53:00,14881,2.4559,2.47,2.465,2.47,2.45,33
2023-07-27 13:54:00,1441,2.4595,2.465,2.455,2.465,2.455,14
2023-07-27 13:55:00,506,2.4511,2.455,2.45,2.455,2.45,8
2023-07-27 13:56:00,958,2.4488,2.45,2.445,2.45,2.445,15
2023-07-27 13:57:00,4102,2.4421,2.4408,2.44,2.4436,2.44,5
2023-07-27 13:58:00,515,2.4423,2.444,2.44,2.4444,2.44,10
2023-07-27 13:59:00,21403,2.4237,2.44,2.425,2.445,2.41,99
2023-07-27 14:00:00,1139,2.4279,2.4274,2.435,2.435,2.423,10
2023-07-27 14:01:00,400,2.4325,2.43,2.43,2.43,2.43,6
2023-07-27 14:02:00,313,2.4318,2.435,2.43,2.435,2.43,5
2023-07-27 14:03:00,303,2.43,2.43,2.43,2.43,2.43,4
2023-07-27 14:04:00,1072,2.4295,2.435,2.425,2.435,2.425,16
2023-07-27 14:05:00,4103,2.417,2.425,2.415,2.425,2.41,49
2023-07-27 14:06:00,1411,2.4195,2.415,2.425,2.425,2.415,13
2023-07-27 14:07:00,10485,2.4032,2.425,2.4,2.425,2.4,39
2023-07-27 14:08:00,2519,2.4045,2.4092,2.4099,2.4099,2.4,14
2023-07-27 14:09:00,2617,2.4028,2.4,2.4,2.405,2.4,20
2023-07-27 14:10:00,12046,2.3996,2.4,2.3912,2.4,2.3912,23
2023-07-27 14:11:00,5230,2.3912,2.395,2.3901,2.395,2.3901,11
2023-07-27 14:12:00,4243,2.3876,2.39,2.38,2.3903,2.38,27
2023-07-27 14:13:00,495,2.3809,2.38,2.3801,2.3801,2.38,5
2023-07-27 14:14:00,2300,2.387,2.3899,2.385,2.3899,2.38,11
2023-07-27 14:15:00,1082,2.3832,2.385,2.38,2.385,2.38,6
2023-07-27 14:16:00,1494,2.3811,2.38,2.38,2.385,2.38,12
2023-07-27 14:17:00,5006,2.3897,2.3801,2.395,2.4,2.38,32
2023-07-27 14:19:00,209,2.3925,2.395,2.39,2.395,2.39,8
2023-07-27 14:20:00,226,2.3927,2.395,2.395,2.395,2.395,11
2023-07-27 14:21:00,1381,2.3905,2.395,2.39,2.395,2.39,23
2023-07-27 14:22:00,970,2.3838,2.385,2.3844,2.385,2.38,9
2023-07-27 14:23:00,18943,2.3903,2.385,2.3982,2.3982,2.385,28
2023-07-27 14:24:00,100,2.395,2.395,2.395,2.395,2.395,1
2023-07-27 14:25:00,1352,2.3925,2.395,2.395,2.395,2.39,13
2023-07-27 14:26:00,15762,2.39,2.3901,2.385,2.3901,2.385,27
2023-07-27 14:27:00,975,2.3823,2.3801,2.385,2.3881,2.3801,5
2023-07-27 14:28:00,1523,2.3817,2.3809,2.38,2.385,2.38,9
2023-07-27 14:29:00,3752,2.3775,2.385,2.375,2.385,2.37,33
2023-07-27 14:30:00,410,2.375,2.375,2.375,2.375,2.375,6
2023-07-27 14:31:00,600,2.3767,2.3799,2.375,2.3799,2.375,6
2023-07-27 14:32:00,222,2.3753,2.375,2.375,2.375,2.375,5
2023-07-27 14:33:00,900,2.3717,2.375,2.375,2.375,2.37,6
2023-07-27 14:34:00,2979,2.3786,2.375,2.38,2.38,2.375,21
2023-07-27 14:35:00,1076,2.3857,2.38,2.385,2.3899,2.38,9
2023-07-27 14:36:00,1523,2.3815,2.385,2.385,2.385,2.3801,8
2023-07-27 14:37:00,2224,2.3806,2.3801,2.385,2.385,2.38,13
2023-07-27 14:38:00,181,2.3846,2.385,2.385,2.385,2.385,6
2023-07-27 14:39:00,2640,2.3909,2.39,2.395,2.395,2.39,24
2023-07-27 14:40:00,487,2.396,2.4,2.395,2.4,2.395,9
2023-07-27 14:41:00,200,2.3975,2.4,2.395,2.4,2.395,2
2023-07-27 14:42:00,110,2.395,2.395,2.395,2.395,2.395,3
2023-07-27 14:43:00,479,2.3952,2.395,2.395,2.395,2.395,14
2023-07-27 14:44:00,233,2.395,2.395,2.395,2.395,2.395,7
2023-07-27 14:45:00,462,2.3951,2.395,2.395,2.395,2.395,11
2023-07-27 14:46:00,1099,2.3912,2.3901,2.395,2.395,2.39,18
2023-07-27 14:47:00,229,2.3948,2.395,2.395,2.395,2.395,7
2023-07-27 14:48:00,570,2.3967,2.3988,2.395,2.3988,2.395,6
2023-07-27 14:49:00,260,2.3952,2.395,2.395,2.395,2.395,11
2023-07-27 14:50:00,26387,2.3774,2.395,2.37,2.395,2.37,158
2023-07-27 14:51:00,4083,2.3798,2.39,2.385,2.39,2.37,37
2023-07-27 14:52:00,451,2.3815,2.38,2.38,2.385,2.38,8
2023-07-27 14:53:00,676,2.381,2.3809,2.3809,2.3809,2.3809,5
2023-07-27 14:54:00,1045,2.3752,2.38,2.365,2.38,2.365,17
2023-07-27 14:55:00,3137,2.3661,2.365,2.365,2.37,2.3601,17
2023-07-27 14:56:00,978,2.3649,2.37,2.365,2.37,2.36,16
2023-07-27 14:57:00,1420,2.3668,2.37,2.37,2.37,2.365,13
2023-07-27 14:58:00,715,2.3637,2.365,2.365,2.365,2.3613,10
2023-07-27 14:59:00,2747,2.3622,2.365,2.3633,2.365,2.36,18
2023-07-27 15:00:00,2220,2.3636,2.365,2.3615,2.3659,2.36,15
2023-07-27 15:01:00,4945,2.3599,2.365,2.3589,2.365,2.3589,38
2023-07-27 15:02:00,2300,2.357,2.355,2.355,2.3599,2.3513,8
2023-07-27 15:03:00,1270,2.3641,2.36,2.365,2.37,2.36,12
2023-07-27 15:04:00,806,2.364,2.365,2.3601,2.3699,2.36,16
2023-07-27 15:05:00,438,2.3628,2.365,2.3609,2.365,2.3609,15
2023-07-27 15:06:00,425,2.3614,2.36,2.365,2.365,2.36,7
2023-07-27 15:07:00,335,2.3619,2.36,2.36,2.365,2.36,7
2023-07-27 15:08:00,346,2.3607,2.36,2.36,2.36,2.36,6
2023-07-27 15:09:00,3571,2.3544,2.36,2.355,2.36,2.35,36
2023-07-27 15:10:00,1140,2.3519,2.35,2.355,2.355,2.35,12
2023-07-27 15:11:00,1210,2.3554,2.355,2.355,2.3559,2.355,5
2023-07-27 15:12:00,1040,2.3525,2.3589,2.355,2.3589,2.35,10
2023-07-27 15:13:00,1598,2.3565,2.355,2.36,2.36,2.355,19
2023-07-27 15:14:00,230,2.355,2.355,2.355,2.355,2.355,6
2023-07-27 15:15:00,520,2.355,2.355,2.355,2.355,2.355,9
2023-07-27 15:16:00,2702,2.3601,2.36,2.3601,2.365,2.36,22
2023-07-27 15:17:00,757,2.3674,2.365,2.365,2.369,2.365,9
2023-07-27 15:18:00,220,2.3612,2.3608,2.3608,2.3608,2.3608,3
2023-07-27 15:19:00,1060,2.3692,2.37,2.3699,2.37,2.365,6
2023-07-27 15:20:00,146,2.365,2.365,2.365,2.365,2.365,7
2023-07-27 15:21:00,230,2.3651,2.365,2.365,2.365,2.365,7
2023-07-27 15:22:00,250,2.3654,2.365,2.365,2.365,2.365,8
2023-07-27 15:23:00,330,2.365,2.365,2.365,2.365,2.365,5
2023-07-27 15:24:00,1160,2.3623,2.365,2.3608,2.365,2.3608,6
2023-07-27 15:25:00,1160,2.3625,2.365,2.3601,2.365,2.3601,18
2023-07-27 15:26:00,1727,2.3607,2.36,2.36,2.36,2.36,29
2023-07-27 15:27:00,834,2.3561,2.36,2.3501,2.36,2.3501,13
2023-07-27 15:28:00,5813,2.3578,2.35,2.3599,2.36,2.35,35
2023-07-27 15:29:00,154,2.3606,2.36,2.36,2.36,2.36,7
2023-07-27 15:30:00,140,2.3657,2.365,2.365,2.365,2.365,4
2023-07-27 15:32:00,4337,2.37,2.365,2.375,2.375,2.365,33
2023-07-27 15:33:00,249,2.3731,2.375,2.37,2.375,2.37,8
2023-07-27 15:34:00,764,2.3702,2.37,2.37,2.37,2.37,18
2023-07-27 15:35:00,260,2.365,2.365,2.365,2.365,2.365,7
2023-07-27 15:36:00,430,2.365,2.365,2.365,2.365,2.365,6
2023-07-27 15:37:00,362,2.365,2.365,2.365,2.365,2.365,10
2023-07-27 15:38:00,124,2.3656,2.365,2.365,2.365,2.365,3
2023-07-27 15:39:00,300,2.365,2.365,2.365,2.365,2.365,9
2023-07-27 15:40:00,120,2.365,2.365,2.365,2.365,2.365,3
2023-07-27 15:41:00,334,2.3652,2.365,2.365,2.365,2.365,8
2023-07-27 15:42:00,1306,2.3623,2.365,2.365,2.365,2.36,17
2023-07-27 15:43:00,210,2.365,2.365,2.365,2.365,2.365,3
2023-07-27 15:44:00,314,2.3634,2.365,2.36,2.365,2.36,6
2023-07-27 15:45:00,460,2.3628,2.36,2.365,2.365,2.36,10
2023-07-27 15:46:00,550,2.365,2.365,2.365,2.365,2.365,10
2023-07-27 15:47:00,537,2.3642,2.36,2.365,2.365,2.36,8
2023-07-27 15:48:00,452,2.3637,2.36,2.3699,2.3699,2.36,9
2023-07-27 15:49:00,3564,2.3586,2.36,2.355,2.36,2.35,38
2023-07-27 15:50:00,120,2.355,2.355,2.355,2.355,2.355,3
2023-07-27 15:51:00,410,2.3538,2.355,2.355,2.355,2.35,5
2023-07-27 15:52:00,420,2.3526,2.35,2.355,2.355,2.35,9
2023-07-27 15:53:00,471,2.3553,2.355,2.355,2.355,2.355,9
2023-07-27 15:54:00,329,2.352,2.355,2.35,2.355,2.35,6
2023-07-27 15:55:00,230,2.3528,2.35,2.355,2.355,2.35,5
2023-07-27 15:56:00,1233,2.355,2.355,2.355,2.355,2.355,8
2023-07-27 15:57:00,740,2.3557,2.355,2.355,2.36,2.355,11
2023-07-27 15:58:00,395,2.3537,2.355,2.355,2.355,2.35,8
2023-07-27 15:59:00,3951,2.3514,2.35,2.35,2.355,2.35,17
2023-07-27 16:00:00,970,2.3546,2.3532,2.355,2.355,2.3532,11
2023-07-27 16:02:00,1520,2.356,2.355,2.35,2.36,2.35,13
2023-07-27 16:03:00,423,2.3503,2.35,2.35,2.35,2.35,9
2023-07-27 16:04:00,371,2.3534,2.355,2.35,2.355,2.35,10
2023-07-27 16:05:00,443,2.3538,2.355,2.355,2.355,2.355,9
2023-07-27 16:06:00,761,2.355,2.35,2.36,2.36,2.35,17
2023-07-27 16:07:00,5844,2.3618,2.36,2.36,2.37,2.36,42
2023-07-27 16:09:00,270,2.3673,2.3692,2.365,2.3692,2.365,4
2023-07-27 16:10:00,5240,2.3603,2.3601,2.365,2.365,2.3601,8
2023-07-27 16:11:00,110,2.365,2.365,2.365,2.365,2.365,2
2023-07-27 16:12:00,180,2.3639,2.365,2.365,2.365,2.365,5
2023-07-27 16:13:00,448,2.3654,2.364,2.3699,2.3699,2.364,8
2023-07-27 16:14:00,353,2.3632,2.36,2.365,2.365,2.36,12
2023-07-27 16:15:00,310,2.365,2.365,2.365,2.365,2.365,3
2023-07-27 16:16:00,5194,2.37,2.37,2.37,2.37,2.37,51
2023-07-27 16:17:00,1235,2.3715,2.37,2.375,2.375,2.37,20
2023-07-27 16:18:00,1130,2.3793,2.375,2.3799,2.3799,2.375,6
2023-07-27 16:19:00,431,2.3719,2.3707,2.375,2.375,2.37,7
2023-07-27 16:20:00,3699,2.3699,2.37,2.37,2.37,2.37,40
2023-07-27 16:21:00,943,2.37,2.37,2.37,2.37,2.37,6
2023-07-27 16:22:00,3830,2.3729,2.3671,2.375,2.379,2.3671,21
2023-07-27 16:23:00,668,2.3808,2.38,2.38,2.38,2.38,12
2023-07-27 16:24:00,150,2.385,2.385,2.385,2.385,2.385,7
2023-07-27 16:25:00,220,2.379,2.385,2.385,2.385,2.385,4
2023-07-27 16:26:00,164,2.3845,2.385,2.385,2.385,2.385,7
2023-07-27 16:27:00,326,2.385,2.385,2.385,2.385,2.385,8
2023-07-27 16:28:00,758,2.3836,2.385,2.382,2.385,2.38,15
2023-07-27 16:29:00,147,2.385,2.385,2.385,2.385,2.385,5
2023-07-27 16:32:00,100,2.385,2.385,2.385,2.385,2.385,1
2023-07-27 16:33:00,341,2.385,2.385,2.385,2.385,2.385,8
2023-07-27 16:34:00,221,2.385,2.385,2.385,2.385,2.385,5
2023-07-27 16:35:00,641,2.3842,2.38,2.385,2.385,2.38,8
2023-07-27 16:36:00,1601,2.3815,2.385,2.38,2.385,2.38,11
2023-07-27 16:37:00,200,2.385,2.385,2.385,2.385,2.385,2
2023-07-27 16:38:00,1110,2.3814,2.385,2.385,2.385,2.38,5
2023-07-27 16:39:00,160,2.385,2.385,2.385,2.385,2.385,3
2023-07-27 16:41:00,3827,2.3786,2.38,2.37,2.385,2.37,50
2023-07-27 16:42:00,330,2.3702,2.37,2.37,2.37,2.37,4
2023-07-27 16:43:00,3562,2.3701,2.375,2.37,2.375,2.37,34
2023-07-27 16:44:00,300,2.3717,2.37,2.375,2.375,2.37,3
2023-07-27 16:45:00,411,2.3726,2.375,2.375,2.375,2.37,5
2023-07-27 16:46:00,110,2.375,2.375,2.375,2.375,2.375,2
2023-07-27 16:47:00,764,2.3707,2.37,2.3722,2.3722,2.37,12
2023-07-27 16:48:00,110,2.375,2.375,2.375,2.375,2.375,2
2023-07-27 16:49:00,532,2.3702,2.37,2.37,2.37,2.37,10
2023-07-27 16:50:00,670,2.3708,2.37,2.37,2.375,2.37,16
2023-07-27 16:51:00,275,2.3705,2.37,2.37,2.37,2.37,8
2023-07-27 16:52:00,640,2.3717,2.375,2.37,2.375,2.37,13
2023-07-27 16:53:00,550,2.3732,2.375,2.37,2.375,2.37,7
2023-07-27 16:54:00,760,2.3714,2.37,2.375,2.375,2.37,11
2023-07-27 16:55:00,335,2.3706,2.37,2.37,2.37,2.37,8
2023-07-27 16:56:00,462,2.374,2.37,2.375,2.375,2.37,12
2023-07-27 16:57:00,500,2.372,2.37,2.37,2.375,2.37,5
2023-07-27 16:58:00,1834,2.3706,2.375,2.3706,2.375,2.37,22
2023-07-27 16:59:00,1758,2.3704,2.37,2.37,2.3702,2.37,12
2023-07-27 17:00:00,120,2.375,2.375,2.375,2.375,2.375,3
2023-07-27 17:01:00,730,2.373,2.375,2.375,2.375,2.37,13
2023-07-27 17:02:00,163,2.375,2.375,2.375,2.375,2.375,8
2023-07-27 17:03:00,330,2.3735,2.375,2.37,2.375,2.37,6
2023-07-27 17:04:00,510,2.375,2.375,2.37,2.38,2.37,6
2023-07-27 17:05:00,766,2.372,2.38,2.37,2.38,2.37,10
2023-07-27 17:06:00,1288,2.3694,2.37,2.365,2.37,2.365,23
2023-07-27 17:07:00,550,2.3622,2.36,2.365,2.365,2.36,10
2023-07-27 17:08:00,406,2.36,2.36,2.36,2.36,2.36,8
2023-07-27 17:10:00,410,2.3638,2.365,2.36,2.365,2.36,5
2023-07-27 17:11:00,12421,2.3602,2.3601,2.36,2.3688,2.36,18
2023-07-27 17:12:00,211,2.3603,2.36,2.36,2.36,2.36,4
2023-07-27 17:13:00,1178,2.3581,2.36,2.355,2.36,2.355,14
2023-07-27 17:14:00,620,2.3558,2.355,2.355,2.36,2.355,8
2023-07-27 17:15:00,2264,2.36,2.36,2.36,2.36,2.36,20
2023-07-27 17:16:00,422,2.3608,2.3615,2.36,2.3615,2.36,5
2023-07-27 17:17:00,440,2.3611,2.365,2.36,2.365,2.36,8
2023-07-27 17:18:00,222,2.36,2.36,2.36,2.36,2.36,6
2023-07-27 17:19:00,562,2.361,2.36,2.36,2.365,2.36,11
2023-07-27 17:20:00,510,2.361,2.36,2.36,2.365,2.36,13
2023-07-27 17:21:00,532,2.3541,2.355,2.36,2.36,2.35,8
2023-07-27 17:22:00,330,2.355,2.355,2.355,2.355,2.355,5
2023-07-27 17:23:00,795,2.3575,2.36,2.36,2.36,2.355,12
2023-07-27 17:24:00,312,2.3534,2.35,2.355,2.355,2.35,5
2023-07-27 17:25:00,560,2.3532,2.35,2.355,2.355,2.35,10
2023-07-27 17:26:00,320,2.3519,2.355,2.35,2.355,2.35,4
2023-07-27 17:27:00,531,2.354,2.35,2.355,2.36,2.35,9
2023-07-27 17:28:00,648,2.355,2.355,2.355,2.355,2.355,9
2023-07-27 17:29:00,460,2.355,2.355,2.355,2.355,2.355,9
2023-07-27 17:30:00,1143,2.3533,2.355,2.355,2.36,2.35,11
2023-07-27 17:31:00,818,2.3513,2.355,2.35,2.355,2.35,8
2023-07-27 17:32:00,420,2.3538,2.355,2.355,2.355,2.355,7
2023-07-27 17:33:00,729,2.3543,2.355,2.355,2.355,2.35,10
2023-07-27 17:34:00,370,2.3542,2.355,2.355,2.355,2.35,6
2023-07-27 17:35:00,600,2.3501,2.35,2.35,2.35,2.35,14
2023-07-27 17:36:00,504,2.353,2.355,2.35,2.355,2.35,5
2023-07-27 17:37:00,234,2.3527,2.355,2.35,2.355,2.35,9
2023-07-27 17:38:00,535,2.3521,2.355,2.355,2.355,2.35,10
2023-07-27 17:39:00,2214,2.3502,2.35,2.3509,2.3509,2.35,9
2023-07-27 17:40:00,211,2.355,2.355,2.355,2.355,2.355,4
2023-07-27 17:41:00,321,2.3503,2.35,2.35,2.35,2.35,5
2023-07-27 17:42:00,312,2.3534,2.355,2.355,2.355,2.355,8
2023-07-27 17:43:00,4768,2.3549,2.35,2.355,2.355,2.35,10
2023-07-27 17:44:00,856,2.3527,2.35,2.355,2.355,2.35,17
2023-07-27 17:45:00,422,2.3526,2.355,2.355,2.355,2.35,8
2023-07-27 17:46:00,624,2.3508,2.355,2.35,2.355,2.35,13
2023-07-27 17:47:00,341,2.3519,2.35,2.355,2.355,2.35,7
2023-07-27 17:48:00,311,2.3502,2.35,2.35,2.35,2.35,4
2023-07-27 17:49:00,117,2.3507,2.35,2.35,2.35,2.35,4
2023-07-27 17:50:00,37680,2.3666,2.35,2.37,2.38,2.35,189
2023-07-27 17:51:00,20119,2.3707,2.37,2.36,2.38,2.36,75
2023-07-27 17:52:00,1195,2.3596,2.36,2.355,2.36,2.355,10
2023-07-27 17:53:00,1128,2.36,2.36,2.36,2.36,2.36,18
2023-07-27 17:54:00,2815,2.3604,2.36,2.36,2.365,2.36,32
2023-07-27 17:55:00,423,2.36,2.36,2.36,2.36,2.36,4
2023-07-27 17:59:00,246,2.3619,2.36,2.36,2.36,2.36,5
2023-07-27 18:00:00,466,2.3645,2.365,2.3632,2.365,2.3632,13
2023-07-27 18:01:00,471,2.3632,2.36,2.36,2.36,2.36,34
2023-07-27 18:02:00,301,2.3649,2.365,2.365,2.365,2.365,11
2023-07-27 18:04:00,502,2.365,2.365,2.365,2.365,2.365,14
2023-07-27 18:05:00,334,2.3685,2.365,2.37,2.37,2.365,3
2023-07-27 18:06:00,730,2.3644,2.36,2.365,2.365,2.36,16
2023-07-27 18:07:00,472,2.3628,2.365,2.365,2.365,2.36,15
2023-07-27 18:08:00,414,2.365,2.365,2.365,2.365,2.365,10
2023-07-27 18:09:00,893,2.3611,2.365,2.36,2.365,2.36,18
2023-07-27 18:10:00,1858,2.36,2.36,2.3599,2.36,2.3599,26
2023-07-27 18:11:00,381,2.3524,2.355,2.35,2.355,2.35,11
2023-07-27 18:12:00,1702,2.3577,2.3583,2.35,2.3583,2.35,6
2023-07-27 18:13:00,623,2.3523,2.35,2.355,2.355,2.35,16
2023-07-27 18:14:00,12007,2.3543,2.35,2.355,2.3591,2.35,19
2023-07-27 18:15:00,474,2.3539,2.355,2.355,2.355,2.355,11
2023-07-27 18:16:00,245,2.355,2.355,2.355,2.355,2.355,10
2023-07-27 18:17:00,320,2.3519,2.35,2.355,2.355,2.35,6
2023-07-27 18:18:00,4444,2.3585,2.35,2.365,2.365,2.35,44
2023-07-27 18:19:00,2389,2.365,2.365,2.36,2.3658,2.36,30
2023-07-27 18:20:00,295,2.3633,2.36,2.365,2.365,2.36,8
2023-07-27 18:21:00,1644,2.3677,2.3683,2.3683,2.3683,2.3683,9
2023-07-27 18:22:00,499,2.3649,2.365,2.365,2.365,2.365,14
2023-07-27 18:23:00,450,2.3672,2.3699,2.3699,2.3699,2.3699,8
2023-07-27 18:24:00,390,2.361,2.36,2.36,2.36,2.36,12
2023-07-27 18:25:00,685,2.3621,2.3624,2.36,2.365,2.36,16
2023-07-27 18:27:00,2051,2.3666,2.37,2.36,2.37,2.36,10
2023-07-27 18:28:00,4008,2.3686,2.3698,2.3689,2.3698,2.365,16
2023-07-27 18:29:00,2670,2.3648,2.36,2.36,2.3683,2.36,19
2023-07-27 18:30:00,392,2.3637,2.36,2.365,2.365,2.36,15
2023-07-27 18:31:00,1882,2.3674,2.3683,2.36,2.3683,2.36,9
2023-07-27 18:32:00,250,2.363,2.365,2.365,2.365,2.365,8
2023-07-27 18:33:00,241,2.3629,2.36,2.36,2.36,2.36,12
2023-07-27 18:34:00,2089,2.3661,2.36,2.3683,2.3683,2.36,19
2023-07-27 18:35:00,1671,2.3676,2.3683,2.3683,2.3683,2.3683,11
2023-07-27 18:36:00,2605,2.3654,2.365,2.3683,2.3683,2.36,32
2023-07-27 18:37:00,4774,2.3605,2.36,2.37,2.37,2.35,45
2023-07-27 18:38:00,681,2.3643,2.365,2.365,2.365,2.365,15
2023-07-27 18:39:00,771,2.3594,2.365,2.355,2.365,2.355,13
2023-07-27 18:40:00,2647,2.3555,2.3583,2.355,2.3583,2.35,16
2023-07-27 18:41:00,2650,2.3576,2.3583,2.355,2.36,2.35,13
2023-07-27 18:42:00,6376,2.3595,2.36,2.36,2.365,2.35,53
2023-07-27 18:43:00,872,2.3584,2.36,2.355,2.36,2.355,24
2023-07-27 18:44:00,1971,2.3573,2.355,2.355,2.3583,2.35,12
2023-07-27 18:45:00,120,2.3508,2.35,2.35,2.35,2.35,4
2023-07-27 18:46:00,2102,2.3566,2.355,2.35,2.36,2.35,25
2023-07-27 18:47:00,234,2.3557,2.355,2.355,2.355,2.355,5
2023-07-27 18:48:00,2748,2.3601,2.36,2.35,2.37,2.35,39
2023-07-27 18:49:00,1943,2.3576,2.3594,2.355,2.3594,2.355,11
2023-07-27 18:50:00,685,2.3527,2.355,2.355,2.355,2.35,14
2023-07-27 18:51:00,1551,2.3582,2.3583,2.3583,2.3583,2.3583,7
2023-07-27 18:52:00,2113,2.3566,2.355,2.355,2.36,2.35,22
2023-07-27 18:53:00,388,2.3524,2.35,2.35,2.355,2.35,9
2023-07-27 18:54:00,271,2.3532,2.35,2.35,2.35,2.35,9
2023-07-27 18:55:00,512,2.3511,2.35,2.35,2.35,2.35,9
2023-07-27 18:56:00,2361,2.3512,2.35,2.355,2.355,2.35,30
2023-07-27 18:57:00,345,2.3521,2.35,2.35,2.35,2.35,16
2023-07-27 18:58:00,1158,2.3548,2.36,2.3513,2.36,2.35,12
2023-07-27 18:59:00,505,2.3542,2.355,2.35,2.355,2.35,8
2023-07-27 19:00:00,580,2.352,2.35,2.355,2.355,2.35,12
2023-07-27 19:01:00,920,2.3545,2.355,2.355,2.3551,2.35,20
2023-07-27 19:02:00,16035,2.3501,2.355,2.35,2.355,2.35,57
2023-07-27 19:03:00,47191,2.3501,2.35,2.35,2.355,2.35,51
2023-07-27 19:04:00,5696,2.3412,2.3486,2.34,2.3486,2.34,14
2023-07-27 19:05:00,1040,2.3412,2.34,2.34,2.345,2.34,10
2023-07-27 19:06:00,2729,2.3449,2.34,2.3481,2.3481,2.34,22
2023-07-27 19:07:00,9739,2.3399,2.34,2.3374,2.345,2.3374,56
2023-07-27 19:08:00,9800,2.3338,2.33,2.335,2.34,2.33,32
2023-07-27 19:09:00,6038,2.3397,2.335,2.345,2.345,2.335,48
2023-07-27 19:10:00,749,2.345,2.345,2.345,2.345,2.345,18
2023-07-27 19:11:00,245,2.3427,2.34,2.34,2.34,2.34,13
2023-07-27 19:12:00,606,2.3447,2.3487,2.345,2.3487,2.345,14
2023-07-27 19:13:00,140,2.3414,2.34,2.34,2.34,2.34,4
2023-07-27 19:14:00,332,2.3417,2.34,2.34,2.34,2.34,13
2023-07-27 19:15:00,435,2.3437,2.345,2.345,2.345,2.34,15
2023-07-27 19:16:00,1217,2.344,2.345,2.34,2.345,2.34,21
2023-07-27 19:17:00,588,2.3447,2.34,2.3499,2.3499,2.34,12
2023-07-27 19:18:00,436,2.3427,2.345,2.34,2.345,2.34,11
2023-07-27 19:19:00,321,2.3425,2.34,2.34,2.34,2.34,14
2023-07-27 19:20:00,643,2.345,2.345,2.345,2.345,2.345,21
2023-07-27 19:21:00,861,2.3434,2.34,2.34,2.345,2.34,24
2023-07-27 19:22:00,267,2.3418,2.34,2.34,2.34,2.34,6
2023-07-27 19:23:00,733,2.3419,2.345,2.345,2.345,2.34,18
2023-07-27 19:24:00,2016,2.3409,2.34,2.345,2.345,2.34,26
2023-07-27 19:25:00,826,2.3419,2.34,2.34,2.345,2.34,17
2023-07-27 19:26:00,484,2.3402,2.34,2.34,2.34,2.34,11
2023-07-27 19:27:00,377,2.3408,2.34,2.34,2.34,2.34,10
2023-07-27 19:28:00,651,2.3401,2.34,2.34,2.34,2.34,8
2023-07-27 19:29:00,325,2.3402,2.34,2.34,2.34,2.34,6
2023-07-27 19:30:00,218,2.3419,2.34,2.34,2.34,2.34,14
2023-07-27 19:31:00,1090,2.3421,2.345,2.345,2.345,2.34,21
2023-07-27 19:32:00,280,2.3431,2.34,2.34,2.34,2.34,12
2023-07-27 19:33:00,1339,2.3423,2.34,2.34,2.35,2.34,23
2023-07-27 19:34:00,1553,2.3402,2.34,2.34,2.34,2.34,22
2023-07-27 19:35:00,1660,2.3387,2.34,2.3399,2.34,2.33,28
2023-07-27 19:36:00,1830,2.3345,2.335,2.335,2.335,2.33,17
2023-07-27 19:37:00,784,2.3338,2.33,2.33,2.3399,2.33,16
2023-07-27 19:38:00,330,2.3335,2.33,2.335,2.335,2.33,7
2023-07-27 19:39:00,4520,2.3367,2.335,2.338,2.34,2.33,39
2023-07-27 19:40:00,2398,2.3382,2.335,2.33,2.34,2.33,15
2023-07-27 19:41:00,1156,2.3337,2.335,2.335,2.335,2.33,15
2023-07-27 19:42:00,827,2.335,2.3399,2.335,2.3399,2.33,14
2023-07-27 19:43:00,648,2.3326,2.33,2.335,2.335,2.33,11
2023-07-27 19:44:00,254,2.3333,2.33,2.33,2.33,2.33,10
2023-07-27 19:45:00,61258,2.3282,2.335,2.335,2.34,2.31,205
2023-07-27 19:46:00,34052,2.3229,2.335,2.3201,2.335,2.31,137
2023-07-27 19:47:00,2029,2.3244,2.325,2.32,2.3299,2.32,23
2023-07-27 19:48:00,11249,2.3306,2.325,2.335,2.335,2.325,76
2023-07-27 19:49:00,1272,2.3333,2.335,2.3301,2.34,2.33,14
2023-07-27 19:50:00,1102,2.3344,2.335,2.33,2.335,2.33,22
2023-07-27 19:51:00,6543,2.3423,2.3393,2.34,2.3499,2.3393,50
2023-07-27 19:52:00,1264,2.342,2.34,2.34,2.345,2.34,16
2023-07-27 19:53:00,52840,2.3216,2.34,2.315,2.34,2.3,219
2023-07-27 19:54:00,66265,2.3103,2.3199,2.3214,2.325,2.3,298
2023-07-27 19:55:00,42873,2.3109,2.32,2.31,2.3299,2.3,161
2023-07-27 19:56:00,39681,2.3257,2.31,2.33,2.3311,2.31,215
2023-07-27 19:57:00,7206,2.3306,2.33,2.335,2.335,2.33,48
2023-07-27 19:58:00,4188,2.3352,2.335,2.335,2.34,2.33,26
2023-07-27 19:59:00,34386,2.3372,2.335,2.34,2.34,2.33,193
2023-07-27 20:00:00,7306,2.3301,2.33,2.33,2.33,2.33,7
2023-07-27 21:45:00,100,2.34,2.34,2.34,2.34,2.34,1
