t,v,vw,o,c,h,l,n
2024-04-17 13:14:00,333,38.97,38.97,38.97,38.97,38.97,3
2024-04-17 13:30:00,41435,39.0278,39.07,39.0,39.07,39.0,18
2024-04-17 13:31:00,110,39.0361,39.05,39.05,39.05,39.05,3
2024-04-17 13:32:00,330,38.9512,38.86,39.001,39.015,38.86,6
2024-04-17 13:33:00,396,38.9887,38.96,38.98,38.98,38.96,8
2024-04-17 13:34:00,403,38.9385,38.91,38.975,38.975,38.91,6
2024-04-17 13:35:00,119,38.9978,39.01,39.01,39.01,39.01,7
2024-04-17 13:36:00,349,38.9201,38.905,38.915,38.92,38.905,6
2024-04-17 13:37:00,2403,38.841,38.9,38.66,38.91,38.66,38
2024-04-17 13:38:00,2551,38.6387,38.65,38.61,38.695,38.61,39
2024-04-17 13:40:00,2425,38.579,38.56,38.565,38.59,38.56,47
2024-04-17 13:41:00,449,38.6048,38.59,38.63,38.63,38.59,11
2024-04-17 13:42:00,1688,38.5961,38.55,38.61,38.62,38.54,47
2024-04-17 13:43:00,463,38.6034,38.61,38.6,38.61,38.6,24
2024-04-17 13:44:00,2863,38.6218,38.5986,38.63,38.64,38.59,49
2024-04-17 13:45:00,782,38.6817,38.64,38.7,38.73,38.64,15
2024-04-17 13:46:00,739,38.7171,38.705,38.73,38.73,38.69,16
2024-04-17 13:47:00,863,38.7078,38.72,38.7,38.73,38.7,18
2024-04-17 13:48:00,1706,38.6664,38.69,38.64,38.69,38.64,41
2024-04-17 13:49:00,1181,38.6374,38.64,38.62,38.65,38.62,27
2024-04-17 13:50:00,2184,38.6219,38.61,38.625,38.64,38.61,38
2024-04-17 13:51:00,400,38.6217,38.625,38.625,38.625,38.61,12
2024-04-17 13:52:00,2694,38.5733,38.61,38.58,38.61,38.53,76
2024-04-17 13:53:00,4055,38.5844,38.58,38.61,38.61,38.57,68
2024-04-17 13:54:00,2646,38.6078,38.605,38.605,38.63,38.59,37
2024-04-17 13:56:00,1810,38.576,38.62,38.535,38.62,38.535,63
2024-04-17 13:57:00,38868,38.5747,38.56,38.62,38.62,38.515,112
2024-04-17 13:58:00,1700,38.6391,38.63,38.635,38.66,38.63,28
2024-04-17 13:59:00,16206,38.631,38.635,38.55,38.635,38.55,42
2024-04-17 14:00:00,1019,38.4495,38.5,38.39,38.5,38.39,29
2024-04-17 14:01:00,880,38.4245,38.44,38.425,38.44,38.4,18
2024-04-17 14:02:00,1412,38.4696,38.45,38.53,38.53,38.44,36
2024-04-17 14:03:00,1654,38.5493,38.535,38.555,38.555,38.535,22
2024-04-17 14:04:00,3291,38.5374,38.53,38.565,38.57,38.52,58
2024-04-17 14:05:00,2622,38.5685,38.565,38.545,38.61,38.545,55
2024-04-17 14:06:00,1437,38.5546,38.55,38.555,38.5575,38.55,17
2024-04-17 14:07:00,615,38.559,38.555,38.555,38.555,38.555,20
2024-04-17 14:08:00,1986,38.5435,38.555,38.525,38.555,38.52,30
2024-04-17 14:09:00,847,38.5147,38.51,38.49,38.51,38.49,28
2024-04-17 14:10:00,3232,38.4592,38.48,38.45,38.48,38.45,39
2024-04-17 14:11:00,15107,38.4517,38.445,38.455,38.47,38.445,55
2024-04-17 14:12:00,2073,38.4276,38.45,38.43,38.45,38.41,65
2024-04-17 14:13:00,1188,38.4763,38.44,38.52,38.52,38.44,27
2024-04-17 14:14:00,994,38.4973,38.5,38.505,38.51,38.49,25
2024-04-17 14:15:00,1471,38.5161,38.51,38.53,38.53,38.505,21
2024-04-17 14:16:00,4762,38.5454,38.55,38.555,38.57,38.53,70
2024-04-17 14:17:00,3149,38.5731,38.555,38.585,38.59,38.555,43
2024-04-17 14:18:00,3127,38.6031,38.585,38.59,38.625,38.585,72
2024-04-17 14:19:00,1033,38.5791,38.59,38.57,38.59,38.57,38
2024-04-17 14:20:00,2620,38.5563,38.57,38.55,38.57,38.54,56
2024-04-17 14:21:00,3138,38.5338,38.52,38.55,38.55,38.52,53
2024-04-17 14:22:00,2741,38.5304,38.56,38.525,38.565,38.51,51
2024-04-17 14:23:00,279,38.5261,38.53,38.53,38.53,38.53,10
2024-04-17 14:24:00,1933,38.5433,38.53,38.55,38.55,38.53,33
2024-04-17 14:25:00,2099,38.5706,38.55,38.58,38.58,38.55,31
2024-04-17 14:26:00,1106,38.6044,38.6,38.61,38.61,38.59,25
2024-04-17 14:27:00,1669,38.581,38.59,38.58,38.59,38.58,41
2024-04-17 14:28:00,2394,38.5803,38.57,38.5975,38.5975,38.57,58
2024-04-17 14:29:00,1298,38.5874,38.595,38.57,38.6,38.57,37
2024-04-17 14:30:00,2146,38.5463,38.56,38.545,38.565,38.534,48
2024-04-17 14:31:00,3607,38.5097,38.545,38.49,38.545,38.48,72
2024-04-17 14:32:00,776,38.4678,38.47,38.46,38.47,38.46,29
2024-04-17 14:33:00,1135,38.4721,38.47,38.47,38.48,38.465,35
2024-04-17 14:34:00,1913,38.4703,38.47,38.47,38.47,38.47,13
2024-04-17 14:35:00,1487,38.4523,38.46,38.45,38.46,38.45,39
2024-04-17 14:36:00,1915,38.4334,38.45,38.415,38.45,38.415,53
2024-04-17 14:37:00,2069,38.4408,38.43,38.47,38.47,38.43,41
2024-04-17 14:38:00,574,38.4864,38.48,38.485,38.49,38.48,13
2024-04-17 14:39:00,1029,38.4986,38.485,38.5,38.5,38.485,19
2024-04-17 14:40:00,1543,38.4903,38.5,38.485,38.5,38.48,47
2024-04-17 14:41:00,1138,38.4844,38.48,38.49,38.5,38.48,30
2024-04-17 14:42:00,1972,38.4898,38.49,38.515,38.515,38.48,49
2024-04-17 14:43:00,2035,38.5254,38.515,38.54,38.55,38.515,33
2024-04-17 14:44:00,970,38.5339,38.53,38.545,38.545,38.53,35
2024-04-17 14:45:00,865,38.5257,38.53,38.525,38.53,38.52,39
2024-04-17 14:46:00,1129,38.5143,38.52,38.515,38.52,38.51,27
2024-04-17 14:47:00,1325,38.5142,38.515,38.515,38.515,38.51,29
2024-04-17 14:48:00,1663,38.5145,38.515,38.52,38.53,38.515,35
2024-04-17 14:49:00,974,38.5083,38.51,38.505,38.51,38.505,40
2024-04-17 14:50:00,4543,38.4771,38.5,38.46,38.505,38.45,100
2024-04-17 14:51:00,1293,38.4249,38.44,38.4,38.44,38.4,40
2024-04-17 14:52:00,2592,38.3627,38.38,38.36,38.38,38.36,48
2024-04-17 14:53:00,2966,38.3496,38.35,38.35,38.35,38.345,58
2024-04-17 14:54:00,5199,38.3357,38.35,38.37,38.37,38.31,97
2024-04-17 14:55:00,826,38.3745,38.39,38.395,38.395,38.39,15
2024-04-17 14:56:00,1671,38.3744,38.38,38.37,38.38,38.37,48
2024-04-17 14:57:00,367,38.3582,38.35,38.35,38.35,38.35,24
2024-04-17 14:58:00,1745,38.3704,38.35,38.36,38.38,38.35,50
2024-04-17 14:59:00,2249,38.3296,38.31,38.31,38.32,38.31,58
2024-04-17 15:00:00,1753,38.3379,38.33,38.35,38.35,38.33,36
2024-04-17 15:01:00,1920,38.3728,38.355,38.39,38.39,38.355,55
2024-04-17 15:02:00,908,38.4183,38.41,38.42,38.43,38.41,11
2024-04-17 15:03:00,2566,38.4454,38.43,38.46,38.46,38.43,62
2024-04-17 15:04:00,3888,38.4423,38.48,38.42,38.48,38.42,78
2024-04-17 15:05:00,1873,38.4176,38.42,38.41,38.43,38.41,47
2024-04-17 15:06:00,1569,38.3822,38.4,38.37,38.4,38.37,34
2024-04-17 15:07:00,4609,38.3438,38.36,38.35,38.36,38.32,70
2024-04-17 15:08:00,1506,38.3397,38.34,38.34,38.34,38.335,38
2024-04-17 15:10:00,1659,38.3358,38.34,38.32,38.34,38.32,47
2024-04-17 15:11:00,2064,38.3358,38.33,38.35,38.35,38.33,53
2024-04-17 15:12:00,2189,38.3335,38.35,38.335,38.35,38.32,58
2024-04-17 15:13:00,1630,38.3128,38.32,38.32,38.32,38.31,36
2024-04-17 15:14:00,1977,38.3238,38.32,38.32,38.33,38.32,44
2024-04-17 15:15:00,1426,38.3358,38.32,38.35,38.35,38.32,36
2024-04-17 15:16:00,732,38.3329,38.33,38.35,38.35,38.325,17
2024-04-17 15:17:00,846,38.3488,38.35,38.35,38.36,38.34,21
2024-04-17 15:18:00,1544,38.338,38.36,38.335,38.36,38.33,26
2024-04-17 15:19:00,2421,38.3044,38.33,38.28,38.33,38.28,52
2024-04-17 15:20:00,3304,38.3095,38.3,38.305,38.31,38.3,50
2024-04-17 15:21:00,1033,38.327,38.315,38.33,38.34,38.315,25
2024-04-17 15:22:00,1137,38.3452,38.34,38.34,38.35,38.34,26
2024-04-17 15:23:00,1152,38.361,38.35,38.37,38.37,38.35,26
2024-04-17 15:24:00,1422,38.3595,38.37,38.35,38.37,38.35,30
2024-04-17 15:25:00,1114,38.3395,38.34,38.34,38.34,38.335,25
2024-04-17 15:26:00,669,38.3383,38.34,38.34,38.34,38.33,17
2024-04-17 15:27:00,4610,38.3563,38.3375,38.36,38.37,38.3375,77
2024-04-17 15:28:00,4162,38.3533,38.37,38.34,38.375,38.34,82
2024-04-17 15:29:00,34431,38.3194,38.335,38.29,38.335,38.29,64
2024-04-17 15:30:00,4079,38.2503,38.3,38.185,38.3,38.185,82
2024-04-17 15:31:00,3941,38.1714,38.19,38.16,38.19,38.16,64
2024-04-17 15:32:00,5038,38.1507,38.16,38.15,38.17,38.13,67
2024-04-17 15:33:00,1884,38.1664,38.16,38.165,38.17,38.155,36
2024-04-17 15:34:00,3083,38.1774,38.16,38.18,38.19,38.16,60
2024-04-17 15:35:00,1125,38.1944,38.18,38.225,38.225,38.18,22
2024-04-17 15:36:00,3637,38.2168,38.21,38.23,38.23,38.2,74
2024-04-17 15:37:00,2843,38.2446,38.235,38.25,38.255,38.235,50
2024-04-17 15:38:00,4569,38.2462,38.25,38.235,38.26,38.235,60
2024-04-17 15:39:00,1565,38.228,38.23,38.23,38.23,38.22,27
2024-04-17 15:40:00,1658,38.2138,38.23,38.22,38.23,38.22,14
2024-04-17 15:41:00,4358,38.2534,38.23,38.26,38.275,38.23,74
2024-04-17 15:42:00,512,38.262,38.26,38.26,38.27,38.26,8
2024-04-17 15:43:00,4712,38.2815,38.27,38.29,38.29,38.27,66
2024-04-17 15:44:00,3827,38.2708,38.2905,38.26,38.2905,38.25,59
2024-04-17 15:45:00,2235,38.2637,38.26,38.25,38.28,38.25,29
2024-04-17 15:46:00,3575,38.2366,38.25,38.25,38.25,38.225,63
2024-04-17 15:48:00,2116,38.2384,38.25,38.235,38.25,38.23,37
2024-04-17 15:49:00,1895,38.2537,38.245,38.26,38.26,38.245,32
2024-04-17 15:50:00,2000,38.27,38.27,38.28,38.285,38.27,35
2024-04-17 15:51:00,268,38.2837,38.28,38.28,38.28,38.28,7
2024-04-17 15:52:00,617,38.2798,38.28,38.28,38.29,38.27,10
2024-04-17 15:53:00,2922,38.2671,38.27,38.27,38.27,38.26,53
2024-04-17 15:54:00,2500,38.2915,38.29,38.3,38.3,38.29,43
2024-04-17 15:55:00,1591,38.2886,38.3,38.285,38.3,38.28,32
2024-04-17 15:56:00,3423,38.2776,38.28,38.27,38.285,38.27,69
2024-04-17 15:57:00,461,38.28,38.28,38.28,38.28,38.28,12
2024-04-17 15:58:00,435,38.2799,38.28,38.28,38.28,38.28,8
2024-04-17 15:59:00,3754,38.2951,38.29,38.3042,38.3042,38.29,46
2024-04-17 16:00:00,2868,38.2878,38.3,38.28,38.3,38.2701,50
2024-04-17 16:01:00,356,38.28,38.28,38.28,38.28,38.28,7
2024-04-17 16:02:00,4035,38.2675,38.27,38.255,38.28,38.255,69
2024-04-17 16:03:00,413,38.2525,38.25,38.25,38.255,38.25,8
2024-04-17 16:04:00,2434,38.2337,38.25,38.22,38.25,38.22,55
2024-04-17 16:05:00,3598,38.1961,38.22,38.175,38.22,38.175,62
2024-04-17 16:06:00,2199,38.1642,38.17,38.15,38.17,38.15,49
2024-04-17 16:07:00,9442,38.1813,38.15,38.215,38.23,38.15,99
2024-04-17 16:08:00,2036,38.1908,38.21,38.18,38.21,38.175,40
2024-04-17 16:09:00,2573,38.1835,38.19,38.17,38.19,38.17,48
2024-04-17 16:10:00,3326,38.1973,38.18,38.225,38.225,38.18,33
2024-04-17 16:11:00,5516,38.2234,38.23,38.21,38.25,38.2007,79
2024-04-17 16:12:00,3158,38.1873,38.2,38.18,38.2,38.17,57
2024-04-17 16:13:00,2884,38.184,38.18,38.18,38.195,38.17,37
2024-04-17 16:15:00,916,38.1873,38.19,38.18,38.19,38.18,10
2024-04-17 16:16:00,4207,38.183,38.19,38.17,38.19,38.17,61
2024-04-17 16:17:00,3505,38.1634,38.17,38.15,38.18,38.15,49
2024-04-17 16:18:00,18418,38.1477,38.15,38.115,38.15,38.11,77
2024-04-17 16:19:00,5519,38.1166,38.12,38.11,38.12,38.105,82
2024-04-17 16:20:00,2647,38.1227,38.11,38.14,38.14,38.11,45
2024-04-17 16:21:00,1823,38.1624,38.14,38.17,38.18,38.14,30
2024-04-17 16:22:00,2070,38.1523,38.17,38.13,38.17,38.13,55
2024-04-17 16:23:00,1318,38.1455,38.14,38.14,38.14,38.14,15
2024-04-17 16:24:00,1819,38.1482,38.14,38.145,38.16,38.14,28
2024-04-17 16:25:00,3615,38.169,38.15,38.19,38.19,38.15,46
2024-04-17 16:26:00,2630,38.1696,38.19,38.145,38.195,38.145,59
2024-04-17 16:27:00,2024,38.1475,38.15,38.135,38.16,38.135,37
2024-04-17 16:28:00,2009,38.1262,38.13,38.12,38.13,38.12,41
2024-04-17 16:29:00,5608,38.1038,38.12,38.08,38.125,38.08,94
2024-04-17 16:30:00,1292,38.0786,38.075,38.075,38.085,38.07,18
2024-04-17 16:31:00,882,38.0718,38.075,38.07,38.075,38.07,21
2024-04-17 16:32:00,1914,38.0784,38.07,38.085,38.085,38.07,36
2024-04-17 16:33:00,1848,38.0718,38.08,38.07,38.08,38.06,35
2024-04-17 16:34:00,3835,38.0857,38.08,38.08,38.09,38.08,50
2024-04-17 16:35:00,1904,38.0592,38.07,38.05,38.07,38.05,45
2024-04-17 16:36:00,3723,38.0539,38.05,38.06,38.06,38.035,55
2024-04-17 16:37:00,339,38.0624,38.06,38.06,38.06,38.06,14
2024-04-17 16:38:00,1263,38.0543,38.06,38.055,38.06,38.05,31
2024-04-17 16:39:00,4379,38.0535,38.055,38.04,38.06,38.04,64
2024-04-17 16:40:00,4120,38.0492,38.045,38.05,38.055,38.045,43
2024-04-17 16:41:00,2901,38.0428,38.05,38.03,38.05,38.03,51
2024-04-17 16:42:00,6446,38.0247,38.03,38.025,38.045,38.015,84
2024-04-17 16:43:00,1830,38.0317,38.025,38.02,38.045,38.02,40
2024-04-17 16:44:00,3573,38.0022,38.02,37.98,38.02,37.98,77
2024-04-17 16:45:00,6832,37.9732,37.975,37.97,37.98,37.96,103
2024-04-17 16:46:00,2627,37.9439,37.96,37.93,37.96,37.93,54
2024-04-17 16:47:00,7203,37.9377,37.925,37.985,37.985,37.925,76
2024-04-17 16:48:00,623,37.9772,37.985,37.98,37.985,37.97,12
2024-04-17 16:49:00,2994,38.0069,37.985,38.02,38.03,37.985,50
2024-04-17 16:50:00,4056,38.0036,38.02,37.98,38.025,37.98,75
2024-04-17 16:51:00,4374,37.9636,37.98,37.95,37.98,37.945,92
2024-04-17 16:52:00,3141,37.9597,37.96,37.97,37.97,37.95,52
2024-04-17 16:53:00,8606,37.9726,37.9675,37.99,38.0,37.955,132
2024-04-17 16:54:00,4860,37.9979,37.99,37.99,38.01,37.985,93
2024-04-17 16:55:00,5652,37.9625,37.985,37.95,37.985,37.95,88
2024-04-17 16:56:00,2421,37.9688,37.96,37.98,37.98,37.96,45
2024-04-17 16:57:00,3463,37.9488,37.96,37.935,37.96,37.935,71
2024-04-17 16:58:00,4201,37.9296,37.935,37.925,37.935,37.92,76
2024-04-17 16:59:00,33908,37.8705,37.93,37.86,37.93,37.85,266
2024-04-17 17:00:00,7482,37.8913,37.865,37.93,37.94,37.86,141
2024-04-17 17:01:00,11731,37.9496,37.935,37.98,38.0,37.92,183
2024-04-17 17:02:00,2065,37.9682,37.98,37.945,37.98,37.945,49
2024-04-17 17:03:00,2574,37.9492,37.945,37.945,37.96,37.945,39
2024-04-17 17:04:00,2364,37.9526,37.9456,37.955,37.96,37.9456,43
2024-04-17 17:05:00,4420,37.938,37.945,37.93,37.945,37.93,81
2024-04-17 17:06:00,4142,37.9491,37.925,37.965,37.965,37.925,48
2024-04-17 17:07:00,5258,37.9664,37.97,37.95,37.995,37.95,78
2024-04-17 17:08:00,1416,37.9603,37.95,37.97,37.97,37.95,27
2024-04-17 17:09:00,1520,37.9701,37.985,37.97,37.985,37.97,20
2024-04-17 17:10:00,3600,37.97,37.97,37.965,37.97,37.965,35
2024-04-17 17:11:00,4144,37.9475,37.97,37.94,37.97,37.93,65
2024-04-17 17:12:00,7715,37.9378,37.94,37.925,37.95,37.92,82
2024-04-17 17:13:00,2549,37.9161,37.925,37.9075,37.925,37.9075,52
2024-04-17 17:14:00,6294,37.9001,37.905,37.91,37.91,37.89,79
2024-04-17 17:15:00,12188,37.8983,37.905,37.885,37.91,37.88,161
2024-04-17 17:16:00,7701,37.9098,37.8875,37.9183,37.925,37.885,122
2024-04-17 17:17:00,6011,37.916,37.9175,37.895,37.93,37.895,114
2024-04-17 17:18:00,5055,37.8838,37.895,37.885,37.895,37.875,73
2024-04-17 17:19:00,11068,37.8946,37.88,37.93,37.93,37.875,160
2024-04-17 17:20:00,1004,37.9181,37.92,37.92,37.92,37.92,12
2024-04-17 17:21:00,18595,37.9297,37.92,37.9,37.95,37.9,236
2024-04-17 17:22:00,1984,37.9041,37.905,37.895,37.905,37.895,41
2024-04-17 17:23:00,6388,37.8854,37.895,37.895,37.9,37.875,103
2024-04-17 17:24:00,5107,37.8945,37.895,37.89,37.905,37.885,84
2024-04-17 17:25:00,4916,37.9124,37.9,37.905,37.93,37.89,85
2024-04-17 17:26:00,4019,37.9007,37.905,37.9,37.905,37.9,70
2024-04-17 17:27:00,440,37.9,37.9,37.9,37.9,37.9,10
2024-04-17 17:28:00,2464,37.9074,37.91,37.905,37.91,37.905,31
2024-04-17 17:29:00,4733,37.9117,37.905,37.915,37.93,37.905,70
2024-04-17 17:30:00,8354,37.9188,37.915,37.91,37.93,37.9,126
2024-04-17 17:31:00,9329,37.8886,37.91,37.885,37.91,37.875,147
2024-04-17 17:32:00,2101,37.8802,37.885,37.875,37.885,37.875,47
2024-04-17 17:33:00,11064,37.866,37.875,37.855,37.875,37.855,134
2024-04-17 17:34:00,1624,37.852,37.86,37.845,37.86,37.845,39
2024-04-17 17:35:00,9143,37.8526,37.845,37.88,37.88,37.835,102
2024-04-17 17:36:00,7614,37.9049,37.88,37.9,37.92,37.88,79
2024-04-17 17:37:00,7147,37.9075,37.9,37.905,37.91,37.9,66
2024-04-17 17:38:00,4100,37.9137,37.91,37.925,37.925,37.905,47
2024-04-17 17:39:00,4803,37.9072,37.92,37.89,37.92,37.89,97
2024-04-17 17:40:00,53840,37.9154,37.89,37.925,37.97,37.88,287
2024-04-17 17:41:00,71021,37.9476,37.93,37.9607,37.98,37.93,269
2024-04-17 17:42:00,9153,37.9561,37.97,37.955,37.97,37.94,59
2024-04-17 17:43:00,2851,37.9771,37.95,38.07,38.07,37.95,36
2024-04-17 17:44:00,4169,38.1273,38.07,38.17,38.17,38.07,73
2024-04-17 17:45:00,2169,38.1207,38.165,38.13,38.165,38.12,49
2024-04-17 17:46:00,1290,38.1626,38.14,38.165,38.17,38.14,23
2024-04-17 17:47:00,11197,38.1584,38.18,38.1008,38.22,38.1008,150
2024-04-17 17:48:00,2360,38.1316,38.115,38.16,38.16,38.1125,33
2024-04-17 17:49:00,1045,38.1649,38.16,38.17,38.17,38.16,17
2024-04-17 17:50:00,3780,38.178,38.17,38.19,38.19,38.17,54
2024-04-17 17:51:00,6243,38.1448,38.19,38.12,38.19,38.105,91
2024-04-17 17:52:00,1409,38.1005,38.115,38.1,38.115,38.09,30
2024-04-17 17:53:00,1352,38.1033,38.1,38.11,38.11,38.1,23
2024-04-17 17:54:00,1181,38.1251,38.115,38.13,38.13,38.115,19
2024-04-17 17:55:00,2872,38.1639,38.14,38.23,38.23,38.14,57
2024-04-17 17:56:00,715,38.2091,38.23,38.21,38.23,38.21,15
2024-04-17 17:57:00,2403,38.2231,38.23,38.22,38.24,38.21,42
2024-04-17 17:58:00,3561,38.219,38.23,38.21,38.237,38.205,53
2024-04-17 17:59:00,940,38.2466,38.24,38.25,38.25,38.24,28
2024-04-17 18:00:00,3172,38.2493,38.26,38.25,38.265,38.245,57
2024-04-17 18:01:00,2700,38.2637,38.25,38.29,38.29,38.25,65
2024-04-17 18:02:00,2094,38.2696,38.29,38.255,38.29,38.255,39
2024-04-17 18:03:00,3156,38.2571,38.27,38.25,38.27,38.25,64
2024-04-17 18:04:00,1031,38.2526,38.25,38.25,38.2599,38.25,27
2024-04-17 18:05:00,2617,38.2442,38.25,38.24,38.25,38.235,49
2024-04-17 18:06:00,162089,38.3479,38.24,38.31,38.31,38.24,67
2024-04-17 18:07:00,3823,38.3018,38.31,38.29,38.31,38.29,66
2024-04-17 18:08:00,3335,38.2851,38.29,38.27,38.29,38.27,59
2024-04-17 18:09:00,426,38.2803,38.28,38.28,38.28,38.28,9
2024-04-17 18:10:00,2917,38.2615,38.27,38.26,38.27,38.2524,42
2024-04-17 18:11:00,1832,38.2475,38.25,38.24,38.25,38.24,32
2024-04-17 18:12:00,1787,38.2461,38.24,38.25,38.25,38.24,29
2024-04-17 18:13:00,6237,38.226,38.25,38.2,38.25,38.2,101
2024-04-17 18:14:00,3697,38.1654,38.19,38.145,38.19,38.14,86
2024-04-17 18:15:00,4786,38.1272,38.13,38.12,38.13,38.12,66
2024-04-17 18:16:00,1740,38.0991,38.12,38.09,38.12,38.09,45
2024-04-17 18:17:00,2528,38.0926,38.085,38.09,38.09,38.085,40
2024-04-17 18:18:00,3509,38.0966,38.09,38.1,38.1,38.09,67
2024-04-17 18:19:00,2321,38.0976,38.11,38.0823,38.11,38.0823,48
2024-04-17 18:20:00,529,38.0914,38.09,38.09,38.09,38.09,11
2024-04-17 18:21:00,240,38.0868,38.08,38.08,38.08,38.08,8
2024-04-17 18:22:00,8064,38.1082,38.09,38.1,38.13,38.08,125
2024-04-17 18:23:00,4399,38.0817,38.095,38.07,38.095,38.07,81
2024-04-17 18:24:00,200,38.0762,38.08,38.08,38.08,38.08,6
2024-04-17 18:25:00,642,38.0905,38.09,38.09,38.09,38.09,12
2024-04-17 18:26:00,339,38.0905,38.09,38.09,38.09,38.09,12
2024-04-17 18:27:00,4416,38.0948,38.08,38.08,38.1,38.08,81
2024-04-17 18:28:00,4425,38.0929,38.09,38.09,38.1,38.09,74
2024-04-17 18:29:00,3878,38.0722,38.09,38.055,38.095,38.055,70
2024-04-17 18:30:00,3162,38.0513,38.06,38.05,38.06,38.05,62
2024-04-17 18:31:00,4020,38.0401,38.04,38.04,38.045,38.035,62
2024-04-17 18:32:00,1278,38.042,38.04,38.035,38.04,38.035,33
2024-04-17 18:33:00,3152,38.0289,38.03,38.025,38.035,38.02,57
2024-04-17 18:34:00,1838,38.0201,38.02,38.015,38.02,38.015,38
2024-04-17 18:35:00,6751,37.9965,38.015,37.99,38.015,37.985,99
2024-04-17 18:36:00,4663,37.9984,37.99,38.0,38.005,37.99,64
2024-04-17 18:37:00,3614,37.99,37.99,37.99,37.995,37.985,66
2024-04-17 18:38:00,4012,38.0138,38.0,38.04,38.04,38.0,70
2024-04-17 18:39:00,73137,38.0525,38.03,38.08,38.1,38.03,108
2024-04-17 18:40:00,3869,38.0891,38.08,38.1,38.1,38.08,21
2024-04-17 18:41:00,6611,38.145,38.1,38.2,38.2,38.1,64
2024-04-17 18:42:00,3025,38.2371,38.2,38.25,38.265,38.2,64
2024-04-17 18:43:00,2824,38.2347,38.25,38.23,38.25,38.23,54
2024-04-17 18:44:00,2670,38.2118,38.22,38.22,38.23,38.22,70
2024-04-17 18:45:00,3540,38.2259,38.22,38.23,38.23,38.22,62
2024-04-17 18:46:00,1597,38.2214,38.23,38.22,38.23,38.215,26
2024-04-17 18:47:00,3890,38.1893,38.21,38.18,38.21,38.175,73
2024-04-17 18:48:00,5553,38.1939,38.18,38.21,38.21,38.18,68
2024-04-17 18:49:00,2326,38.1881,38.2,38.18,38.2,38.18,41
2024-04-17 18:50:00,4499,38.1666,38.18,38.16,38.18,38.16,80
2024-04-17 18:51:00,3279,38.1444,38.155,38.125,38.155,38.125,60
2024-04-17 18:52:00,2649,38.1057,38.13,38.09,38.13,38.09,54
2024-04-17 18:53:00,5246,38.0662,38.085,38.04,38.085,38.04,95
2024-04-17 18:54:00,6020,38.0369,38.03,38.025,38.035,38.011,85
2024-04-17 18:55:00,6419,38.0063,38.025,37.98,38.03,37.97,114
2024-04-17 18:56:00,4548,38.0043,37.975,38.03,38.03,37.975,70
2024-04-17 18:57:00,2523,38.0252,38.02,38.035,38.035,38.015,56
2024-04-17 18:58:00,2338,38.0496,38.03,38.07,38.075,38.03,44
2024-04-17 18:59:00,5618,38.0347,38.06,38.0275,38.06,38.02,121
2024-04-17 19:00:00,3535,37.995,38.015,37.97,38.02,37.97,74
2024-04-17 19:01:00,4984,37.9454,37.96,37.93,37.96,37.93,101
2024-04-17 19:02:00,3170,37.9178,37.93,37.91,37.93,37.91,50
2024-04-17 19:03:00,2483,37.929,37.915,37.93,37.94,37.915,36
2024-04-17 19:04:00,4074,37.9355,37.94,37.92,37.95,37.91,76
2024-04-17 19:05:00,3396,37.9152,37.92,37.915,37.93,37.91,63
2024-04-17 19:06:00,2631,37.9216,37.91,37.885,37.91,37.885,48
2024-04-17 19:07:00,6989,37.9053,37.89,37.92,37.93,37.89,91
2024-04-17 19:08:00,1254,37.9264,37.92,37.93,37.93,37.91,32
2024-04-17 19:09:00,2866,37.9229,37.94,37.915,37.94,37.915,58
2024-04-17 19:10:00,24164,37.9099,37.91,37.92,37.93,37.905,67
2024-04-17 19:11:00,5009,37.8965,37.91,37.88,37.91,37.88,64
2024-04-17 19:12:00,4454,37.8772,37.88,37.865,37.885,37.865,77
2024-04-17 19:13:00,2730,37.8903,37.89,37.895,37.895,37.88,49
2024-04-17 19:14:00,2594,37.9031,37.9,37.9,37.91,37.9,61
2024-04-17 19:15:00,3943,37.9027,37.9,37.91,37.915,37.9,57
2024-04-17 19:16:00,1612,37.9206,37.905,37.93,37.93,37.905,33
2024-04-17 19:17:00,2515,37.9457,37.93,37.965,37.965,37.93,35
2024-04-17 19:18:00,12349,37.951,37.95,37.955,37.97,37.935,55
2024-04-17 19:19:00,10201,37.962,37.955,37.98,37.98,37.94,103
2024-04-17 19:20:00,5344,38.0028,37.99,38.01,38.025,37.99,83
2024-04-17 19:21:00,4640,37.9968,38.0,37.985,38.005,37.985,101
2024-04-17 19:22:00,2771,37.9729,37.985,37.965,37.985,37.96,58
2024-04-17 19:23:00,1767,37.9656,37.96,37.97,37.97,37.96,26
2024-04-17 19:24:00,939,37.968,37.97,37.965,37.97,37.96,25
2024-04-17 19:25:00,7215,37.9591,37.965,37.95,37.965,37.95,80
2024-04-17 19:26:00,7357,37.9484,37.96,37.925,37.96,37.925,120
2024-04-17 19:27:00,1849,37.9219,37.93,37.915,37.93,37.915,43
2024-04-17 19:28:00,484,37.9142,37.915,37.915,37.915,37.91,17
2024-04-17 19:29:00,5592,37.9164,37.915,37.905,37.925,37.905,104
2024-04-17 19:30:00,8162,37.9242,37.91,37.94,37.94,37.91,105
2024-04-17 19:31:00,4087,37.9448,37.945,37.955,37.955,37.94,79
2024-04-17 19:32:00,2473,37.943,37.955,37.935,37.955,37.935,63
2024-04-17 19:33:00,3819,37.9542,37.94,37.98,37.99,37.94,75
2024-04-17 19:34:00,2595,37.943,37.97,37.97,37.975,37.97,23
2024-04-17 19:35:00,9736,37.9464,37.97,37.93,37.97,37.93,166
2024-04-17 19:36:00,2519,37.9379,37.94,37.9375,37.94,37.93,37
2024-04-17 19:37:00,8833,37.9208,37.93,37.905,37.93,37.905,78
2024-04-17 19:38:00,6285,37.8825,37.905,37.86,37.915,37.85,125
2024-04-17 19:39:00,6594,37.8755,37.865,37.865,37.89,37.86,120
2024-04-17 19:40:00,7755,37.841,37.865,37.845,37.865,37.83,132
2024-04-17 19:41:00,5304,37.8585,37.845,37.87,37.87,37.845,102
2024-04-17 19:42:00,5377,37.8635,37.87,37.86,37.87,37.855,87
2024-04-17 19:43:00,6722,37.8644,37.86,37.8675,37.87,37.855,109
2024-04-17 19:44:00,7909,37.8689,37.8675,37.865,37.88,37.855,137
2024-04-17 19:45:00,6024,37.8544,37.86,37.85,37.86,37.845,107
2024-04-17 19:46:00,13119,37.8643,37.86,37.88,37.88,37.855,136
2024-04-17 19:47:00,14604,37.8756,37.875,37.875,37.9,37.865,176
2024-04-17 19:48:00,4346,37.872,37.88,37.865,37.88,37.865,100
2024-04-17 19:49:00,8702,37.8745,37.865,37.855,37.89,37.855,148
2024-04-17 19:50:00,17399,37.8343,37.85,37.805,37.86,37.8,259
2024-04-17 19:51:00,14214,37.7914,37.805,37.795,37.805,37.765,195
2024-04-17 19:52:00,14620,37.8502,37.8,37.865,37.87,37.8,170
2024-04-17 19:53:00,15405,37.9071,37.87,37.92,37.94,37.87,218
2024-04-17 19:54:00,14079,37.912,37.92,37.915,37.925,37.9,164
2024-04-17 19:55:00,35875,37.8724,37.91,37.86,37.91,37.85,389
2024-04-17 19:56:00,40469,37.8674,37.855,37.88,37.88,37.855,403
2024-04-17 19:57:00,40363,37.8977,37.88,37.91,37.91,37.87,423
2024-04-17 19:58:00,63745,37.9193,37.91,37.94,37.94,37.9,524
2024-04-17 19:59:00,145426,37.9586,37.93,37.93,37.99,37.9,852
2024-04-17 20:00:00,20982,37.94,37.94,37.94,37.94,37.94,18
2024-04-17 20:07:00,2149,37.94,37.94,37.94,37.94,37.94,1
2024-04-18 13:30:00,23191,37.9606,37.96,38.06,38.06,37.96,26
2024-04-18 13:31:00,932,38.0061,38.005,37.95,38.0575,37.95,16
2024-04-18 13:33:00,572,37.8216,37.84,37.8,37.84,37.8,28
2024-04-18 13:34:00,3536,37.6563,37.71,37.51,37.75,37.51,72
2024-04-18 13:35:00,5032,37.4559,37.5,37.38,37.5,37.38,63
2024-04-18 13:36:00,3427,37.4852,37.49,37.42,37.54,37.41,64
2024-04-18 13:37:00,1228,37.397,37.42,37.38,37.42,37.36,45
2024-04-18 13:38:00,2914,37.4692,37.405,37.53,37.57,37.4,39
2024-04-18 13:39:00,1738,37.6322,37.57,37.64,37.66,37.57,26
2024-04-18 13:40:00,1227,37.6321,37.6475,37.62,37.65,37.61,19
2024-04-18 13:41:00,1842,37.603,37.64,37.61,37.645,37.58,21
2024-04-18 13:42:00,2743,37.6986,37.67,37.7,37.73,37.67,27
2024-04-18 13:43:00,832,37.6739,37.66,37.67,37.69,37.66,20
2024-04-18 13:44:00,1263,37.6269,37.63,37.62,37.63,37.62,19
2024-04-18 13:45:00,2029,37.6032,37.59,37.63,37.63,37.56,32
2024-04-18 13:46:00,1184,37.6222,37.64,37.6,37.64,37.6,32
2024-04-18 13:47:00,1694,37.6815,37.67,37.68,37.7,37.67,24
2024-04-18 13:48:00,888,37.6743,37.68,37.66,37.685,37.66,21
2024-04-18 13:49:00,1883,37.7342,37.69,37.78,37.78,37.69,32
2024-04-18 13:50:00,1853,37.784,37.8,37.77,37.81,37.77,34
2024-04-18 13:51:00,544,37.7574,37.76,37.765,37.765,37.76,14
2024-04-18 13:52:00,1363,37.7349,37.75,37.72,37.75,37.72,32
2024-04-18 13:53:00,1186,37.7554,37.74,37.76,37.77,37.73,27
2024-04-18 13:54:00,1458,37.7544,37.7612,37.73,37.79,37.73,24
2024-04-18 13:55:00,4799,37.7901,37.745,37.795,37.82,37.745,74
2024-04-18 13:56:00,1293,37.7725,37.78,37.77,37.78,37.77,23
2024-04-18 13:57:00,1855,37.7404,37.785,37.72,37.785,37.72,42
2024-04-18 13:58:00,2678,37.7794,37.73,37.76,37.82,37.73,35
2024-04-18 13:59:00,1351,37.7564,37.82,37.75,37.82,37.74,22
2024-04-18 14:00:00,7367,37.7026,37.75,37.66,37.75,37.66,122
2024-04-18 14:01:00,1391,37.6125,37.63,37.61,37.63,37.6,21
2024-04-18 14:02:00,3488,37.5716,37.595,37.56,37.6,37.545,82
2024-04-18 14:03:00,2057,37.5209,37.56,37.51,37.56,37.5,42
2024-04-18 14:04:00,3436,37.5169,37.54,37.5,37.54,37.5,63
2024-04-18 14:05:00,7847,37.4941,37.5,37.505,37.51,37.48,111
2024-04-18 14:06:00,2931,37.5538,37.515,37.56,37.58,37.515,55
2024-04-18 14:07:00,459,37.5607,37.59,37.55,37.59,37.55,10
2024-04-18 14:08:00,4544,37.552,37.55,37.58,37.58,37.54,58
2024-04-18 14:09:00,1686,37.6017,37.57,37.64,37.64,37.56,29
2024-04-18 14:10:00,1554,37.6947,37.675,37.725,37.73,37.675,44
2024-04-18 14:11:00,2566,37.7011,37.7,37.72,37.72,37.69,52
2024-04-18 14:12:00,2881,37.7091,37.735,37.675,37.735,37.675,55
2024-04-18 14:13:00,7376,37.6658,37.66,37.65,37.69,37.64,58
2024-04-18 14:14:00,4216,37.6845,37.65,37.72,37.72,37.64,71
2024-04-18 14:15:00,1017,37.755,37.775,37.75,37.775,37.75,40
2024-04-18 14:16:00,2743,37.7157,37.76,37.71,37.76,37.71,44
2024-04-18 14:17:00,551,37.7044,37.69,37.72,37.72,37.69,22
2024-04-18 14:18:00,2521,37.7044,37.72,37.6982,37.73,37.68,52
2024-04-18 14:19:00,3956,37.7239,37.7,37.75,37.76,37.69,73
2024-04-18 14:20:00,1753,37.7256,37.73,37.71,37.73,37.71,42
2024-04-18 14:21:00,6071,37.651,37.71,37.64,37.71,37.6,120
2024-04-18 14:22:00,2263,37.6286,37.64,37.64,37.64,37.6,56
2024-04-18 14:23:00,1962,37.6278,37.63,37.61,37.64,37.61,55
2024-04-18 14:24:00,3235,37.6215,37.61,37.635,37.64,37.59,52
2024-04-18 14:25:00,1135,37.6573,37.65,37.67,37.67,37.6488,34
2024-04-18 14:26:00,63903,37.6831,37.72,37.75,37.77,37.67,132
2024-04-18 14:27:00,2617,37.8093,37.78,37.83,37.83,37.78,57
2024-04-18 14:28:00,2695,37.8536,37.84,37.88,37.88,37.83,59
2024-04-18 14:29:00,1972,37.8358,37.91,37.916,37.935,37.89,25
2024-04-18 14:30:00,4321,37.8903,37.89,37.82,37.94,37.82,98
2024-04-18 14:31:00,4393,37.7928,37.8,37.79,37.805,37.76,73
2024-04-18 14:32:00,709,37.7937,37.8,37.8,37.805,37.785,11
2024-04-18 14:33:00,470,37.822,37.81,37.84,37.84,37.81,17
2024-04-18 14:34:00,3253,37.8115,37.8,37.86,37.86,37.795,75
2024-04-18 14:35:00,1949,37.8762,37.885,37.86,37.89,37.86,43
2024-04-18 14:36:00,1556,37.8761,37.88,37.88,37.9,37.87,28
2024-04-18 14:37:00,483,37.9131,37.91,37.9175,37.92,37.91,13
2024-04-18 14:38:00,3119,37.8718,37.88,37.87,37.88,37.85,75
2024-04-18 14:39:00,919,37.8604,37.86,37.87,37.87,37.855,28
2024-04-18 14:40:00,13049,37.8994,37.865,37.95,37.96,37.85,157
2024-04-18 14:41:00,6364,37.9811,37.96,38.0,38.0,37.96,64
2024-04-18 14:42:00,6734,38.01,38.01,38.02,38.03,38.0,87
2024-04-18 14:43:00,2451,38.071,38.04,38.1,38.1,38.04,54
2024-04-18 14:44:00,2104,38.0751,38.08,38.075,38.08,38.07,50
2024-04-18 14:45:00,2088,38.0827,38.078,38.12,38.12,38.07,47
2024-04-18 14:46:00,4365,38.1542,38.13,38.186,38.19,38.13,71
2024-04-18 14:47:00,2213,38.1674,38.1858,38.155,38.1954,38.15,54
2024-04-18 14:48:00,8986,38.1666,38.16,38.16,38.18,38.15,90
2024-04-18 14:49:00,1415,38.1055,38.12,38.1,38.12,38.09,36
2024-04-18 14:50:00,880,38.1029,38.085,38.11,38.11,38.085,26
2024-04-18 14:51:00,849,38.1498,38.14,38.15,38.16,38.14,38
2024-04-18 14:52:00,1051,38.1495,38.17,38.15,38.17,38.14,43
2024-04-18 14:53:00,3313,38.1694,38.16,38.17,38.19,38.16,69
2024-04-18 14:54:00,1537,38.1647,38.16,38.17,38.175,38.16,28
2024-04-18 14:55:00,4301,38.1562,38.2,38.13,38.2,38.13,80
2024-04-18 14:56:00,6758,38.1561,38.135,38.16,38.21,38.135,81
2024-04-18 14:57:00,1619,38.1592,38.15,38.15,38.18,38.145,30
2024-04-18 14:58:00,1815,38.1837,38.17,38.18,38.2,38.17,38
2024-04-18 14:59:00,2303,38.1922,38.19,38.2,38.205,38.18,60
2024-04-18 15:00:00,1552,38.2308,38.225,38.245,38.245,38.22,36
2024-04-18 15:01:00,1510,38.2359,38.245,38.235,38.245,38.23,45
2024-04-18 15:02:00,4022,38.2279,38.235,38.215,38.25,38.21,82
2024-04-18 15:03:00,2888,38.2131,38.215,38.22,38.22,38.21,58
2024-04-18 15:04:00,350,38.2178,38.215,38.215,38.215,38.215,15
2024-04-18 15:05:00,4203,38.2102,38.21,38.19,38.23,38.19,68
2024-04-18 15:06:00,2982,38.1876,38.18,38.18,38.19,38.17,60
2024-04-18 15:07:00,790,38.1744,38.17,38.17,38.17,38.17,23
2024-04-18 15:08:00,1488,38.1809,38.18,38.19,38.19,38.17,49
2024-04-18 15:09:00,503,38.195,38.195,38.18,38.195,38.18,13
2024-04-18 15:10:00,1622,38.1907,38.2,38.175,38.21,38.175,28
2024-04-18 15:11:00,2865,38.1932,38.19,38.205,38.205,38.17,58
2024-04-18 15:12:00,591,38.1962,38.195,38.2,38.2,38.19,16
2024-04-18 15:13:00,888,38.1859,38.2008,38.18,38.2008,38.18,32
2024-04-18 15:14:00,2156,38.2096,38.19,38.23,38.23,38.19,64
2024-04-18 15:15:00,553,38.2329,38.23,38.23,38.24,38.23,16
2024-04-18 15:16:00,933,38.2126,38.23,38.22,38.24,38.22,19
2024-04-18 15:17:00,1528,38.2375,38.23,38.24,38.25,38.23,35
2024-04-18 15:18:00,2997,38.2198,38.24,38.215,38.24,38.2,69
2024-04-18 15:19:00,1942,38.1943,38.2,38.19,38.2,38.18,42
2024-04-18 15:20:00,1513,38.21,38.19,38.215,38.22,38.19,35
2024-04-18 15:21:00,1953,38.2249,38.21,38.22,38.245,38.2,40
2024-04-18 15:22:00,2166,38.2509,38.25,38.255,38.26,38.235,52
2024-04-18 15:23:00,1082,38.2623,38.26,38.27,38.27,38.26,31
2024-04-18 15:24:00,1400,38.2799,38.27,38.285,38.29,38.27,29
2024-04-18 15:25:00,4666,38.2565,38.28,38.24,38.28,38.24,99
2024-04-18 15:26:00,1926,38.2299,38.23,38.24,38.24,38.215,41
2024-04-18 15:27:00,2160,38.2475,38.23,38.255,38.26,38.23,54
2024-04-18 15:28:00,2853,38.2498,38.26,38.26,38.27,38.24,58
2024-04-18 15:29:00,2918,38.2483,38.25,38.26,38.26,38.24,62
2024-04-18 15:30:00,3338,38.2314,38.245,38.23,38.26,38.205,89
2024-04-18 15:31:00,2617,38.2393,38.23,38.26,38.26,38.225,46
2024-04-18 15:32:00,1149,38.2455,38.245,38.245,38.25,38.24,26
2024-04-18 15:33:00,680,38.2461,38.24,38.24,38.255,38.24,19
2024-04-18 15:34:00,1255,38.2588,38.245,38.27,38.27,38.245,43
2024-04-18 15:35:00,3620,38.2782,38.28,38.295,38.3,38.27,79
2024-04-18 15:36:00,2906,38.2643,38.28,38.27,38.28,38.25,79
2024-04-18 15:37:00,329,38.2556,38.26,38.26,38.26,38.26,24
2024-04-18 15:38:00,2396,38.2302,38.245,38.19,38.26,38.19,67
2024-04-18 15:39:00,723,38.167,38.18,38.16,38.18,38.16,30
2024-04-18 15:40:00,4123,38.0932,38.14,38.08,38.14,38.05,92
2024-04-18 15:41:00,2549,38.1333,38.085,38.11,38.12,38.085,54
2024-04-18 15:42:00,445,38.1052,38.105,38.105,38.105,38.105,19
2024-04-18 15:43:00,844,38.0904,38.105,38.085,38.105,38.085,33
2024-04-18 15:44:00,7966,38.0599,38.08,38.05,38.08,38.05,64
2024-04-18 15:45:00,742,38.049,38.04,38.05,38.05,38.04,17
2024-04-18 15:46:00,2097,38.0308,38.04,38.02,38.04,38.02,49
2024-04-18 15:47:00,2605,38.0166,38.03,38.0,38.03,38.0,71
2024-04-18 15:48:00,2147,37.9977,37.99,38.02,38.02,37.98,46
2024-04-18 15:49:00,5187,38.0005,38.0,38.0,38.005,38.0,43
2024-04-18 15:50:00,9796,38.0064,38.0,38.0687,38.0687,38.0,89
2024-04-18 15:51:00,2730,38.0712,38.06,38.08,38.09,38.06,74
2024-04-18 15:52:00,664,38.069,38.07,38.08,38.08,38.07,29
2024-04-18 15:53:00,1473,38.0539,38.055,38.07,38.07,38.04,54
2024-04-18 15:54:00,1573,38.106,38.08,38.12,38.13,38.08,24
2024-04-18 15:55:00,1150,38.1219,38.12,38.14,38.14,38.12,26
2024-04-18 15:56:00,3547,38.1521,38.16,38.16,38.18,38.13,58
2024-04-18 15:57:00,1961,38.1289,38.16,38.15,38.16,38.14,36
2024-04-18 15:58:00,3847,38.1698,38.17,38.16,38.18,38.16,47
2024-04-18 15:59:00,1792,38.18,38.17,38.2,38.2,38.165,46
2024-04-18 16:00:00,2642,38.1898,38.19,38.22,38.22,38.17,82
2024-04-18 16:01:00,1573,38.1898,38.2,38.19,38.2,38.19,31
2024-04-18 16:02:00,803,38.2015,38.2,38.21,38.21,38.2,29
2024-04-18 16:03:00,1528,38.2229,38.21,38.23,38.23,38.21,29
2024-04-18 16:04:00,1828,38.2099,38.21,38.21,38.21,38.2,66
2024-04-18 16:05:00,2722,38.1998,38.21,38.21,38.21,38.18,67
2024-04-18 16:06:00,2671,38.2079,38.21,38.23,38.23,38.2,52
2024-04-18 16:07:00,1090,38.2016,38.2,38.2,38.2,38.195,29
2024-04-18 16:08:00,429,38.1985,38.2,38.2,38.2,38.2,27
2024-04-18 16:09:00,1046,38.1965,38.185,38.2,38.2,38.185,38
2024-04-18 16:10:00,3555,38.2102,38.195,38.21,38.22,38.195,87
2024-04-18 16:11:00,689,38.2196,38.21,38.22,38.23,38.21,12
2024-04-18 16:12:00,1083,38.2063,38.22,38.19,38.22,38.19,48
2024-04-18 16:13:00,1577,38.2146,38.2,38.22,38.22,38.2,35
2024-04-18 16:14:00,2193,38.2419,38.23,38.25,38.25,38.23,38
2024-04-18 16:15:00,2319,38.2231,38.24,38.2,38.24,38.2,71
2024-04-18 16:16:00,1009,38.1826,38.18,38.175,38.185,38.175,23
2024-04-18 16:17:00,3417,38.1936,38.19,38.18,38.2,38.18,37
2024-04-18 16:18:00,1052,38.1898,38.19,38.19,38.19,38.19,28
2024-04-18 16:19:00,4373,38.2041,38.19,38.21,38.22,38.19,84
2024-04-18 16:20:00,1332,38.1954,38.19,38.19,38.19,38.19,28
2024-04-18 16:21:00,1205,38.1707,38.18,38.16,38.18,38.16,47
2024-04-18 16:22:00,1686,38.1732,38.16,38.19,38.19,38.16,43
2024-04-18 16:23:00,1512,38.2011,38.19,38.21,38.21,38.19,43
2024-04-18 16:24:00,801,38.2048,38.22,38.21,38.22,38.2,32
2024-04-18 16:25:00,4099,38.1908,38.21,38.17,38.21,38.17,96
2024-04-18 16:26:00,1365,38.1891,38.17,38.21,38.21,38.17,51
2024-04-18 16:27:00,770,38.1899,38.19,38.19,38.19,38.19,26
2024-04-18 16:28:00,855,38.1875,38.19,38.19,38.19,38.18,24
2024-04-18 16:29:00,2431,38.1955,38.2,38.19,38.21,38.19,57
2024-04-18 16:30:00,883,38.1728,38.19,38.16,38.19,38.16,30
2024-04-18 16:31:00,3071,38.1485,38.18,38.11,38.18,38.11,65
2024-04-18 16:32:00,561,38.1174,38.11,38.1,38.11,38.1,17
2024-04-18 16:33:00,1875,38.1119,38.11,38.11,38.12,38.11,45
2024-04-18 16:34:00,1446,38.0931,38.1,38.1,38.1,38.1,54
2024-04-18 16:35:00,1134,38.0716,38.06,38.075,38.09,38.06,38
2024-04-18 16:36:00,3049,38.1171,38.07,38.13,38.16,38.07,64
2024-04-18 16:37:00,867,38.148,38.145,38.16,38.16,38.14,24
2024-04-18 16:38:00,2333,38.1429,38.17,38.12,38.17,38.12,69
2024-04-18 16:39:00,1179,38.1353,38.125,38.12,38.15,38.12,32
2024-04-18 16:40:00,1246,38.1027,38.11,38.09,38.11,38.09,44
2024-04-18 16:41:00,1405,38.065,38.055,38.07,38.07,38.055,41
2024-04-18 16:42:00,1596,38.0517,38.06,38.04,38.06,38.04,40
2024-04-18 16:43:00,1663,38.04,38.04,38.03,38.05,38.02,53
2024-04-18 16:44:00,448,38.0419,38.04,38.045,38.045,38.04,31
2024-04-18 16:45:00,815,38.0482,38.05,38.05,38.05,38.04,26
2024-04-18 16:46:00,1410,38.023,38.035,38.01,38.04,38.01,56
2024-04-18 16:47:00,972,37.9987,38.0,37.99,38.0,37.99,31
2024-04-18 16:48:00,1552,37.9587,37.96,37.955,37.965,37.95,53
2024-04-18 16:49:00,193,37.9604,37.96,37.96,37.96,37.96,13
2024-04-18 16:50:00,4496,37.9765,37.96,37.98,38.0,37.96,85
2024-04-18 16:51:00,1778,37.9533,37.96,37.94,37.96,37.94,46
2024-04-18 16:52:00,1627,37.9399,37.94,37.96,37.96,37.92,57
2024-04-18 16:53:00,865,37.9623,37.96,37.97,37.97,37.96,40
2024-04-18 16:55:00,797,37.9816,37.99,37.99,37.99,37.96,29
2024-04-18 16:56:00,1502,37.9903,37.97,38.0,38.0,37.97,42
2024-04-18 16:57:00,2057,38.0102,38.0,38.01,38.015,38.0,52
2024-04-18 16:58:00,540,38.0142,38.03,38.01,38.03,38.01,25
2024-04-18 16:59:00,5725,38.0011,38.02,38.0,38.02,38.0,84
2024-04-18 17:00:00,1459,38.0057,37.99,38.01,38.01,37.99,46
2024-04-18 17:01:00,536,38.0108,38.01,38.02,38.02,38.01,27
2024-04-18 17:02:00,3993,37.9952,38.0,38.0,38.0,37.99,59
2024-04-18 17:03:00,2337,38.0157,38.0,38.03,38.03,38.0,50
2024-04-18 17:04:00,1221,38.0221,38.025,38.02,38.025,38.02,42
2024-04-18 17:05:00,2800,38.0065,38.015,38.02,38.02,38.0,61
2024-04-18 17:07:00,1306,38.0158,38.02,38.0,38.03,38.0,52
2024-04-18 17:08:00,1945,38.0109,38.0003,38.03,38.03,38.0003,32
2024-04-18 17:09:00,1942,38.04,38.03,38.05,38.05,38.03,36
2024-04-18 17:10:00,518,38.0411,38.0498,38.04,38.0498,38.04,21
2024-04-18 17:11:00,2784,37.9983,38.03,38.0,38.03,37.98,72
2024-04-18 17:12:00,503,38.0,38.0,38.0,38.0,38.0,15
2024-04-18 17:13:00,1040,38.0067,38.0,38.015,38.015,38.0,29
2024-04-18 17:14:00,460,38.0064,38.0,38.0,38.0,38.0,15
2024-04-18 17:15:00,2889,38.0032,38.01,38.0,38.01,38.0,62
2024-04-18 17:16:00,1861,38.0062,37.99,38.01,38.02,37.99,43
2024-04-18 17:17:00,3501,37.978,38.0,37.97,38.0,37.95,89
2024-04-18 17:18:00,930,37.9514,37.96,37.9402,37.96,37.9402,20
2024-04-18 17:19:00,3430,37.9638,37.94,37.98,37.99,37.94,83
2024-04-18 17:20:00,1594,37.977,37.98,37.97,37.99,37.97,37
2024-04-18 17:21:00,260,37.9727,37.97,37.97,37.97,37.97,17
2024-04-18 17:22:00,1304,37.9764,37.98,37.97,37.99,37.97,40
2024-04-18 17:23:00,2421,37.9483,37.96,37.95,37.96,37.94,69
2024-04-18 17:24:00,4015,37.9181,37.93,37.92,37.93,37.91,95
2024-04-18 17:25:00,2864,37.9272,37.91,37.95,37.95,37.91,81
2024-04-18 17:26:00,963,37.9811,37.97,38.0,38.0,37.97,29
2024-04-18 17:27:00,2810,37.9865,37.99,38.0,38.0,37.975,61
2024-04-18 17:28:00,2726,38.0047,38.0,38.02,38.03,37.99,72
2024-04-18 17:29:00,3057,38.0743,38.03,38.09,38.11,38.03,75
2024-04-18 17:30:00,5244,38.0784,38.08,38.09,38.12,38.06,130
2024-04-18 17:31:00,1161,38.0683,38.08,38.065,38.08,38.06,51
2024-04-18 17:32:00,1304,38.0405,38.05,38.03,38.05,38.03,78
2024-04-18 17:33:00,2374,38.0121,38.01,38.015,38.02,38.0,46
2024-04-18 17:34:00,1750,38.0332,38.03,38.05,38.05,38.02,48
2024-04-18 17:35:00,2268,38.0471,38.05,38.04,38.07,38.04,79
2024-04-18 17:36:00,1322,38.0177,38.03,38.01,38.03,38.01,48
2024-04-18 17:37:00,1370,37.9904,38.0,37.98,38.0,37.98,43
2024-04-18 17:38:00,1562,37.9605,37.96,37.96,37.965,37.96,47
2024-04-18 17:40:00,2208,37.9574,37.97,37.945,37.97,37.94,72
2024-04-18 17:41:00,896,37.9139,37.91,37.9186,37.9186,37.91,32
2024-04-18 17:42:00,3111,37.8936,37.88,37.9,37.9,37.88,78
2024-04-18 17:43:00,2037,37.9236,37.91,37.935,37.935,37.91,52
2024-04-18 17:44:00,2673,37.9386,37.94,37.94,37.95,37.93,61
2024-04-18 17:45:00,2328,37.9221,37.91,37.93,37.93,37.91,67
2024-04-18 17:46:00,732,37.9323,37.94,37.93,37.94,37.92,28
2024-04-18 17:47:00,941,37.9342,37.93,37.93,37.94,37.93,36
2024-04-18 17:48:00,2062,37.9251,37.93,37.93,37.935,37.92,57
2024-04-18 17:49:00,1371,37.9293,37.92,37.94,37.94,37.92,28
2024-04-18 17:50:00,3080,37.9507,37.96,37.93,37.96,37.93,71
2024-04-18 17:51:00,1535,37.9352,37.94,37.92,37.945,37.92,38
2024-04-18 17:52:00,2664,37.8973,37.91,37.89,37.91,37.89,67
2024-04-18 17:53:00,386,37.8889,37.88,37.895,37.895,37.88,22
2024-04-18 17:54:00,1178,37.8766,37.89,37.86,37.89,37.86,48
2024-04-18 17:55:00,1553,37.8683,37.87,37.87,37.87,37.87,58
2024-04-18 17:56:00,599,37.8785,37.88,37.88,37.88,37.88,22
2024-04-18 17:57:00,1437,37.888,37.87,37.87,37.88,37.87,33
2024-04-18 17:58:00,1998,37.8942,37.88,37.91,37.91,37.88,44
2024-04-18 17:59:00,1335,37.9307,37.92,37.925,37.94,37.92,41
2024-04-18 18:00:00,2773,37.9075,37.91,37.9,37.92,37.9,67
2024-04-18 18:01:00,848,37.8766,37.89,37.87,37.89,37.87,31
2024-04-18 18:02:00,1626,37.8648,37.87,37.8363,37.88,37.8363,41
2024-04-18 18:03:00,1535,37.8093,37.83,37.81,37.83,37.8,61
2024-04-18 18:04:00,674,37.8006,37.8,37.8,37.8,37.8,26
2024-04-18 18:05:00,1317,37.7843,37.79,37.78,37.79,37.78,56
2024-04-18 18:06:00,1251,37.7816,37.77,37.8,37.8,37.76,39
2024-04-18 18:07:00,1619,37.8214,37.79,37.81,37.81,37.79,37
2024-04-18 18:08:00,1319,37.7943,37.815,37.79,37.815,37.79,43
2024-04-18 18:09:00,1103,37.7854,37.785,37.79,37.795,37.78,51
2024-04-18 18:10:00,1650,37.7815,37.79,37.78,37.79,37.78,40
2024-04-18 18:11:00,2670,37.7837,37.77,37.8,37.8,37.77,55
2024-04-18 18:12:00,1151,37.7957,37.8,37.78,37.81,37.78,44
2024-04-18 18:13:00,2990,37.7911,37.79,37.8,37.8,37.78,67
2024-04-18 18:14:00,680,37.8045,37.81,37.79,37.81,37.79,20
2024-04-18 18:15:00,2422,37.8031,37.79,37.815,37.815,37.79,64
2024-04-18 18:16:00,2446,37.8269,37.82,37.84,37.84,37.82,35
2024-04-18 18:17:00,1527,37.8327,37.84,37.855,37.86,37.84,35
2024-04-18 18:18:00,541,37.8591,37.86,37.86,37.86,37.86,26
2024-04-18 18:19:00,2328,37.8584,37.86,37.87,37.87,37.85,59
2024-04-18 18:20:00,1834,37.8744,37.88,37.88,37.88,37.87,57
2024-04-18 18:21:00,2551,37.8825,37.88,37.89,37.895,37.88,57
2024-04-18 18:22:00,1943,37.8774,37.89,37.87,37.89,37.87,41
2024-04-18 18:23:00,2835,37.8899,37.87,37.9075,37.91,37.86,62
2024-04-18 18:24:00,1301,37.8799,37.9,37.87,37.9,37.87,56
2024-04-18 18:25:00,1040,37.8732,37.87,37.88,37.88,37.87,30
2024-04-18 18:26:00,952,37.8919,37.89,37.895,37.9,37.89,19
2024-04-18 18:27:00,1561,37.886,37.895,37.89,37.895,37.88,54
2024-04-18 18:28:00,4146,37.8566,37.89,37.8,37.89,37.8,88
2024-04-18 18:29:00,991,37.7911,37.78,37.8,37.8,37.78,28
2024-04-18 18:30:00,2129,37.8129,37.8,37.81,37.82,37.79,46
2024-04-18 18:31:00,651,37.805,37.81,37.8,37.82,37.8,32
2024-04-18 18:32:00,1164,37.7918,37.79,37.79,37.795,37.79,46
2024-04-18 18:33:00,771,37.79,37.78,37.8,37.8,37.78,44
2024-04-18 18:34:00,1913,37.7837,37.81,37.77,37.81,37.77,46
2024-04-18 18:35:00,1048,37.784,37.77,37.79,37.79,37.77,37
2024-04-18 18:36:00,1581,37.7895,37.8,37.7801,37.8,37.78,62
2024-04-18 18:37:00,1443,37.7991,37.78,37.81,37.81,37.78,40
2024-04-18 18:38:00,1152,37.8011,37.8,37.8,37.8,37.8,41
2024-04-18 18:39:00,855,37.7971,37.81,37.79,37.81,37.79,37
2024-04-18 18:40:00,1925,37.7813,37.78,37.8,37.8,37.775,63
2024-04-18 18:41:00,606,37.807,37.8,37.81,37.82,37.8,16
2024-04-18 18:42:00,1939,37.8131,37.81,37.83,37.83,37.81,55
2024-04-18 18:43:00,2592,37.8436,37.835,37.84,37.86,37.835,76
2024-04-18 18:44:00,3085,37.8457,37.85,37.83,37.86,37.83,76
2024-04-18 18:45:00,2286,37.8252,37.83,37.83,37.83,37.82,73
2024-04-18 18:46:00,1089,37.8406,37.84,37.83,37.84,37.83,31
2024-04-18 18:47:00,852,37.829,37.83,37.83,37.83,37.83,31
2024-04-18 18:48:00,1808,37.833,37.82,37.845,37.845,37.82,31
2024-04-18 18:49:00,2616,37.8458,37.85,37.84,37.865,37.84,56
2024-04-18 18:50:00,1489,37.8242,37.835,37.82,37.835,37.82,44
2024-04-18 18:51:00,2478,37.8057,37.81,37.8,37.81,37.8,60
2024-04-18 18:52:00,2117,37.8208,37.81,37.815,37.83,37.81,56
2024-04-18 18:53:00,1208,37.8093,37.81,37.815,37.815,37.805,38
2024-04-18 18:54:00,2635,37.8052,37.81,37.8,37.82,37.8,55
2024-04-18 18:55:00,2001,37.7892,37.8,37.79,37.8,37.785,42
2024-04-18 18:56:00,1836,37.8041,37.79,37.83,37.83,37.79,48
2024-04-18 18:57:00,316,37.8372,37.84,37.84,37.84,37.84,24
2024-04-18 18:58:00,315,37.8334,37.835,37.83,37.835,37.83,23
2024-04-18 18:59:00,3716,37.8249,37.84,37.815,37.84,37.81,78
2024-04-18 19:00:00,3309,37.8201,37.82,37.83,37.83,37.81,56
2024-04-18 19:01:00,1085,37.8376,37.83,37.85,37.85,37.83,39
2024-04-18 19:02:00,1789,37.8697,37.86,37.895,37.895,37.86,35
2024-04-18 19:03:00,1526,37.8818,37.89,37.88,37.89,37.88,47
2024-04-18 19:04:00,2166,37.8709,37.87,37.87,37.875,37.86,44
2024-04-18 19:05:00,1636,37.859,37.86,37.855,37.86,37.855,36
2024-04-18 19:06:00,2915,37.8583,37.85,37.87,37.87,37.85,69
2024-04-18 19:07:00,2021,37.8971,37.89,37.905,37.91,37.89,48
2024-04-18 19:08:00,1698,37.895,37.9,37.9,37.9,37.89,65
2024-04-18 19:09:00,1172,37.8814,37.89,37.87,37.89,37.87,45
2024-04-18 19:10:00,1667,37.8804,37.87,37.89,37.89,37.87,38
2024-04-18 19:11:00,2869,37.8996,37.89,37.9,37.91,37.89,58
2024-04-18 19:12:00,900,37.8889,37.89,37.89,37.89,37.89,41
2024-04-18 19:13:00,1497,37.8624,37.87,37.86,37.87,37.86,47
2024-04-18 19:14:00,2779,37.8634,37.86,37.88,37.88,37.85,48
2024-04-18 19:15:00,547,37.8747,37.87,37.875,37.88,37.87,13
2024-04-18 19:16:00,2630,37.8769,37.88,37.865,37.885,37.865,65
2024-04-18 19:17:00,2143,37.8303,37.86,37.82,37.86,37.81,61
2024-04-18 19:18:00,2861,37.8279,37.8,37.85,37.85,37.8,61
2024-04-18 19:19:00,1153,37.852,37.845,37.86,37.86,37.845,16
2024-04-18 19:20:00,3751,37.8638,37.86,37.86,37.87,37.86,64
2024-04-18 19:21:00,3367,37.8538,37.86,37.86,37.86,37.845,81
2024-04-18 19:22:00,1932,37.8537,37.86,37.84,37.87,37.84,65
2024-04-18 19:23:00,1499,37.8416,37.84,37.845,37.845,37.84,58
2024-04-18 19:24:00,1663,37.8629,37.85,37.89,37.89,37.85,55
2024-04-18 19:25:00,3881,37.8637,37.88,37.85,37.88,37.84,92
2024-04-18 19:26:00,1902,37.8688,37.86,37.88,37.88,37.86,45
2024-04-18 19:27:00,886,37.8789,37.88,37.88,37.88,37.88,43
2024-04-18 19:28:00,1168,37.8829,37.89,37.88,37.89,37.879,34
2024-04-18 19:29:00,2587,37.8901,37.89,37.89,37.895,37.89,66
2024-04-18 19:30:00,2473,37.8821,37.88,37.899,37.899,37.87,58
2024-04-18 19:31:00,1072,37.883,37.88,37.89,37.89,37.88,34
2024-04-18 19:32:00,5018,37.9021,37.89,37.93,37.93,37.89,83
2024-04-18 19:33:00,7516,37.918,37.94,37.91,37.94,37.91,105
2024-04-18 19:34:00,2303,37.9006,37.9,37.9,37.909,37.9,59
2024-04-18 19:35:00,3826,37.9248,37.91,37.97,37.97,37.91,77
2024-04-18 19:36:00,3131,37.9737,37.97,37.99,37.99,37.97,55
2024-04-18 19:37:00,4071,37.9658,37.99,37.97,37.99,37.96,89
2024-04-18 19:38:00,2791,37.9611,37.95,37.95,37.97,37.95,65
2024-04-18 19:39:00,1947,37.9583,37.96,37.95,37.97,37.95,68
2024-04-18 19:40:00,2287,37.9596,37.96,37.965,37.965,37.955,51
2024-04-18 19:41:00,5739,37.9594,37.97,37.935,37.979,37.93,116
2024-04-18 19:42:00,3939,37.9369,37.935,37.925,37.94,37.925,82
2024-04-18 19:43:00,7353,37.9316,37.92,37.93,37.935,37.92,96
2024-04-18 19:44:00,4763,37.9421,37.94,37.945,37.95,37.93,97
2024-04-18 19:45:00,8349,37.9336,37.945,37.9,37.959,37.9,172
2024-04-18 19:46:00,5239,37.916,37.9,37.95,37.95,37.9,102
2024-04-18 19:47:00,5669,37.9573,37.949,37.965,37.97,37.949,122
2024-04-18 19:48:00,7077,37.9526,37.969,37.955,37.975,37.94,129
2024-04-18 19:49:00,9569,37.9816,37.95,37.975,38.0,37.95,202
2024-04-18 19:50:00,17171,37.9369,37.97,37.955,37.98,37.91,332
2024-04-18 19:51:00,11675,37.9603,37.955,37.96,37.98,37.945,205
2024-04-18 19:52:00,9863,37.9675,37.955,37.975,37.98,37.95,168
2024-04-18 19:53:00,11200,37.9809,37.975,37.989,37.99,37.97,206
2024-04-18 19:54:00,11489,37.9638,37.985,37.965,37.985,37.95,213
2024-04-18 19:55:00,13695,37.9238,37.965,37.89,37.965,37.89,221
2024-04-18 19:56:00,18633,37.9143,37.9,37.919,37.929,37.9,271
2024-04-18 19:57:00,21368,37.9001,37.91,37.89,37.925,37.88,328
2024-04-18 19:58:00,15030,37.8765,37.89,37.875,37.89,37.87,225
2024-04-18 19:59:00,111494,37.8378,37.88,37.86,37.88,37.82,805
2024-04-18 20:00:00,630,37.83,37.83,37.83,37.83,37.83,12
2024-04-18 20:20:00,179,37.83,37.83,37.83,37.83,37.83,1
2024-04-19 13:30:00,6534,37.6527,37.66,37.3089,37.66,37.3089,32
2024-04-19 13:31:00,4456,37.7242,37.67,37.5,37.79,37.5,38
2024-04-19 13:32:00,2741,37.7742,37.66,37.82,37.86,37.52,46
2024-04-19 13:33:00,1989,37.81,37.81,37.81,37.81,37.81,1
2024-04-19 13:37:00,491,37.7692,37.7,37.725,37.725,37.7,15
2024-04-19 13:38:00,1719,37.835,37.8,37.8955,37.8955,37.77,32
2024-04-19 13:40:00,996,37.9318,37.93,37.98,37.98,37.9,26
2024-04-19 13:41:00,1171,37.9646,37.98,37.94,37.98,37.94,17
2024-04-19 13:42:00,402,37.9966,37.95,38.015,38.015,37.95,7
2024-04-19 13:43:00,306,38.0193,38.02,38.02,38.02,38.02,10
2024-04-19 13:44:00,619,38.0217,37.97,38.03,38.06,37.97,11
2024-04-19 13:45:00,1925,38.0006,38.03,37.95,38.06,37.95,32
2024-04-19 13:46:00,2458,38.0491,38.0,38.13,38.13,38.0,42
2024-04-19 13:47:00,1521,38.1341,38.13,38.115,38.16,38.115,31
2024-04-19 13:48:00,2071,38.0544,38.09,38.085,38.11,38.02,48
2024-04-19 13:49:00,425,38.1352,38.15,38.15,38.15,38.15,13
2024-04-19 13:50:00,1568,38.0355,38.06,38.05,38.06,38.01,40
2024-04-19 13:51:00,1030,38.0389,38.035,38.045,38.045,38.035,20
2024-04-19 13:52:00,1118,38.0084,38.03,37.97,38.03,37.97,37
2024-04-19 13:53:00,1421,38.0385,38.03,38.05,38.05,38.03,37
2024-04-19 13:56:00,933,38.0684,38.06,38.09,38.09,38.06,19
2024-04-19 13:57:00,611,38.1131,38.1,38.135,38.135,38.1,17
2024-04-19 13:58:00,265,38.1455,38.15,38.15,38.15,38.15,12
2024-04-19 13:59:00,373,38.1274,38.145,38.11,38.145,38.11,13
2024-04-19 14:00:00,3259,38.1496,38.13,38.17,38.18,38.13,58
2024-04-19 14:01:00,1806,38.1842,38.2,38.19,38.2,38.16,43
2024-04-19 14:02:00,295,38.1767,38.175,38.175,38.175,38.175,15
2024-04-19 14:03:00,3787,38.1251,38.15,38.09,38.16,38.08,46
2024-04-19 14:04:00,3701,38.1495,38.09,38.22,38.22,38.09,69
2024-04-19 14:05:00,1052,38.2547,38.26,38.26,38.26,38.23,28
2024-04-19 14:06:00,501,38.2378,38.23,38.24,38.24,38.23,15
2024-04-19 14:07:00,1453,38.2337,38.25,38.23,38.26,38.23,23
2024-04-19 14:08:00,1967,38.2204,38.225,38.23,38.23,38.21,52
2024-04-19 14:09:00,1158,38.2046,38.22,38.2,38.22,38.2,23
2024-04-19 14:10:00,1270,38.1638,38.19,38.16,38.2,38.13,36
2024-04-19 14:11:00,960,38.1575,38.18,38.14,38.18,38.13,26
2024-04-19 14:12:00,2842,38.1145,38.145,38.11,38.16,38.09,55
2024-04-19 14:13:00,1542,38.0996,38.095,38.11,38.11,38.08,31
2024-04-19 14:14:00,1848,38.1104,38.11,38.115,38.12,38.0832,42
2024-04-19 14:15:00,1110,38.1379,38.13,38.15,38.15,38.125,27
2024-04-19 14:16:00,399,38.1466,38.16,38.16,38.16,38.16,23
2024-04-19 14:17:00,1133,38.1631,38.19,38.15,38.19,38.15,35
2024-04-19 14:18:00,914,38.1475,38.16,38.14,38.16,38.14,29
2024-04-19 14:19:00,398,38.1305,38.13,38.13,38.13,38.13,9
2024-04-19 14:20:00,1640,38.159,38.16,38.17,38.17,38.15,34
2024-04-19 14:21:00,2246,38.1819,38.18,38.18,38.2,38.17,39
2024-04-19 14:22:00,987,38.1878,38.205,38.19,38.205,38.17,33
2024-04-19 14:23:00,637,38.1899,38.21,38.18,38.21,38.18,17
2024-04-19 14:24:00,1019,38.1591,38.16,38.14,38.175,38.14,45
2024-04-19 14:25:00,1142,38.1465,38.14,38.16,38.16,38.12,25
2024-04-19 14:26:00,934,38.1588,38.17,38.15,38.17,38.15,21
2024-04-19 14:27:00,739,38.154,38.16,38.13,38.16,38.13,23
2024-04-19 14:28:00,1385,38.1486,38.16,38.16,38.16,38.135,27
2024-04-19 14:29:00,2048,38.1695,38.16,38.19,38.19,38.16,56
2024-04-19 14:30:00,1338,38.2197,38.195,38.23,38.23,38.195,28
2024-04-19 14:31:00,1811,38.255,38.27,38.24,38.27,38.24,42
2024-04-19 14:32:00,607,38.1881,38.19,38.1871,38.19,38.185,24
2024-04-19 14:33:00,1504,38.1481,38.17,38.15,38.17,38.135,21
2024-04-19 14:34:00,1990,38.1518,38.15,38.14,38.16,38.14,54
2024-04-19 14:35:00,1713,38.1538,38.13,38.16,38.16,38.13,41
2024-04-19 14:36:00,2632,38.1301,38.14,38.13,38.14,38.12,44
2024-04-19 14:37:00,1401,38.1411,38.14,38.15,38.15,38.13,26
2024-04-19 14:38:00,1741,38.1004,38.13,38.09,38.13,38.09,32
2024-04-19 14:39:00,943,38.1082,38.11,38.11,38.11,38.1,20
2024-04-19 14:40:00,720,38.0887,38.11,38.06,38.11,38.06,24
2024-04-19 14:41:00,3521,38.0957,38.08,38.12,38.12,38.08,57
2024-04-19 14:42:00,1192,38.1411,38.12,38.16,38.16,38.12,20
2024-04-19 14:43:00,304,38.1715,38.17,38.165,38.18,38.165,5
2024-04-19 14:44:00,1547,38.1794,38.18,38.185,38.19,38.18,35
2024-04-19 14:45:00,715,38.1883,38.19,38.19,38.19,38.18,17
2024-04-19 14:46:00,2205,38.1882,38.2,38.19,38.205,38.18,47
2024-04-19 14:47:00,284,38.1804,38.18,38.18,38.18,38.18,11
2024-04-19 14:48:00,1208,38.1811,38.17,38.19,38.19,38.17,27
2024-04-19 14:49:00,1423,38.156,38.15,38.14,38.16,38.14,42
2024-04-19 14:50:00,1076,38.163,38.16,38.1425,38.17,38.14,24
2024-04-19 14:51:00,1903,38.1479,38.155,38.145,38.1563,38.14,33
2024-04-19 14:52:00,851,38.1363,38.14,38.12,38.14,38.12,23
2024-04-19 14:53:00,1052,38.0931,38.105,38.1,38.105,38.06,29
2024-04-19 14:54:00,2937,38.1277,38.1,38.16,38.16,38.1,64
2024-04-19 14:55:00,1056,38.1454,38.15,38.14,38.15,38.13,23
2024-04-19 14:56:00,2003,38.1381,38.16,38.11,38.16,38.11,49
2024-04-19 14:57:00,609,38.0876,38.1,38.07,38.1,38.07,24
2024-04-19 14:58:00,511,38.0628,38.07,38.06,38.07,38.06,16
2024-04-19 14:59:00,528,38.06,38.05,38.07,38.07,38.05,18
2024-04-19 15:00:00,1818,38.0742,38.05,38.04,38.05,38.04,38
2024-04-19 15:01:00,3656,38.066,38.05,38.06,38.09,38.04,80
2024-04-19 15:02:00,2027,38.0845,38.07,38.12,38.12,38.07,48
2024-04-19 15:03:00,1496,38.1276,38.12,38.15,38.15,38.12,29
2024-04-19 15:04:00,2522,38.186,38.15,38.27,38.27,38.15,52
2024-04-19 15:05:00,1683,38.2344,38.255,38.24,38.255,38.235,39
2024-04-19 15:06:00,2575,38.2518,38.25,38.27,38.27,38.24,57
2024-04-19 15:07:00,3229,38.2953,38.28,38.3,38.32,38.27,50
2024-04-19 15:08:00,609,38.2906,38.29,38.31,38.31,38.29,31
2024-04-19 15:09:00,2197,38.3334,38.32,38.33,38.35,38.32,51
2024-04-19 15:10:00,671,38.317,38.35,38.35,38.35,38.35,21
2024-04-19 15:11:00,711,38.3237,38.32,38.33,38.33,38.32,26
2024-04-19 15:12:00,3128,38.3284,38.34,38.3,38.35,38.3,71
2024-04-19 15:13:00,1592,38.3076,38.31,38.31,38.31,38.295,31
2024-04-19 15:14:00,1536,38.2946,38.29,38.29,38.29,38.28,35
2024-04-19 15:15:00,1290,38.2959,38.295,38.29,38.3,38.29,32
2024-04-19 15:16:00,1691,38.2578,38.27,38.25,38.27,38.24,41
2024-04-19 15:17:00,1244,38.234,38.24,38.23,38.24,38.23,25
2024-04-19 15:18:00,1878,38.2308,38.22,38.22,38.24,38.22,36
2024-04-19 15:19:00,1209,38.2151,38.21,38.225,38.225,38.21,29
2024-04-19 15:20:00,1092,38.2173,38.22,38.19,38.23,38.19,26
2024-04-19 15:21:00,732,38.202,38.2,38.2,38.2,38.19,28
2024-04-19 15:22:00,1050,38.1892,38.18,38.19,38.19,38.17,35
2024-04-19 15:23:00,1269,38.1904,38.2,38.195,38.2,38.181,22
2024-04-19 15:24:00,760,38.1705,38.17,38.17,38.17,38.17,29
2024-04-19 15:25:00,247,38.17,38.17,38.17,38.17,38.17,17
2024-04-19 15:26:00,1638,38.1826,38.17,38.19,38.19,38.17,37
2024-04-19 15:27:00,522,38.1808,38.18,38.18,38.18,38.18,29
2024-04-19 15:28:00,633,38.175,38.17,38.17,38.175,38.17,24
2024-04-19 15:29:00,2198,38.1801,38.16,38.19,38.195,38.16,61
2024-04-19 15:30:00,1335,38.1946,38.18,38.205,38.205,38.18,29
2024-04-19 15:31:00,3541,38.1728,38.21,38.16,38.21,38.145,59
2024-04-19 15:32:00,1064,38.1659,38.16,38.17,38.17,38.16,31
2024-04-19 15:33:00,1180,38.1646,38.16,38.165,38.165,38.16,18
2024-04-19 15:34:00,627,38.16,38.16,38.16,38.16,38.16,26
2024-04-19 15:35:00,1130,38.1692,38.165,38.17,38.17,38.165,39
2024-04-19 15:36:00,2464,38.1517,38.17,38.15,38.17,38.14,69
2024-04-19 15:37:00,3331,38.1725,38.15,38.19,38.19,38.15,77
2024-04-19 15:38:00,353,38.1999,38.215,38.215,38.215,38.215,9
2024-04-19 15:39:00,1814,38.1974,38.22,38.22,38.22,38.21,32
2024-04-19 15:40:00,534,38.2191,38.23,38.22,38.23,38.2101,13
2024-04-19 15:41:00,233,38.2109,38.22,38.2,38.22,38.2,17
2024-04-19 15:42:00,4518,38.1911,38.215,38.145,38.2238,38.145,83
2024-04-19 15:43:00,3080,38.1714,38.15,38.19,38.19,38.15,63
2024-04-19 15:44:00,359,38.1994,38.19,38.21,38.21,38.19,16
2024-04-19 15:45:00,664,38.2085,38.21,38.21,38.21,38.19,19
2024-04-19 15:46:00,1101,38.2127,38.2226,38.21,38.2226,38.205,18
2024-04-19 15:47:00,1511,38.2331,38.22,38.26,38.26,38.22,40
2024-04-19 15:48:00,618,38.2629,38.27,38.26,38.27,38.26,18
2024-04-19 15:49:00,1027,38.2709,38.26,38.28,38.28,38.26,35
2024-04-19 15:50:00,1400,38.2929,38.29,38.29,38.29,38.29,25
2024-04-19 15:51:00,1236,38.3081,38.31,38.32,38.32,38.3,32
2024-04-19 15:52:00,1199,38.3078,38.32,38.3,38.32,38.3,29
2024-04-19 15:53:00,1490,38.2762,38.29,38.28,38.29,38.28,18
2024-04-19 15:54:00,1830,38.2994,38.28,38.3,38.311,38.28,55
2024-04-19 15:55:00,729,38.3021,38.3,38.3,38.31,38.3,16
2024-04-19 15:56:00,2459,38.2852,38.31,38.27,38.31,38.27,35
2024-04-19 15:57:00,1335,38.2498,38.26,38.22,38.26,38.22,30
2024-04-19 15:58:00,2457,38.2444,38.24,38.24,38.25,38.23,42
2024-04-19 15:59:00,856,38.2276,38.24,38.22,38.24,38.22,30
2024-04-19 16:00:00,739,38.2396,38.24,38.235,38.24,38.235,21
2024-04-19 16:01:00,4658,38.2464,38.235,38.235,38.26,38.235,92
2024-04-19 16:02:00,731,38.2327,38.24,38.23,38.24,38.23,18
2024-04-19 16:03:00,789,38.2532,38.24,38.24,38.24,38.24,10
2024-04-19 16:05:00,401,38.2299,38.23,38.23,38.23,38.23,9
2024-04-19 16:06:00,743,38.222,38.22,38.21,38.22,38.21,25
2024-04-19 16:07:00,888,38.2087,38.21,38.2,38.21,38.2,18
2024-04-19 16:08:00,2909,38.2124,38.2,38.23,38.23,38.2,76
2024-04-19 16:09:00,3043,38.248,38.23,38.25,38.28,38.23,66
2024-04-19 16:10:00,1470,38.2325,38.24,38.23,38.24,38.225,40
2024-04-19 16:11:00,733,38.2097,38.21,38.21,38.21,38.21,26
2024-04-19 16:12:00,2733,38.1946,38.19,38.19,38.19,38.185,50
2024-04-19 16:13:00,1046,38.1862,38.2,38.18,38.2,38.18,44
2024-04-19 16:14:00,1253,38.1786,38.19,38.17,38.19,38.17,35
2024-04-19 16:15:00,2438,38.1763,38.18,38.15,38.18,38.15,71
2024-04-19 16:16:00,1667,38.159,38.15,38.17,38.17,38.15,38
2024-04-19 16:17:00,1914,38.1696,38.17,38.17,38.17,38.16,45
2024-04-19 16:19:00,1527,38.1457,38.165,38.14,38.165,38.14,38
2024-04-19 16:20:00,1141,38.1489,38.15,38.155,38.155,38.15,36
2024-04-19 16:21:00,803,38.1432,38.135,38.15,38.15,38.135,22
2024-04-19 16:22:00,2638,38.123,38.12,38.11,38.13,38.11,80
2024-04-19 16:23:00,963,38.1035,38.11,38.09,38.11,38.09,27
2024-04-19 16:24:00,442,38.0838,38.08,38.08,38.08,38.08,27
2024-04-19 16:25:00,1672,38.0983,38.09,38.1,38.1,38.09,39
2024-04-19 16:26:00,790,38.1025,38.1,38.11,38.11,38.1,26
2024-04-19 16:27:00,3942,38.1094,38.11,38.12,38.12,38.1,40
2024-04-19 16:28:00,4341,38.127,38.115,38.135,38.14,38.115,70
2024-04-19 16:29:00,2399,38.117,38.13,38.11,38.13,38.11,67
2024-04-19 16:30:00,521,38.1173,38.11,38.11,38.11,38.11,18
2024-04-19 16:31:00,969,38.1142,38.1,38.115,38.12,38.1,29
2024-04-19 16:32:00,1225,38.1094,38.11,38.105,38.11,38.105,44
2024-04-19 16:33:00,2457,38.1187,38.115,38.12,38.125,38.11,67
2024-04-19 16:34:00,1383,38.1129,38.11,38.12,38.12,38.11,47
2024-04-19 16:35:00,593,38.1425,38.14,38.15,38.15,38.14,23
2024-04-19 16:36:00,1077,38.1302,38.13,38.13,38.13,38.13,30
2024-04-19 16:37:00,4483,38.1348,38.13,38.14,38.14,38.13,42
2024-04-19 16:38:00,752,38.1316,38.13,38.13,38.13,38.13,29
2024-04-19 16:39:00,5779,38.0847,38.12,38.075,38.12,38.075,41
2024-04-19 16:40:00,28162,38.0497,38.08,38.03,38.08,38.02,134
2024-04-19 16:41:00,21876,38.0159,38.02,38.03,38.04,38.0,70
2024-04-19 16:42:00,1312,38.0197,38.02,38.01,38.02,38.01,25
2024-04-19 16:43:00,7348,38.0838,38.03,38.13,38.13,38.03,100
2024-04-19 16:44:00,4988,38.1456,38.14,38.14,38.19,38.14,73
2024-04-19 16:45:00,2046,38.1565,38.14,38.16,38.17,38.14,44
2024-04-19 16:46:00,1732,38.1866,38.165,38.2,38.2,38.165,40
2024-04-19 16:47:00,2167,38.1815,38.185,38.17,38.2,38.17,44
2024-04-19 16:48:00,1113,38.1891,38.18,38.2,38.2,38.18,23
2024-04-19 16:49:00,2269,38.2108,38.21,38.2,38.22,38.2,44
2024-04-19 16:50:00,2207,38.2293,38.21,38.26,38.26,38.21,51
2024-04-19 16:51:00,1161,38.2465,38.25,38.24,38.25,38.24,35
2024-04-19 16:52:00,381,38.259,38.2662,38.2662,38.2662,38.2662,11
2024-04-19 16:53:00,712,38.2682,38.27,38.27,38.27,38.27,18
2024-04-19 16:54:00,1942,38.2269,38.27,38.23,38.27,38.23,35
2024-04-19 16:55:00,131,38.2228,38.22,38.22,38.22,38.22,12
2024-04-19 16:56:00,599,38.2463,38.25,38.24,38.25,38.24,13
2024-04-19 16:57:00,1830,38.259,38.25,38.26,38.27,38.25,36
2024-04-19 16:58:00,686,38.2503,38.25,38.25,38.25,38.25,18
2024-04-19 16:59:00,378,38.2549,38.25,38.26,38.26,38.25,13
2024-04-19 17:00:00,1186,38.2529,38.26,38.24,38.26,38.24,26
2024-04-19 17:01:00,6937,38.2504,38.26,38.25,38.26,38.24,34
2024-04-19 17:02:00,987,38.2401,38.2498,38.24,38.2498,38.24,25
2024-04-19 17:03:00,3586,38.2457,38.23,38.25,38.26,38.22,53
2024-04-19 17:04:00,643,38.2415,38.24,38.24,38.24,38.24,15
2024-04-19 17:05:00,317,38.23,38.235,38.235,38.235,38.235,5
2024-04-19 17:06:00,704,38.2259,38.22,38.23,38.23,38.22,16
2024-04-19 17:07:00,611,38.2398,38.23,38.23,38.23,38.23,10
2024-04-19 17:08:00,845,38.2301,38.23,38.23,38.23,38.23,20
2024-04-19 17:09:00,1429,38.2248,38.23,38.21,38.23,38.21,33
2024-04-19 17:10:00,925,38.2104,38.21,38.2,38.21,38.2,30
2024-04-19 17:11:00,1123,38.1972,38.19,38.17,38.19,38.17,24
2024-04-19 17:12:00,2896,38.1877,38.19,38.18,38.19,38.18,42
2024-04-19 17:13:00,692,38.1713,38.17,38.17,38.175,38.16,16
2024-04-19 17:14:00,462,38.166,38.1629,38.17,38.17,38.1629,14
2024-04-19 17:15:00,2569,38.1464,38.17,38.115,38.17,38.115,65
2024-04-19 17:16:00,1549,38.0955,38.11,38.07,38.11,38.07,29
2024-04-19 17:17:00,5351,38.0851,38.07,38.095,38.095,38.07,68
2024-04-19 17:18:00,4937,38.0981,38.09,38.12,38.12,38.08,63
2024-04-19 17:19:00,1444,38.1311,38.12,38.14,38.14,38.12,31
2024-04-19 17:20:00,952,38.1568,38.155,38.15,38.16,38.15,20
2024-04-19 17:21:00,2759,38.1348,38.16,38.115,38.16,38.115,49
2024-04-19 17:22:00,1074,38.1014,38.11,38.09,38.11,38.09,24
2024-04-19 17:23:00,3347,38.0937,38.09,38.09,38.1,38.09,50
2024-04-19 17:24:00,2152,38.0812,38.08,38.08,38.083,38.08,44
2024-04-19 17:25:00,1776,38.093,38.07,38.1,38.1,38.07,30
2024-04-19 17:26:00,1420,38.0883,38.09,38.08,38.1,38.08,33
2024-04-19 17:27:00,1454,38.0751,38.09,38.07,38.09,38.07,32
2024-04-19 17:28:00,701,38.0799,38.09,38.08,38.09,38.08,27
2024-04-19 17:29:00,830,38.0666,38.075,38.06,38.075,38.06,23
2024-04-19 17:30:00,4046,38.0746,38.05,38.09,38.09,38.05,60
2024-04-19 17:31:00,2747,38.0836,38.09,38.07,38.09,38.07,42
2024-04-19 17:32:00,698,38.0657,38.06,38.06,38.06,38.06,24
2024-04-19 17:33:00,515,38.0683,38.07,38.07,38.07,38.07,12
2024-04-19 17:34:00,1549,38.0607,38.06,38.06,38.06,38.06,28
2024-04-19 17:35:00,1391,38.0725,38.07,38.08,38.08,38.07,29
2024-04-19 17:36:00,318,38.0685,38.07,38.065,38.07,38.065,10
2024-04-19 17:37:00,2231,38.0756,38.08,38.07,38.08,38.0688,35
2024-04-19 17:38:00,1331,38.0676,38.06,38.065,38.0759,38.06,23
2024-04-19 17:39:00,919,38.0506,38.05,38.04,38.05,38.04,32
2024-04-19 17:40:00,138,38.0333,38.03,38.03,38.03,38.03,10
2024-04-19 17:41:00,260,38.0338,38.03,38.03,38.03,38.03,10
2024-04-19 17:42:00,4026,38.0531,38.04,38.07,38.07,38.04,71
2024-04-19 17:43:00,3290,38.0715,38.07,38.08,38.08,38.07,46
2024-04-19 17:44:00,1039,38.0731,38.0779,38.07,38.08,38.07,23
2024-04-19 17:45:00,819,38.0695,38.065,38.07,38.07,38.065,22
2024-04-19 17:46:00,3183,38.0549,38.06,38.07,38.07,38.03,66
2024-04-19 17:48:00,1567,38.0972,38.09,38.115,38.115,38.09,31
2024-04-19 17:49:00,416,38.1374,38.14,38.14,38.14,38.14,20
2024-04-19 17:50:00,1997,38.0963,38.16,38.15,38.16,38.15,15
2024-04-19 17:51:00,1746,38.1747,38.17,38.185,38.185,38.17,21
2024-04-19 17:52:00,901,38.1867,38.19,38.1898,38.19,38.1898,24
2024-04-19 17:53:00,574,38.18,38.18,38.18,38.18,38.18,15
2024-04-19 17:54:00,1621,38.2017,38.19,38.21,38.22,38.19,44
2024-04-19 17:55:00,2028,38.1903,38.21,38.18,38.21,38.18,43
2024-04-19 17:56:00,3890,38.165,38.17,38.12,38.17,38.12,49
2024-04-19 17:57:00,9474,38.1267,38.11,38.115,38.13,38.11,32
2024-04-19 17:58:00,2008,38.1299,38.13,38.13,38.13,38.13,36
2024-04-19 17:59:00,890,38.1267,38.13,38.12,38.13,38.12,25
2024-04-19 18:00:00,1839,38.0731,38.11,38.02,38.11,38.02,64
2024-04-19 18:01:00,1268,38.0346,38.01,37.98,38.01,37.98,31
2024-04-19 18:02:00,4939,37.9898,37.98,37.97,38.0,37.97,71
2024-04-19 18:04:00,1893,37.994,37.98,38.0,38.0,37.98,30
2024-04-19 18:05:00,2081,38.0074,38.01,38.0,38.01,38.0,48
2024-04-19 18:06:00,2560,37.9947,38.0,37.99,38.0,37.99,38
2024-04-19 18:07:00,7233,38.0007,37.98,38.05,38.05,37.97,119
2024-04-19 18:08:00,2033,38.0367,38.04,38.02,38.0407,38.02,28
2024-04-19 18:10:00,1012,38.0097,38.01,38.0,38.01,38.0,36
2024-04-19 18:11:00,1407,38.0073,37.995,38.01,38.01,37.995,23
2024-04-19 18:12:00,1729,38.0068,38.0,38.0,38.01,38.0,54
2024-04-19 18:13:00,663,38.0098,38.01,38.01,38.01,38.01,16
2024-04-19 18:14:00,850,37.9887,37.99,37.98,37.99,37.98,32
2024-04-19 18:15:00,2341,37.9578,37.97,37.94,37.97,37.94,50
2024-04-19 18:16:00,4114,37.9655,37.95,37.975,37.975,37.95,65
2024-04-19 18:17:00,813,37.9608,37.96,37.96,37.96,37.96,21
2024-04-19 18:18:00,1974,37.9776,37.96,37.98,37.9888,37.96,38
2024-04-19 18:19:00,3340,37.9862,37.99,37.98,37.995,37.98,44
2024-04-19 18:20:00,1891,37.9777,37.98,37.97,37.98,37.97,40
2024-04-19 18:21:00,1013,37.9893,37.99,38.0,38.0,37.99,24
2024-04-19 18:22:00,1987,37.9906,37.975,38.01,38.01,37.975,49
2024-04-19 18:23:00,712,38.0011,38.0,38.01,38.01,38.0,20
2024-04-19 18:24:00,2110,38.0039,38.01,38.02,38.02,38.0,37
2024-04-19 18:25:00,3509,38.0394,38.03,38.03,38.06,38.03,72
2024-04-19 18:26:00,526,38.0346,38.03,38.04,38.04,38.03,22
2024-04-19 18:27:00,408,38.0399,38.04,38.04,38.04,38.04,15
2024-04-19 18:28:00,2647,38.0468,38.05,38.04,38.06,38.04,60
2024-04-19 18:29:00,3460,38.0121,38.0465,37.98,38.0465,37.98,69
2024-04-19 18:30:00,1732,37.9863,37.97,38.0,38.0,37.97,38
2024-04-19 18:31:00,630,38.0153,38.01,38.01,38.01,38.01,7
2024-04-19 18:34:00,2510,38.007,37.995,38.02,38.02,37.995,54
2024-04-19 18:35:00,1867,38.0175,38.02,38.02,38.02,38.02,31
2024-04-19 18:36:00,1201,38.0088,38.02,38.0,38.02,38.0,26
2024-04-19 18:37:00,3706,37.9932,37.99,38.01,38.02,37.98,78
2024-04-19 18:38:00,1461,37.9835,37.99,37.97,37.99,37.97,44
2024-04-19 18:39:00,1009,37.9484,37.96,37.94,37.96,37.94,34
2024-04-19 18:40:00,1713,37.9211,37.94,37.92,37.94,37.92,40
2024-04-19 18:41:00,1596,37.9287,37.93,37.93,37.935,37.92,37
2024-04-19 18:42:00,993,37.9262,37.92,37.93,37.9382,37.92,21
2024-04-19 18:43:00,1633,37.9391,37.93,37.94,37.945,37.93,28
2024-04-19 18:44:00,3362,37.9139,37.95,37.89,37.95,37.89,68
2024-04-19 18:45:00,2530,37.9236,37.89,37.9,37.9,37.89,26
2024-04-19 18:46:00,2289,37.9171,37.91,37.91,37.93,37.91,56
2024-04-19 18:47:00,1027,37.8873,37.9,37.88,37.9,37.88,27
2024-04-19 18:48:00,889,37.8904,37.88,37.895,37.9,37.88,19
2024-04-19 18:49:00,1615,37.9533,37.97,37.96,37.97,37.96,51
2024-04-19 18:50:00,1495,37.9453,37.96,37.93,37.96,37.93,39
2024-04-19 18:51:00,1433,37.9099,37.93,37.9,37.93,37.9,43
2024-04-19 18:52:00,6554,37.8946,37.89,37.89,37.91,37.88,107
2024-04-19 18:53:00,1341,37.8811,37.88,37.885,37.885,37.88,33
2024-04-19 18:54:00,7273,37.8866,37.885,37.88,37.89,37.87,119
2024-04-19 18:55:00,21048,37.8906,37.88,37.885,37.89,37.88,206
2024-04-19 18:56:00,7396,37.886,37.885,37.875,37.89,37.875,112
2024-04-19 18:57:00,5359,37.8804,37.87,37.89,37.89,37.865,93
2024-04-19 18:58:00,5030,37.8878,37.89,37.88,37.89,37.88,75
2024-04-19 18:59:00,731,37.88,37.88,37.88,37.88,37.88,17
2024-04-19 19:00:00,5142,37.8682,37.87,37.88,37.88,37.855,84
2024-04-19 19:01:00,6289,37.887,37.88,37.895,37.895,37.88,89
2024-04-19 19:02:00,20132,37.8916,37.89,37.89,37.91,37.87,247
2024-04-19 19:03:00,8203,37.8906,37.89,37.92,37.92,37.88,138
2024-04-19 19:04:00,1165,37.9317,37.915,37.945,37.945,37.915,24
2024-04-19 19:05:00,4331,37.9193,37.94,37.9,37.94,37.9,83
2024-04-19 19:06:00,8558,37.8675,37.89,37.86,37.9,37.84,166
2024-04-19 19:07:00,4626,37.8693,37.85,37.855,37.885,37.85,77
2024-04-19 19:08:00,4185,37.857,37.85,37.855,37.855,37.84,65
2024-04-19 19:09:00,8703,37.8235,37.85,37.81,37.85,37.79,150
2024-04-19 19:10:00,1349,37.8211,37.82,37.83,37.83,37.81,32
2024-04-19 19:11:00,2714,37.8361,37.82,37.84,37.84,37.82,39
2024-04-19 19:12:00,2926,37.8493,37.84,37.85,37.85,37.84,66
2024-04-19 19:13:00,2277,37.8761,37.86,37.91,37.91,37.86,53
2024-04-19 19:14:00,5131,37.9051,37.93,37.91,37.93,37.88,107
2024-04-19 19:15:00,1666,37.9159,37.92,37.905,37.925,37.905,41
2024-04-19 19:16:00,1667,37.9026,37.91,37.89,37.91,37.89,33
2024-04-19 19:17:00,1289,37.8837,37.88,37.89,37.89,37.88,25
2024-04-19 19:18:00,7982,37.8725,37.89,37.89,37.89,37.88,79
2024-04-19 19:19:00,2705,37.8985,37.9,37.91,37.91,37.895,50
2024-04-19 19:20:00,2943,37.9152,37.91,37.91,37.925,37.91,64
2024-04-19 19:21:00,2022,37.8973,37.905,37.89,37.905,37.89,40
2024-04-19 19:22:00,3264,37.898,37.89,37.89,37.91,37.89,65
2024-04-19 19:23:00,1619,37.9042,37.9,37.9,37.91,37.9,32
2024-04-19 19:24:00,3203,37.8858,37.9,37.865,37.9,37.865,55
2024-04-19 19:25:00,1164,37.8797,37.86,37.86,37.87,37.86,20
2024-04-19 19:26:00,4458,37.8736,37.865,37.88,37.88,37.86,69
2024-04-19 19:27:00,2429,37.8842,37.8775,37.9,37.9,37.875,45
2024-04-19 19:28:00,3706,37.9133,37.9,37.919,37.925,37.9,53
2024-04-19 19:29:00,11344,37.9337,37.92,37.94,37.98,37.919,181
2024-04-19 19:30:00,2980,37.9535,37.94,37.97,37.97,37.94,59
2024-04-19 19:31:00,2578,37.9593,37.97,37.959,37.97,37.95,50
2024-04-19 19:32:00,3173,37.9688,37.955,37.98,37.98,37.955,80
2024-04-19 19:33:00,4897,37.9745,37.979,37.99,37.99,37.965,86
2024-04-19 19:34:00,4356,37.974,37.998,37.96,37.998,37.96,81
2024-04-19 19:35:00,4621,37.9533,37.965,37.94,37.965,37.93,93
2024-04-19 19:36:00,5160,37.8985,37.93,37.88,37.93,37.88,81
2024-04-19 19:37:00,9695,37.8942,37.89,37.91,37.91,37.88,123
2024-04-19 19:38:00,2889,37.9213,37.92,37.925,37.94,37.91,53
2024-04-19 19:39:00,5045,37.9153,37.92,37.9,37.925,37.9,124
2024-04-19 19:40:00,6199,37.9081,37.9,37.895,37.9,37.885,72
2024-04-19 19:41:00,5617,37.9117,37.895,37.94,37.94,37.895,91
2024-04-19 19:42:00,5942,37.9249,37.935,37.92,37.939,37.91,120
2024-04-19 19:43:00,2949,37.9216,37.92,37.92,37.93,37.91,63
2024-04-19 19:44:00,7805,37.9318,37.925,37.949,37.95,37.92,106
2024-04-19 19:45:00,4518,37.9333,37.94,37.92,37.94,37.92,108
2024-04-19 19:46:00,20316,37.9691,37.93,38.02,38.02,37.93,249
2024-04-19 19:47:00,8285,38.0247,38.01,38.045,38.05,38.01,149
2024-04-19 19:48:00,10913,38.0376,38.045,38.04,38.07,38.035,184
2024-04-19 19:49:00,7608,38.0299,38.05,38.01,38.05,38.01,135
2024-04-19 19:50:00,11493,38.0006,38.01,38.025,38.025,37.98,186
2024-04-19 19:51:00,13906,38.0038,38.025,37.975,38.03,37.97,213
2024-04-19 19:52:00,11640,37.9775,37.98,37.975,37.98,37.97,150
2024-04-19 19:53:00,17277,37.9768,37.975,38.005,38.009,37.96,195
2024-04-19 19:54:00,19072,38.0129,38.0075,38.019,38.03,38.0,256
2024-04-19 19:55:00,18373,38.0021,38.02,38.0,38.03,37.965,283
2024-04-19 19:56:00,17227,38.0061,37.995,38.03,38.03,37.995,161
2024-04-19 19:57:00,25183,38.0333,38.02,38.04,38.05,38.02,281
2024-04-19 19:58:00,19486,38.0249,38.03,38.025,38.03,38.015,250
2024-04-19 19:59:00,86429,38.0444,38.02,38.07,38.07,38.02,648
2024-04-19 20:00:00,11921,38.04,38.04,38.04,38.04,38.04,15
2024-04-19 20:20:00,101,38.04,38.04,38.04,38.04,38.04,1
2024-04-22 13:30:00,15657,38.2895,38.28,38.48,38.52,38.28,56
2024-04-22 13:31:00,1508,38.4219,38.41,38.43,38.44,38.41,36
2024-04-22 13:32:00,237,38.4674,38.46,38.475,38.475,38.46,12
2024-04-22 13:33:00,4734,38.3781,38.45,38.3225,38.45,38.3225,55
2024-04-22 13:34:00,1497,38.1992,38.31,38.12,38.31,38.09,21
2024-04-22 13:35:00,5636,38.1751,38.06,38.205,38.23,38.06,72
2024-04-22 13:39:00,4276,38.2336,38.19,38.36,38.38,38.13,81
2024-04-22 13:40:00,1166,38.2937,38.3,38.3034,38.3034,38.27,28
2024-04-22 13:41:00,947,38.3608,38.38,38.36,38.38,38.36,27
2024-04-22 13:42:00,1419,38.3745,38.37,38.39,38.4,38.34,33
2024-04-22 13:44:00,988,38.4481,38.425,38.47,38.47,38.425,27
2024-04-22 13:45:00,1098,38.4919,38.4857,38.5,38.5,38.4857,18
2024-04-22 13:46:00,4948,38.4783,38.505,38.4383,38.51,38.4,79
2024-04-22 13:47:00,157,38.4148,38.42,38.42,38.42,38.42,11
2024-04-22 13:48:00,1948,38.4179,38.38,38.445,38.45,38.38,38
2024-04-22 13:49:00,241,38.4198,38.435,38.41,38.435,38.41,11
2024-04-22 13:50:00,462,38.4111,38.42,38.4,38.42,38.4,17
2024-04-22 13:51:00,2543,38.4367,38.41,38.455,38.455,38.41,39
2024-04-22 13:52:00,1149,38.4676,38.47,38.45,38.47,38.45,28
2024-04-22 13:53:00,1963,38.4168,38.43,38.4,38.44,38.4,39
2024-04-22 13:54:00,1976,38.3729,38.39,38.38,38.39,38.34,41
2024-04-22 13:56:00,1495,38.3869,38.3794,38.4,38.4,38.375,22
2024-04-22 13:57:00,1535,38.3824,38.38,38.385,38.39,38.37,29
2024-04-22 13:58:00,2783,38.3216,38.36,38.33,38.36,38.3,44
2024-04-22 13:59:00,908,38.3495,38.35,38.36,38.36,38.35,22
2024-04-22 14:00:00,528,38.4047,38.4,38.415,38.415,38.39,18
2024-04-22 14:02:00,973,38.4215,38.43,38.42,38.43,38.4,21
2024-04-22 14:03:00,2095,38.4241,38.42,38.42,38.44,38.41,41
2024-04-22 14:04:00,2957,38.4604,38.43,38.4899,38.4899,38.41,38
2024-04-22 14:05:00,488,38.4943,38.495,38.49,38.495,38.49,16
2024-04-22 14:06:00,3569,38.4636,38.4999,38.425,38.4999,38.425,56
2024-04-22 14:07:00,3557,38.3846,38.38,38.34,38.4,38.34,70
2024-04-22 14:08:00,9560,38.3196,38.31,38.3,38.34,38.3,127
2024-04-22 14:09:00,2625,38.2874,38.315,38.29,38.315,38.27,52
2024-04-22 14:10:00,1324,38.3248,38.3199,38.31,38.33,38.31,44
2024-04-22 14:11:00,2274,38.371,38.34,38.41,38.41,38.34,45
2024-04-22 14:12:00,1197,38.4123,38.4247,38.41,38.4247,38.405,19
2024-04-22 14:13:00,2523,38.4098,38.423,38.39,38.43,38.39,48
2024-04-22 14:14:00,4633,38.3626,38.39,38.385,38.3928,38.33,85
2024-04-22 14:15:00,213,38.382,38.385,38.38,38.385,38.38,6
2024-04-22 14:16:00,1611,38.4017,38.4,38.41,38.41,38.385,38
2024-04-22 14:17:00,1504,38.4249,38.41,38.43,38.45,38.41,37
2024-04-22 14:18:00,1570,38.4496,38.43,38.47,38.47,38.43,59
2024-04-22 14:19:00,1645,38.4683,38.47,38.45,38.47,38.45,26
2024-04-22 14:20:00,1461,38.5076,38.48,38.51,38.53,38.48,45
2024-04-22 14:21:00,1701,38.4913,38.5,38.5029,38.5029,38.475,37
2024-04-22 14:22:00,738,38.4588,38.47,38.45,38.47,38.45,27
2024-04-22 14:23:00,1505,38.4776,38.4548,38.49,38.51,38.445,42
2024-04-22 14:24:00,881,38.4936,38.505,38.495,38.505,38.49,24
2024-04-22 14:25:00,1054,38.4773,38.48,38.48,38.48,38.47,29
2024-04-22 14:26:00,736,38.4869,38.5007,38.49,38.5007,38.48,18
2024-04-22 14:27:00,2779,38.5096,38.51,38.5,38.5399,38.5,65
2024-04-22 14:28:00,1881,38.4593,38.49,38.455,38.49,38.44,46
2024-04-22 14:30:00,1539,38.4274,38.46,38.423,38.46,38.415,43
2024-04-22 14:31:00,1135,38.4048,38.41,38.39,38.415,38.39,34
2024-04-22 14:32:00,1496,38.444,38.41,38.4734,38.4734,38.41,59
2024-04-22 14:33:00,1018,38.4833,38.45,38.495,38.51,38.45,28
2024-04-22 14:34:00,1539,38.4772,38.51,38.46,38.51,38.46,34
2024-04-22 14:35:00,3165,38.4441,38.46,38.42,38.46,38.42,54
2024-04-22 14:36:00,1951,38.4232,38.42,38.42,38.43,38.42,51
2024-04-22 14:37:00,1948,38.4341,38.42,38.465,38.465,38.42,40
2024-04-22 14:38:00,1517,38.4405,38.45,38.43,38.45,38.43,24
2024-04-22 14:39:00,3456,38.4413,38.42,38.44,38.45,38.42,57
2024-04-22 14:40:00,2236,38.4562,38.45,38.45,38.46,38.45,49
2024-04-22 14:41:00,1103,38.4693,38.46,38.48,38.48,38.46,31
2024-04-22 14:42:00,1749,38.4712,38.49,38.48,38.49,38.46,35
2024-04-22 14:43:00,978,38.476,38.47,38.48,38.48,38.465,40
2024-04-22 14:44:00,4345,38.465,38.485,38.44,38.488,38.44,71
2024-04-22 14:45:00,4646,38.4123,38.43,38.405,38.43,38.405,63
2024-04-22 14:46:00,8155,38.4117,38.4,38.4722,38.4722,38.39,93
2024-04-22 14:47:00,4639,38.4215,38.45,38.43,38.45,38.39,83
2024-04-22 14:48:00,15083,38.3835,38.4,38.4,38.4,38.37,107
2024-04-22 14:49:00,3210,38.3662,38.41,38.36,38.41,38.34,60
2024-04-22 14:50:00,2893,38.3686,38.38,38.34,38.385,38.34,62
2024-04-22 14:51:00,1983,38.3328,38.345,38.32,38.35,38.31,53
2024-04-22 14:52:00,12154,38.3407,38.33,38.32,38.37,38.32,64
2024-04-22 14:53:00,1260,38.3343,38.335,38.33,38.335,38.33,20
2024-04-22 14:54:00,2899,38.344,38.35,38.315,38.36,38.315,81
2024-04-22 14:55:00,800,38.3182,38.325,38.31,38.34,38.31,21
2024-04-22 14:56:00,858,38.3079,38.305,38.31,38.31,38.305,28
2024-04-22 14:57:00,2891,38.2805,38.3,38.28,38.3,38.27,53
2024-04-22 14:58:00,4618,38.2537,38.28,38.23,38.28,38.23,69
2024-04-22 14:59:00,746,38.2378,38.25,38.23,38.25,38.23,25
2024-04-22 15:00:00,12111,38.2021,38.22,38.2,38.22,38.18,75
2024-04-22 15:01:00,2362,38.1982,38.2,38.21,38.21,38.185,55
2024-04-22 15:02:00,1382,38.2072,38.22,38.2,38.22,38.2,20
2024-04-22 15:03:00,2272,38.2222,38.21,38.23,38.24,38.21,47
2024-04-22 15:04:00,5689,38.253,38.215,38.29,38.29,38.21,84
2024-04-22 15:05:00,2982,38.3103,38.29,38.34,38.34,38.28,49
2024-04-22 15:06:00,4458,38.315,38.34,38.3,38.34,38.3,76
2024-04-22 15:07:00,795,38.3083,38.305,38.31,38.31,38.305,19
2024-04-22 15:08:00,2311,38.3198,38.3153,38.33,38.33,38.3153,40
2024-04-22 15:09:00,2818,38.3253,38.33,38.3588,38.3588,38.32,61
2024-04-22 15:10:00,2335,38.341,38.36,38.36,38.37,38.35,36
2024-04-22 15:11:00,1731,38.3512,38.35,38.37,38.37,38.345,50
2024-04-22 15:12:00,520,38.3771,38.3945,38.3945,38.3945,38.3945,22
2024-04-22 15:13:00,1877,38.408,38.3825,38.42,38.43,38.3825,30
2024-04-22 15:14:00,2084,38.4244,38.43,38.43,38.45,38.43,44
2024-04-22 15:15:00,3632,38.4296,38.435,38.45,38.45,38.42,79
2024-04-22 15:16:00,2317,38.4698,38.47,38.48,38.48,38.46,31
2024-04-22 15:17:00,3509,38.5072,38.48,38.5325,38.55,38.48,60
2024-04-22 15:18:00,5781,38.5623,38.54,38.59,38.59,38.53,126
2024-04-22 15:19:00,3425,38.5837,38.58,38.57,38.61,38.57,67
2024-04-22 15:20:00,3293,38.553,38.56,38.545,38.575,38.53,60
2024-04-22 15:21:00,2502,38.5435,38.55,38.54,38.55,38.53,52
2024-04-22 15:22:00,5436,38.5123,38.54,38.5099,38.54,38.48,78
2024-04-22 15:23:00,2872,38.4961,38.495,38.5,38.5,38.495,22
2024-04-22 15:24:00,4620,38.5182,38.5,38.51,38.53,38.5,74
2024-04-22 15:25:00,2360,38.487,38.5,38.46,38.51,38.46,53
2024-04-22 15:26:00,2807,38.4704,38.46,38.49,38.49,38.46,53
2024-04-22 15:27:00,566,38.4771,38.48,38.4844,38.4844,38.475,17
2024-04-22 15:28:00,3268,38.4554,38.48,38.44,38.48,38.44,65
2024-04-22 15:29:00,3418,38.4871,38.46,38.52,38.52,38.45,87
2024-04-22 15:30:00,1739,38.5043,38.515,38.48,38.515,38.48,42
2024-04-22 15:31:00,1139,38.4803,38.485,38.475,38.485,38.475,25
2024-04-22 15:32:00,3079,38.4538,38.47,38.45,38.47,38.445,54
2024-04-22 15:33:00,5685,38.4296,38.44,38.43,38.44,38.41,67
2024-04-22 15:34:00,3740,38.4118,38.42,38.395,38.43,38.38,47
2024-04-22 15:35:00,2487,38.3886,38.38,38.385,38.4,38.38,37
2024-04-22 15:36:00,370,38.3919,38.39,38.385,38.39,38.385,7
2024-04-22 15:37:00,2365,38.3861,38.39,38.3825,38.39,38.37,52
2024-04-22 15:38:00,2956,38.3517,38.37,38.35,38.37,38.34,44
2024-04-22 15:39:00,1771,38.3743,38.36,38.3962,38.3962,38.36,38
2024-04-22 15:40:00,1072,38.4107,38.41,38.41,38.4227,38.41,18
2024-04-22 15:41:00,2538,38.3704,38.41,38.34,38.41,38.34,44
2024-04-22 15:42:00,639,38.3229,38.33,38.32,38.33,38.32,12
2024-04-22 15:43:00,1856,38.3121,38.33,38.29,38.33,38.29,32
2024-04-22 15:44:00,2696,38.318,38.305,38.31,38.33,38.305,52
2024-04-22 15:45:00,242,38.315,38.3207,38.3207,38.3207,38.3207,6
2024-04-22 15:46:00,1561,38.3108,38.31,38.31,38.31,38.31,6
2024-04-22 15:47:00,2313,38.3227,38.31,38.33,38.33,38.31,45
2024-04-22 15:48:00,1292,38.3371,38.35,38.33,38.35,38.33,28
2024-04-22 15:49:00,1228,38.3302,38.33,38.33,38.33,38.33,12
2024-04-22 15:50:00,2114,38.3424,38.34,38.37,38.37,38.33,47
2024-04-22 15:51:00,1468,38.3383,38.345,38.34,38.3538,38.33,28
2024-04-22 15:52:00,944,38.3356,38.34,38.34,38.34,38.34,27
2024-04-22 15:53:00,1712,38.3505,38.34,38.365,38.365,38.34,49
2024-04-22 15:54:00,1136,38.3661,38.36,38.3799,38.38,38.36,27
2024-04-22 15:55:00,1200,38.3714,38.37,38.4,38.4,38.37,26
2024-04-22 15:56:00,2153,38.3939,38.3998,38.39,38.4,38.39,53
2024-04-22 15:57:00,1508,38.3836,38.39,38.38,38.39,38.38,36
2024-04-22 15:58:00,1832,38.3792,38.375,38.38,38.39,38.37,26
2024-04-22 15:59:00,1855,38.3963,38.38,38.42,38.42,38.38,38
2024-04-22 16:00:00,642,38.4357,38.435,38.44,38.45,38.435,12
2024-04-22 16:01:00,1432,38.4315,38.44,38.435,38.45,38.43,34
2024-04-22 16:02:00,1212,38.4523,38.435,38.46,38.46,38.435,42
2024-04-22 16:03:00,5613,38.4661,38.48,38.45,38.48,38.45,103
2024-04-22 16:04:00,6966,38.4696,38.46,38.49,38.505,38.45,66
2024-04-22 16:05:00,4282,38.4733,38.48,38.47,38.4853,38.45,57
2024-04-22 16:06:00,4362,38.4605,38.47,38.464,38.47,38.455,47
2024-04-22 16:07:00,2807,38.4644,38.46,38.47,38.47,38.46,49
2024-04-22 16:08:00,1005,38.4696,38.47,38.47,38.48,38.46,18
2024-04-22 16:09:00,1655,38.4749,38.47,38.47,38.48,38.47,36
2024-04-22 16:10:00,3071,38.4691,38.465,38.48,38.48,38.465,56
2024-04-22 16:11:00,1087,38.469,38.48,38.465,38.48,38.46,24
2024-04-22 16:12:00,1510,38.4534,38.46,38.4553,38.46,38.45,30
2024-04-22 16:13:00,2149,38.4584,38.45,38.47,38.47,38.45,50
2024-04-22 16:14:00,3402,38.4796,38.48,38.465,38.5,38.465,60
2024-04-22 16:15:00,1089,38.4743,38.47,38.48,38.48,38.47,22
2024-04-22 16:16:00,2995,38.485,38.47,38.495,38.5,38.47,56
2024-04-22 16:17:00,4220,38.4895,38.495,38.5,38.5,38.48,52
2024-04-22 16:18:00,2020,38.5024,38.515,38.5,38.515,38.5,50
2024-04-22 16:19:00,6137,38.4589,38.49,38.45,38.49,38.445,95
2024-04-22 16:20:00,24732,38.4583,38.4481,38.47,38.49,38.43,128
2024-04-22 16:21:00,4133,38.535,38.48,38.555,38.57,38.48,60
2024-04-22 16:22:00,1125,38.5732,38.555,38.575,38.59,38.555,31
2024-04-22 16:23:00,872,38.5667,38.57,38.57,38.59,38.57,18
2024-04-22 16:24:00,3238,38.5387,38.57,38.515,38.575,38.51,53
2024-04-22 16:25:00,4264,38.5061,38.5,38.515,38.52,38.5,68
2024-04-22 16:26:00,10172,38.5674,38.51,38.58,38.622,38.49,149
2024-04-22 16:27:00,1480,38.5674,38.57,38.5799,38.5799,38.56,28
2024-04-22 16:28:00,8938,38.5493,38.565,38.54,38.58,38.52,129
2024-04-22 16:29:00,2896,38.5585,38.54,38.57,38.57,38.54,46
2024-04-22 16:30:00,566,38.5795,38.58,38.57,38.58,38.57,26
2024-04-22 16:31:00,2565,38.5731,38.58,38.57,38.58,38.57,59
2024-04-22 16:32:00,932,38.565,38.555,38.57,38.57,38.555,25
2024-04-22 16:33:00,196,38.5728,38.575,38.575,38.575,38.575,9
2024-04-22 16:34:00,1854,38.5869,38.56,38.605,38.605,38.56,48
2024-04-22 16:35:00,1736,38.6053,38.62,38.63,38.63,38.62,37
2024-04-22 16:36:00,1744,38.6131,38.63,38.61,38.63,38.61,35
2024-04-22 16:37:00,2439,38.6256,38.61,38.625,38.64,38.61,72
2024-04-22 16:38:00,2726,38.5858,38.61,38.56,38.61,38.56,45
2024-04-22 16:39:00,2566,38.5803,38.565,38.58,38.58,38.565,41
2024-04-22 16:40:00,843,38.5884,38.5876,38.58,38.59,38.58,23
2024-04-22 16:41:00,894,38.5979,38.5929,38.6,38.6,38.5927,25
2024-04-22 16:42:00,1325,38.6323,38.61,38.65,38.65,38.61,35
2024-04-22 16:43:00,2784,38.6407,38.64,38.64,38.6501,38.64,51
2024-04-22 16:44:00,1857,38.6571,38.65,38.655,38.665,38.65,36
2024-04-22 16:45:00,3034,38.6369,38.64,38.635,38.64,38.63,52
2024-04-22 16:46:00,2248,38.6562,38.64,38.68,38.68,38.64,48
2024-04-22 16:47:00,8886,38.6629,38.68,38.64,38.7,38.63,112
2024-04-22 16:48:00,2434,38.6804,38.66,38.68,38.7,38.66,47
2024-04-22 16:49:00,1212,38.7102,38.705,38.72,38.72,38.7,20
2024-04-22 16:50:00,725,38.7314,38.7236,38.73,38.73,38.7236,32
2024-04-22 16:51:00,3512,38.7175,38.74,38.715,38.74,38.7,50
2024-04-22 16:52:00,1737,38.7251,38.71,38.73,38.73,38.71,51
2024-04-22 16:53:00,2633,38.7206,38.73,38.72,38.73,38.715,43
2024-04-22 16:54:00,2580,38.7303,38.72,38.735,38.745,38.72,65
2024-04-22 16:55:00,1520,38.7424,38.735,38.74,38.76,38.735,25
2024-04-22 16:56:00,2158,38.7487,38.74,38.76,38.76,38.74,37
2024-04-22 16:57:00,2021,38.7482,38.77,38.77,38.77,38.76,39
2024-04-22 16:58:00,1999,38.7587,38.76,38.755,38.765,38.75,40
2024-04-22 16:59:00,3227,38.7529,38.755,38.75,38.76,38.743,68
2024-04-22 17:00:00,4508,38.7238,38.75,38.705,38.75,38.695,77
2024-04-22 17:01:00,775,38.7127,38.705,38.71,38.71,38.705,21
2024-04-22 17:02:00,2006,38.7201,38.71,38.735,38.735,38.71,38
2024-04-22 17:03:00,3265,38.736,38.735,38.75,38.7506,38.73,53
2024-04-22 17:04:00,3819,38.766,38.75,38.77,38.77,38.75,49
2024-04-22 17:05:00,2824,38.7632,38.775,38.76,38.775,38.755,46
2024-04-22 17:06:00,2562,38.7775,38.76,38.81,38.81,38.76,51
2024-04-22 17:07:00,1480,38.7833,38.81,38.795,38.81,38.795,25
2024-04-22 17:08:00,2013,38.815,38.81,38.82,38.82,38.81,43
2024-04-22 17:09:00,3890,38.8258,38.82,38.8436,38.8436,38.82,69
2024-04-22 17:10:00,1616,38.843,38.85,38.86,38.86,38.81,47
2024-04-22 17:11:00,5779,38.8292,38.86,38.82,38.87,38.8,104
2024-04-22 17:12:00,1486,38.8301,38.83,38.84,38.84,38.82,38
2024-04-22 17:13:00,1840,38.8474,38.84,38.86,38.865,38.84,34
2024-04-22 17:14:00,1763,38.8503,38.86,38.85,38.86,38.84,33
2024-04-22 17:15:00,1913,38.8278,38.84,38.825,38.84,38.825,43
2024-04-22 17:16:00,2312,38.7925,38.8,38.79,38.8,38.79,34
2024-04-22 17:17:00,4612,38.7889,38.79,38.78,38.8,38.78,66
2024-04-22 17:18:00,1939,38.7983,38.78,38.815,38.82,38.78,48
2024-04-22 17:19:00,1077,38.8053,38.815,38.81,38.815,38.8003,18
2024-04-22 17:20:00,1390,38.8186,38.81,38.82,38.825,38.81,27
2024-04-22 17:21:00,4513,38.8226,38.83,38.81,38.84,38.81,86
2024-04-22 17:22:00,6977,38.8504,38.8,38.8775,38.88,38.8,104
2024-04-22 17:23:00,7164,38.8391,38.87,38.81,38.87,38.81,111
2024-04-22 17:24:00,16021,38.8213,38.81,38.84,38.84,38.81,93
2024-04-22 17:25:00,453,38.8402,38.84,38.84,38.84,38.84,12
2024-04-22 17:26:00,2506,38.8538,38.84,38.87,38.87,38.84,60
2024-04-22 17:27:00,21246,38.8433,38.88,38.88,38.88,38.875,67
2024-04-22 17:28:00,2172,38.8786,38.88,38.87,38.89,38.87,41
2024-04-22 17:29:00,1404,38.8734,38.88,38.88,38.88,38.87,31
2024-04-22 17:30:00,1407,38.8741,38.88,38.87,38.88,38.86,27
2024-04-22 17:31:00,1403,38.8568,38.86,38.845,38.87,38.845,39
2024-04-22 17:32:00,5078,38.8659,38.84,38.905,38.92,38.84,94
2024-04-22 17:33:00,1008,38.9078,38.92,38.905,38.92,38.905,17
2024-04-22 17:34:00,5724,38.8986,38.9,38.89,38.91,38.88,95
2024-04-22 17:35:00,2079,38.8737,38.9,38.86,38.9,38.85,38
2024-04-22 17:36:00,1926,38.8661,38.84,38.87,38.87,38.84,35
2024-04-22 17:37:00,687,38.8652,38.8744,38.86,38.8744,38.86,16
2024-04-22 17:38:00,1745,38.8648,38.855,38.88,38.88,38.855,48
2024-04-22 17:39:00,2538,38.9039,38.88,38.91,38.93,38.88,51
2024-04-22 17:40:00,1326,38.9299,38.93,38.94,38.94,38.93,29
2024-04-22 17:41:00,4466,38.9174,38.94,38.9,38.94,38.9,63
2024-04-22 17:42:00,1534,38.9268,38.92,38.94,38.94,38.92,38
2024-04-22 17:43:00,2119,38.9335,38.94,38.94,38.94,38.92,38
2024-04-22 17:44:00,2207,38.9197,38.93,38.94,38.94,38.93,29
2024-04-22 17:45:00,2396,38.9553,38.93,38.97,38.98,38.93,63
2024-04-22 17:46:00,3345,38.9651,38.97,38.959,38.97,38.95,71
2024-04-22 17:47:00,1403,38.9633,38.96,38.98,38.98,38.96,34
2024-04-22 17:48:00,1752,38.971,38.97,38.98,38.98,38.97,24
2024-04-22 17:49:00,740,38.9686,38.97,38.96,38.98,38.96,16
2024-04-22 17:50:00,625,38.9714,38.97,38.97,38.97,38.97,16
2024-04-22 17:51:00,2534,38.979,38.97,38.985,38.99,38.97,59
2024-04-22 17:52:00,6096,39.003,38.99,39.0,39.02,38.985,102
2024-04-22 17:53:00,2030,38.9977,39.0,38.99,39.02,38.99,30
2024-04-22 17:54:00,4266,38.9962,38.985,39.03,39.03,38.985,85
2024-04-22 17:55:00,3800,38.9889,39.035,38.985,39.035,38.97,58
2024-04-22 17:56:00,900,38.9654,38.97,38.98,38.98,38.96,20
2024-04-22 17:57:00,1851,38.9793,38.97,39.0,39.0,38.95,29
2024-04-22 17:58:00,1184,38.9955,38.995,39.01,39.01,38.995,16
2024-04-22 17:59:00,1914,38.9947,39.0,38.99,39.0,38.99,27
2024-04-22 18:00:00,469,38.9833,38.99,38.98,38.99,38.98,16
2024-04-22 18:01:00,3073,38.9921,38.98,39.0,39.0,38.975,66
2024-04-22 18:02:00,1647,39.0099,39.0,39.02,39.02,38.995,43
2024-04-22 18:03:00,1853,39.0235,39.02,39.03,39.03,39.02,23
2024-04-22 18:04:00,1981,39.0447,39.04,39.065,39.065,39.03,38
2024-04-22 18:05:00,2202,39.0686,39.07,39.05,39.08,39.05,40
2024-04-22 18:06:00,1914,39.0399,39.0425,39.05,39.05,39.03,36
2024-04-22 18:07:00,172,39.0422,39.04,39.04,39.04,39.04,6
2024-04-22 18:08:00,4031,39.0531,39.05,39.07,39.08,39.05,57
2024-04-22 18:09:00,2535,39.0804,39.07,39.09,39.09,39.07,41
2024-04-22 18:10:00,866,39.0799,39.09,39.085,39.09,39.08,11
2024-04-22 18:11:00,9544,39.0438,39.07,38.9914,39.08,38.99,136
2024-04-22 18:12:00,1256,39.0117,39.01,39.02,39.02,39.01,51
2024-04-22 18:13:00,1701,39.0316,39.03,39.05,39.05,39.02,27
2024-04-22 18:14:00,424,39.0428,39.04,39.05,39.05,39.04,15
2024-04-22 18:15:00,1660,39.0458,39.04,39.05,39.05,39.04,34
2024-04-22 18:16:00,2703,39.0657,39.06,39.07,39.08,39.06,63
2024-04-22 18:17:00,1848,39.0613,39.06,39.07,39.07,39.06,43
2024-04-22 18:18:00,4928,39.0513,39.06,39.06,39.06,39.045,72
2024-04-22 18:19:00,3322,39.0912,39.08,39.11,39.11,39.08,55
2024-04-22 18:20:00,428,39.097,39.11,39.11,39.11,39.11,13
2024-04-22 18:21:00,3192,39.1337,39.11,39.16,39.16,39.11,61
2024-04-22 18:22:00,2845,39.1441,39.15,39.16,39.16,39.14,54
2024-04-22 18:23:00,1132,39.1465,39.14,39.145,39.16,39.14,29
2024-04-22 18:24:00,3041,39.139,39.14,39.135,39.15,39.135,56
2024-04-22 18:25:00,4533,39.1192,39.13,39.115,39.13,39.11,60
2024-04-22 18:26:00,1769,39.1332,39.12,39.15,39.15,39.12,43
2024-04-22 18:27:00,4128,39.1467,39.15,39.15,39.16,39.14,73
2024-04-22 18:28:00,3031,39.1395,39.13,39.14,39.15,39.13,42
2024-04-22 18:29:00,7753,39.115,39.145,39.11,39.15,39.1,115
2024-04-22 18:30:00,3523,39.1266,39.11,39.11,39.11,39.11,13
2024-04-22 18:31:00,2029,39.1141,39.1,39.14,39.14,39.1,43
2024-04-22 18:32:00,3778,39.1681,39.14,39.159,39.2,39.14,87
2024-04-22 18:33:00,10455,39.1685,39.17,39.18,39.19,39.16,156
2024-04-22 18:34:00,1969,39.1717,39.18,39.1725,39.18,39.17,26
2024-04-22 18:35:00,3486,39.1596,39.16,39.15,39.17,39.15,32
2024-04-22 18:36:00,946,39.1519,39.15,39.15,39.16,39.15,14
2024-04-22 18:37:00,2990,39.1629,39.14,39.17,39.17,39.14,55
2024-04-22 18:38:00,1666,39.15,39.16,39.145,39.16,39.14,32
2024-04-22 18:39:00,4894,39.1281,39.145,39.1,39.145,39.1,66
2024-04-22 18:40:00,944,39.1093,39.1,39.1,39.11,39.095,15
2024-04-22 18:41:00,5203,39.0802,39.1,39.09,39.1,39.065,100
2024-04-22 18:42:00,712,39.0893,39.09,39.09,39.09,39.09,15
2024-04-22 18:43:00,2355,39.081,39.09,39.09,39.09,39.075,41
2024-04-22 18:44:00,796,39.0798,39.09,39.075,39.09,39.075,28
2024-04-22 18:45:00,3137,39.0756,39.08,39.065,39.08,39.065,54
2024-04-22 18:46:00,2810,39.0472,39.06,39.039,39.06,39.039,40
2024-04-22 18:47:00,6248,39.0598,39.03,39.1,39.1,39.03,93
2024-04-22 18:48:00,2885,39.0826,39.09,39.095,39.095,39.07,44
2024-04-22 18:49:00,3029,39.1215,39.12,39.12,39.14,39.11,41
2024-04-22 18:50:00,2275,39.1154,39.13,39.11,39.13,39.11,24
2024-04-22 18:51:00,589,39.1141,39.115,39.115,39.12,39.115,14
2024-04-22 18:52:00,4416,39.103,39.115,39.1073,39.115,39.1,47
2024-04-22 18:53:00,2437,39.1125,39.105,39.12,39.12,39.105,44
2024-04-22 18:54:00,3212,39.1537,39.13,39.18,39.18,39.13,61
2024-04-22 18:55:00,4757,39.1448,39.16,39.13,39.17,39.13,69
2024-04-22 18:56:00,4338,39.1405,39.13,39.15,39.15,39.13,64
2024-04-22 18:57:00,947,39.1489,39.15,39.15,39.15,39.145,14
2024-04-22 18:58:00,3646,39.1611,39.15,39.165,39.18,39.15,72
2024-04-22 18:59:00,1010,39.1747,39.175,39.18,39.18,39.17,26
2024-04-22 19:00:00,5000,39.1531,39.16,39.17,39.17,39.14,83
2024-04-22 19:01:00,1261,39.1538,39.16,39.15,39.16,39.15,21
2024-04-22 19:02:00,5670,39.1809,39.16,39.19,39.2,39.16,84
2024-04-22 19:03:00,4422,39.2012,39.2,39.21,39.21,39.2,75
2024-04-22 19:04:00,3110,39.1786,39.19,39.165,39.19,39.165,58
2024-04-22 19:05:00,5969,39.176,39.17,39.18,39.19,39.17,93
2024-04-22 19:06:00,2341,39.1876,39.17,39.2,39.205,39.17,53
2024-04-22 19:07:00,1168,39.1996,39.205,39.195,39.205,39.195,27
2024-04-22 19:08:00,1564,39.1992,39.2,39.2,39.21,39.19,35
2024-04-22 19:09:00,8243,39.2108,39.195,39.23,39.23,39.195,143
2024-04-22 19:10:00,7322,39.2038,39.22,39.18,39.22,39.18,95
2024-04-22 19:11:00,4547,39.159,39.18,39.14,39.18,39.14,64
2024-04-22 19:12:00,4051,39.1631,39.14,39.209,39.21,39.135,78
2024-04-22 19:13:00,2508,39.1969,39.2,39.2,39.2,39.18,65
2024-04-22 19:14:00,1979,39.2146,39.21,39.22,39.23,39.2,40
2024-04-22 19:15:00,3426,39.2068,39.22,39.2177,39.22,39.2,63
2024-04-22 19:16:00,1907,39.1984,39.2,39.19,39.2,39.19,32
2024-04-22 19:17:00,3468,39.1871,39.19,39.185,39.2,39.18,54
2024-04-22 19:18:00,2210,39.1966,39.185,39.195,39.2,39.185,54
2024-04-22 19:19:00,4138,39.193,39.195,39.195,39.2,39.18,73
2024-04-22 19:20:00,7919,39.1692,39.19,39.155,39.19,39.145,109
2024-04-22 19:21:00,2288,39.1505,39.15,39.15,39.16,39.14,53
2024-04-22 19:22:00,2396,39.1601,39.155,39.16,39.165,39.155,52
2024-04-22 19:23:00,1438,39.1522,39.16,39.145,39.16,39.145,50
2024-04-22 19:24:00,3930,39.138,39.14,39.13,39.14,39.13,51
2024-04-22 19:25:00,2811,39.1222,39.12,39.115,39.125,39.11,52
2024-04-22 19:26:00,5031,39.1092,39.115,39.11,39.12,39.1,97
2024-04-22 19:27:00,2619,39.1087,39.11,39.11,39.11,39.105,57
2024-04-22 19:28:00,1940,39.1018,39.1,39.1,39.1,39.1,36
2024-04-22 19:29:00,4221,39.1074,39.11,39.1,39.11,39.1,96
2024-04-22 19:30:00,4565,39.0766,39.1,39.07,39.1,39.06,93
2024-04-22 19:31:00,5807,39.0602,39.07,39.065,39.07,39.05,79
2024-04-22 19:32:00,5374,39.0612,39.065,39.05,39.07,39.05,92
2024-04-22 19:33:00,3705,39.0429,39.05,39.03,39.05,39.03,70
2024-04-22 19:34:00,4823,39.0207,39.02,39.005,39.035,39.0,82
2024-04-22 19:35:00,6441,38.9987,39.0,38.99,39.01,38.98,120
2024-04-22 19:36:00,1647,38.9954,39.0,38.99,39.005,38.99,33
2024-04-22 19:37:00,9209,39.0423,39.0,39.09,39.09,39.0,163
2024-04-22 19:38:00,7197,39.1177,39.1,39.13,39.14,39.09,120
2024-04-22 19:39:00,4718,39.139,39.13,39.16,39.17,39.13,98
2024-04-22 19:40:00,5829,39.1344,39.16,39.12,39.16,39.11,119
2024-04-22 19:41:00,2492,39.1038,39.12,39.1,39.12,39.1,48
2024-04-22 19:42:00,7541,39.0868,39.1077,39.07,39.1077,39.07,128
2024-04-22 19:43:00,4053,39.0694,39.065,39.07,39.08,39.06,93
2024-04-22 19:44:00,5072,39.074,39.07,39.075,39.08,39.065,106
2024-04-22 19:45:00,11237,39.0336,39.075,39.01,39.075,38.9975,195
2024-04-22 19:46:00,4157,39.012,39.0175,39.01,39.025,39.0,93
2024-04-22 19:47:00,5349,39.0165,39.02,39.0,39.035,39.0,125
2024-04-22 19:48:00,6993,39.017,39.005,39.02,39.03,38.995,129
2024-04-22 19:49:00,7127,39.0486,39.025,39.07,39.09,39.02,139
2024-04-22 19:50:00,9936,39.0375,39.07,39.025,39.08,39.02,152
2024-04-22 19:51:00,19533,39.0448,39.03,39.07,39.08,39.02,343
2024-04-22 19:52:00,8642,39.0804,39.08,39.075,39.1,39.0675,170
2024-04-22 19:53:00,15889,39.0863,39.075,39.095,39.115,39.06,270
2024-04-22 19:54:00,15818,39.0663,39.105,39.065,39.105,39.06,191
2024-04-22 19:55:00,20929,39.0457,39.07,39.03,39.07,39.02,354
2024-04-22 19:56:00,29098,39.0294,39.035,39.035,39.0425,39.015,380
2024-04-22 19:57:00,28406,39.04,39.035,39.035,39.065,39.025,421
2024-04-22 19:58:00,35936,39.0084,39.03,38.995,39.035,38.99,427
2024-04-22 19:59:00,72255,39.0224,39.0,39.03,39.05,38.985,736
2024-04-22 20:00:00,764,38.99,38.99,38.99,38.99,38.99,10
2024-04-22 21:07:00,127,39.59,39.59,39.59,39.59,39.59,1
2024-04-22 22:58:00,599,39.1501,39.15,39.15,39.15,39.15,3
2024-04-22 23:05:00,200,39.15,39.15,39.15,39.15,39.15,1
2024-04-22 23:16:00,300,39.15,39.15,39.15,39.15,39.15,2
2024-04-22 23:17:00,580,39.15,39.15,39.15,39.15,39.15,2
2024-04-22 23:26:00,530,39.15,39.15,39.15,39.15,39.15,2
2024-04-23 10:57:00,669,39.1767,39.17,39.17,39.17,39.17,4
2024-04-23 11:41:00,1160,39.2009,39.2,39.2,39.2,39.2,3
2024-04-23 12:16:00,532,39.1738,39.18,39.17,39.18,39.17,6
2024-04-23 12:31:00,500,39.3,39.3,39.3,39.3,39.3,1
2024-04-23 13:05:00,662,39.3125,39.31,39.31,39.31,39.31,13
2024-04-23 13:06:00,300,39.31,39.31,39.31,39.31,39.31,1
2024-04-23 13:07:00,350,39.3029,39.3,39.3,39.3,39.3,2
2024-04-23 13:10:00,600,39.3,39.3,39.3,39.3,39.3,1
2024-04-23 13:11:00,596,39.2853,39.3,39.3,39.3,39.3,10
2024-04-23 13:14:00,175,39.2943,39.29,39.29,39.29,39.29,2
2024-04-23 13:29:00,790,39.3173,39.29,39.35,39.35,39.29,5
2024-04-23 13:30:00,25557,39.329,39.33,39.33,39.33,39.33,30
2024-04-23 13:31:00,782,39.3772,39.335,39.36,39.44,39.335,14
2024-04-23 13:32:00,357,39.3891,39.335,39.43,39.43,39.335,9
2024-04-23 13:33:00,2848,39.4394,39.42,39.45,39.45,39.37,49
2024-04-23 13:34:00,6221,39.3673,39.41,39.325,39.43,39.32,75
2024-04-23 13:35:00,11702,39.3402,39.31,39.41,39.42,39.255,138
2024-04-23 13:36:00,2899,39.3953,39.34,39.4,39.43,39.34,59
2024-04-23 13:37:00,10321,39.3563,39.45,39.38,39.45,39.28,125
2024-04-23 13:38:00,2460,39.3765,39.335,39.36,39.41,39.335,45
2024-04-23 13:39:00,15059,39.392,39.4,39.32,39.4,39.32,65
2024-04-23 13:40:00,3382,39.3905,39.33,39.405,39.44,39.3,52
2024-04-23 13:41:00,1157,39.4026,39.37,39.43,39.43,39.37,22
2024-04-23 13:42:00,2241,39.403,39.4,39.405,39.43,39.37,36
2024-04-23 13:43:00,9129,39.2947,39.405,39.17,39.43,39.17,164
2024-04-23 13:44:00,3301,39.1671,39.17,39.11,39.2,39.11,58
2024-04-23 13:45:00,16160,39.1307,39.2,39.08,39.21,39.07,220
2024-04-23 13:46:00,4305,39.0979,39.105,39.05,39.14,39.05,61
2024-04-23 13:47:00,13432,39.148,39.13,39.11,39.2,39.11,168
2024-04-23 13:48:00,7751,39.1464,39.11,39.145,39.2,39.11,98
2024-04-23 13:49:00,2710,39.1854,39.13,39.2,39.21,39.13,55
2024-04-23 13:50:00,5618,39.1452,39.23,39.05,39.24,39.05,108
2024-04-23 13:51:00,7267,39.0021,39.04,38.95,39.08,38.93,153
2024-04-23 13:52:00,18362,38.9201,38.955,38.9285,38.98,38.86,279
2024-04-23 13:53:00,8594,38.9155,38.9,38.88,38.95,38.85,148
2024-04-23 13:54:00,7252,38.896,38.87,38.915,38.915,38.87,93
2024-04-23 13:55:00,16830,38.8797,38.89,38.85,38.94,38.81,273
2024-04-23 13:56:00,11848,38.8645,38.84,38.83,38.92,38.83,195
2024-04-23 13:57:00,5988,38.8503,38.87,38.81,38.91,38.8,105
2024-04-23 13:58:00,16395,38.8499,38.82,38.835,38.91,38.8,214
2024-04-23 13:59:00,6895,38.8752,38.835,38.885,38.92,38.835,117
2024-04-23 14:00:00,6860,38.9281,38.885,38.94,38.97,38.885,119
2024-04-23 14:01:00,3738,38.9783,38.96,38.97,39.005,38.96,65
2024-04-23 14:02:00,7437,39.0489,38.99,39.08,39.11,38.99,125
2024-04-23 14:03:00,6613,39.0887,39.105,39.1,39.12,39.07,115
2024-04-23 14:04:00,4967,39.1196,39.09,39.175,39.19,39.085,117
2024-04-23 14:05:00,5487,39.2843,39.22,39.295,39.335,39.22,95
2024-04-23 14:06:00,15000,39.3005,39.32,39.28,39.33,39.245,95
2024-04-23 14:07:00,3781,39.2742,39.26,39.28,39.29,39.25,71
2024-04-23 14:08:00,5447,39.2579,39.27,39.27,39.3,39.22,117
2024-04-23 14:09:00,3817,39.2526,39.3,39.27,39.3,39.23,66
2024-04-23 14:10:00,3624,39.3539,39.29,39.39,39.39,39.29,92
2024-04-23 14:11:00,4404,39.4074,39.4,39.46,39.46,39.38,96
2024-04-23 14:12:00,2882,39.4909,39.46,39.49,39.55,39.46,58
2024-04-23 14:13:00,4519,39.5312,39.5,39.51,39.6,39.5,99
2024-04-23 14:14:00,3905,39.59,39.55,39.635,39.65,39.55,93
2024-04-23 14:15:00,3092,39.6622,39.65,39.66,39.68,39.65,87
2024-04-23 14:16:00,3017,39.6273,39.68,39.645,39.68,39.63,53
2024-04-23 14:17:00,2592,39.6022,39.6376,39.545,39.6376,39.545,65
2024-04-23 14:18:00,3324,39.5541,39.535,39.55,39.59,39.535,78
2024-04-23 14:19:00,12455,39.5211,39.57,39.55,39.58,39.48,181
2024-04-23 14:20:00,11493,39.5729,39.55,39.63,39.63,39.55,164
2024-04-23 14:21:00,11685,39.6268,39.625,39.65,39.65,39.61,220
2024-04-23 14:22:00,4482,39.5985,39.65,39.54,39.66,39.54,102
2024-04-23 14:23:00,3357,39.5335,39.52,39.55,39.55,39.52,79
2024-04-23 14:24:00,2321,39.5123,39.51,39.5,39.53,39.5,50
2024-04-23 14:25:00,4529,39.5519,39.4744,39.59,39.62,39.4744,101
2024-04-23 14:26:00,1706,39.5836,39.61,39.58,39.61,39.57,56
2024-04-23 14:27:00,4328,39.5487,39.57,39.53,39.585,39.52,82
2024-04-23 14:28:00,3004,39.5324,39.53,39.54,39.54,39.52,65
2024-04-23 14:29:00,2640,39.5313,39.51,39.56,39.56,39.51,83
2024-04-23 14:30:00,4172,39.5805,39.535,39.63,39.63,39.535,112
2024-04-23 14:31:00,1216,39.6292,39.64,39.67,39.67,39.64,42
2024-04-23 14:32:00,4340,39.7092,39.68,39.68,39.74,39.68,106
2024-04-23 14:33:00,3013,39.6929,39.69,39.69,39.7,39.69,60
2024-04-23 14:34:00,1672,39.6508,39.68,39.63,39.68,39.63,41
2024-04-23 14:35:00,2911,39.6676,39.65,39.655,39.69,39.63,72
2024-04-23 14:36:00,3996,39.7002,39.68,39.73,39.73,39.68,92
2024-04-23 14:37:00,2592,39.6875,39.71,39.69,39.71,39.66,47
2024-04-23 14:38:00,2066,39.6805,39.72,39.69,39.72,39.67,56
2024-04-23 14:39:00,870,39.7139,39.69,39.76,39.76,39.69,41
2024-04-23 14:40:00,2509,39.7303,39.745,39.75,39.75,39.71,62
2024-04-23 14:41:00,3353,39.6996,39.74,39.67,39.74,39.67,53
2024-04-23 14:42:00,1601,39.6734,39.675,39.69,39.69,39.66,50
2024-04-23 14:43:00,3238,39.6524,39.7,39.62,39.7,39.62,69
2024-04-23 14:44:00,1435,39.6539,39.66,39.63,39.665,39.63,49
2024-04-23 14:45:00,1084,39.6309,39.61,39.655,39.655,39.61,35
2024-04-23 14:46:00,1775,39.6517,39.63,39.68,39.68,39.63,57
2024-04-23 14:47:00,1730,39.6671,39.675,39.65,39.68,39.65,48
2024-04-23 14:48:00,1738,39.6742,39.67,39.69,39.69,39.67,49
2024-04-23 14:49:00,8342,39.6944,39.68,39.695,39.73,39.65,152
2024-04-23 14:50:00,3723,39.7041,39.695,39.72,39.72,39.695,92
2024-04-23 14:51:00,1802,39.7031,39.71,39.73,39.73,39.71,37
2024-04-23 14:52:00,5251,39.6836,39.75,39.65,39.75,39.64,110
2024-04-23 14:53:00,9027,39.6411,39.66,39.63,39.67,39.63,64
2024-04-23 14:54:00,3517,39.627,39.62,39.595,39.66,39.59,78
2024-04-23 14:55:00,3766,39.5683,39.58,39.53,39.59,39.53,102
2024-04-23 14:56:00,2893,39.5758,39.55,39.595,39.61,39.55,109
2024-04-23 14:57:00,2858,39.6297,39.61,39.66,39.68,39.59,95
2024-04-23 14:58:00,4025,39.6785,39.69,39.69,39.72,39.66,94
2024-04-23 14:59:00,2925,39.7026,39.71,39.71,39.72,39.68,66
2024-04-23 15:00:00,3833,39.689,39.71,39.69,39.71,39.67,65
2024-04-23 15:01:00,2732,39.6515,39.675,39.62,39.68,39.6,59
2024-04-23 15:02:00,1650,39.6068,39.63,39.585,39.63,39.585,44
2024-04-23 15:03:00,3643,39.613,39.567,39.64,39.64,39.567,82
2024-04-23 15:04:00,1737,39.6344,39.63,39.63,39.65,39.62,45
2024-04-23 15:05:00,4240,39.5903,39.61,39.585,39.62,39.54,107
2024-04-23 15:06:00,2532,39.5687,39.59,39.57,39.59,39.55,55
2024-04-23 15:07:00,1393,39.5996,39.59,39.6,39.6,39.59,52
2024-04-23 15:08:00,1844,39.607,39.62,39.62,39.62,39.6,44
2024-04-23 15:09:00,1788,39.5858,39.62,39.59,39.62,39.56,41
2024-04-23 15:10:00,2428,39.6001,39.59,39.589,39.63,39.589,79
2024-04-23 15:11:00,1430,39.599,39.61,39.6,39.61,39.59,42
2024-04-23 15:12:00,2389,39.6378,39.607,39.655,39.67,39.607,64
2024-04-23 15:13:00,3614,39.6623,39.655,39.65,39.69,39.64,80
2024-04-23 15:14:00,1223,39.6192,39.61,39.64,39.64,39.61,46
2024-04-23 15:15:00,1964,39.6325,39.63,39.66,39.66,39.63,49
2024-04-23 15:16:00,1002,39.6592,39.66,39.66,39.67,39.655,25
2024-04-23 15:17:00,2367,39.6712,39.655,39.7,39.7,39.655,64
2024-04-23 15:18:00,1573,39.7145,39.7,39.72,39.73,39.7,45
2024-04-23 15:19:00,2356,39.7301,39.74,39.7681,39.7681,39.71,70
2024-04-23 15:20:00,1894,39.7132,39.73,39.71,39.73,39.7,59
2024-04-23 15:21:00,1589,39.6979,39.7,39.705,39.705,39.68,42
2024-04-23 15:22:00,1245,39.7064,39.71,39.715,39.72,39.695,45
2024-04-23 15:23:00,1558,39.7087,39.71,39.72,39.72,39.69,40
2024-04-23 15:24:00,2099,39.734,39.72,39.755,39.76,39.72,79
2024-04-23 15:25:00,1645,39.7616,39.76,39.77,39.7826,39.75,44
2024-04-23 15:26:00,2000,39.77,39.77,39.78,39.78,39.76,58
2024-04-23 15:27:00,3933,39.7584,39.77,39.76,39.78,39.7339,84
2024-04-23 15:28:00,1373,39.7584,39.77,39.76,39.77,39.75,48
2024-04-23 15:29:00,2657,39.7847,39.77,39.795,39.81,39.77,56
2024-04-23 15:30:00,2848,39.7651,39.795,39.7406,39.795,39.7406,61
2024-04-23 15:31:00,1659,39.7731,39.77,39.78,39.79,39.77,54
2024-04-23 15:32:00,2410,39.7268,39.77,39.69,39.77,39.68,79
2024-04-23 15:33:00,567,39.6841,39.67,39.68,39.68,39.66,22
2024-04-23 15:34:00,1873,39.6898,39.68,39.71,39.71,39.67,63
2024-04-23 15:35:00,4587,39.7445,39.715,39.74,39.775,39.715,100
2024-04-23 15:36:00,2657,39.711,39.72,39.72,39.73,39.6991,77
2024-04-23 15:37:00,1160,39.7294,39.74,39.73,39.74,39.71,23
2024-04-23 15:38:00,1777,39.7344,39.73,39.74,39.745,39.73,56
2024-04-23 15:39:00,1507,39.7701,39.76,39.775,39.8,39.76,47
2024-04-23 15:40:00,2901,39.7546,39.75,39.76,39.78,39.74,75
2024-04-23 15:41:00,1177,39.7518,39.74,39.74,39.77,39.74,27
2024-04-23 15:42:00,251,39.7202,39.72,39.72,39.72,39.72,11
2024-04-23 15:43:00,1031,39.7448,39.75,39.75,39.75,39.735,36
2024-04-23 15:44:00,2011,39.7359,39.75,39.71,39.75,39.71,52
2024-04-23 15:45:00,2411,39.7263,39.735,39.73,39.74,39.7,65
2024-04-23 15:46:00,1790,39.7497,39.74,39.76,39.77,39.725,56
2024-04-23 15:47:00,3235,39.7569,39.77,39.75,39.78,39.74,74
2024-04-23 15:48:00,623,39.7318,39.75,39.75,39.75,39.735,24
2024-04-23 15:49:00,1554,39.7419,39.75,39.75,39.75,39.74,39
2024-04-23 15:50:00,1785,39.7255,39.74,39.685,39.76,39.685,45
2024-04-23 15:51:00,987,39.6869,39.67,39.675,39.68,39.665,30
2024-04-23 15:52:00,1853,39.6843,39.68,39.6675,39.68,39.6675,66
2024-04-23 15:53:00,2233,39.69,39.68,39.71,39.71,39.68,62
2024-04-23 15:54:00,2070,39.7125,39.71,39.73,39.73,39.7,58
2024-04-23 15:55:00,2049,39.7265,39.74,39.7,39.76,39.7,48
2024-04-23 15:56:00,2475,39.7331,39.72,39.74,39.75,39.72,82
2024-04-23 15:57:00,2388,39.7191,39.75,39.71,39.75,39.7,66
2024-04-23 15:58:00,1358,39.7438,39.74,39.76,39.76,39.735,36
2024-04-23 15:59:00,830,39.7466,39.74,39.76,39.76,39.74,27
2024-04-23 16:00:00,2440,39.7751,39.76,39.78,39.79,39.76,77
2024-04-23 16:01:00,1814,39.7404,39.76,39.72,39.77,39.72,41
2024-04-23 16:02:00,1194,39.7326,39.73,39.755,39.755,39.73,45
2024-04-23 16:04:00,1088,39.7458,39.74,39.75,39.75,39.73,40
2024-04-23 16:05:00,2039,39.7708,39.77,39.77,39.78,39.77,68
2024-04-23 16:06:00,1434,39.7646,39.7723,39.77,39.7723,39.76,36
2024-04-23 16:07:00,3097,39.7698,39.76,39.77,39.78,39.76,65
2024-04-23 16:08:00,960,39.7761,39.77,39.78,39.78,39.765,32
2024-04-23 16:09:00,2610,39.7788,39.81,39.77,39.81,39.76,81
2024-04-23 16:10:00,1070,39.7332,39.73,39.74,39.74,39.725,30
2024-04-23 16:11:00,1026,39.7538,39.73,39.78,39.78,39.73,42
2024-04-23 16:12:00,3405,39.7439,39.75,39.74,39.75,39.72,51
2024-04-23 16:13:00,1784,39.746,39.74,39.74,39.76,39.74,60
2024-04-23 16:14:00,1157,39.7334,39.73,39.74,39.74,39.73,33
2024-04-23 16:15:00,1238,39.7267,39.74,39.7299,39.74,39.705,43
2024-04-23 16:16:00,1550,39.7067,39.72,39.685,39.73,39.685,27
2024-04-23 16:17:00,1226,39.6994,39.7,39.69,39.71,39.69,45
2024-04-23 16:18:00,2339,39.7012,39.71,39.68,39.71,39.68,83
2024-04-23 16:19:00,1386,39.6861,39.69,39.68,39.695,39.68,42
2024-04-23 16:20:00,1450,39.7087,39.7,39.71,39.72,39.7,40
2024-04-23 16:21:00,1804,39.7187,39.71,39.74,39.74,39.705,59
2024-04-23 16:22:00,2788,39.711,39.73,39.69,39.73,39.69,62
2024-04-23 16:23:00,2002,39.6901,39.6891,39.69,39.69,39.68,55
2024-04-23 16:24:00,1078,39.7287,39.72,39.74,39.74,39.72,38
2024-04-23 16:25:00,2036,39.7259,39.74,39.71,39.745,39.71,62
2024-04-23 16:26:00,1445,39.7026,39.71,39.7,39.71,39.69,34
2024-04-23 16:27:00,1366,39.711,39.71,39.72,39.72,39.7,40
2024-04-23 16:28:00,1268,39.6908,39.69,39.68,39.69,39.68,48
2024-04-23 16:29:00,3011,39.7037,39.7,39.69,39.73,39.69,78
2024-04-23 16:30:00,1200,39.7096,39.72,39.7,39.72,39.7,44
2024-04-23 16:31:00,835,39.6945,39.7,39.71,39.71,39.69,32
2024-04-23 16:32:00,1102,39.7104,39.71,39.72,39.72,39.71,44
2024-04-23 16:33:00,4337,39.7082,39.72,39.7,39.74,39.7,84
2024-04-23 16:34:00,1213,39.7357,39.73,39.745,39.745,39.73,39
2024-04-23 16:35:00,4102,39.7166,39.73,39.71,39.74,39.7,62
2024-04-23 16:36:00,3479,39.7118,39.71,39.72,39.72,39.7,66
2024-04-23 16:37:00,709,39.7155,39.72,39.73,39.73,39.72,24
2024-04-23 16:38:00,1704,39.734,39.73,39.75,39.75,39.73,59
2024-04-23 16:39:00,2657,39.7547,39.75,39.79,39.79,39.74,67
2024-04-23 16:40:00,2359,39.7626,39.78,39.74,39.79,39.74,55
2024-04-23 16:41:00,738,39.7323,39.75,39.72,39.75,39.72,23
2024-04-23 16:42:00,1385,39.7351,39.73,39.74,39.75,39.7218,48
2024-04-23 16:43:00,1857,39.7588,39.7422,39.755,39.78,39.7422,45
2024-04-23 16:44:00,738,39.7637,39.75,39.765,39.78,39.75,31
2024-04-23 16:45:00,1288,39.7635,39.76,39.765,39.78,39.76,19
2024-04-23 16:46:00,1069,39.7635,39.76,39.77,39.77,39.76,34
2024-04-23 16:47:00,1212,39.772,39.78,39.78,39.78,39.775,32
2024-04-23 16:48:00,5648,39.8238,39.78,39.84,39.87,39.78,127
2024-04-23 16:49:00,1265,39.8143,39.85,39.83,39.85,39.79,31
2024-04-23 16:50:00,7397,39.811,39.815,39.82,39.83,39.8,40
2024-04-23 16:51:00,1720,39.8073,39.8,39.82,39.82,39.8,47
2024-04-23 16:52:00,1492,39.8152,39.82,39.81,39.82,39.81,33
2024-04-23 16:53:00,1186,39.8172,39.81,39.83,39.83,39.81,34
2024-04-23 16:54:00,4075,39.8073,39.82,39.81,39.82,39.8,71
2024-04-23 16:55:00,1945,39.8015,39.81,39.8,39.81,39.8,38
2024-04-23 16:56:00,3952,39.8134,39.8,39.82,39.82,39.8,71
2024-04-23 16:57:00,4837,39.8052,39.81,39.7925,39.83,39.79,93
2024-04-23 16:58:00,7804,39.8127,39.8,39.84,39.85,39.8,108
2024-04-23 16:59:00,1070,39.8399,39.85,39.84,39.85,39.84,34
2024-04-23 17:00:00,9996,39.8766,39.85,39.905,39.915,39.85,137
2024-04-23 17:01:00,11888,39.9177,39.905,39.93,39.93,39.89,172
2024-04-23 17:02:00,6510,39.9161,39.93,39.89,39.93,39.89,113
2024-04-23 17:03:00,2763,39.8536,39.89,39.84,39.89,39.815,78
2024-04-23 17:04:00,1726,39.8799,39.86,39.91,39.91,39.86,60
2024-04-23 17:05:00,4468,39.8993,39.93,39.88,39.93,39.88,40
2024-04-23 17:06:00,4756,39.8922,39.88,39.91,39.91,39.87,82
2024-04-23 17:07:00,3064,39.9265,39.92,39.93,39.95,39.92,82
2024-04-23 17:08:00,4893,39.9261,39.94,39.895,39.96,39.895,79
2024-04-23 17:09:00,1505,39.9195,39.91,39.93,39.93,39.91,48
2024-04-23 17:10:00,1690,39.9022,39.9,39.9,39.93,39.89,40
2024-04-23 17:11:00,1810,39.9042,39.885,39.93,39.93,39.885,45
2024-04-23 17:12:00,19591,39.9587,39.92,39.965,39.99,39.915,225
2024-04-23 17:13:00,18861,39.9752,39.97,40.0,40.0,39.95,248
2024-04-23 17:14:00,7085,39.9918,39.99,40.0,40.01,39.98,76
2024-04-23 17:15:00,18993,39.9821,40.0,39.93,40.0,39.91,208
2024-04-23 17:16:00,1797,39.9377,39.915,39.93,39.95,39.915,51
2024-04-23 17:17:00,3934,39.9461,39.93,39.96,39.96,39.93,71
2024-04-23 17:18:00,5669,39.9823,39.97,40.0,40.0,39.97,103
2024-04-23 17:19:00,3043,40.0065,40.0,40.02,40.02,39.99,54
2024-04-23 17:20:00,1502,40.0054,40.0,40.02,40.02,39.99,38
2024-04-23 17:21:00,2179,40.0181,40.01,40.03,40.03,40.01,49
2024-04-23 17:22:00,2441,40.0276,40.03,40.04,40.05,40.02,70
2024-04-23 17:23:00,2595,40.0456,40.04,40.045,40.05,40.04,45
2024-04-23 17:24:00,4892,40.0336,40.04,40.01,40.06,39.995,81
2024-04-23 17:25:00,4915,40.0253,40.01,40.04,40.04,40.01,92
2024-04-23 17:26:00,1920,40.0356,40.04,40.04,40.05,40.04,55
2024-04-23 17:27:00,6094,40.0481,40.04,40.05,40.06,40.0325,109
2024-04-23 17:28:00,14565,40.0648,40.05,40.08,40.09,40.04,199
2024-04-23 17:29:00,4114,40.0571,40.065,40.07,40.07,40.05,72
2024-04-23 17:30:00,4529,40.097,40.08,40.11,40.13,40.08,98
2024-04-23 17:31:00,2052,40.1069,40.12,40.11,40.13,40.1,45
2024-04-23 17:32:00,7055,40.1189,40.11,40.11,40.13,40.11,144
2024-04-23 17:33:00,2734,40.1216,40.115,40.14,40.14,40.115,67
2024-04-23 17:34:00,3320,40.1196,40.13,40.12,40.13,40.11,60
2024-04-23 17:35:00,3492,40.1,40.12,40.045,40.12,40.045,96
2024-04-23 17:36:00,3224,40.0726,40.06,40.06,40.08,40.06,61
2024-04-23 17:37:00,2353,40.0571,40.05,40.05,40.06,40.03,54
2024-04-23 17:38:00,1405,40.0447,40.04,40.03,40.06,40.03,39
2024-04-23 17:39:00,4846,40.0157,40.03,39.9917,40.03,39.99,97
2024-04-23 17:40:00,3242,39.9978,40.0,40.0,40.01,39.98,83
2024-04-23 17:41:00,5793,40.0445,40.01,40.1,40.1,40.01,133
2024-04-23 17:42:00,2770,40.1023,40.11,40.11,40.12,40.095,64
2024-04-23 17:43:00,2036,40.114,40.11,40.12,40.12,40.09,58
2024-04-23 17:44:00,2592,40.0859,40.13,40.05,40.13,40.05,68
2024-04-23 17:45:00,596,40.0343,40.04,40.04,40.04,40.015,17
2024-04-23 17:46:00,3192,40.0486,40.03,40.055,40.06,40.03,66
2024-04-23 17:47:00,2695,40.0723,40.07,40.09,40.09,40.05,71
2024-04-23 17:48:00,2342,40.0921,40.08,40.12,40.12,40.07,67
2024-04-23 17:49:00,1852,40.1058,40.12,40.105,40.12,40.09,51
2024-04-23 17:50:00,1771,40.1104,40.1,40.11,40.13,40.1,59
2024-04-23 17:51:00,1401,40.0832,40.1,40.08,40.1,40.07,38
2024-04-23 17:52:00,2253,40.0592,40.09,40.025,40.09,40.025,54
2024-04-23 17:53:00,538,40.0367,40.04,40.03,40.04,40.03,33
2024-04-23 17:54:00,4986,40.0485,40.04,40.05,40.07,40.04,139
2024-04-23 17:55:00,2207,40.0459,40.06,40.05,40.06,40.045,58
2024-04-23 17:56:00,1193,40.0522,40.06,40.06,40.06,40.04,37
2024-04-23 17:57:00,1950,40.0428,40.06,40.04,40.06,40.04,48
2024-04-23 17:58:00,7161,40.0206,40.04,40.02,40.04,40.01,113
2024-04-23 17:59:00,780,40.0191,40.02,40.03,40.03,40.02,35
2024-04-23 18:00:00,5526,40.0197,40.02,40.02,40.03,40.01,100
2024-04-23 18:01:00,4711,40.0256,40.02,40.015,40.03,40.01,97
2024-04-23 18:02:00,1726,40.0197,40.02,40.02,40.03,40.02,41
2024-04-23 18:03:00,3712,40.0176,40.03,40.03,40.03,40.01,76
2024-04-23 18:04:00,2570,40.028,40.0281,40.03,40.04,40.02,79
2024-04-23 18:05:00,7826,40.0219,40.04,40.03,40.04,40.01,126
2024-04-23 18:06:00,2729,40.0138,40.03,40.0001,40.03,40.0001,48
2024-04-23 18:07:00,7510,40.0081,40.01,40.005,40.02,40.0,114
2024-04-23 18:08:00,18158,39.9574,40.0,39.96,40.0,39.92,294
2024-04-23 18:09:00,5179,39.9777,39.96,39.99,39.99,39.96,110
2024-04-23 18:10:00,4779,40.0029,39.99,40.0,40.02,39.99,72
2024-04-23 18:11:00,3536,39.9969,40.0,40.0,40.01,39.99,54
2024-04-23 18:12:00,4510,39.9766,40.0,39.94,40.0,39.94,81
2024-04-23 18:13:00,1841,39.947,39.95,39.955,39.955,39.94,50
2024-04-23 18:14:00,3835,39.8998,39.95,39.85,39.96,39.83,54
2024-04-23 18:15:00,3448,39.8997,39.89,39.92,39.92,39.88,92
2024-04-23 18:16:00,3763,39.927,39.9175,39.925,39.94,39.91,52
2024-04-23 18:17:00,5847,39.9439,39.93,39.96,39.96,39.93,122
2024-04-23 18:18:00,10521,39.9995,39.96,40.0,40.02,39.96,178
2024-04-23 18:19:00,6909,40.0026,40.01,40.02,40.02,39.99,108
2024-04-23 18:20:00,13069,40.0627,40.02,40.07,40.09,40.02,203
2024-04-23 18:21:00,681,40.0394,40.03,40.045,40.05,40.03,17
2024-04-23 18:22:00,2681,40.0585,40.04,40.06,40.065,40.04,61
2024-04-23 18:23:00,1430,40.0693,40.07,40.07,40.07,40.061,37
2024-04-23 18:24:00,3676,40.0575,40.075,40.045,40.08,40.045,62
2024-04-23 18:25:00,950,40.0221,40.045,40.01,40.045,40.01,25
2024-04-23 18:26:00,686,40.029,40.02,40.02,40.02,40.02,21
2024-04-23 18:27:00,3485,40.0109,40.02,39.99,40.03,39.99,66
2024-04-23 18:28:00,1883,40.0215,40.0,40.02,40.035,40.0,52
2024-04-23 18:30:00,4822,40.0258,40.04,40.02,40.05,40.02,102
2024-04-23 18:31:00,1544,40.0175,40.02,40.02,40.02,40.01,39
2024-04-23 18:32:00,1272,40.023,40.02,40.03,40.03,40.02,32
2024-04-23 18:33:00,704,40.0324,40.03,40.03,40.03,40.03,31
2024-04-23 18:34:00,4387,40.011,40.02,40.02,40.04,40.0,104
2024-04-23 18:35:00,1677,40.0182,40.02,40.02,40.02,40.02,15
2024-04-23 18:36:00,6253,40.0046,40.01,40.01,40.02,39.99,96
2024-04-23 18:37:00,1108,40.027,40.025,40.04,40.04,40.025,36
2024-04-23 18:38:00,3296,40.0222,40.03,40.02,40.03,40.02,34
2024-04-23 18:39:00,4672,40.0131,40.03,40.03,40.04,40.0,83
2024-04-23 18:40:00,1500,40.0422,40.03,40.05,40.06,40.03,48
2024-04-23 18:41:00,2248,40.0571,40.06,40.06,40.07,40.06,49
2024-04-23 18:42:00,4367,40.0362,40.05,40.03,40.05,40.03,55
2024-04-23 18:43:00,1138,40.0282,40.02,40.04,40.04,40.02,45
2024-04-23 18:44:00,6338,40.0035,40.03,40.03,40.04,39.98,105
2024-04-23 18:45:00,1602,40.0182,40.015,40.03,40.03,40.0,49
2024-04-23 18:46:00,2827,40.0187,40.03,40.02,40.04,40.01,49
2024-04-23 18:47:00,646,40.0181,40.03,40.02,40.03,40.02,20
2024-04-23 18:48:00,2711,40.0138,40.02,40.025,40.03,40.02,20
2024-04-23 18:49:00,6723,40.006,40.03,40.01,40.03,40.0,126
2024-04-23 18:50:00,558,40.0026,40.0,40.0,40.0,40.0,18
2024-04-23 18:51:00,13549,40.0012,40.0,40.01,40.02,39.995,147
2024-04-23 18:52:00,2445,40.0118,40.01,40.0,40.02,40.0,53
2024-04-23 18:53:00,33466,39.9866,40.0,39.945,40.005,39.91,337
2024-04-23 18:54:00,252,39.9487,39.95,39.95,39.95,39.95,15
2024-04-23 18:55:00,3992,39.9619,39.95,39.955,39.975,39.95,73
2024-04-23 18:56:00,2656,39.974,39.97,39.985,39.985,39.97,50
2024-04-23 18:57:00,1561,39.9874,39.985,39.995,39.995,39.985,40
2024-04-23 18:58:00,3773,39.9963,40.0,39.995,40.0,39.99,87
2024-04-23 18:59:00,629,39.9987,40.0,40.0,40.0,40.0,30
2024-04-23 19:00:00,5187,39.9912,39.995,39.99,40.0,39.98,89
2024-04-23 19:01:00,4699,39.9672,39.98,39.9326,40.0,39.9326,105
2024-04-23 19:02:00,1607,39.9432,39.93,39.94,39.94,39.93,40
2024-04-23 19:03:00,2047,39.9331,39.94,39.935,39.94,39.93,55
2024-04-23 19:04:00,3223,39.9405,39.94,39.94,39.94,39.93,76
2024-04-23 19:05:00,557,39.9373,39.93,39.94,39.94,39.93,15
2024-04-23 19:06:00,1587,39.9492,39.95,39.97,39.97,39.95,52
2024-04-23 19:07:00,4641,39.9525,39.955,39.97,39.97,39.94,82
2024-04-23 19:08:00,1706,39.9708,39.97,39.97,39.98,39.97,40
2024-04-23 19:09:00,3315,39.986,39.98,40.0,40.0,39.98,73
2024-04-23 19:10:00,6458,39.9857,40.0,39.97,40.0,39.965,91
2024-04-23 19:11:00,3275,39.9307,39.95,39.925,39.95,39.92,76
2024-04-23 19:12:00,3819,39.9368,39.93,39.95,39.95,39.93,55
2024-04-23 19:13:00,5849,39.946,39.94,39.95,39.96,39.94,86
2024-04-23 19:14:00,5031,39.9431,39.95,39.925,39.95,39.925,83
2024-04-23 19:15:00,4962,39.9376,39.925,39.93,39.95,39.925,75
2024-04-23 19:16:00,3800,39.9498,39.935,39.97,39.97,39.935,75
2024-04-23 19:17:00,8783,39.9625,39.97,39.93,40.0,39.92,153
2024-04-23 19:18:00,16727,39.9224,39.93,39.9,39.95,39.87,181
2024-04-23 19:19:00,5136,39.8928,39.872,39.902,39.92,39.86,79
2024-04-23 19:20:00,1365,39.9074,39.91,39.91,39.91,39.9,30
2024-04-23 19:21:00,5830,39.8777,39.91,39.854,39.91,39.854,105
2024-04-23 19:22:00,1891,39.863,39.85,39.87,39.87,39.85,47
2024-04-23 19:23:00,4498,39.8803,39.88,39.88,39.89,39.87,87
2024-04-23 19:24:00,2855,39.8964,39.89,39.9,39.9,39.89,61
2024-04-23 19:25:00,3943,39.9052,39.91,39.9,39.92,39.9,70
2024-04-23 19:26:00,3192,39.8834,39.9,39.88,39.9,39.87,75
2024-04-23 19:27:00,4882,39.8724,39.875,39.88,39.88,39.87,111
2024-04-23 19:28:00,6530,39.8743,39.8875,39.86,39.89,39.86,118
2024-04-23 19:29:00,4844,39.86,39.86,39.85,39.87,39.85,93
2024-04-23 19:30:00,22399,39.764,39.83,39.8,39.84,39.74,244
2024-04-23 19:31:00,3091,39.8077,39.7926,39.825,39.825,39.7926,48
2024-04-23 19:32:00,6093,39.8035,39.82,39.765,39.83,39.765,105
2024-04-23 19:33:00,3734,39.7903,39.78,39.805,39.805,39.78,74
2024-04-23 19:34:00,7926,39.8165,39.8,39.84,39.85,39.795,154
2024-04-23 19:35:00,9041,39.8696,39.86,39.88,39.885,39.85,166
2024-04-23 19:36:00,15075,39.8844,39.885,39.885,39.9,39.87,242
2024-04-23 19:37:00,8450,39.9231,39.9,39.95,39.95,39.9,149
2024-04-23 19:38:00,9399,39.9524,39.94,39.96,39.98,39.94,156
2024-04-23 19:39:00,9869,39.9585,39.96,39.95,39.98,39.93,145
2024-04-23 19:40:00,7732,39.9831,39.96,39.995,40.0,39.96,126
2024-04-23 19:41:00,10875,39.9796,39.99,39.96,39.99,39.96,167
2024-04-23 19:42:00,7612,39.9542,39.97,39.93,39.98,39.93,142
2024-04-23 19:43:00,9470,39.9429,39.94,39.98,39.98,39.92,162
2024-04-23 19:44:00,8634,39.9808,39.96,39.97,40.0,39.95,183
2024-04-23 19:45:00,5935,39.9611,39.97,39.94,39.975,39.94,143
2024-04-23 19:46:00,5977,39.9144,39.925,39.91,39.93,39.9,120
2024-04-23 19:47:00,6962,39.9045,39.92,39.87,39.92,39.87,124
2024-04-23 19:48:00,19735,39.9169,39.87,39.895,39.91,39.87,204
2024-04-23 19:49:00,8702,39.8972,39.9,39.89,39.91,39.89,131
2024-04-23 19:50:00,11005,39.8589,39.89,39.88,39.9,39.83,217
2024-04-23 19:51:00,11158,39.8839,39.885,39.88,39.895,39.875,194
2024-04-23 19:52:00,13559,39.8954,39.88,39.88,39.91,39.88,177
2024-04-23 19:53:00,18183,39.8648,39.88,39.85,39.89,39.845,269
2024-04-23 19:54:00,12189,39.8659,39.855,39.86,39.87,39.85,216
2024-04-23 19:55:00,24087,39.8016,39.86,39.77,39.86,39.77,309
2024-04-23 19:56:00,29092,39.7382,39.77,39.695,39.77,39.695,357
2024-04-23 19:57:00,28428,39.6972,39.7,39.68,39.71,39.68,325
2024-04-23 19:58:00,38559,39.6752,39.68,39.67,39.69,39.655,457
2024-04-23 19:59:00,104349,39.7179,39.67,39.75,39.75,39.67,785
2024-04-23 20:00:00,7940,39.74,39.74,39.74,39.74,39.74,13
2024-04-23 20:07:00,1676,39.74,39.74,39.74,39.74,39.74,1
2024-04-24 13:04:00,304,39.7306,39.7,39.7,39.7,39.7,12
2024-04-24 13:30:00,11738,39.7306,39.73,39.755,39.755,39.73,25
2024-04-24 13:31:00,1827,39.6174,39.73,39.54,39.73,39.54,18
2024-04-24 13:32:00,3543,39.4959,39.54,39.49,39.605,39.42,51
2024-04-24 13:33:00,2115,39.5707,39.57,39.56,39.6,39.54,38
2024-04-24 13:34:00,1219,39.5922,39.55,39.615,39.615,39.55,15
2024-04-24 13:35:00,3326,39.6605,39.67,39.65,39.69,39.64,43
2024-04-24 13:36:00,1397,39.6814,39.66,39.7,39.71,39.64,31
2024-04-24 13:37:00,3501,39.6596,39.67,39.63,39.7,39.63,54
2024-04-24 13:38:00,5179,39.6559,39.67,39.72,39.72,39.6,91
2024-04-24 13:39:00,6512,39.7558,39.68,39.81,39.82,39.67,113
2024-04-24 13:40:00,3614,39.7956,39.8,39.73,39.8399,39.73,48
2024-04-24 13:41:00,3015,39.6333,39.72,39.57,39.72,39.57,61
2024-04-24 13:42:00,1712,39.6443,39.615,39.65,39.66,39.615,33
2024-04-24 13:43:00,749,39.645,39.65,39.645,39.65,39.64,22
2024-04-24 13:44:00,1778,39.6044,39.63,39.585,39.63,39.585,42
2024-04-24 13:45:00,4118,39.5877,39.62,39.59,39.62,39.54,75
2024-04-24 13:46:00,3205,39.6366,39.58,39.68,39.68,39.58,63
2024-04-24 13:47:00,2332,39.5862,39.65,39.575,39.65,39.56,39
2024-04-24 13:48:00,2570,39.5482,39.55,39.59,39.59,39.49,53
2024-04-24 13:49:00,627,39.6089,39.62,39.62,39.62,39.62,25
2024-04-24 13:50:00,1861,39.6335,39.62,39.64,39.65,39.62,53
2024-04-24 13:51:00,2767,39.6833,39.66,39.69,39.71,39.6301,60
2024-04-24 13:52:00,1895,39.6691,39.68,39.66,39.69,39.64,51
2024-04-24 13:53:00,1331,39.6448,39.62,39.69,39.69,39.62,49
2024-04-24 13:54:00,1556,39.6841,39.66,39.73,39.73,39.655,48
2024-04-24 13:55:00,4569,39.659,39.71,39.645,39.71,39.62,98
2024-04-24 13:56:00,797,39.6743,39.67,39.68,39.68,39.67,27
2024-04-24 13:57:00,1696,39.6838,39.68,39.68,39.71,39.68,60
2024-04-24 13:58:00,2210,39.6735,39.71,39.61,39.71,39.61,53
2024-04-24 13:59:00,1302,39.6115,39.625,39.63,39.63,39.6,32
2024-04-24 14:00:00,3809,39.5381,39.6,39.48,39.6,39.48,83
2024-04-24 14:01:00,4658,39.4619,39.47,39.475,39.49,39.425,100
2024-04-24 14:02:00,1225,39.5263,39.5,39.5567,39.5567,39.5,42
2024-04-24 14:03:00,1256,39.6008,39.575,39.59,39.62,39.575,41
2024-04-24 14:04:00,3970,39.6176,39.63,39.595,39.65,39.59,78
2024-04-24 14:05:00,2551,39.6254,39.61,39.66,39.66,39.61,48
2024-04-24 14:06:00,3442,39.6829,39.69,39.665,39.7,39.665,92
2024-04-24 14:07:00,1703,39.6678,39.67,39.7,39.7,39.67,37
2024-04-24 14:08:00,2659,39.7367,39.72,39.74,39.74,39.72,68
2024-04-24 14:09:00,2355,39.7427,39.73,39.7805,39.7805,39.72,63
2024-04-24 14:10:00,1865,39.7867,39.8,39.77,39.805,39.77,55
2024-04-24 14:12:00,2344,39.7504,39.78,39.75,39.78,39.71,67
2024-04-24 14:13:00,2247,39.7278,39.76,39.7,39.765,39.7,48
2024-04-24 14:14:00,2129,39.6942,39.68,39.7,39.7,39.68,55
2024-04-24 14:15:00,2813,39.6765,39.69,39.65,39.72,39.65,50
2024-04-24 14:16:00,1005,39.6505,39.65,39.64,39.65,39.64,29
2024-04-24 14:17:00,5900,39.6529,39.655,39.63,39.67,39.63,115
2024-04-24 14:18:00,2703,39.6695,39.635,39.69,39.69,39.6165,72
2024-04-24 14:19:00,1834,39.6976,39.7,39.68,39.72,39.68,38
2024-04-24 14:20:00,4212,39.6404,39.68,39.59,39.7,39.59,59
2024-04-24 14:21:00,430,39.6113,39.59,39.6,39.6,39.59,12
2024-04-24 14:22:00,1647,39.6171,39.6,39.63,39.63,39.6,41
2024-04-24 14:23:00,2433,39.6439,39.63,39.65,39.66,39.63,68
2024-04-24 14:24:00,1397,39.6612,39.66,39.665,39.68,39.655,26
2024-04-24 14:25:00,4898,39.6462,39.67,39.61,39.67,39.61,87
2024-04-24 14:26:00,3161,39.5732,39.59,39.555,39.6,39.55,71
2024-04-24 14:27:00,2583,39.5546,39.56,39.555,39.57,39.54,52
2024-04-24 14:28:00,2633,39.5085,39.555,39.49,39.555,39.48,57
2024-04-24 14:29:00,2861,39.4919,39.51,39.44,39.53,39.44,48
2024-04-24 14:30:00,3168,39.4816,39.45,39.495,39.495,39.45,42
2024-04-24 14:31:00,2615,39.4574,39.47,39.48,39.48,39.44,51
2024-04-24 14:32:00,2765,39.4408,39.46,39.445,39.46,39.41,58
2024-04-24 14:33:00,3623,39.4123,39.445,39.355,39.46,39.35,79
2024-04-24 14:34:00,1608,39.3605,39.35,39.36,39.37,39.35,45
2024-04-24 14:35:00,5060,39.3901,39.38,39.45,39.45,39.35,114
2024-04-24 14:36:00,1288,39.4306,39.43,39.45,39.45,39.42,28
2024-04-24 14:37:00,3437,39.44,39.46,39.42,39.47,39.42,80
2024-04-24 14:38:00,1743,39.4538,39.44,39.45,39.47,39.44,43
2024-04-24 14:39:00,1533,39.4509,39.45,39.445,39.45,39.44,32
2024-04-24 14:40:00,1056,39.4323,39.43,39.42,39.4525,39.42,30
2024-04-24 14:41:00,3745,39.4567,39.44,39.465,39.475,39.44,60
2024-04-24 14:42:00,4170,39.3981,39.45,39.35,39.45,39.33,80
2024-04-24 14:43:00,2222,39.3719,39.37,39.36,39.37,39.36,77
2024-04-24 14:44:00,388,39.3959,39.4,39.405,39.405,39.4,12
2024-04-24 14:45:00,3293,39.4198,39.39,39.46,39.46,39.38,80
2024-04-24 14:46:00,1889,39.4941,39.48,39.52,39.52,39.48,42
2024-04-24 14:47:00,2574,39.5079,39.52,39.5,39.529,39.5,64
2024-04-24 14:48:00,1096,39.4851,39.49,39.5,39.5,39.48,22
2024-04-24 14:49:00,2331,39.504,39.51,39.49,39.51,39.49,49
2024-04-24 14:50:00,2138,39.5185,39.51,39.54,39.54,39.51,40
2024-04-24 14:51:00,2377,39.5006,39.525,39.505,39.525,39.48,43
2024-04-24 14:52:00,595,39.5082,39.505,39.505,39.505,39.505,17
2024-04-24 14:53:00,2201,39.51,39.52,39.48,39.53,39.48,44
2024-04-24 14:54:00,987,39.5003,39.5,39.53,39.53,39.5,23
2024-04-24 14:55:00,3529,39.5316,39.56,39.5,39.56,39.5,69
2024-04-24 14:56:00,1056,39.5116,39.52,39.5,39.52,39.5,20
2024-04-24 14:57:00,2905,39.4804,39.49,39.5,39.5,39.45,60
2024-04-24 14:58:00,1473,39.4753,39.47,39.45,39.47,39.45,27
2024-04-24 14:59:00,1380,39.4635,39.465,39.465,39.465,39.465,28
2024-04-24 15:00:00,2671,39.4712,39.465,39.45,39.485,39.45,60
2024-04-24 15:01:00,1161,39.444,39.44,39.43,39.45,39.43,32
2024-04-24 15:02:00,4246,39.4392,39.45,39.45,39.45,39.42,66
2024-04-24 15:03:00,2822,39.4038,39.43,39.375,39.43,39.375,59
2024-04-24 15:04:00,2753,39.3687,39.375,39.36,39.38,39.36,50
2024-04-24 15:05:00,4257,39.3444,39.35,39.34,39.36,39.32,67
2024-04-24 15:06:00,4490,39.3745,39.345,39.4,39.405,39.345,77
2024-04-24 15:07:00,1246,39.3975,39.4,39.4,39.405,39.39,30
2024-04-24 15:08:00,2634,39.3909,39.39,39.395,39.405,39.39,33
2024-04-24 15:09:00,2459,39.4085,39.405,39.41,39.42,39.4,41
2024-04-24 15:10:00,1400,39.4146,39.42,39.42,39.42,39.41,38
2024-04-24 15:11:00,1096,39.4142,39.42,39.41,39.42,39.41,21
2024-04-24 15:12:00,2895,39.4158,39.4,39.41,39.43,39.4,49
2024-04-24 15:13:00,1519,39.4284,39.415,39.435,39.435,39.415,27
2024-04-24 15:14:00,2318,39.4319,39.435,39.42,39.45,39.42,41
2024-04-24 15:15:00,8392,39.3853,39.42,39.33,39.42,39.33,127
2024-04-24 15:16:00,1647,39.3781,39.33,39.415,39.415,39.33,46
2024-04-24 15:17:00,2151,39.4258,39.43,39.41,39.43,39.41,50
2024-04-24 15:18:00,1128,39.4124,39.41,39.42,39.42,39.41,21
2024-04-24 15:19:00,3815,39.3997,39.42,39.39,39.42,39.39,73
2024-04-24 15:20:00,897,39.3851,39.385,39.38,39.385,39.38,20
2024-04-24 15:21:00,5680,39.377,39.37,39.39,39.4,39.34,91
2024-04-24 15:22:00,4850,39.4163,39.39,39.46,39.468,39.38,85
2024-04-24 15:23:00,1392,39.4655,39.47,39.45,39.47,39.45,34
2024-04-24 15:24:00,2083,39.4403,39.45,39.43,39.455,39.43,40
2024-04-24 15:26:00,5189,39.4086,39.43,39.39,39.43,39.39,70
2024-04-24 15:27:00,1643,39.4029,39.395,39.41,39.41,39.38,37
2024-04-24 15:28:00,3918,39.3808,39.4,39.35,39.43,39.35,58
2024-04-24 15:29:00,3370,39.3665,39.3592,39.35,39.38,39.35,48
2024-04-24 15:30:00,1966,39.3445,39.34,39.35,39.35,39.33,40
2024-04-24 15:31:00,3015,39.3685,39.35,39.38,39.38,39.35,53
2024-04-24 15:32:00,829,39.3815,39.38,39.38,39.39,39.38,17
2024-04-24 15:33:00,1176,39.406,39.39,39.41,39.41,39.39,30
2024-04-24 15:34:00,2602,39.4119,39.41,39.42,39.42,39.4,50
2024-04-24 15:35:00,862,39.4372,39.46,39.43,39.46,39.43,18
2024-04-24 15:36:00,2590,39.4181,39.42,39.39,39.44,39.39,75
2024-04-24 15:37:00,368,39.4063,39.4,39.41,39.41,39.4,13
2024-04-24 15:38:00,3484,39.3808,39.4,39.375,39.4,39.37,75
2024-04-24 15:39:00,565,39.3812,39.38,39.39,39.39,39.37,7
2024-04-24 15:40:00,6339,39.353,39.37,39.33,39.38,39.33,99
2024-04-24 15:41:00,3946,39.3224,39.32,39.35,39.35,39.3,65
2024-04-24 15:42:00,3027,39.3542,39.37,39.34,39.37,39.34,54
2024-04-24 15:43:00,3441,39.3196,39.345,39.32,39.345,39.3,56
2024-04-24 15:44:00,2686,39.286,39.3,39.27,39.3,39.27,50
2024-04-24 15:45:00,1876,39.2596,39.26,39.255,39.29,39.24,32
2024-04-24 15:46:00,2165,39.2788,39.27,39.275,39.29,39.27,39
2024-04-24 15:47:00,439,39.2787,39.28,39.29,39.29,39.28,13
2024-04-24 15:48:00,2064,39.3109,39.3,39.31,39.33,39.3,50
2024-04-24 15:49:00,2203,39.3151,39.335,39.31,39.335,39.3,38
2024-04-24 15:50:00,2063,39.2777,39.315,39.275,39.315,39.25,39
2024-04-24 15:51:00,386,39.2887,39.29,39.29,39.29,39.29,17
2024-04-24 15:52:00,537,39.3006,39.29,39.3,39.3,39.29,16
2024-04-24 15:53:00,1806,39.3201,39.33,39.325,39.34,39.3038,34
2024-04-24 15:54:00,2279,39.32,39.31,39.345,39.345,39.31,42
2024-04-24 15:55:00,757,39.3218,39.32,39.32,39.32,39.32,24
2024-04-24 15:56:00,1780,39.3109,39.32,39.32,39.32,39.3,33
2024-04-24 15:57:00,320,39.3196,39.315,39.315,39.33,39.315,9
2024-04-24 15:58:00,1642,39.3383,39.33,39.345,39.35,39.33,40
2024-04-24 15:59:00,1829,39.3574,39.34,39.36,39.37,39.34,43
2024-04-24 16:00:00,2371,39.3735,39.36,39.37,39.38,39.36,59
2024-04-24 16:01:00,3201,39.3432,39.36,39.335,39.36,39.33,58
2024-04-24 16:02:00,322,39.3147,39.32,39.32,39.32,39.32,12
2024-04-24 16:03:00,2061,39.323,39.315,39.32,39.34,39.31,42
2024-04-24 16:05:00,2037,39.3096,39.32,39.29,39.32,39.29,45
2024-04-24 16:06:00,2139,39.2805,39.29,39.29,39.29,39.27,37
2024-04-24 16:07:00,1597,39.2762,39.28,39.26,39.28,39.26,24
2024-04-24 16:08:00,4581,39.2791,39.26,39.28,39.31,39.25,101
2024-04-24 16:09:00,1298,39.2886,39.3,39.28,39.32,39.28,29
2024-04-24 16:10:00,828,39.2813,39.285,39.27,39.285,39.27,20
2024-04-24 16:11:00,492,39.2778,39.28,39.28,39.28,39.28,13
2024-04-24 16:12:00,1346,39.2681,39.2724,39.25,39.28,39.25,33
2024-04-24 16:13:00,2758,39.2579,39.25,39.245,39.27,39.24,67
2024-04-24 16:14:00,2087,39.2125,39.23,39.19,39.23,39.19,47
2024-04-24 16:15:00,609,39.2013,39.205,39.205,39.205,39.205,17
2024-04-24 16:16:00,796,39.2021,39.205,39.21,39.21,39.205,20
2024-04-24 16:17:00,2128,39.2177,39.21,39.23,39.23,39.21,51
2024-04-24 16:18:00,2053,39.2136,39.22,39.19,39.23,39.19,41
2024-04-24 16:19:00,1117,39.1924,39.19,39.205,39.205,39.19,31
2024-04-24 16:20:00,8836,39.2522,39.22,39.28,39.29,39.21,142
2024-04-24 16:21:00,3003,39.2634,39.26,39.29,39.29,39.24,70
2024-04-24 16:22:00,399,39.2982,39.3,39.3,39.3,39.3,17
2024-04-24 16:23:00,2195,39.2912,39.29,39.3,39.3,39.28,40
2024-04-24 16:24:00,2452,39.3258,39.31,39.35,39.35,39.31,52
2024-04-24 16:25:00,1171,39.3573,39.35,39.36,39.37,39.35,33
2024-04-24 16:26:00,2344,39.3512,39.37,39.34,39.37,39.34,50
2024-04-24 16:27:00,5292,39.3707,39.3492,39.39,39.39,39.3492,104
2024-04-24 16:28:00,1387,39.387,39.39,39.38,39.39,39.375,38
2024-04-24 16:29:00,2738,39.3944,39.39,39.4,39.4,39.38,53
2024-04-24 16:30:00,5555,39.3583,39.37,39.335,39.385,39.32,72
2024-04-24 16:31:00,1620,39.3154,39.33,39.31,39.35,39.3,27
2024-04-24 16:32:00,561,39.3267,39.32,39.3,39.32,39.29,11
2024-04-24 16:33:00,9313,39.3017,39.31,39.3,39.315,39.29,83
2024-04-24 16:34:00,1271,39.2958,39.3,39.3,39.3,39.29,22
2024-04-24 16:35:00,3398,39.3243,39.31,39.34,39.35,39.31,94
2024-04-24 16:36:00,2444,39.3594,39.36,39.37,39.37,39.355,60
2024-04-24 16:37:00,1762,39.3482,39.36,39.34,39.36,39.34,48
2024-04-24 16:38:00,2771,39.3199,39.32,39.33,39.33,39.31,50
2024-04-24 16:39:00,666,39.3283,39.32,39.32,39.32,39.32,22
2024-04-24 16:40:00,1261,39.3209,39.325,39.31,39.325,39.31,31
2024-04-24 16:41:00,2685,39.2947,39.31,39.285,39.31,39.27,43
2024-04-24 16:42:00,593,39.2873,39.295,39.285,39.295,39.28,15
2024-04-24 16:43:00,5538,39.2545,39.285,39.205,39.285,39.205,85
2024-04-24 16:44:00,9265,39.1689,39.22,39.15,39.23,39.13,131
2024-04-24 16:45:00,4301,39.1718,39.14,39.18,39.18,39.14,68
2024-04-24 16:46:00,2176,39.1671,39.16,39.16,39.165,39.16,35
2024-04-24 16:47:00,498,39.1639,39.165,39.16,39.165,39.16,11
2024-04-24 16:48:00,3107,39.1936,39.18,39.22,39.22,39.1705,62
2024-04-24 16:49:00,1868,39.2215,39.23,39.23,39.23,39.22,34
2024-04-24 16:50:00,3151,39.2338,39.23,39.24,39.24,39.22,54
2024-04-24 16:51:00,2344,39.237,39.25,39.23,39.25,39.23,31
2024-04-24 16:52:00,7263,39.2174,39.23,39.195,39.24,39.18,97
2024-04-24 16:53:00,1185,39.1818,39.195,39.175,39.21,39.17,26
2024-04-24 16:54:00,1835,39.1985,39.175,39.225,39.225,39.175,37
2024-04-24 16:55:00,589,39.2221,39.22,39.22,39.22,39.22,14
2024-04-24 16:56:00,6101,39.2497,39.24,39.24,39.26,39.23,91
2024-04-24 16:57:00,2273,39.258,39.24,39.27,39.27,39.24,46
2024-04-24 16:58:00,1406,39.2848,39.3,39.28,39.3,39.28,24
2024-04-24 16:59:00,1572,39.2698,39.27,39.28,39.28,39.27,27
2024-04-24 17:00:00,3685,39.2569,39.26,39.265,39.27,39.24,25
2024-04-24 17:01:00,3064,39.285,39.28,39.3,39.3,39.27,45
2024-04-24 17:02:00,5345,39.2969,39.3,39.32,39.32,39.28,81
2024-04-24 17:03:00,795,39.3402,39.32,39.32,39.32,39.32,18
2024-04-24 17:04:00,321,39.3089,39.32,39.32,39.32,39.32,9
2024-04-24 17:05:00,6099,39.3121,39.32,39.3,39.33,39.3,124
2024-04-24 17:06:00,632,39.2998,39.3,39.3,39.3,39.3,18
2024-04-24 17:07:00,2016,39.2962,39.305,39.3,39.31,39.29,45
2024-04-24 17:08:00,1859,39.2897,39.29,39.28,39.3,39.28,41
2024-04-24 17:09:00,1021,39.2722,39.28,39.25,39.29,39.25,28
2024-04-24 17:10:00,3197,39.2549,39.26,39.265,39.27,39.24,57
2024-04-24 17:11:00,633,39.2578,39.26,39.26,39.26,39.26,16
2024-04-24 17:12:00,350,39.26,39.26,39.26,39.26,39.26,8
2024-04-24 17:13:00,3218,39.2695,39.26,39.28,39.28,39.26,54
2024-04-24 17:14:00,2296,39.263,39.28,39.25,39.28,39.25,48
2024-04-24 17:15:00,1568,39.2561,39.25,39.26,39.26,39.25,23
2024-04-24 17:16:00,1573,39.2669,39.27,39.25,39.27,39.25,37
2024-04-24 17:17:00,620,39.2526,39.2501,39.2501,39.2501,39.2501,10
2024-04-24 17:18:00,2018,39.2716,39.27,39.28,39.28,39.265,42
2024-04-24 17:19:00,2583,39.2754,39.28,39.28,39.29,39.27,64
2024-04-24 17:20:00,6580,39.2779,39.28,39.27,39.29,39.26,149
2024-04-24 17:21:00,638,39.2698,39.27,39.27,39.27,39.27,12
2024-04-24 17:22:00,6554,39.2543,39.27,39.235,39.28,39.22,104
2024-04-24 17:23:00,2967,39.2536,39.235,39.27,39.27,39.235,67
2024-04-24 17:24:00,729,39.2647,39.2633,39.2633,39.2633,39.2633,10
2024-04-24 17:25:00,3830,39.2938,39.28,39.3,39.31,39.28,69
2024-04-24 17:26:00,3719,39.2895,39.29,39.3,39.3,39.27,60
2024-04-24 17:27:00,1598,39.3111,39.31,39.31,39.31,39.31,35
2024-04-24 17:28:00,483,39.3158,39.31,39.32,39.32,39.31,19
2024-04-24 17:29:00,918,39.3219,39.3299,39.32,39.33,39.32,23
2024-04-24 17:30:00,4731,39.3274,39.31,39.34,39.36,39.3,82
2024-04-24 17:31:00,1196,39.3372,39.34,39.345,39.345,39.33,26
2024-04-24 17:32:00,279,39.3435,39.35,39.34,39.35,39.34,11
2024-04-24 17:33:00,1239,39.3489,39.34,39.36,39.36,39.34,27
2024-04-24 17:34:00,1266,39.3414,39.35,39.35,39.36,39.34,34
2024-04-24 17:35:00,733,39.3518,39.35,39.35,39.36,39.35,16
2024-04-24 17:36:00,1467,39.3502,39.345,39.348,39.35,39.345,33
2024-04-24 17:37:00,5802,39.3852,39.355,39.41,39.41,39.355,109
2024-04-24 17:38:00,521,39.4168,39.42,39.42,39.42,39.41,23
2024-04-24 17:39:00,3876,39.3997,39.41,39.38,39.41,39.38,69
2024-04-24 17:40:00,285,39.3798,39.38,39.38,39.38,39.38,10
2024-04-24 17:41:00,3000,39.3974,39.38,39.41,39.41,39.38,63
2024-04-24 17:42:00,1200,39.3934,39.405,39.38,39.405,39.38,20
2024-04-24 17:43:00,1370,39.3918,39.39,39.4,39.4,39.39,34
2024-04-24 17:44:00,1278,39.4105,39.4,39.42,39.42,39.4,27
2024-04-24 17:45:00,1805,39.4073,39.41,39.41,39.43,39.41,35
2024-04-24 17:46:00,251,39.4125,39.41,39.41,39.41,39.41,9
2024-04-24 17:47:00,2003,39.4188,39.42,39.43,39.43,39.41,47
2024-04-24 17:48:00,417,39.4406,39.44,39.44,39.44,39.44,12
2024-04-24 17:49:00,2595,39.4308,39.44,39.415,39.44,39.41,50
2024-04-24 17:50:00,2659,39.4042,39.4293,39.38,39.4293,39.38,46
2024-04-24 17:51:00,925,39.3838,39.38,39.38,39.38,39.38,23
2024-04-24 17:52:00,5279,39.3665,39.38,39.36,39.38,39.35,105
2024-04-24 17:53:00,2487,39.3793,39.37,39.38,39.39,39.37,52
2024-04-24 17:55:00,2311,39.3943,39.4,39.39,39.4,39.39,47
2024-04-24 17:56:00,3420,39.3945,39.39,39.39,39.41,39.39,55
2024-04-24 17:57:00,6033,39.4316,39.42,39.44,39.45,39.41,111
2024-04-24 17:58:00,2886,39.4222,39.43,39.4,39.44,39.4,57
2024-04-24 17:59:00,4748,39.4078,39.4,39.4,39.42,39.395,81
2024-04-24 18:00:00,1912,39.3754,39.39,39.36,39.39,39.36,33
2024-04-24 18:01:00,5380,39.3515,39.35,39.33,39.37,39.33,96
2024-04-24 18:02:00,2471,39.3253,39.32,39.33,39.33,39.31,35
2024-04-24 18:03:00,1717,39.3144,39.32,39.3,39.32,39.3,39
2024-04-24 18:04:00,6636,39.282,39.3,39.275,39.3,39.26,110
2024-04-24 18:05:00,1529,39.2781,39.26,39.26,39.28,39.26,30
2024-04-24 18:06:00,12430,39.2598,39.27,39.24,39.28,39.24,219
2024-04-24 18:07:00,6392,39.2101,39.24,39.19,39.245,39.19,107
2024-04-24 18:08:00,3421,39.1938,39.18,39.23,39.23,39.175,69
2024-04-24 18:09:00,2684,39.281,39.25,39.3,39.31,39.245,57
2024-04-24 18:10:00,1234,39.2951,39.3,39.29,39.3,39.29,37
2024-04-24 18:11:00,1901,39.2826,39.29,39.29,39.29,39.28,33
2024-04-24 18:12:00,2887,39.2767,39.29,39.25,39.29,39.25,64
2024-04-24 18:13:00,894,39.2431,39.24,39.24,39.24,39.24,30
2024-04-24 18:14:00,1633,39.2292,39.23,39.22,39.26,39.22,41
2024-04-24 18:15:00,6460,39.1979,39.24,39.2,39.24,39.17,102
2024-04-24 18:16:00,665,39.1983,39.2,39.2,39.2,39.19,12
2024-04-24 18:17:00,4346,39.2013,39.21,39.185,39.21,39.185,66
2024-04-24 18:18:00,1333,39.1902,39.2,39.19,39.2,39.18,18
2024-04-24 18:19:00,903,39.179,39.18,39.175,39.18,39.175,28
2024-04-24 18:20:00,3210,39.1873,39.18,39.19,39.19,39.18,47
2024-04-24 18:21:00,4036,39.1784,39.18,39.2,39.2,39.16,70
2024-04-24 18:22:00,1123,39.1958,39.19,39.2,39.2,39.19,24
2024-04-24 18:23:00,1365,39.205,39.21,39.2,39.21,39.2,29
2024-04-24 18:24:00,3645,39.2076,39.22,39.19,39.22,39.19,71
2024-04-24 18:25:00,1932,39.1862,39.19,39.175,39.19,39.175,33
2024-04-24 18:26:00,2898,39.1754,39.17,39.16,39.18,39.16,51
2024-04-24 18:27:00,3041,39.1737,39.17,39.18,39.18,39.16,66
2024-04-24 18:28:00,2770,39.1812,39.18,39.19,39.19,39.17,57
2024-04-24 18:29:00,1106,39.1839,39.19,39.18,39.19,39.18,23
2024-04-24 18:30:00,2109,39.1806,39.18,39.18,39.185,39.18,19
2024-04-24 18:31:00,3922,39.1625,39.185,39.15,39.19,39.14,72
2024-04-24 18:32:00,5807,39.1227,39.14,39.1,39.15,39.1,106
2024-04-24 18:33:00,2444,39.1269,39.11,39.15,39.15,39.11,36
2024-04-24 18:34:00,2946,39.1338,39.14,39.14,39.14,39.12,60
2024-04-24 18:35:00,943,39.1399,39.14,39.14,39.14,39.14,12
2024-04-24 18:36:00,1614,39.1493,39.15,39.14,39.15,39.14,48
2024-04-24 18:37:00,1847,39.1446,39.13,39.14,39.15,39.13,40
2024-04-24 18:38:00,596,39.1413,39.14,39.14,39.14,39.14,20
2024-04-24 18:39:00,4151,39.162,39.13,39.17,39.18,39.13,81
2024-04-24 18:40:00,1031,39.1604,39.16,39.175,39.175,39.16,23
2024-04-24 18:41:00,2969,39.16,39.16,39.16,39.16,39.15,75
2024-04-24 18:42:00,2290,39.1659,39.16,39.18,39.18,39.15,57
2024-04-24 18:43:00,3574,39.176,39.2,39.15,39.2,39.15,68
2024-04-24 18:44:00,1582,39.1663,39.16,39.17,39.17,39.16,36
2024-04-24 18:45:00,2508,39.1568,39.17,39.14,39.17,39.14,39
2024-04-24 18:46:00,1110,39.1452,39.14,39.15,39.15,39.14,31
2024-04-24 18:47:00,1704,39.1287,39.13,39.11,39.13,39.11,38
2024-04-24 18:48:00,1876,39.1381,39.14,39.14,39.14,39.13,36
2024-04-24 18:49:00,3563,39.1349,39.14,39.12,39.15,39.11,70
2024-04-24 18:50:00,2601,39.1031,39.11,39.09,39.11,39.09,55
2024-04-24 18:51:00,3344,39.0859,39.08,39.066,39.09,39.066,47
2024-04-24 18:52:00,309,39.0702,39.075,39.06,39.075,39.06,14
2024-04-24 18:53:00,3263,39.0594,39.08,39.05,39.08,39.05,59
2024-04-24 18:54:00,3189,39.0564,39.05,39.06,39.06,39.05,50
2024-04-24 18:55:00,4142,39.0859,39.07,39.08,39.0998,39.07,79
2024-04-24 18:56:00,2921,39.0755,39.07,39.08,39.08,39.07,58
2024-04-24 18:57:00,2206,39.0989,39.08,39.11,39.11,39.08,55
2024-04-24 18:58:00,2159,39.1162,39.12,39.13,39.13,39.12,39
2024-04-24 18:59:00,4138,39.1168,39.12,39.13,39.13,39.1,81
2024-04-24 19:00:00,4166,39.1031,39.13,39.085,39.13,39.085,59
2024-04-24 19:01:00,1158,39.0929,39.09,39.08,39.1,39.08,29
2024-04-24 19:02:00,2952,39.0778,39.08,39.0725,39.09,39.07,56
2024-04-24 19:03:00,3036,39.0647,39.07,39.065,39.09,39.05,52
2024-04-24 19:04:00,12707,39.0792,39.055,39.11,39.11,39.05,180
2024-04-24 19:05:00,9075,39.1391,39.11,39.195,39.2,39.11,122
2024-04-24 19:06:00,4852,39.1818,39.195,39.18,39.2,39.16,87
2024-04-24 19:07:00,6967,39.1898,39.19,39.2,39.2,39.19,66
2024-04-24 19:08:00,4913,39.1845,39.19,39.19,39.2,39.17,72
2024-04-24 19:09:00,9366,39.1972,39.19,39.21,39.21,39.18,110
2024-04-24 19:10:00,10770,39.2047,39.22,39.21,39.22,39.19,96
2024-04-24 19:11:00,2051,39.1961,39.2,39.195,39.21,39.19,38
2024-04-24 19:12:00,5996,39.2235,39.19,39.25,39.25,39.19,99
2024-04-24 19:13:00,10701,39.2408,39.24,39.265,39.27,39.22,108
2024-04-24 19:14:00,7712,39.2638,39.265,39.265,39.27,39.25,66
2024-04-24 19:15:00,6477,39.259,39.265,39.26,39.27,39.25,92
2024-04-24 19:16:00,7817,39.258,39.26,39.24,39.27,39.24,86
2024-04-24 19:17:00,6884,39.2751,39.24,39.31,39.31,39.24,100
2024-04-24 19:18:00,6854,39.3033,39.32,39.3,39.32,39.3,104
2024-04-24 19:19:00,3865,39.3188,39.3,39.31,39.35,39.3,65
2024-04-24 19:20:00,3363,39.3158,39.34,39.33,39.34,39.32,36
2024-04-24 19:21:00,8638,39.2806,39.32,39.23,39.32,39.23,153
2024-04-24 19:22:00,4705,39.2535,39.23,39.27,39.28,39.23,74
2024-04-24 19:23:00,2683,39.299,39.29,39.31,39.31,39.29,54
2024-04-24 19:24:00,3264,39.3003,39.3,39.305,39.309,39.3,62
2024-04-24 19:25:00,7551,39.3217,39.305,39.329,39.35,39.305,133
2024-04-24 19:26:00,4487,39.312,39.31,39.33,39.33,39.31,61
2024-04-24 19:27:00,4529,39.3254,39.33,39.32,39.339,39.32,110
2024-04-24 19:28:00,4811,39.3178,39.34,39.31,39.34,39.3,72
2024-04-24 19:29:00,5829,39.3293,39.315,39.33,39.34,39.31,113
2024-04-24 19:30:00,5119,39.3265,39.33,39.32,39.33,39.32,78
2024-04-24 19:31:00,1075,39.323,39.32,39.32,39.33,39.32,22
2024-04-24 19:32:00,9214,39.3037,39.32,39.3,39.32,39.28,154
2024-04-24 19:33:00,7063,39.3185,39.31,39.349,39.349,39.31,113
2024-04-24 19:34:00,6988,39.3335,39.33,39.32,39.35,39.32,101
2024-04-24 19:35:00,10203,39.3207,39.33,39.325,39.34,39.31,145
2024-04-24 19:36:00,6679,39.3242,39.33,39.32,39.33,39.32,101
2024-04-24 19:37:00,12778,39.2833,39.32,39.28,39.32,39.255,182
2024-04-24 19:38:00,8840,39.2979,39.285,39.305,39.31,39.28,126
2024-04-24 19:39:00,11988,39.277,39.3,39.27,39.31,39.25,180
2024-04-24 19:40:00,13392,39.3058,39.27,39.32,39.32,39.27,215
2024-04-24 19:41:00,6291,39.3164,39.32,39.32,39.33,39.305,102
2024-04-24 19:42:00,8239,39.3292,39.33,39.3325,39.35,39.33,124
2024-04-24 19:43:00,12390,39.3398,39.34,39.345,39.35,39.33,193
2024-04-24 19:44:00,5205,39.3475,39.35,39.355,39.36,39.34,89
2024-04-24 19:45:00,13074,39.3461,39.355,39.339,39.36,39.33,243
2024-04-24 19:46:00,10983,39.357,39.34,39.36,39.37,39.34,198
2024-04-24 19:47:00,8464,39.3589,39.37,39.36,39.37,39.355,136
2024-04-24 19:48:00,9636,39.3663,39.361,39.37,39.379,39.36,155
2024-04-24 19:49:00,16043,39.3629,39.38,39.355,39.38,39.349,230
2024-04-24 19:50:00,26575,39.3657,39.35,39.375,39.39,39.35,377
2024-04-24 19:51:00,18702,39.3837,39.3725,39.42,39.42,39.37,260
2024-04-24 19:52:00,17260,39.4209,39.41,39.435,39.435,39.41,257
2024-04-24 19:53:00,20024,39.4291,39.43,39.455,39.455,39.41,256
2024-04-24 19:54:00,21280,39.4429,39.455,39.455,39.46,39.43,322
2024-04-24 19:55:00,38769,39.43,39.455,39.42,39.46,39.4,389
2024-04-24 19:56:00,18991,39.41,39.415,39.43,39.43,39.4,213
2024-04-24 19:57:00,24921,39.4306,39.43,39.45,39.45,39.42,250
2024-04-24 19:58:00,55233,39.4443,39.45,39.48,39.485,39.415,469
2024-04-24 19:59:00,104977,39.4355,39.48,39.43,39.485,39.39,930
2024-04-24 20:00:00,21191,39.44,39.44,39.44,39.44,39.44,9
