t,v,vw,o,c,h,l,n
2024-05-13 12:00:00,2182,3.8012,3.8,3.83,3.83,3.8,9
2024-05-13 12:05:00,164,3.8552,3.86,3.86,3.86,3.86,6
2024-05-13 12:07:00,9581,3.8005,3.8,3.8,3.8,3.8,9
2024-05-13 12:13:00,300,3.8004,3.8004,3.8004,3.8004,3.8004,1
2024-05-13 12:43:00,9654,3.8,3.8,3.8,3.8,3.8,1
2024-05-13 12:54:00,106,3.81,3.81,3.81,3.81,3.81,1
2024-05-13 13:01:00,1000,3.81,3.81,3.81,3.81,3.81,3
2024-05-13 13:06:00,315,3.8202,3.82,3.82,3.82,3.82,6
2024-05-13 13:07:00,192,3.83,3.83,3.83,3.83,3.83,1
2024-05-13 13:21:00,1012,3.81,3.81,3.81,3.81,3.81,3
2024-05-13 13:25:00,1025,3.83,3.83,3.83,3.83,3.83,11
2024-05-13 13:27:00,100,3.83,3.83,3.83,3.83,3.83,1
2024-05-13 13:28:00,1000,3.84,3.84,3.84,3.84,3.84,5
2024-05-13 13:30:00,48735,3.8505,3.85,3.85,3.86,3.82,85
2024-05-13 13:31:00,5067,3.8497,3.845,3.855,3.86,3.845,35
2024-05-13 13:32:00,2126,3.853,3.8546,3.8501,3.86,3.8501,14
2024-05-13 13:33:00,6539,3.8595,3.8503,3.87,3.87,3.8503,62
2024-05-13 13:34:00,714,3.8731,3.8701,3.875,3.88,3.8701,8
2024-05-13 13:35:00,816,3.8713,3.88,3.87,3.88,3.87,11
2024-05-13 13:36:00,4002,3.8635,3.87,3.855,3.8775,3.855,44
2024-05-13 13:37:00,1772,3.855,3.855,3.855,3.855,3.855,9
2024-05-13 13:38:00,1337,3.8528,3.855,3.85,3.855,3.85,15
2024-05-13 13:39:00,2724,3.8586,3.8546,3.8546,3.8546,3.8546,4
2024-05-13 13:40:00,2727,3.845,3.855,3.845,3.855,3.8401,21
2024-05-13 13:41:00,2894,3.845,3.845,3.845,3.845,3.845,13
2024-05-13 13:42:00,1713,3.8452,3.845,3.845,3.845,3.845,27
2024-05-13 13:43:00,5111,3.8434,3.8407,3.845,3.8461,3.8407,20
2024-05-13 13:44:00,5893,3.8396,3.8446,3.84,3.845,3.835,48
2024-05-13 13:45:00,5916,3.8336,3.83,3.84,3.84,3.83,49
2024-05-13 13:46:00,9772,3.8385,3.835,3.83,3.84,3.83,98
2024-05-13 13:47:00,9476,3.8478,3.83,3.85,3.865,3.83,113
2024-05-13 13:48:00,7904,3.85,3.8501,3.855,3.855,3.8449,35
2024-05-13 13:49:00,3348,3.857,3.85,3.85,3.86,3.85,34
2024-05-13 13:50:00,4233,3.8516,3.85,3.854,3.855,3.85,35
2024-05-13 13:51:00,2578,3.8557,3.855,3.855,3.86,3.855,14
2024-05-13 13:52:00,1025,3.86,3.86,3.855,3.865,3.855,21
2024-05-13 13:53:00,5627,3.8501,3.855,3.85,3.855,3.85,14
2024-05-13 13:54:00,6577,3.8591,3.855,3.865,3.865,3.855,44
2024-05-13 13:55:00,2501,3.8607,3.86,3.86,3.865,3.86,11
2024-05-13 13:56:00,3402,3.865,3.87,3.865,3.87,3.865,10
2024-05-13 13:57:00,181,3.8655,3.865,3.865,3.865,3.865,7
2024-05-13 13:58:00,3837,3.8653,3.865,3.8699,3.87,3.8601,43
2024-05-13 13:59:00,12153,3.8674,3.865,3.86,3.88,3.86,87
2024-05-13 14:00:00,5765,3.8634,3.86,3.8497,3.86,3.845,42
2024-05-13 14:01:00,1333,3.8401,3.845,3.84,3.845,3.8375,18
2024-05-13 14:02:00,1721,3.8378,3.835,3.835,3.8398,3.835,7
2024-05-13 14:03:00,12704,3.8393,3.84,3.83,3.84,3.83,89
2024-05-13 14:04:00,3450,3.836,3.836,3.8301,3.84,3.8301,15
2024-05-13 14:05:00,2409,3.8381,3.84,3.84,3.84,3.835,35
2024-05-13 14:06:00,3317,3.8402,3.835,3.84,3.845,3.835,39
2024-05-13 14:07:00,3422,3.8461,3.845,3.845,3.85,3.845,22
2024-05-13 14:08:00,5048,3.846,3.845,3.85,3.85,3.8401,34
2024-05-13 14:09:00,1758,3.8469,3.85,3.85,3.85,3.845,24
2024-05-13 14:10:00,6096,3.8453,3.845,3.845,3.85,3.845,33
2024-05-13 14:11:00,10265,3.8403,3.85,3.835,3.85,3.835,70
2024-05-13 14:12:00,851,3.8339,3.835,3.83,3.835,3.83,16
2024-05-13 14:13:00,130,3.8333,3.8334,3.8334,3.8334,3.8334,6
2024-05-13 14:14:00,8529,3.8255,3.8305,3.815,3.835,3.815,75
2024-05-13 14:15:00,8137,3.8202,3.815,3.8208,3.8284,3.815,75
2024-05-13 14:16:00,5994,3.8191,3.82,3.815,3.82,3.815,43
2024-05-13 14:17:00,459,3.8151,3.815,3.815,3.815,3.815,16
2024-05-13 14:18:00,307,3.8154,3.815,3.815,3.815,3.815,20
2024-05-13 14:19:00,922,3.815,3.815,3.815,3.815,3.815,29
2024-05-13 14:20:00,222,3.8123,3.81,3.81,3.81,3.81,7
2024-05-13 14:21:00,1441,3.8146,3.815,3.815,3.815,3.8116,21
2024-05-13 14:22:00,412,3.8162,3.815,3.815,3.815,3.815,15
2024-05-13 14:23:00,473,3.815,3.815,3.815,3.815,3.815,8
2024-05-13 14:24:00,1571,3.8178,3.8198,3.815,3.8198,3.815,13
2024-05-13 14:25:00,1365,3.8156,3.815,3.815,3.82,3.815,23
2024-05-13 14:26:00,7873,3.821,3.815,3.825,3.83,3.815,82
2024-05-13 14:27:00,7746,3.8196,3.82,3.815,3.82,3.815,39
2024-05-13 14:28:00,316,3.8184,3.8184,3.8184,3.8184,3.8184,3
2024-05-13 14:29:00,1133,3.8184,3.82,3.81,3.82,3.81,10
2024-05-13 14:30:00,957,3.8167,3.815,3.815,3.815,3.815,12
2024-05-13 14:32:00,212,3.817,3.815,3.815,3.815,3.815,10
2024-05-13 14:34:00,1129,3.815,3.815,3.815,3.815,3.815,18
2024-05-13 14:35:00,246,3.8128,3.815,3.81,3.815,3.81,8
2024-05-13 14:36:00,8578,3.8099,3.815,3.805,3.815,3.805,50
2024-05-13 14:37:00,1983,3.8053,3.805,3.805,3.81,3.805,23
2024-05-13 14:38:00,1308,3.8059,3.805,3.805,3.807,3.805,10
2024-05-13 14:39:00,1097,3.8044,3.8039,3.805,3.805,3.8039,13
2024-05-13 14:40:00,2687,3.8016,3.8076,3.805,3.8076,3.8,11
2024-05-13 14:41:00,26251,3.8001,3.8,3.81,3.81,3.795,142
2024-05-13 14:42:00,254624,3.8001,3.805,3.805,3.81,3.8,40
2024-05-13 14:43:00,42661,3.8107,3.805,3.835,3.835,3.8,198
2024-05-13 14:44:00,14949,3.8413,3.835,3.845,3.85,3.8302,86
2024-05-13 14:45:00,893,3.8421,3.84,3.845,3.845,3.84,10
2024-05-13 14:46:00,9760,3.8348,3.845,3.825,3.845,3.82,60
2024-05-13 14:47:00,9249,3.8151,3.82,3.805,3.82,3.805,48
2024-05-13 14:48:00,1915,3.8036,3.8025,3.805,3.81,3.8025,13
2024-05-13 14:49:00,376,3.8066,3.805,3.805,3.805,3.805,10
2024-05-13 14:50:00,441,3.8065,3.805,3.805,3.81,3.805,13
2024-05-13 14:51:00,219,3.8099,3.81,3.81,3.81,3.81,11
2024-05-13 14:52:00,1132,3.8052,3.805,3.805,3.81,3.8,26
2024-05-13 14:53:00,404,3.8078,3.8072,3.8072,3.8072,3.8072,19
2024-05-13 14:54:00,17716,3.8102,3.81,3.805,3.82,3.805,121
2024-05-13 14:55:00,821,3.8081,3.805,3.81,3.81,3.805,12
2024-05-13 14:56:00,470,3.8086,3.81,3.805,3.81,3.805,10
2024-05-13 14:57:00,1287,3.8023,3.81,3.81,3.81,3.8,8
2024-05-13 14:58:00,1328,3.8057,3.805,3.81,3.81,3.805,11
2024-05-13 14:59:00,2934,3.8029,3.805,3.805,3.81,3.8,20
2024-05-13 15:00:00,1567,3.8069,3.805,3.805,3.81,3.805,13
2024-05-13 15:01:00,607,3.8059,3.805,3.805,3.81,3.805,13
2024-05-13 15:02:00,5631,3.8035,3.805,3.81,3.81,3.8011,30
2024-05-13 15:03:00,617,3.8066,3.805,3.805,3.81,3.805,13
2024-05-13 15:04:00,1189,3.8032,3.8,3.805,3.81,3.8,11
2024-05-13 15:05:00,1309,3.8049,3.805,3.8012,3.806,3.8012,16
2024-05-13 15:06:00,1972,3.806,3.805,3.805,3.808,3.805,25
2024-05-13 15:07:00,448,3.8049,3.805,3.805,3.805,3.805,13
2024-05-13 15:08:00,777,3.806,3.81,3.805,3.81,3.805,10
2024-05-13 15:09:00,714,3.8039,3.81,3.8,3.81,3.8,13
2024-05-13 15:10:00,6035,3.8083,3.805,3.805,3.809,3.805,20
2024-05-13 15:11:00,1315,3.802,3.8,3.805,3.805,3.8,14
2024-05-13 15:12:00,3945,3.8045,3.8,3.805,3.805,3.8,12
2024-05-13 15:13:00,54926,3.8008,3.8,3.805,3.81,3.8,202
2024-05-13 15:14:00,1254,3.8049,3.805,3.805,3.805,3.805,14
2024-05-13 15:15:00,8874,3.8044,3.805,3.805,3.805,3.8,33
2024-05-13 15:16:00,2800,3.8055,3.805,3.805,3.81,3.805,22
2024-05-13 15:17:00,5516,3.8048,3.805,3.805,3.805,3.8,31
2024-05-13 15:18:00,1323,3.8037,3.8,3.805,3.805,3.8,18
2024-05-13 15:19:00,1042,3.803,3.805,3.805,3.805,3.8,14
2024-05-13 15:20:00,2003,3.8055,3.805,3.805,3.8099,3.8,20
2024-05-13 15:21:00,1118,3.8049,3.805,3.805,3.805,3.805,12
2024-05-13 15:22:00,7212,3.8011,3.8,3.805,3.805,3.8,47
2024-05-13 15:23:00,804,3.8023,3.805,3.8,3.805,3.8,14
2024-05-13 15:24:00,955,3.8011,3.8,3.8,3.805,3.8,12
2024-05-13 15:25:00,11386,3.7987,3.8,3.795,3.805,3.795,70
2024-05-13 15:26:00,4165,3.7949,3.795,3.795,3.7951,3.7906,23
2024-05-13 15:27:00,2858,3.795,3.795,3.795,3.795,3.795,22
2024-05-13 15:28:00,58000,3.798,3.795,3.795,3.8,3.79,264
2024-05-13 15:29:00,14553,3.7847,3.795,3.775,3.795,3.775,86
2024-05-13 15:30:00,196042,3.7923,3.77,3.795,3.8,3.765,209
2024-05-13 15:31:00,1907,3.7943,3.795,3.795,3.795,3.795,20
2024-05-13 15:32:00,157,3.7942,3.795,3.795,3.795,3.795,4
2024-05-13 15:33:00,1953,3.7962,3.795,3.8,3.8,3.795,8
2024-05-13 15:34:00,6341,3.7936,3.795,3.795,3.795,3.79,41
2024-05-13 15:35:00,11844,3.7951,3.795,3.8,3.8,3.79,38
2024-05-13 15:36:00,259,3.7953,3.795,3.795,3.795,3.795,8
2024-05-13 15:37:00,102,3.7999,3.8,3.8,3.8,3.8,3
2024-05-13 15:38:00,37834,3.7985,3.8,3.795,3.8,3.79,164
2024-05-13 15:39:00,1618,3.7991,3.7999,3.8,3.8,3.7999,13
2024-05-13 15:40:00,948,3.7966,3.8,3.795,3.8,3.795,11
2024-05-13 15:41:00,1484,3.7951,3.795,3.795,3.795,3.795,19
2024-05-13 15:42:00,6855,3.7959,3.795,3.795,3.7974,3.795,27
2024-05-13 15:43:00,1987,3.7956,3.795,3.8,3.8,3.795,24
2024-05-13 15:44:00,3066,3.7993,3.8,3.8,3.8,3.79,8
2024-05-13 15:45:00,1026,3.7966,3.795,3.795,3.795,3.795,7
2024-05-13 15:46:00,2202,3.7951,3.795,3.795,3.795,3.795,30
2024-05-13 15:47:00,17243,3.7994,3.7934,3.795,3.8,3.7934,24
2024-05-13 15:48:00,3654,3.7958,3.795,3.795,3.8,3.795,31
2024-05-13 15:49:00,13601,3.7947,3.795,3.795,3.795,3.79,34
2024-05-13 15:50:00,2905,3.7954,3.795,3.795,3.7962,3.795,16
2024-05-13 15:51:00,1890,3.795,3.795,3.795,3.795,3.795,18
2024-05-13 15:52:00,8312,3.7927,3.795,3.795,3.8,3.7909,39
2024-05-13 15:53:00,1339,3.7951,3.795,3.795,3.7962,3.795,15
2024-05-13 15:54:00,2846,3.7952,3.795,3.795,3.8,3.795,25
2024-05-13 15:55:00,1617,3.795,3.795,3.795,3.795,3.795,16
2024-05-13 15:56:00,6140,3.7991,3.795,3.795,3.8,3.795,15
2024-05-13 15:57:00,38633,3.7999,3.795,3.8,3.8,3.795,156
2024-05-13 15:58:00,645,3.7998,3.8,3.8,3.8,3.8,10
2024-05-13 15:59:00,1562,3.7963,3.795,3.8,3.8,3.795,15
2024-05-13 16:00:00,470,3.7995,3.8,3.8,3.8,3.8,12
2024-05-13 16:01:00,1089,3.7951,3.79,3.795,3.795,3.79,11
2024-05-13 16:02:00,803,3.795,3.795,3.795,3.795,3.795,9
2024-05-13 16:03:00,428,3.7951,3.795,3.795,3.795,3.795,7
2024-05-13 16:04:00,2587,3.7987,3.7992,3.8,3.8,3.795,14
2024-05-13 16:05:00,530,3.7956,3.795,3.795,3.795,3.795,11
2024-05-13 16:06:00,7146,3.795,3.795,3.795,3.795,3.795,36
2024-05-13 16:07:00,533,3.7951,3.795,3.795,3.795,3.795,10
2024-05-13 16:08:00,638,3.7953,3.795,3.795,3.795,3.795,7
2024-05-13 16:09:00,1280,3.7955,3.795,3.795,3.8,3.795,15
2024-05-13 16:10:00,1532,3.796,3.795,3.795,3.8,3.795,20
2024-05-13 16:11:00,3016,3.7978,3.795,3.795,3.8,3.795,16
2024-05-13 16:12:00,3252,3.7958,3.8,3.795,3.8,3.7944,25
2024-05-13 16:13:00,1273,3.7957,3.795,3.795,3.8,3.795,16
2024-05-13 16:14:00,5080,3.7952,3.795,3.795,3.8,3.795,29
2024-05-13 16:15:00,11966,3.7951,3.795,3.795,3.8,3.7949,46
2024-05-13 16:16:00,1065,3.7962,3.795,3.8,3.8,3.795,15
2024-05-13 16:17:00,1933,3.7977,3.795,3.8,3.8,3.795,23
2024-05-13 16:18:00,2372,3.7963,3.795,3.795,3.8,3.795,28
2024-05-13 16:19:00,1583,3.7964,3.795,3.795,3.8,3.795,23
2024-05-13 16:20:00,891,3.7962,3.795,3.795,3.8,3.795,14
2024-05-13 16:21:00,5802,3.7991,3.795,3.795,3.8,3.795,20
2024-05-13 16:22:00,2030,3.7949,3.795,3.795,3.795,3.7925,23
2024-05-13 16:23:00,1655,3.7956,3.8,3.795,3.8,3.795,22
2024-05-13 16:24:00,1951,3.7953,3.795,3.795,3.795,3.795,18
2024-05-13 16:25:00,3726,3.7955,3.795,3.795,3.8,3.795,21
2024-05-13 16:26:00,2277,3.7965,3.795,3.795,3.8,3.795,21
2024-05-13 16:27:00,1655,3.7953,3.795,3.795,3.8,3.795,20
2024-05-13 16:28:00,1925,3.7954,3.792,3.795,3.8,3.792,16
2024-05-13 16:29:00,35184,3.7996,3.795,3.8,3.8,3.795,211
2024-05-13 16:30:00,5783,3.8,3.8,3.8,3.8,3.8,30
2024-05-13 16:31:00,660,3.7996,3.8,3.8,3.8,3.8,14
2024-05-13 16:32:00,267,3.7999,3.8,3.8,3.8,3.8,10
2024-05-13 16:33:00,5822,3.7989,3.8,3.7964,3.8,3.795,42
2024-05-13 16:34:00,2654,3.7969,3.8,3.8,3.8,3.795,37
2024-05-13 16:35:00,94936,3.8084,3.8,3.815,3.82,3.8,439
2024-05-13 16:36:00,13488,3.8092,3.81,3.805,3.815,3.805,72
2024-05-13 16:37:00,1396,3.8056,3.805,3.805,3.805,3.805,8
2024-05-13 16:38:00,851,3.805,3.805,3.805,3.805,3.805,9
2024-05-13 16:39:00,3028,3.8024,3.8,3.805,3.805,3.8,23
2024-05-13 16:40:00,79707,3.8006,3.805,3.805,3.805,3.8,254
2024-05-13 16:41:00,21008,3.8003,3.805,3.805,3.805,3.8,44
2024-05-13 16:42:00,31641,3.7996,3.805,3.795,3.805,3.795,186
2024-05-13 16:43:00,904,3.7922,3.795,3.79,3.795,3.79,8
2024-05-13 16:44:00,2313,3.7947,3.795,3.795,3.795,3.7912,10
2024-05-13 16:45:00,597,3.7947,3.795,3.795,3.795,3.795,9
2024-05-13 16:46:00,1401,3.7954,3.795,3.795,3.8,3.795,8
2024-05-13 16:47:00,936,3.7955,3.8,3.795,3.8,3.795,11
2024-05-13 16:48:00,2243,3.795,3.795,3.795,3.795,3.795,24
2024-05-13 16:49:00,1368,3.7959,3.795,3.795,3.8,3.795,13
2024-05-13 16:50:00,930,3.7961,3.795,3.795,3.8,3.795,12
2024-05-13 16:51:00,2016,3.7957,3.795,3.795,3.8,3.795,19
2024-05-13 16:52:00,34721,3.7993,3.795,3.8,3.8,3.795,41
2024-05-13 16:53:00,1587,3.7959,3.795,3.795,3.8,3.795,37
2024-05-13 16:54:00,616,3.7924,3.7901,3.79,3.795,3.79,12
2024-05-13 16:55:00,2021,3.794,3.795,3.795,3.795,3.79,27
2024-05-13 16:56:00,5376,3.794,3.795,3.795,3.795,3.79,50
2024-05-13 16:57:00,16141,3.7843,3.79,3.7783,3.795,3.775,116
2024-05-13 16:58:00,14589,3.7684,3.77,3.76,3.775,3.76,81
2024-05-13 16:59:00,3617,3.7654,3.76,3.765,3.7697,3.76,33
2024-05-13 17:00:00,2030,3.7626,3.765,3.765,3.765,3.76,21
2024-05-13 17:01:00,24312,3.769,3.76,3.775,3.775,3.76,121
2024-05-13 17:02:00,67596,3.7809,3.775,3.775,3.79,3.77,259
2024-05-13 17:03:00,19941,3.7839,3.775,3.79,3.79,3.775,66
2024-05-13 17:04:00,375,3.7866,3.785,3.785,3.785,3.785,8
2024-05-13 17:05:00,201228,3.785,3.785,3.785,3.785,3.78,15
2024-05-13 17:06:00,519,3.786,3.785,3.785,3.79,3.785,7
2024-05-13 17:07:00,3672,3.7845,3.78,3.785,3.785,3.78,18
2024-05-13 17:08:00,565,3.7841,3.79,3.79,3.79,3.79,9
2024-05-13 17:09:00,601,3.7882,3.79,3.79,3.79,3.79,4
2024-05-13 17:10:00,1641,3.7852,3.785,3.785,3.785,3.785,10
2024-05-13 17:11:00,418,3.7869,3.79,3.79,3.79,3.79,5
2024-05-13 17:12:00,517,3.7866,3.785,3.785,3.785,3.785,10
2024-05-13 17:13:00,21382,3.7896,3.79,3.785,3.79,3.785,12
2024-05-13 17:14:00,11553,3.7889,3.785,3.785,3.7894,3.785,23
2024-05-13 17:15:00,6221,3.7853,3.785,3.79,3.79,3.785,38
2024-05-13 17:16:00,11308,3.7851,3.785,3.785,3.785,3.785,11
2024-05-13 17:17:00,2320,3.785,3.785,3.785,3.785,3.785,15
2024-05-13 17:18:00,1526,3.7857,3.785,3.785,3.79,3.785,14
2024-05-13 17:19:00,10131,3.7877,3.78,3.785,3.789,3.78,19
2024-05-13 17:20:00,4951,3.7852,3.785,3.785,3.785,3.785,17
2024-05-13 17:21:00,1042,3.785,3.785,3.785,3.785,3.785,13
2024-05-13 17:22:00,20814,3.7912,3.79,3.795,3.8,3.79,99
2024-05-13 17:23:00,6125,3.7993,3.8,3.7993,3.8,3.7993,6
2024-05-13 17:24:00,1109,3.7991,3.7997,3.7997,3.7997,3.7997,9
2024-05-13 17:25:00,9302,3.7999,3.799,3.8,3.8,3.799,19
2024-05-13 17:26:00,1159,3.797,3.7967,3.7967,3.7967,3.7967,11
2024-05-13 17:27:00,1242,3.7958,3.8,3.8,3.8,3.795,5
2024-05-13 17:28:00,497,3.7973,3.8,3.795,3.8,3.795,9
2024-05-13 17:29:00,373,3.7953,3.795,3.795,3.795,3.795,5
2024-05-13 17:30:00,737,3.7961,3.798,3.795,3.8,3.795,12
2024-05-13 17:31:00,1219,3.795,3.795,3.795,3.795,3.795,13
2024-05-13 17:32:00,5407,3.7957,3.795,3.795,3.795,3.795,18
2024-05-13 17:33:00,208007,3.8018,3.79,3.8,3.81,3.79,641
2024-05-13 17:34:00,19581,3.8001,3.8,3.8,3.805,3.795,70
2024-05-13 17:35:00,251,3.7951,3.795,3.795,3.795,3.795,5
2024-05-13 17:36:00,240,3.798,3.795,3.795,3.795,3.795,5
2024-05-13 17:37:00,120,3.7992,3.7988,3.7988,3.7988,3.7988,4
2024-05-13 17:38:00,2088,3.7996,3.7997,3.7997,3.7997,3.7997,6
2024-05-13 17:40:00,6440,3.8081,3.795,3.795,3.795,3.795,13
2024-05-13 17:41:00,5669,3.7968,3.795,3.795,3.795,3.795,20
2024-05-13 17:42:00,3122,3.795,3.795,3.795,3.795,3.795,33
2024-05-13 17:43:00,935,3.7956,3.795,3.8,3.8,3.795,17
2024-05-13 17:44:00,3289,3.7966,3.795,3.8,3.8,3.795,32
2024-05-13 17:45:00,2234,3.7963,3.795,3.8,3.8,3.795,27
2024-05-13 17:46:00,2107,3.7957,3.795,3.795,3.8,3.79,13
2024-05-13 17:47:00,1418,3.795,3.795,3.795,3.795,3.795,16
2024-05-13 17:48:00,21536,3.7873,3.7997,3.775,3.8,3.775,113
2024-05-13 17:49:00,1440,3.7787,3.78,3.77,3.78,3.77,14
2024-05-13 17:50:00,1444,3.7729,3.775,3.78,3.78,3.77,10
2024-05-13 17:51:00,3024,3.7747,3.775,3.775,3.78,3.77,14
2024-05-13 17:52:00,2058,3.773,3.77,3.77,3.78,3.77,23
2024-05-13 17:53:00,2478,3.7755,3.775,3.775,3.78,3.77,26
2024-05-13 17:54:00,5909,3.7746,3.77,3.775,3.7779,3.77,18
2024-05-13 17:55:00,6063,3.7748,3.77,3.775,3.78,3.77,35
2024-05-13 17:56:00,1663,3.775,3.775,3.77,3.7799,3.77,16
2024-05-13 17:57:00,1848,3.773,3.775,3.77,3.775,3.77,23
2024-05-13 17:58:00,6795,3.7751,3.775,3.775,3.78,3.77,54
2024-05-13 17:59:00,2086,3.7753,3.775,3.775,3.78,3.775,24
2024-05-13 18:00:00,3601,3.7745,3.775,3.775,3.775,3.77,29
2024-05-13 18:01:00,6776,3.7745,3.775,3.775,3.775,3.77,56
2024-05-13 18:02:00,12682,3.7748,3.775,3.775,3.775,3.77,68
2024-05-13 18:03:00,3171,3.7745,3.775,3.775,3.78,3.77,27
2024-05-13 18:04:00,1925,3.7767,3.775,3.775,3.78,3.77,24
2024-05-13 18:05:00,6413,3.7752,3.775,3.775,3.78,3.77,37
2024-05-13 18:06:00,37963,3.783,3.775,3.785,3.785,3.775,249
2024-05-13 18:07:00,3940,3.785,3.785,3.785,3.79,3.78,43
2024-05-13 18:08:00,25071,3.7752,3.78,3.76,3.7899,3.76,152
2024-05-13 18:09:00,863,3.7651,3.765,3.76,3.7657,3.76,9
2024-05-13 18:10:00,116,3.76,3.76,3.76,3.76,3.76,6
2024-05-13 18:11:00,19249,3.76,3.765,3.765,3.765,3.75,107
2024-05-13 18:12:00,573,3.7647,3.765,3.765,3.765,3.765,9
2024-05-13 18:13:00,4769,3.7636,3.765,3.765,3.765,3.76,28
2024-05-13 18:15:00,2105,3.7651,3.76,3.76,3.77,3.76,21
2024-05-13 18:16:00,4634,3.7633,3.76,3.76,3.766,3.76,23
2024-05-13 18:17:00,1225,3.7629,3.765,3.76,3.765,3.76,14
2024-05-13 18:18:00,4023,3.7605,3.76,3.76,3.765,3.76,25
2024-05-13 18:19:00,1692,3.7611,3.765,3.76,3.765,3.76,21
2024-05-13 18:20:00,139502,3.7728,3.76,3.775,3.785,3.76,624
2024-05-13 18:21:00,25008,3.7785,3.78,3.7796,3.78,3.77,109
2024-05-13 18:22:00,3526,3.7758,3.7769,3.77,3.7799,3.77,26
2024-05-13 18:23:00,4042,3.7737,3.775,3.77,3.775,3.77,38
2024-05-13 18:24:00,185,3.7711,3.77,3.77,3.77,3.77,7
2024-05-13 18:26:00,1543,3.7742,3.775,3.77,3.775,3.77,22
2024-05-13 18:27:00,9610,3.7684,3.775,3.76,3.775,3.76,66
2024-05-13 18:28:00,2733,3.7681,3.7698,3.77,3.77,3.76,25
2024-05-13 18:29:00,1772,3.7614,3.765,3.765,3.765,3.76,18
2024-05-13 18:30:00,4695,3.7647,3.76,3.765,3.7688,3.76,26
2024-05-13 18:31:00,56264,3.7589,3.76,3.75,3.76,3.75,172
2024-05-13 18:32:00,38572,3.7629,3.76,3.76,3.77,3.75,149
2024-05-13 18:33:00,9706,3.7648,3.76,3.76,3.77,3.76,52
2024-05-13 18:34:00,7587,3.7669,3.765,3.76,3.77,3.76,36
2024-05-13 18:35:00,165391,3.77,3.77,3.775,3.775,3.77,76
2024-05-13 18:36:00,1126,3.7748,3.775,3.775,3.775,3.775,20
2024-05-13 18:37:00,483,3.7733,3.775,3.775,3.775,3.775,8
2024-05-13 18:38:00,504,3.7752,3.78,3.77,3.78,3.77,6
2024-05-13 18:39:00,768,3.7734,3.77,3.775,3.775,3.77,13
2024-05-13 18:40:00,7491,3.7684,3.775,3.765,3.775,3.76,66
2024-05-13 18:41:00,3867,3.7611,3.765,3.76,3.765,3.76,31
2024-05-13 18:42:00,690,3.7625,3.765,3.765,3.765,3.76,16
2024-05-13 18:43:00,1070,3.7643,3.765,3.765,3.765,3.76,16
2024-05-13 18:44:00,4630,3.7642,3.76,3.765,3.765,3.76,52
2024-05-13 18:45:00,1640,3.7643,3.765,3.765,3.765,3.76,32
2024-05-13 18:46:00,38140,3.7725,3.765,3.77,3.78,3.765,199
2024-05-13 18:47:00,625,3.7734,3.775,3.775,3.775,3.77,13
2024-05-13 18:48:00,1750,3.7744,3.775,3.775,3.775,3.77,23
2024-05-13 18:49:00,42925,3.7799,3.775,3.78,3.79,3.77,207
2024-05-13 18:50:00,1512,3.7799,3.7808,3.79,3.79,3.7808,11
2024-05-13 18:52:00,2825,3.7836,3.785,3.785,3.785,3.78,48
2024-05-13 18:53:00,3070,3.7837,3.785,3.785,3.785,3.78,27
2024-05-13 18:54:00,9836,3.7741,3.785,3.775,3.785,3.77,80
2024-05-13 18:55:00,2966,3.771,3.775,3.775,3.775,3.7701,25
2024-05-13 18:56:00,2498,3.7709,3.775,3.775,3.775,3.77,29
2024-05-13 18:57:00,2946,3.7749,3.775,3.775,3.775,3.7732,33
2024-05-13 18:58:00,1376,3.7753,3.775,3.775,3.775,3.775,36
2024-05-13 18:59:00,21861,3.7666,3.775,3.765,3.775,3.76,86
2024-05-13 19:00:00,1252,3.7618,3.765,3.76,3.765,3.76,18
2024-05-13 19:01:00,1965,3.7627,3.765,3.76,3.765,3.76,38
2024-05-13 19:02:00,7882,3.7634,3.765,3.765,3.765,3.76,61
2024-05-13 19:03:00,1425,3.7616,3.76,3.765,3.765,3.76,18
2024-05-13 19:04:00,1589,3.7614,3.76,3.76,3.765,3.76,21
2024-05-13 19:05:00,2089,3.763,3.76,3.765,3.765,3.76,24
2024-05-13 19:06:00,15928,3.757,3.76,3.755,3.765,3.75,115
2024-05-13 19:07:00,488,3.7521,3.755,3.75,3.755,3.75,14
2024-05-13 19:08:00,1738,3.752,3.75,3.75,3.755,3.75,23
2024-05-13 19:09:00,1345,3.7524,3.75,3.75,3.755,3.75,31
2024-05-13 19:10:00,1689,3.7522,3.75,3.75,3.755,3.75,40
2024-05-13 19:11:00,2116,3.7512,3.75,3.75,3.755,3.75,35
2024-05-13 19:12:00,77804,3.7471,3.75,3.745,3.755,3.74,187
2024-05-13 19:13:00,2224,3.7414,3.745,3.74,3.745,3.74,33
2024-05-13 19:14:00,3578,3.745,3.745,3.745,3.7486,3.74,44
2024-05-13 19:15:00,3482,3.7425,3.745,3.74,3.745,3.74,53
2024-05-13 19:16:00,1957,3.7428,3.74,3.745,3.745,3.74,38
2024-05-13 19:17:00,4993,3.7444,3.745,3.74,3.745,3.74,44
2024-05-13 19:18:00,10676,3.7463,3.745,3.74,3.7492,3.74,51
2024-05-13 19:19:00,3289,3.7438,3.74,3.74,3.745,3.74,60
2024-05-13 19:20:00,3432,3.7441,3.74,3.7457,3.7457,3.74,59
2024-05-13 19:21:00,37840,3.7368,3.745,3.73,3.745,3.73,221
2024-05-13 19:22:00,2398,3.733,3.73,3.735,3.735,3.73,25
2024-05-13 19:23:00,2588,3.7332,3.735,3.73,3.735,3.73,28
2024-05-13 19:24:00,3786,3.7338,3.73,3.73,3.735,3.73,49
2024-05-13 19:25:00,6571,3.7343,3.735,3.73,3.735,3.73,30
2024-05-13 19:26:00,6085,3.7312,3.73,3.735,3.735,3.73,24
2024-05-13 19:27:00,5700,3.7351,3.73,3.73,3.736,3.73,34
2024-05-13 19:28:00,15080,3.732,3.73,3.735,3.7361,3.73,51
2024-05-13 19:29:00,4151,3.7334,3.74,3.735,3.74,3.73,55
2024-05-13 19:30:00,5137,3.7333,3.73,3.7329,3.735,3.73,45
2024-05-13 19:31:00,17243,3.7282,3.735,3.72,3.735,3.72,133
2024-05-13 19:32:00,6999,3.725,3.72,3.72,3.73,3.72,60
2024-05-13 19:33:00,2312,3.7225,3.72,3.725,3.725,3.72,24
2024-05-13 19:34:00,57106,3.7285,3.725,3.735,3.735,3.72,217
2024-05-13 19:35:00,14559,3.731,3.735,3.735,3.735,3.73,86
2024-05-13 19:36:00,1888,3.735,3.735,3.735,3.735,3.735,17
2024-05-13 19:37:00,214,3.7345,3.735,3.735,3.735,3.735,11
2024-05-13 19:38:00,22652,3.7406,3.74,3.745,3.75,3.735,160
2024-05-13 19:39:00,13236,3.7443,3.745,3.75,3.75,3.74,87
2024-05-13 19:40:00,32526,3.7439,3.74,3.75,3.75,3.74,101
2024-05-13 19:41:00,31301,3.7472,3.75,3.75,3.75,3.7411,211
2024-05-13 19:42:00,7808,3.7498,3.75,3.75,3.75,3.745,33
2024-05-13 19:43:00,4273,3.745,3.75,3.745,3.75,3.745,40
2024-05-13 19:44:00,6190,3.7454,3.745,3.745,3.75,3.745,49
2024-05-13 19:45:00,11068,3.7459,3.75,3.745,3.75,3.74,78
2024-05-13 19:46:00,5742,3.745,3.75,3.745,3.75,3.74,64
2024-05-13 19:47:00,21544,3.7429,3.745,3.74,3.7488,3.74,109
2024-05-13 19:48:00,7137,3.7416,3.74,3.745,3.75,3.74,47
2024-05-13 19:49:00,21441,3.7378,3.74,3.735,3.745,3.73,126
2024-05-13 19:50:00,126031,3.7399,3.74,3.745,3.75,3.73,358
2024-05-13 19:51:00,5524,3.7462,3.745,3.745,3.75,3.745,47
2024-05-13 19:52:00,2659,3.7467,3.7442,3.75,3.75,3.7442,34
2024-05-13 19:53:00,12951,3.7495,3.75,3.745,3.75,3.745,87
2024-05-13 19:54:00,29706,3.7455,3.745,3.745,3.75,3.74,265
2024-05-13 19:55:00,29764,3.7459,3.75,3.745,3.75,3.74,240
2024-05-13 19:56:00,118096,3.7435,3.745,3.735,3.75,3.735,317
2024-05-13 19:57:00,26997,3.7353,3.735,3.735,3.7399,3.73,141
2024-05-13 19:58:00,44747,3.7342,3.7358,3.735,3.74,3.73,231
2024-05-13 19:59:00,185177,3.736,3.74,3.73,3.75,3.73,771
2024-05-13 20:00:00,41926,3.74,3.74,3.74,3.74,3.74,9
2024-05-13 20:11:00,4400,3.74,3.74,3.74,3.74,3.74,1
2024-05-13 20:13:00,150,3.76,3.76,3.76,3.76,3.76,1
2024-05-13 20:15:00,101,3.74,3.74,3.74,3.74,3.74,2
2024-05-13 20:16:00,1599,3.74,3.74,3.74,3.74,3.74,3
2024-05-13 20:18:00,61135,3.74,3.74,3.74,3.74,3.74,1
2024-05-13 20:28:00,1503,3.74,3.74,3.74,3.74,3.74,2
2024-05-13 20:32:00,645,3.74,3.74,3.74,3.74,3.74,1
2024-05-13 20:36:00,500,3.7409,3.7409,3.7409,3.7409,3.7409,1
2024-05-13 21:20:00,100,3.7595,3.7595,3.7595,3.7595,3.7595,1
2024-05-13 21:45:00,120,3.74,3.74,3.74,3.74,3.74,1
2024-05-13 22:04:00,160,3.74,3.74,3.74,3.74,3.74,1
2024-05-13 22:17:00,1000,3.7678,3.76,3.77,3.77,3.76,5
2024-05-13 22:18:00,500,3.7797,3.78,3.78,3.78,3.78,2
2024-05-13 22:21:00,100,3.78,3.78,3.78,3.78,3.78,1
2024-05-13 22:22:00,1769,3.7401,3.7401,3.7401,3.7401,3.7401,1
2024-05-13 22:24:00,1000,3.78,3.78,3.78,3.78,3.78,1
2024-05-13 22:39:00,3050,3.7793,3.78,3.78,3.78,3.78,2
2024-05-13 23:44:00,273,3.74,3.74,3.74,3.74,3.74,1
2024-05-14 09:52:00,100,3.77,3.77,3.77,3.77,3.77,1
2024-05-14 11:32:00,185,3.76,3.76,3.76,3.76,3.76,7
2024-05-14 11:56:00,100,3.75,3.75,3.75,3.75,3.75,1
2024-05-14 12:00:00,951,3.7598,3.7606,3.7586,3.7606,3.74,14
2024-05-14 12:10:00,157,3.759,3.76,3.76,3.76,3.76,5
2024-05-14 12:31:00,1085,3.7434,3.75,3.74,3.75,3.74,36
2024-05-14 12:48:00,2001,3.72,3.72,3.72,3.72,3.72,2
2024-05-14 12:49:00,100,3.77,3.77,3.77,3.77,3.77,1
2024-05-14 12:55:00,105,3.78,3.78,3.78,3.78,3.78,1
2024-05-14 13:22:00,2000,3.74,3.74,3.74,3.74,3.74,1
2024-05-14 13:27:00,313,3.7742,3.78,3.78,3.78,3.78,3
2024-05-14 13:30:00,80334,3.7414,3.73,3.785,3.785,3.73,160
2024-05-14 13:31:00,24110,3.7993,3.78,3.805,3.815,3.775,111
2024-05-14 13:32:00,15120,3.801,3.805,3.795,3.805,3.79,84
2024-05-14 13:33:00,38672,3.8156,3.795,3.805,3.83,3.795,106
2024-05-14 13:34:00,9354,3.7931,3.81,3.77,3.81,3.77,62
2024-05-14 13:35:00,8189,3.7776,3.77,3.775,3.79,3.76,56
2024-05-14 13:36:00,17321,3.7753,3.775,3.775,3.785,3.76,79
2024-05-14 13:37:00,4205,3.7639,3.77,3.755,3.78,3.755,41
2024-05-14 13:38:00,7235,3.7638,3.76,3.77,3.77,3.75,52
2024-05-14 13:39:00,8511,3.7707,3.78,3.77,3.78,3.765,21
2024-05-14 13:40:00,2271,3.7632,3.765,3.765,3.77,3.76,24
2024-05-14 13:41:00,5199,3.7586,3.76,3.75,3.765,3.75,42
2024-05-14 13:42:00,13078,3.7466,3.75,3.74,3.75,3.73,76
2024-05-14 13:43:00,5155,3.7478,3.75,3.745,3.75,3.74,26
2024-05-14 13:44:00,2328,3.7474,3.745,3.75,3.75,3.74,21
2024-05-14 13:45:00,1966,3.745,3.745,3.745,3.75,3.74,22
2024-05-14 13:46:00,541,3.745,3.745,3.745,3.745,3.745,8
2024-05-14 13:47:00,18140,3.7489,3.745,3.745,3.75,3.74,81
2024-05-14 13:48:00,4275,3.7431,3.75,3.74,3.75,3.74,34
2024-05-14 13:49:00,28849,3.7549,3.75,3.755,3.765,3.74,106
2024-05-14 13:50:00,3063,3.7543,3.755,3.755,3.7588,3.75,26
2024-05-14 13:51:00,17473,3.7566,3.76,3.755,3.76,3.75,49
2024-05-14 13:52:00,22069,3.7666,3.755,3.775,3.775,3.75,128
2024-05-14 13:53:00,10594,3.7705,3.77,3.765,3.775,3.765,55
2024-05-14 13:54:00,1715,3.7613,3.765,3.76,3.765,3.76,24
2024-05-14 13:55:00,12068,3.7578,3.765,3.755,3.765,3.75,129
2024-05-14 13:56:00,9422,3.7512,3.755,3.75,3.76,3.745,64
2024-05-14 13:57:00,1498,3.7436,3.75,3.745,3.75,3.74,17
2024-05-14 13:58:00,1467,3.7474,3.745,3.75,3.75,3.745,23
2024-05-14 13:59:00,251,3.7449,3.745,3.745,3.745,3.745,8
2024-05-14 14:00:00,1462,3.7441,3.745,3.745,3.745,3.74,21
2024-05-14 14:01:00,2593,3.7486,3.75,3.7497,3.75,3.745,18
2024-05-14 14:02:00,2057,3.7443,3.745,3.745,3.745,3.7415,24
2024-05-14 14:03:00,23205,3.75,3.745,3.755,3.755,3.74,126
2024-05-14 14:04:00,16703,3.7479,3.755,3.745,3.755,3.74,48
2024-05-14 14:05:00,6293,3.738,3.74,3.73,3.74,3.73,50
2024-05-14 14:06:00,30327,3.7225,3.73,3.725,3.73,3.72,55
2024-05-14 14:07:00,14578,3.7217,3.725,3.725,3.73,3.72,48
2024-05-14 14:08:00,2848,3.7228,3.725,3.725,3.725,3.72,28
2024-05-14 14:09:00,6541,3.7228,3.72,3.72,3.7299,3.72,50
2024-05-14 14:10:00,78198,3.7209,3.72,3.73,3.73,3.71,224
2024-05-14 14:11:00,38523,3.7436,3.73,3.74,3.755,3.73,162
2024-05-14 14:12:00,13224,3.7382,3.735,3.735,3.7399,3.73,38
2024-05-14 14:13:00,2626,3.732,3.735,3.73,3.735,3.73,21
2024-05-14 14:14:00,8267,3.7279,3.73,3.72,3.73,3.72,67
2024-05-14 14:15:00,3330,3.7219,3.725,3.72,3.7297,3.72,20
2024-05-14 14:16:00,3335,3.7257,3.725,3.72,3.73,3.72,24
2024-05-14 14:17:00,30205,3.7208,3.7224,3.72,3.73,3.72,135
2024-05-14 14:18:00,8398,3.7227,3.721,3.725,3.7269,3.72,18
2024-05-14 14:19:00,7008,3.7198,3.725,3.715,3.725,3.715,60
2024-05-14 14:20:00,2893,3.7115,3.71,3.715,3.715,3.71,16
2024-05-14 14:21:00,6729,3.713,3.71,3.71,3.715,3.71,32
2024-05-14 14:22:00,8920,3.7071,3.7115,3.705,3.7115,3.7,74
2024-05-14 14:23:00,37540,3.6989,3.7013,3.695,3.705,3.69,117
2024-05-14 14:24:00,3444,3.6963,3.695,3.695,3.7,3.695,24
2024-05-14 14:25:00,5300,3.6965,3.695,3.695,3.7,3.695,42
2024-05-14 14:26:00,43620,3.7003,3.7,3.705,3.71,3.7,174
2024-05-14 14:27:00,4930,3.7023,3.7021,3.7,3.705,3.7,36
2024-05-14 14:28:00,19352,3.7,3.7,3.7,3.7,3.7,85
2024-05-14 14:29:00,14928,3.6996,3.7,3.695,3.7,3.695,79
2024-05-14 14:30:00,3650,3.7032,3.7,3.705,3.705,3.7,23
2024-05-14 14:31:00,5349,3.7035,3.705,3.7009,3.706,3.7,21
2024-05-14 14:32:00,1821,3.7,3.7,3.7,3.7,3.7,16
2024-05-14 14:33:00,3929,3.7013,3.7051,3.705,3.7051,3.7,27
2024-05-14 14:34:00,2824,3.7036,3.7,3.705,3.705,3.7,30
2024-05-14 14:35:00,20383,3.707,3.705,3.705,3.71,3.7,85
2024-05-14 14:36:00,3208,3.7022,3.705,3.705,3.7055,3.7,32
2024-05-14 14:37:00,18458,3.699,3.7,3.69,3.7,3.69,68
2024-05-14 14:38:00,59159,3.682,3.695,3.685,3.695,3.67,193
2024-05-14 14:39:00,311,3.6841,3.6821,3.685,3.685,3.6821,7
2024-05-14 14:40:00,7964,3.684,3.685,3.685,3.69,3.68,44
2024-05-14 14:41:00,3561,3.681,3.685,3.68,3.685,3.68,19
2024-05-14 14:42:00,27732,3.6882,3.685,3.695,3.695,3.68,93
2024-05-14 14:43:00,19738,3.6997,3.695,3.7018,3.705,3.69,72
2024-05-14 14:44:00,14956,3.7015,3.7089,3.695,3.7089,3.695,89
2024-05-14 14:45:00,8896,3.6897,3.69,3.685,3.69,3.685,57
2024-05-14 14:46:00,9195,3.688,3.685,3.69,3.69,3.68,60
2024-05-14 14:47:00,1979,3.6988,3.695,3.7,3.7,3.695,10
2024-05-14 14:48:00,605,3.6947,3.695,3.6953,3.6953,3.695,7
2024-05-14 14:49:00,7192,3.7021,3.7,3.705,3.705,3.7,50
2024-05-14 14:50:00,10758,3.7,3.705,3.695,3.705,3.6913,52
2024-05-14 14:51:00,2029,3.6906,3.69,3.69,3.695,3.69,20
2024-05-14 14:52:00,4838,3.6916,3.69,3.695,3.695,3.69,18
2024-05-14 14:53:00,633,3.6945,3.69,3.695,3.695,3.69,10
2024-05-14 14:54:00,7310,3.6901,3.69,3.69,3.695,3.69,50
2024-05-14 14:55:00,1379,3.6915,3.69,3.69,3.69,3.69,24
2024-05-14 14:56:00,512,3.6902,3.69,3.69,3.69,3.69,13
2024-05-14 14:57:00,20573,3.6989,3.695,3.7,3.7,3.695,124
2024-05-14 14:58:00,2512,3.7061,3.705,3.705,3.71,3.705,24
2024-05-14 14:59:00,1665,3.7058,3.705,3.71,3.71,3.705,13
2024-05-14 15:00:00,2694,3.7042,3.71,3.705,3.71,3.7,12
2024-05-14 15:01:00,8130,3.7063,3.7,3.705,3.71,3.7,33
2024-05-14 15:02:00,399,3.7064,3.705,3.71,3.71,3.705,12
2024-05-14 15:03:00,18418,3.699,3.708,3.695,3.708,3.695,77
2024-05-14 15:04:00,9195,3.7001,3.7,3.7,3.705,3.7,64
2024-05-14 15:05:00,983,3.7047,3.705,3.705,3.705,3.705,11
2024-05-14 15:06:00,1249,3.7005,3.705,3.7,3.705,3.7,15
2024-05-14 15:07:00,2057,3.704,3.7,3.7,3.705,3.7,14
2024-05-14 15:08:00,6092,3.6987,3.7099,3.695,3.7099,3.69,43
2024-05-14 15:09:00,2828,3.6984,3.695,3.695,3.7,3.695,20
2024-05-14 15:10:00,890,3.6963,3.695,3.695,3.7,3.695,12
2024-05-14 15:11:00,967,3.6945,3.695,3.695,3.695,3.695,13
2024-05-14 15:12:00,2932,3.6934,3.695,3.695,3.695,3.69,19
2024-05-14 15:13:00,3224,3.6939,3.69,3.695,3.695,3.69,25
2024-05-14 15:14:00,913,3.6906,3.69,3.69,3.695,3.69,15
2024-05-14 15:15:00,2295,3.6939,3.695,3.69,3.695,3.69,24
2024-05-14 15:16:00,1774,3.693,3.69,3.695,3.695,3.69,25
2024-05-14 15:17:00,1434,3.6946,3.695,3.69,3.695,3.69,15
2024-05-14 15:18:00,2778,3.6923,3.695,3.6901,3.695,3.6901,21
2024-05-14 15:19:00,4483,3.6943,3.695,3.69,3.6999,3.69,39
2024-05-14 15:20:00,1452,3.697,3.695,3.7,3.7,3.695,12
2024-05-14 15:21:00,1940,3.6928,3.695,3.695,3.695,3.69,20
2024-05-14 15:22:00,1126,3.6968,3.7,3.6941,3.7,3.6941,11
2024-05-14 15:23:00,28545,3.7001,3.695,3.7097,3.71,3.695,133
2024-05-14 15:24:00,8547,3.7,3.705,3.695,3.705,3.695,55
2024-05-14 15:25:00,2088,3.6978,3.695,3.6988,3.7,3.69,17
2024-05-14 15:26:00,223,3.6908,3.69,3.69,3.69,3.69,10
2024-05-14 15:27:00,2830,3.692,3.69,3.695,3.695,3.69,24
2024-05-14 15:28:00,29908,3.6996,3.695,3.69,3.7,3.69,40
2024-05-14 15:29:00,3455,3.6909,3.69,3.695,3.695,3.69,32
2024-05-14 15:30:00,1879,3.6973,3.695,3.695,3.7,3.695,35
2024-05-14 15:31:00,4455,3.6902,3.695,3.69,3.695,3.69,36
2024-05-14 15:32:00,1623,3.6902,3.69,3.6912,3.6912,3.69,11
2024-05-14 15:33:00,1259,3.69,3.69,3.69,3.69,3.69,10
2024-05-14 15:34:00,2209,3.6941,3.7,3.69,3.7,3.69,15
2024-05-14 15:35:00,5560,3.694,3.695,3.695,3.695,3.69,43
2024-05-14 15:36:00,878,3.6928,3.69,3.6901,3.695,3.69,11
2024-05-14 15:37:00,2418,3.6946,3.695,3.695,3.7,3.69,17
2024-05-14 15:38:00,477,3.6945,3.695,3.695,3.695,3.695,13
2024-05-14 15:39:00,3118,3.6938,3.69,3.695,3.7,3.69,14
2024-05-14 15:40:00,17775,3.6951,3.69,3.695,3.7,3.69,100
2024-05-14 15:41:00,147515,3.7,3.695,3.705,3.705,3.69,205
2024-05-14 15:42:00,26924,3.709,3.71,3.705,3.715,3.7049,126
2024-05-14 15:43:00,5410,3.705,3.705,3.705,3.705,3.705,19
2024-05-14 15:44:00,23230,3.7098,3.7091,3.715,3.715,3.705,63
2024-05-14 15:45:00,37705,3.7198,3.715,3.72,3.725,3.715,171
2024-05-14 15:46:00,1649,3.728,3.725,3.7244,3.73,3.7244,13
2024-05-14 15:47:00,43783,3.7364,3.7298,3.745,3.75,3.7298,147
2024-05-14 15:48:00,1108,3.7491,3.745,3.75,3.75,3.745,13
2024-05-14 15:49:00,36557,3.7496,3.749,3.745,3.755,3.74,141
2024-05-14 15:50:00,50501,3.7493,3.7438,3.75,3.75,3.74,188
2024-05-14 15:51:00,4178,3.7488,3.75,3.745,3.75,3.745,16
2024-05-14 15:52:00,34868,3.7394,3.745,3.7356,3.745,3.7344,84
2024-05-14 15:53:00,1383,3.7359,3.735,3.735,3.735,3.735,8
2024-05-14 15:54:00,3360,3.7352,3.73,3.735,3.74,3.73,21
2024-05-14 15:55:00,4946,3.7377,3.7392,3.74,3.74,3.735,21
2024-05-14 15:56:00,4673,3.7332,3.735,3.735,3.735,3.73,37
2024-05-14 15:57:00,21757,3.7398,3.73,3.74,3.74,3.73,15
2024-05-14 15:58:00,3292,3.7325,3.73,3.7339,3.735,3.73,23
2024-05-14 15:59:00,3186,3.7333,3.735,3.735,3.74,3.73,31
2024-05-14 16:00:00,49262,3.7299,3.73,3.735,3.735,3.725,194
2024-05-14 16:01:00,1370,3.7338,3.735,3.73,3.735,3.73,17
2024-05-14 16:02:00,2809,3.7309,3.73,3.735,3.735,3.73,18
2024-05-14 16:03:00,51605,3.7305,3.731,3.735,3.735,3.73,73
2024-05-14 16:04:00,1917,3.7304,3.731,3.73,3.731,3.73,11
2024-05-14 16:05:00,1409,3.7343,3.735,3.735,3.735,3.735,13
2024-05-14 16:06:00,3601,3.7318,3.735,3.73,3.735,3.73,25
2024-05-14 16:07:00,3116,3.7317,3.735,3.73,3.735,3.73,20
2024-05-14 16:08:00,4548,3.7333,3.735,3.73,3.74,3.73,51
2024-05-14 16:09:00,935,3.735,3.735,3.735,3.735,3.735,21
2024-05-14 16:10:00,2840,3.7316,3.735,3.735,3.735,3.73,26
2024-05-14 16:11:00,2850,3.7321,3.735,3.735,3.735,3.73,22
2024-05-14 16:12:00,47526,3.7297,3.73,3.735,3.735,3.725,193
2024-05-14 16:13:00,8113,3.7292,3.735,3.725,3.735,3.725,50
2024-05-14 16:14:00,4466,3.7187,3.72,3.71,3.72,3.71,40
2024-05-14 16:15:00,51753,3.7098,3.71,3.7,3.71,3.7,49
2024-05-14 16:16:00,334,3.7004,3.7,3.7,3.7,3.7,18
2024-05-14 16:17:00,24230,3.7,3.7,3.705,3.705,3.695,144
2024-05-14 16:18:00,501,3.7018,3.7,3.7,3.705,3.7,11
2024-05-14 16:19:00,2099,3.7048,3.705,3.7,3.705,3.7,15
2024-05-14 16:20:00,2276,3.7035,3.7,3.705,3.705,3.7,16
2024-05-14 16:21:00,1953,3.7035,3.705,3.7,3.705,3.7,17
2024-05-14 16:22:00,10982,3.7043,3.7,3.705,3.705,3.7,26
2024-05-14 16:23:00,2399,3.7,3.7,3.7,3.7,3.7,25
2024-05-14 16:24:00,8640,3.7002,3.7051,3.7,3.7051,3.7,45
2024-05-14 16:25:00,3148,3.7003,3.7,3.7,3.7,3.7,14
2024-05-14 16:26:00,4293,3.7,3.7,3.7,3.7,3.7,25
2024-05-14 16:27:00,11233,3.7007,3.7006,3.7,3.701,3.7,8
2024-05-14 16:28:00,10770,3.6957,3.7,3.695,3.7,3.69,51
2024-05-14 16:29:00,31923,3.7,3.69,3.7054,3.7054,3.69,95
2024-05-14 16:30:00,1934,3.7047,3.705,3.7,3.705,3.7,14
2024-05-14 16:31:00,2687,3.7063,3.705,3.7087,3.71,3.705,12
2024-05-14 16:32:00,15333,3.6993,3.7,3.695,3.7,3.695,76
2024-05-14 16:33:00,2461,3.6965,3.695,3.695,3.7,3.695,18
2024-05-14 16:34:00,1753,3.6922,3.695,3.69,3.695,3.69,10
2024-05-14 16:35:00,2384,3.693,3.69,3.695,3.7,3.69,15
2024-05-14 16:36:00,1029,3.6966,3.7,3.695,3.7,3.695,10
2024-05-14 16:37:00,1679,3.6935,3.695,3.695,3.695,3.69,13
2024-05-14 16:38:00,2834,3.6931,3.69,3.695,3.7,3.69,26
2024-05-14 16:39:00,25130,3.7014,3.7,3.705,3.71,3.7,103
2024-05-14 16:40:00,15011,3.7001,3.705,3.7,3.705,3.7,8
2024-05-14 16:41:00,5105,3.7083,3.71,3.705,3.71,3.705,43
2024-05-14 16:42:00,43754,3.7038,3.705,3.69,3.71,3.69,70
2024-05-14 16:43:00,27227,3.69,3.695,3.695,3.695,3.685,79
2024-05-14 16:44:00,686,3.6949,3.695,3.695,3.695,3.695,9
2024-05-14 16:45:00,2463,3.6916,3.695,3.69,3.695,3.69,17
2024-05-14 16:46:00,10331,3.6963,3.69,3.7,3.7,3.69,47
2024-05-14 16:47:00,4698,3.6974,3.7,3.7,3.7,3.695,40
2024-05-14 16:48:00,3542,3.6962,3.695,3.695,3.695,3.69,15
2024-05-14 16:49:00,23521,3.7004,3.7,3.705,3.705,3.7,93
2024-05-14 16:50:00,12560,3.7082,3.71,3.71,3.71,3.705,41
2024-05-14 16:51:00,3349,3.7021,3.71,3.7,3.71,3.7,17
2024-05-14 16:52:00,1030,3.7035,3.705,3.705,3.705,3.7,11
2024-05-14 16:53:00,541,3.706,3.705,3.705,3.705,3.705,9
2024-05-14 16:54:00,2982,3.702,3.7,3.704,3.704,3.7,16
2024-05-14 16:55:00,2188,3.7039,3.71,3.705,3.71,3.7,18
2024-05-14 16:56:00,3301,3.7028,3.7,3.7,3.71,3.7,34
2024-05-14 16:57:00,2205,3.7026,3.705,3.705,3.705,3.7,28
2024-05-14 16:58:00,3493,3.7051,3.705,3.705,3.705,3.7,29
2024-05-14 16:59:00,17723,3.708,3.705,3.705,3.71,3.7,43
2024-05-14 17:00:00,31787,3.7082,3.705,3.715,3.715,3.705,181
2024-05-14 17:01:00,61859,3.7109,3.715,3.715,3.719,3.71,28
2024-05-14 17:02:00,304,3.7098,3.71,3.71,3.71,3.71,4
2024-05-14 17:03:00,8371,3.7096,3.715,3.7,3.715,3.7,55
2024-05-14 17:04:00,304,3.7,3.7,3.7,3.7,3.7,4
2024-05-14 17:05:00,2692,3.7007,3.7,3.7,3.7,3.7,19
2024-05-14 17:06:00,22691,3.6989,3.705,3.705,3.705,3.69,107
2024-05-14 17:07:00,3052,3.7048,3.71,3.7001,3.71,3.7001,21
2024-05-14 17:08:00,2654,3.701,3.705,3.705,3.705,3.7,13
2024-05-14 17:09:00,9176,3.7,3.7,3.7,3.7,3.7,44
2024-05-14 17:10:00,2391,3.6952,3.7,3.69,3.7,3.69,19
2024-05-14 17:11:00,3593,3.6923,3.695,3.695,3.695,3.69,25
2024-05-14 17:12:00,1646,3.6934,3.6936,3.6999,3.6999,3.69,11
2024-05-14 17:13:00,12005,3.6917,3.69,3.691,3.695,3.69,47
2024-05-14 17:14:00,2534,3.6956,3.695,3.695,3.7,3.695,15
2024-05-14 17:15:00,2146,3.6953,3.695,3.695,3.695,3.695,17
2024-05-14 17:16:00,453,3.6939,3.695,3.695,3.695,3.69,12
2024-05-14 17:17:00,1854,3.6943,3.695,3.69,3.695,3.69,17
2024-05-14 17:18:00,11763,3.6907,3.69,3.69,3.695,3.69,90
2024-05-14 17:19:00,1897,3.6947,3.695,3.69,3.695,3.69,13
2024-05-14 17:20:00,3763,3.6971,3.69,3.69,3.7,3.69,52
2024-05-14 17:21:00,60422,3.6947,3.69,3.705,3.705,3.685,188
2024-05-14 17:22:00,2040,3.7083,3.705,3.71,3.71,3.7013,24
2024-05-14 17:23:00,1934,3.7099,3.71,3.71,3.71,3.71,21
2024-05-14 17:24:00,5750,3.7062,3.71,3.71,3.71,3.7,45
2024-05-14 17:25:00,19442,3.71,3.71,3.71,3.71,3.71,42
2024-05-14 17:26:00,21869,3.71,3.705,3.71,3.72,3.7,89
2024-05-14 17:27:00,5012,3.7135,3.715,3.71,3.715,3.71,35
2024-05-14 17:28:00,14030,3.7197,3.715,3.73,3.73,3.715,71
2024-05-14 17:29:00,204,3.717,3.73,3.73,3.73,3.73,4
2024-05-14 17:30:00,449,3.7236,3.725,3.725,3.725,3.725,8
2024-05-14 17:31:00,1574,3.7282,3.73,3.725,3.73,3.725,10
2024-05-14 17:32:00,479,3.7286,3.725,3.73,3.73,3.725,10
2024-05-14 17:33:00,2753,3.7254,3.725,3.73,3.73,3.725,22
2024-05-14 17:34:00,4413,3.7251,3.725,3.725,3.73,3.725,44
2024-05-14 17:35:00,4887,3.7233,3.725,3.725,3.725,3.72,41
2024-05-14 17:36:00,1262,3.7222,3.72,3.72,3.73,3.72,20
2024-05-14 17:37:00,3828,3.7235,3.725,3.725,3.73,3.72,35
2024-05-14 17:38:00,4272,3.7229,3.725,3.72,3.7299,3.72,26
2024-05-14 17:39:00,16873,3.7197,3.725,3.719,3.725,3.715,93
2024-05-14 17:40:00,4381,3.7162,3.72,3.715,3.72,3.715,43
2024-05-14 17:41:00,3725,3.7173,3.72,3.72,3.72,3.715,32
2024-05-14 17:42:00,5869,3.7152,3.715,3.715,3.72,3.71,34
2024-05-14 17:43:00,34051,3.7196,3.72,3.72,3.72,3.715,178
2024-05-14 17:44:00,745,3.72,3.72,3.72,3.72,3.72,10
2024-05-14 17:45:00,15778,3.7222,3.72,3.73,3.73,3.72,93
2024-05-14 17:46:00,1398,3.7299,3.73,3.73,3.73,3.73,11
2024-05-14 17:47:00,764,3.7264,3.7289,3.73,3.73,3.725,12
2024-05-14 17:48:00,4568,3.7256,3.725,3.725,3.73,3.725,45
2024-05-14 17:49:00,8061,3.7259,3.725,3.73,3.73,3.725,30
2024-05-14 17:50:00,5531,3.7235,3.725,3.72,3.73,3.72,40
2024-05-14 17:51:00,4744,3.7254,3.725,3.725,3.73,3.72,42
2024-05-14 17:52:00,2828,3.7233,3.73,3.7212,3.73,3.72,22
2024-05-14 17:53:00,2238,3.725,3.725,3.725,3.725,3.725,20
2024-05-14 17:54:00,4914,3.7243,3.725,3.7272,3.7272,3.72,16
2024-05-14 17:55:00,1043,3.7221,3.72,3.72,3.725,3.72,21
2024-05-14 17:56:00,2169,3.7258,3.725,3.725,3.725,3.725,27
2024-05-14 17:57:00,2784,3.7221,3.725,3.725,3.73,3.72,30
2024-05-14 17:58:00,1645,3.7268,3.73,3.725,3.73,3.725,24
2024-05-14 17:59:00,2117,3.7255,3.725,3.73,3.73,3.72,20
2024-05-14 18:00:00,2144,3.7248,3.73,3.725,3.73,3.72,28
2024-05-14 18:01:00,2005,3.7252,3.725,3.725,3.73,3.72,26
2024-05-14 18:02:00,3579,3.7257,3.725,3.725,3.73,3.725,35
2024-05-14 18:03:00,4437,3.729,3.73,3.73,3.73,3.725,50
2024-05-14 18:04:00,4733,3.7262,3.73,3.725,3.73,3.72,40
2024-05-14 18:05:00,606,3.7258,3.73,3.725,3.73,3.72,9
2024-05-14 18:06:00,3125,3.7264,3.725,3.73,3.73,3.72,38
2024-05-14 18:07:00,3537,3.7255,3.73,3.72,3.73,3.72,22
2024-05-14 18:08:00,1068,3.7265,3.725,3.725,3.73,3.725,14
2024-05-14 18:09:00,1261,3.7278,3.73,3.72,3.73,3.72,24
2024-05-14 18:10:00,10474,3.7268,3.73,3.725,3.73,3.72,50
2024-05-14 18:11:00,654,3.7276,3.725,3.73,3.73,3.725,16
2024-05-14 18:12:00,4806,3.727,3.73,3.73,3.73,3.725,34
2024-05-14 18:13:00,57048,3.7364,3.73,3.745,3.745,3.72,183
2024-05-14 18:14:00,7121,3.7449,3.75,3.745,3.75,3.745,43
2024-05-14 18:15:00,1996,3.7484,3.745,3.7499,3.75,3.745,10
2024-05-14 18:16:00,232,3.7474,3.75,3.745,3.75,3.745,5
2024-05-14 18:17:00,8479,3.7449,3.75,3.745,3.75,3.7413,84
2024-05-14 18:18:00,29817,3.7503,3.745,3.755,3.76,3.745,139
2024-05-14 18:20:00,70426,3.7502,3.755,3.75,3.76,3.75,247
2024-05-14 18:21:00,14057,3.7513,3.755,3.75,3.755,3.75,49
2024-05-14 18:22:00,30305,3.7533,3.75,3.755,3.76,3.75,74
2024-05-14 18:23:00,2884,3.7541,3.755,3.75,3.755,3.75,23
2024-05-14 18:24:00,1801,3.7504,3.75,3.75,3.75,3.75,20
2024-05-14 18:25:00,2104,3.755,3.755,3.755,3.755,3.755,29
2024-05-14 18:26:00,6266,3.7526,3.75,3.755,3.755,3.75,40
2024-05-14 18:27:00,1651,3.755,3.755,3.755,3.755,3.755,18
2024-05-14 18:28:00,7673,3.7518,3.755,3.75,3.755,3.75,43
2024-05-14 18:29:00,3165,3.7532,3.75,3.755,3.755,3.75,25
2024-05-14 18:30:00,4189,3.7502,3.75,3.75,3.75,3.75,28
2024-05-14 18:31:00,1385,3.7543,3.75,3.755,3.755,3.75,29
2024-05-14 18:32:00,5901,3.7552,3.755,3.755,3.76,3.755,63
2024-05-14 18:33:00,2597,3.7558,3.755,3.755,3.7599,3.75,26
2024-05-14 18:34:00,18384,3.7538,3.755,3.755,3.755,3.75,65
2024-05-14 18:35:00,10174,3.7512,3.75,3.755,3.755,3.75,39
2024-05-14 18:36:00,772,3.7536,3.75,3.755,3.755,3.75,16
2024-05-14 18:37:00,695,3.7526,3.75,3.755,3.755,3.75,17
2024-05-14 18:38:00,865,3.7519,3.75,3.75,3.755,3.75,22
2024-05-14 18:39:00,7526,3.751,3.755,3.75,3.755,3.75,43
2024-05-14 18:40:00,48506,3.7486,3.75,3.745,3.75,3.74,246
2024-05-14 18:41:00,2891,3.7483,3.75,3.745,3.75,3.74,30
2024-05-14 18:42:00,20168,3.7394,3.74,3.735,3.745,3.73,98
2024-05-14 18:43:00,305,3.7312,3.73,3.73,3.73,3.73,14
2024-05-14 18:44:00,14735,3.7299,3.73,3.73,3.735,3.725,100
2024-05-14 18:45:00,253,3.7333,3.73,3.73,3.73,3.73,10
2024-05-14 18:46:00,1305,3.7348,3.735,3.735,3.735,3.735,18
2024-05-14 18:47:00,4607,3.7306,3.73,3.735,3.735,3.73,25
2024-05-14 18:48:00,2200,3.7313,3.735,3.735,3.735,3.73,23
2024-05-14 18:49:00,9959,3.7354,3.73,3.735,3.74,3.73,92
2024-05-14 18:50:00,7371,3.7365,3.735,3.735,3.74,3.73,64
2024-05-14 18:51:00,2857,3.7389,3.74,3.735,3.74,3.735,44
2024-05-14 18:52:00,29923,3.7391,3.74,3.745,3.745,3.73,184
2024-05-14 18:53:00,2492,3.7482,3.745,3.75,3.75,3.745,39
2024-05-14 18:54:00,7872,3.7459,3.75,3.75,3.75,3.745,36
2024-05-14 18:55:00,3541,3.7472,3.746,3.75,3.75,3.746,29
2024-05-14 18:56:00,658,3.747,3.75,3.75,3.75,3.75,17
2024-05-14 18:57:00,1497,3.7498,3.75,3.75,3.75,3.75,25
2024-05-14 18:58:00,6776,3.7442,3.745,3.745,3.745,3.74,43
2024-05-14 18:59:00,3792,3.7469,3.75,3.745,3.75,3.745,54
2024-05-14 19:00:00,1219,3.7477,3.75,3.74,3.75,3.74,24
2024-05-14 19:01:00,9866,3.7426,3.745,3.74,3.75,3.74,30
2024-05-14 19:02:00,8980,3.7464,3.745,3.745,3.75,3.74,31
2024-05-14 19:03:00,6486,3.7456,3.745,3.745,3.75,3.74,56
2024-05-14 19:04:00,3303,3.741,3.745,3.74,3.745,3.74,28
2024-05-14 19:05:00,2014,3.745,3.745,3.745,3.745,3.745,12
2024-05-14 19:06:00,47193,3.7403,3.745,3.74,3.745,3.74,48
2024-05-14 19:07:00,814,3.7438,3.745,3.75,3.75,3.745,17
2024-05-14 19:08:00,2789,3.7456,3.745,3.745,3.75,3.74,34
2024-05-14 19:09:00,14910,3.7395,3.745,3.73,3.745,3.73,99
2024-05-14 19:10:00,56823,3.7302,3.73,3.735,3.735,3.725,158
2024-05-14 19:11:00,1354,3.7304,3.73,3.73,3.735,3.73,13
2024-05-14 19:12:00,10808,3.729,3.73,3.72,3.73,3.72,50
2024-05-14 19:13:00,29088,3.7195,3.72,3.7238,3.725,3.715,161
2024-05-14 19:14:00,2910,3.7269,3.725,3.72,3.73,3.72,22
2024-05-14 19:15:00,2591,3.7278,3.725,3.73,3.73,3.725,19
2024-05-14 19:16:00,9011,3.7258,3.73,3.73,3.73,3.72,35
2024-05-14 19:17:00,1530,3.726,3.725,3.725,3.73,3.725,10
2024-05-14 19:18:00,3019,3.7261,3.725,3.73,3.73,3.72,27
2024-05-14 19:19:00,25241,3.7306,3.73,3.735,3.735,3.73,119
2024-05-14 19:20:00,59921,3.7297,3.73,3.725,3.735,3.72,71
2024-05-14 19:21:00,1108,3.7291,3.73,3.725,3.73,3.725,17
2024-05-14 19:22:00,3961,3.7261,3.72,3.725,3.73,3.72,22
2024-05-14 19:23:00,231,3.725,3.725,3.725,3.725,3.725,4
2024-05-14 19:24:00,7953,3.724,3.72,3.725,3.73,3.72,45
2024-05-14 19:25:00,2925,3.726,3.725,3.725,3.725,3.7241,26
2024-05-14 19:26:00,679,3.725,3.725,3.725,3.725,3.725,15
2024-05-14 19:27:00,15241,3.7206,3.725,3.725,3.725,3.72,41
2024-05-14 19:28:00,2723,3.7232,3.725,3.725,3.7299,3.72,20
2024-05-14 19:29:00,7512,3.7214,3.725,3.72,3.725,3.72,70
2024-05-14 19:30:00,4646,3.7239,3.725,3.72,3.725,3.72,37
2024-05-14 19:31:00,2188,3.7216,3.72,3.725,3.725,3.72,17
2024-05-14 19:32:00,8235,3.7237,3.725,3.725,3.725,3.72,52
2024-05-14 19:33:00,6302,3.7248,3.725,3.725,3.7267,3.72,33
2024-05-14 19:34:00,2861,3.7238,3.725,3.72,3.725,3.72,31
2024-05-14 19:35:00,19867,3.7166,3.72,3.71,3.72,3.71,106
2024-05-14 19:36:00,5808,3.712,3.71,3.71,3.715,3.71,23
2024-05-14 19:37:00,3289,3.7105,3.71,3.7101,3.715,3.71,22
2024-05-14 19:38:00,12579,3.7069,3.71,3.705,3.715,3.7,80
2024-05-14 19:39:00,3536,3.7031,3.705,3.7,3.705,3.7,31
2024-05-14 19:40:00,5704,3.7061,3.7,3.7,3.705,3.7,43
2024-05-14 19:41:00,24826,3.7044,3.705,3.705,3.71,3.7,148
2024-05-14 19:42:00,11351,3.704,3.705,3.71,3.71,3.7,96
2024-05-14 19:43:00,16673,3.7068,3.705,3.705,3.71,3.705,113
2024-05-14 19:44:00,72726,3.7144,3.71,3.72,3.725,3.71,289
2024-05-14 19:45:00,2424,3.7183,3.72,3.72,3.72,3.715,26
2024-05-14 19:46:00,49070,3.7207,3.72,3.715,3.73,3.715,195
2024-05-14 19:47:00,7954,3.7179,3.72,3.72,3.72,3.715,45
2024-05-14 19:48:00,10672,3.7181,3.715,3.72,3.72,3.715,76
2024-05-14 19:49:00,23784,3.7161,3.72,3.72,3.72,3.71,134
2024-05-14 19:50:00,62504,3.721,3.72,3.725,3.73,3.72,207
2024-05-14 19:51:00,17850,3.7259,3.725,3.725,3.73,3.725,99
2024-05-14 19:52:00,21307,3.7261,3.725,3.725,3.73,3.72,182
2024-05-14 19:53:00,101579,3.7305,3.73,3.725,3.74,3.72,353
2024-05-14 19:54:00,41757,3.7184,3.725,3.715,3.73,3.71,232
2024-05-14 19:55:00,37334,3.7113,3.715,3.72,3.72,3.71,210
2024-05-14 19:56:00,99419,3.7029,3.71,3.695,3.71,3.69,315
2024-05-14 19:57:00,206461,3.6945,3.6939,3.685,3.71,3.685,469
2024-05-14 19:58:00,200175,3.682,3.685,3.69,3.69,3.68,410
2024-05-14 19:59:00,294463,3.673,3.685,3.67,3.69,3.665,498
2024-05-14 20:00:00,14491,3.671,3.68,3.67,3.68,3.67,110
2024-05-14 20:01:00,16101,3.7804,3.67,3.67,3.67,3.67,4
2024-05-14 20:03:00,302,3.6605,3.6605,3.6605,3.6605,3.6605,3
2024-05-14 20:05:00,100,3.67,3.67,3.67,3.67,3.67,1
2024-05-14 20:07:00,1100,3.67,3.67,3.67,3.67,3.67,3
2024-05-14 20:08:00,1538,3.67,3.67,3.67,3.67,3.67,4
2024-05-14 20:14:00,2000,3.67,3.67,3.67,3.67,3.67,1
2024-05-14 20:16:00,615,3.68,3.68,3.68,3.68,3.68,3
2024-05-14 20:17:00,500,3.67,3.67,3.67,3.67,3.67,2
2024-05-14 20:19:00,811,3.6603,3.66,3.66,3.66,3.66,2
2024-05-14 20:26:00,201,3.6799,3.68,3.68,3.68,3.68,2
2024-05-14 20:39:00,150,3.67,3.67,3.67,3.67,3.67,1
2024-05-14 20:40:00,250,3.6796,3.6796,3.6796,3.6796,3.6796,1
2024-05-14 20:43:00,7200,3.66,3.66,3.66,3.66,3.66,1
2024-05-14 20:44:00,932,3.6729,3.66,3.7,3.7,3.66,2
2024-05-14 20:48:00,119,3.69,3.69,3.69,3.69,3.69,1
2024-05-14 20:50:00,300,3.6633,3.67,3.66,3.67,3.66,2
2024-05-14 21:41:00,100,3.69,3.69,3.69,3.69,3.69,1
2024-05-14 22:20:00,100,3.6894,3.6894,3.6894,3.6894,3.6894,1
2024-05-14 22:32:00,100,3.69,3.69,3.69,3.69,3.69,1
2024-05-14 23:44:00,200,3.66,3.66,3.66,3.66,3.66,3
2024-05-14 23:57:00,100,3.68,3.68,3.68,3.68,3.68,1
2024-05-15 11:14:00,942,3.65,3.65,3.65,3.65,3.65,8
2024-05-15 12:00:00,5352,3.65,3.66,3.64,3.66,3.64,14
2024-05-15 12:03:00,133,3.6601,3.6601,3.6601,3.6601,3.6601,2
2024-05-15 12:08:00,5050,3.6599,3.6596,3.6596,3.6596,3.6596,3
2024-05-15 12:09:00,10100,3.6599,3.7,3.6595,3.7,3.6595,2
2024-05-15 12:18:00,792,3.65,3.65,3.65,3.65,3.65,7
2024-05-15 12:30:00,7415,3.6904,3.69,3.7,3.7,3.69,4
2024-05-15 12:39:00,800,3.72,3.72,3.72,3.72,3.72,2
2024-05-15 12:43:00,100,3.74,3.74,3.74,3.74,3.74,1
2024-05-15 12:47:00,13500,3.7393,3.7393,3.74,3.74,3.7393,2
2024-05-15 12:49:00,3853,3.7216,3.73,3.7007,3.73,3.7007,4
2024-05-15 12:51:00,200,3.7,3.7,3.7,3.7,3.7,1
2024-05-15 12:55:00,120,3.71,3.71,3.71,3.71,3.71,2
2024-05-15 12:56:00,120,3.71,3.71,3.71,3.71,3.71,2
2024-05-15 13:20:00,228,3.72,3.72,3.72,3.72,3.72,2
2024-05-15 13:25:00,4232,3.7124,3.72,3.71,3.72,3.71,8
2024-05-15 13:27:00,3291,3.7191,3.71,3.72,3.72,3.71,12
2024-05-15 13:28:00,8017,3.72,3.72,3.72,3.72,3.72,4
2024-05-15 13:29:00,1827,3.7495,3.74,3.76,3.76,3.74,22
2024-05-15 13:30:00,111656,3.7406,3.75,3.75,3.755,3.715,326
2024-05-15 13:31:00,69934,3.7501,3.75,3.74,3.765,3.73,194
2024-05-15 13:32:00,8589,3.7474,3.75,3.7414,3.75,3.7414,26
2024-05-15 13:33:00,38100,3.7617,3.75,3.76,3.78,3.745,194
2024-05-15 13:34:00,6900,3.7795,3.78,3.7708,3.785,3.7708,22
2024-05-15 13:35:00,3377,3.7685,3.775,3.755,3.78,3.755,33
2024-05-15 13:36:00,4243,3.7594,3.755,3.765,3.765,3.755,20
2024-05-15 13:37:00,18642,3.7523,3.76,3.73,3.76,3.73,77
2024-05-15 13:38:00,11005,3.731,3.73,3.73,3.74,3.73,74
2024-05-15 13:39:00,3098,3.7381,3.735,3.725,3.74,3.725,27
2024-05-15 13:40:00,5344,3.73,3.725,3.735,3.735,3.725,31
2024-05-15 13:41:00,10685,3.7457,3.74,3.745,3.75,3.74,38
2024-05-15 13:42:00,59012,3.7477,3.745,3.745,3.755,3.74,205
2024-05-15 13:43:00,10420,3.7402,3.745,3.7312,3.745,3.73,32
2024-05-15 13:44:00,26116,3.7394,3.735,3.745,3.745,3.735,46
2024-05-15 13:45:00,34900,3.7514,3.745,3.76,3.77,3.74,162
2024-05-15 13:46:00,30599,3.7693,3.76,3.77,3.775,3.76,138
2024-05-15 13:47:00,9551,3.7793,3.775,3.785,3.79,3.775,39
2024-05-15 13:48:00,20011,3.7832,3.785,3.77,3.795,3.77,94
2024-05-15 13:49:00,9553,3.7682,3.77,3.7643,3.775,3.7643,37
2024-05-15 13:50:00,15943,3.7769,3.7652,3.77,3.785,3.7652,88
2024-05-15 13:51:00,14976,3.7729,3.7701,3.775,3.7799,3.7699,46
2024-05-15 13:52:00,34226,3.781,3.78,3.7799,3.79,3.77,98
2024-05-15 13:53:00,29203,3.7709,3.77,3.77,3.78,3.77,124
2024-05-15 13:54:00,6528,3.7692,3.77,3.765,3.775,3.761,35
2024-05-15 13:55:00,9805,3.7601,3.77,3.755,3.77,3.75,33
2024-05-15 13:56:00,4218,3.7574,3.76,3.751,3.76,3.75,18
2024-05-15 13:57:00,8719,3.7599,3.755,3.76,3.77,3.751,47
2024-05-15 13:58:00,8830,3.7534,3.76,3.75,3.76,3.75,39
2024-05-15 13:59:00,1501,3.7557,3.76,3.751,3.76,3.751,12
2024-05-15 14:00:00,5826,3.7568,3.75,3.76,3.76,3.75,39
2024-05-15 14:01:00,12839,3.7711,3.75,3.755,3.76,3.75,43
2024-05-15 14:02:00,132749,3.7523,3.755,3.76,3.76,3.75,110
2024-05-15 14:03:00,39801,3.7514,3.7575,3.755,3.76,3.75,89
2024-05-15 14:04:00,39312,3.7504,3.75,3.74,3.755,3.74,160
2024-05-15 14:05:00,5554,3.7447,3.75,3.745,3.75,3.74,15
2024-05-15 14:06:00,1951,3.7443,3.74,3.745,3.745,3.74,16
2024-05-15 14:07:00,24089,3.7436,3.74,3.749,3.75,3.74,88
2024-05-15 14:08:00,12929,3.7434,3.74,3.74,3.748,3.74,33
2024-05-15 14:09:00,4245,3.7443,3.74,3.745,3.745,3.74,14
2024-05-15 14:10:00,11041,3.7442,3.74,3.745,3.7451,3.74,32
2024-05-15 14:11:00,44872,3.7265,3.745,3.715,3.745,3.71,111
2024-05-15 14:12:00,2024,3.7158,3.71,3.715,3.718,3.71,15
2024-05-15 14:13:00,7485,3.7191,3.715,3.72,3.725,3.71,69
2024-05-15 14:14:00,5314,3.7194,3.72,3.715,3.72,3.715,31
2024-05-15 14:15:00,52049,3.7102,3.715,3.715,3.72,3.71,17
2024-05-15 14:16:00,66904,3.7282,3.72,3.745,3.75,3.715,195
2024-05-15 14:17:00,6852,3.7502,3.75,3.75,3.755,3.75,46
2024-05-15 14:18:00,3214,3.756,3.75,3.755,3.76,3.75,26
2024-05-15 14:19:00,1963,3.7568,3.7508,3.755,3.76,3.7503,22
2024-05-15 14:20:00,60598,3.7517,3.76,3.75,3.765,3.75,69
2024-05-15 14:21:00,49531,3.7519,3.76,3.765,3.765,3.75,126
2024-05-15 14:22:00,688,3.7613,3.76,3.765,3.765,3.76,13
2024-05-15 14:23:00,710,3.76,3.76,3.76,3.76,3.76,13
2024-05-15 14:24:00,703,3.7605,3.76,3.76,3.762,3.76,10
2024-05-15 14:25:00,1252,3.7612,3.765,3.76,3.765,3.76,13
2024-05-15 14:26:00,6895,3.7639,3.76,3.765,3.765,3.76,19
2024-05-15 14:27:00,6540,3.761,3.765,3.765,3.765,3.75,68
2024-05-15 14:28:00,42318,3.7511,3.76,3.755,3.765,3.75,158
2024-05-15 14:29:00,3805,3.7513,3.755,3.755,3.755,3.75,16
2024-05-15 14:30:00,6078,3.7623,3.755,3.76,3.77,3.755,63
2024-05-15 14:31:00,4910,3.7597,3.76,3.755,3.76,3.755,37
2024-05-15 14:32:00,4124,3.7558,3.756,3.755,3.76,3.755,14
2024-05-15 14:33:00,8781,3.759,3.755,3.765,3.765,3.75,54
2024-05-15 14:34:00,124,3.761,3.7601,3.7601,3.7601,3.7601,6
2024-05-15 14:35:00,1258,3.7652,3.765,3.765,3.77,3.76,13
2024-05-15 14:36:00,22688,3.7688,3.76,3.775,3.78,3.76,93
2024-05-15 14:37:00,21673,3.7787,3.775,3.775,3.78,3.775,29
2024-05-15 14:38:00,19939,3.7774,3.775,3.78,3.78,3.77,72
2024-05-15 14:39:00,5063,3.7737,3.775,3.78,3.78,3.7701,26
2024-05-15 14:40:00,277133,3.7714,3.775,3.78,3.79,3.77,164
2024-05-15 14:41:00,286818,3.7869,3.785,3.805,3.8099,3.785,164
2024-05-15 14:42:00,1191,3.8035,3.804,3.8,3.804,3.8,7
2024-05-15 14:43:00,7039,3.7984,3.8,3.795,3.8,3.795,48
2024-05-15 14:44:00,20694,3.7896,3.7921,3.785,3.795,3.78,57
2024-05-15 14:45:00,103359,3.7899,3.785,3.785,3.79,3.785,21
2024-05-15 14:46:00,1288,3.7819,3.78,3.785,3.785,3.78,8
2024-05-15 14:47:00,1634,3.7866,3.782,3.79,3.79,3.78,15
2024-05-15 14:48:00,113338,3.7945,3.79,3.795,3.8,3.785,90
2024-05-15 14:49:00,4595,3.797,3.795,3.8,3.8,3.79,19
2024-05-15 14:50:00,1455,3.7965,3.795,3.795,3.8,3.79,18
2024-05-15 14:51:00,1461,3.7936,3.795,3.79,3.795,3.79,19
2024-05-15 14:52:00,762,3.7916,3.79,3.79,3.795,3.79,14
2024-05-15 14:53:00,12818,3.7891,3.79,3.78,3.795,3.78,63
2024-05-15 14:54:00,15763,3.7846,3.785,3.78,3.785,3.78,42
2024-05-15 14:55:00,879,3.7831,3.78,3.78,3.785,3.78,8
2024-05-15 14:56:00,5974,3.7801,3.78,3.78,3.785,3.78,44
2024-05-15 14:57:00,46732,3.7792,3.78,3.785,3.785,3.77,200
2024-05-15 14:58:00,2676,3.7848,3.79,3.78,3.79,3.78,24
2024-05-15 14:59:00,13059,3.7802,3.785,3.78,3.785,3.78,46
2024-05-15 15:00:00,2258,3.7853,3.79,3.785,3.79,3.78,22
2024-05-15 15:01:00,10214,3.7903,3.79,3.79,3.795,3.785,66
2024-05-15 15:02:00,906,3.7928,3.795,3.795,3.795,3.79,8
2024-05-15 15:03:00,1024,3.7906,3.79,3.79,3.795,3.79,16
2024-05-15 15:04:00,1601,3.7913,3.7952,3.79,3.7952,3.79,19
2024-05-15 15:05:00,4387,3.7913,3.79,3.795,3.795,3.79,36
2024-05-15 15:06:00,30933,3.7909,3.795,3.785,3.795,3.78,115
2024-05-15 15:07:00,30272,3.7851,3.785,3.785,3.79,3.78,50
2024-05-15 15:08:00,1805,3.785,3.785,3.785,3.79,3.78,12
2024-05-15 15:09:00,39027,3.7804,3.78,3.77,3.785,3.77,108
2024-05-15 15:10:00,14000,3.7693,3.77,3.76,3.775,3.76,75
2024-05-15 15:11:00,2012,3.7618,3.76,3.765,3.765,3.76,15
2024-05-15 15:12:00,404,3.7601,3.76,3.76,3.76,3.76,15
2024-05-15 15:13:00,2372,3.7633,3.765,3.765,3.766,3.76,21
2024-05-15 15:14:00,17149,3.7692,3.7601,3.775,3.775,3.7601,84
2024-05-15 15:16:00,34804,3.7683,3.775,3.755,3.7797,3.75,128
2024-05-15 15:17:00,7341,3.7578,3.755,3.755,3.76,3.75,79
2024-05-15 15:18:00,3832,3.7525,3.755,3.75,3.755,3.75,22
2024-05-15 15:19:00,3378,3.7547,3.76,3.75,3.76,3.75,45
2024-05-15 15:20:00,2604,3.7569,3.76,3.755,3.76,3.75,29
2024-05-15 15:21:00,10530,3.7557,3.755,3.755,3.76,3.75,67
2024-05-15 15:22:00,3474,3.7562,3.75,3.75,3.7598,3.75,20
2024-05-15 15:23:00,1167,3.7533,3.75,3.755,3.755,3.75,16
2024-05-15 15:24:00,16809,3.7598,3.76,3.765,3.765,3.75,102
2024-05-15 15:25:00,25973,3.7613,3.77,3.77,3.77,3.76,70
2024-05-15 15:26:00,9969,3.7631,3.765,3.76,3.77,3.76,61
2024-05-15 15:27:00,2173,3.7672,3.765,3.765,3.77,3.76,23
2024-05-15 15:28:00,5385,3.7663,3.765,3.77,3.77,3.76,57
2024-05-15 15:29:00,1282,3.7662,3.765,3.765,3.77,3.76,20
2024-05-15 15:30:00,2472,3.7649,3.765,3.76,3.77,3.76,24
2024-05-15 15:31:00,3138,3.7627,3.77,3.765,3.77,3.76,17
2024-05-15 15:32:00,3479,3.7629,3.76,3.765,3.77,3.76,38
2024-05-15 15:33:00,1574,3.7665,3.765,3.765,3.77,3.76,21
2024-05-15 15:34:00,7863,3.7661,3.765,3.765,3.77,3.76,85
2024-05-15 15:35:00,18982,3.7705,3.77,3.775,3.78,3.76,110
2024-05-15 15:36:00,3744,3.7767,3.78,3.77,3.78,3.77,47
2024-05-15 15:37:00,2537,3.7755,3.78,3.78,3.78,3.77,17
2024-05-15 15:38:00,3660,3.7722,3.775,3.77,3.78,3.77,28
2024-05-15 15:39:00,16729,3.7677,3.775,3.76,3.775,3.76,91
2024-05-15 15:40:00,1718,3.7631,3.76,3.76,3.76,3.76,13
2024-05-15 15:41:00,518,3.7601,3.76,3.76,3.76,3.76,8
2024-05-15 15:42:00,7263,3.7581,3.76,3.75,3.76,3.75,59
2024-05-15 15:43:00,670,3.7562,3.755,3.76,3.76,3.75,9
2024-05-15 15:44:00,10002,3.7575,3.755,3.755,3.76,3.75,28
2024-05-15 15:45:00,1515,3.7544,3.755,3.755,3.755,3.75,11
2024-05-15 15:46:00,503,3.752,3.75,3.76,3.76,3.75,6
2024-05-15 15:47:00,1770,3.7524,3.7548,3.755,3.755,3.75,24
2024-05-15 15:48:00,1477,3.7508,3.755,3.75,3.755,3.75,18
2024-05-15 15:49:00,31021,3.7501,3.75,3.755,3.755,3.75,144
2024-05-15 15:50:00,12928,3.7513,3.755,3.755,3.76,3.75,48
2024-05-15 15:51:00,2203,3.7559,3.755,3.755,3.76,3.75,21
2024-05-15 15:52:00,2425,3.7567,3.76,3.755,3.76,3.75,13
2024-05-15 15:53:00,2204,3.757,3.76,3.755,3.76,3.75,16
2024-05-15 15:54:00,6801,3.7568,3.755,3.755,3.76,3.75,23
2024-05-15 15:55:00,6709,3.7558,3.755,3.755,3.76,3.75,64
2024-05-15 15:56:00,887,3.7557,3.755,3.7599,3.7599,3.755,11
2024-05-15 15:57:00,2524,3.7564,3.76,3.755,3.76,3.75,17
2024-05-15 15:58:00,4102,3.7517,3.76,3.7552,3.76,3.75,30
2024-05-15 15:59:00,1316,3.7539,3.755,3.755,3.755,3.75,26
2024-05-15 16:00:00,1998,3.752,3.755,3.75,3.76,3.75,24
2024-05-15 16:01:00,1390,3.7519,3.75,3.75,3.755,3.75,19
2024-05-15 16:02:00,268,3.7542,3.75,3.76,3.76,3.75,7
2024-05-15 16:03:00,1616,3.7528,3.755,3.75,3.76,3.75,18
2024-05-15 16:04:00,1177,3.7535,3.755,3.755,3.76,3.75,15
2024-05-15 16:05:00,2158,3.7525,3.76,3.75,3.76,3.75,28
2024-05-15 16:06:00,421,3.7538,3.75,3.755,3.755,3.75,9
2024-05-15 16:07:00,4732,3.7515,3.75,3.755,3.76,3.75,39
2024-05-15 16:08:00,1274,3.7546,3.755,3.755,3.755,3.755,17
2024-05-15 16:09:00,1365,3.7546,3.76,3.755,3.76,3.75,23
2024-05-15 16:10:00,8118,3.7522,3.755,3.75,3.76,3.75,40
2024-05-15 16:11:00,892,3.7557,3.755,3.755,3.76,3.755,19
2024-05-15 16:12:00,3012,3.754,3.76,3.755,3.76,3.75,28
2024-05-15 16:13:00,17798,3.7508,3.755,3.755,3.7564,3.75,43
2024-05-15 16:14:00,1530,3.7547,3.76,3.76,3.76,3.75,19
2024-05-15 16:15:00,455,3.7561,3.76,3.755,3.76,3.755,9
2024-05-15 16:16:00,1930,3.7551,3.755,3.76,3.76,3.75,24
2024-05-15 16:17:00,503,3.756,3.755,3.76,3.76,3.755,7
2024-05-15 16:18:00,2469,3.7546,3.755,3.755,3.76,3.75,27
2024-05-15 16:19:00,1578,3.7547,3.755,3.755,3.755,3.755,18
2024-05-15 16:20:00,2453,3.7556,3.755,3.755,3.76,3.755,33
2024-05-15 16:21:00,7444,3.7537,3.75,3.76,3.76,3.75,48
2024-05-15 16:22:00,1332,3.7546,3.755,3.755,3.76,3.75,17
2024-05-15 16:23:00,128,3.755,3.755,3.755,3.755,3.755,4
2024-05-15 16:24:00,1586,3.7523,3.75,3.755,3.76,3.75,18
2024-05-15 16:25:00,658,3.7573,3.76,3.755,3.76,3.755,13
2024-05-15 16:26:00,1291,3.754,3.76,3.755,3.76,3.75,15
2024-05-15 16:27:00,2676,3.7572,3.755,3.755,3.76,3.75,18
2024-05-15 16:28:00,1314,3.7558,3.755,3.755,3.76,3.755,18
2024-05-15 16:29:00,4076,3.754,3.755,3.755,3.76,3.75,35
2024-05-15 16:30:00,2008,3.7535,3.755,3.75,3.755,3.75,18
2024-05-15 16:31:00,3786,3.753,3.75,3.75,3.76,3.75,51
2024-05-15 16:32:00,1520,3.7548,3.755,3.75,3.76,3.75,24
2024-05-15 16:33:00,1414,3.7522,3.755,3.75,3.755,3.75,15
2024-05-15 16:34:00,4005,3.7555,3.755,3.75,3.76,3.75,21
2024-05-15 16:35:00,2349,3.7554,3.755,3.75,3.76,3.75,28
2024-05-15 16:36:00,5481,3.7517,3.75,3.75,3.755,3.75,47
2024-05-15 16:37:00,2372,3.753,3.755,3.755,3.755,3.75,27
2024-05-15 16:38:00,1927,3.7532,3.75,3.75,3.755,3.75,20
2024-05-15 16:39:00,14723,3.7516,3.755,3.75,3.76,3.75,60
2024-05-15 16:40:00,1574,3.7545,3.755,3.75,3.76,3.75,18
2024-05-15 16:41:00,4157,3.754,3.755,3.755,3.755,3.75,41
2024-05-15 16:42:00,1111,3.755,3.755,3.76,3.76,3.75,11
2024-05-15 16:43:00,1510,3.7554,3.76,3.75,3.76,3.75,23
2024-05-15 16:44:00,7270,3.7546,3.755,3.755,3.76,3.75,57
2024-05-15 16:45:00,33356,3.7617,3.76,3.77,3.77,3.75,170
2024-05-15 16:46:00,4302,3.765,3.77,3.765,3.77,3.76,27
2024-05-15 16:47:00,827,3.7656,3.765,3.77,3.77,3.76,10
2024-05-15 16:48:00,14649,3.7712,3.765,3.775,3.775,3.765,76
2024-05-15 16:49:00,3745,3.7727,3.77,3.77,3.78,3.77,19
2024-05-15 16:50:00,4869,3.7733,3.775,3.771,3.7769,3.77,41
2024-05-15 16:51:00,5252,3.7721,3.77,3.775,3.78,3.77,41
2024-05-15 16:52:00,592,3.777,3.78,3.78,3.78,3.77,13
2024-05-15 16:53:00,1428,3.7739,3.775,3.775,3.775,3.77,19
2024-05-15 16:54:00,2964,3.7749,3.78,3.78,3.78,3.77,25
2024-05-15 16:55:00,2352,3.7732,3.78,3.775,3.78,3.77,24
2024-05-15 16:56:00,3850,3.7724,3.775,3.775,3.78,3.77,39
2024-05-15 16:57:00,2745,3.7725,3.775,3.77,3.775,3.77,38
2024-05-15 16:58:00,18530,3.7691,3.775,3.76,3.775,3.76,109
2024-05-15 16:59:00,1214,3.762,3.76,3.76,3.76,3.76,16
2024-05-15 17:00:00,328,3.7604,3.76,3.76,3.76,3.76,8
2024-05-15 17:01:00,4793,3.7611,3.76,3.76,3.765,3.76,39
2024-05-15 17:02:00,2982,3.761,3.77,3.76,3.77,3.76,16
2024-05-15 17:03:00,876,3.7637,3.765,3.76,3.765,3.76,6
2024-05-15 17:04:00,2659,3.7629,3.76,3.765,3.77,3.76,23
2024-05-15 17:05:00,1390,3.7633,3.76,3.76,3.765,3.76,22
2024-05-15 17:06:00,5242,3.7649,3.76,3.76,3.765,3.76,91
2024-05-15 17:07:00,451,3.7637,3.765,3.765,3.765,3.76,7
2024-05-15 17:08:00,200519,3.7608,3.76,3.765,3.77,3.76,200
2024-05-15 17:09:00,2817,3.7636,3.765,3.76,3.77,3.76,25
2024-05-15 17:10:00,24361,3.7702,3.765,3.77,3.78,3.76,123
2024-05-15 17:11:00,548,3.7749,3.775,3.78,3.78,3.77,9
2024-05-15 17:12:00,586,3.772,3.775,3.775,3.775,3.775,11
2024-05-15 17:13:00,4432,3.7738,3.775,3.775,3.776,3.77,21
2024-05-15 17:14:00,2443,3.7702,3.77,3.77,3.775,3.77,17
2024-05-15 17:15:00,1217,3.7749,3.775,3.78,3.78,3.77,20
2024-05-15 17:16:00,5831,3.7761,3.78,3.77,3.78,3.77,43
2024-05-15 17:17:00,1043,3.7787,3.78,3.77,3.78,3.77,14
2024-05-15 17:18:00,2304,3.7747,3.775,3.775,3.775,3.77,19
2024-05-15 17:19:00,882,3.7769,3.78,3.775,3.78,3.77,11
2024-05-15 17:20:00,14784,3.7746,3.775,3.775,3.78,3.77,30
2024-05-15 17:21:00,3951,3.7734,3.7709,3.77,3.775,3.77,15
2024-05-15 17:22:00,29049,3.7698,3.775,3.765,3.78,3.765,119
2024-05-15 17:23:00,52623,3.7702,3.765,3.775,3.775,3.765,79
2024-05-15 17:24:00,51486,3.7669,3.77,3.77,3.773,3.76,119
2024-05-15 17:25:00,30903,3.7629,3.765,3.765,3.77,3.76,70
2024-05-15 17:26:00,7020,3.7658,3.765,3.765,3.77,3.765,31
2024-05-15 17:27:00,11730,3.7686,3.765,3.765,3.77,3.765,21
2024-05-15 17:28:00,1543,3.766,3.765,3.765,3.77,3.765,20
2024-05-15 17:29:00,9475,3.7702,3.765,3.78,3.78,3.765,44
2024-05-15 17:30:00,1084,3.7755,3.775,3.775,3.78,3.775,18
2024-05-15 17:31:00,272,3.7763,3.775,3.775,3.775,3.775,5
2024-05-15 17:32:00,2935,3.7754,3.775,3.775,3.78,3.775,15
2024-05-15 17:33:00,1322,3.7779,3.78,3.77,3.78,3.77,11
2024-05-15 17:34:00,2304,3.7764,3.775,3.775,3.78,3.775,12
2024-05-15 17:35:00,2428,3.7769,3.775,3.775,3.78,3.77,23
2024-05-15 17:36:00,944,3.7755,3.775,3.78,3.78,3.775,13
2024-05-15 17:37:00,13949,3.779,3.775,3.775,3.78,3.775,37
2024-05-15 17:38:00,13389,3.781,3.78,3.785,3.79,3.775,77
2024-05-15 17:39:00,6970,3.7838,3.79,3.79,3.79,3.78,56
2024-05-15 17:40:00,1013,3.785,3.785,3.785,3.785,3.785,14
2024-05-15 17:41:00,1647,3.785,3.785,3.785,3.785,3.785,11
2024-05-15 17:42:00,2821,3.7853,3.785,3.785,3.785,3.785,23
2024-05-15 17:43:00,8352,3.7817,3.785,3.785,3.79,3.78,55
2024-05-15 17:44:00,1492,3.785,3.785,3.785,3.785,3.785,16
2024-05-15 17:45:00,2671,3.7819,3.785,3.78,3.785,3.78,28
2024-05-15 17:46:00,98283,3.7879,3.785,3.795,3.8,3.78,186
2024-05-15 17:47:00,135944,3.7968,3.795,3.7919,3.8,3.79,115
2024-05-15 17:48:00,67596,3.7881,3.795,3.77,3.8,3.77,212
2024-05-15 17:49:00,12753,3.7791,3.77,3.77,3.78,3.77,40
2024-05-15 17:50:00,477,3.7736,3.77,3.775,3.775,3.77,11
2024-05-15 17:51:00,481,3.7714,3.77,3.775,3.775,3.77,6
2024-05-15 17:52:00,618,3.7742,3.7707,3.775,3.775,3.7707,10
2024-05-15 17:53:00,8879,3.7692,3.775,3.765,3.775,3.765,54
2024-05-15 17:54:00,548,3.7609,3.765,3.76,3.765,3.76,6
2024-05-15 17:55:00,968,3.7631,3.76,3.765,3.765,3.76,7
2024-05-15 17:56:00,18080,3.7611,3.76,3.765,3.77,3.76,84
2024-05-15 17:57:00,27640,3.7697,3.77,3.775,3.775,3.765,110
2024-05-15 17:58:00,1041,3.7718,3.775,3.77,3.775,3.77,8
2024-05-15 17:59:00,11839,3.7696,3.77,3.765,3.77,3.765,66
2024-05-15 18:00:00,1351,3.7649,3.765,3.765,3.765,3.765,26
2024-05-15 18:01:00,2016,3.7638,3.765,3.76,3.765,3.76,33
2024-05-15 18:02:00,3023,3.7622,3.76,3.765,3.765,3.76,18
2024-05-15 18:03:00,884,3.7627,3.765,3.765,3.765,3.76,12
2024-05-15 18:04:00,1618,3.763,3.765,3.76,3.765,3.76,21
2024-05-15 18:05:00,1314,3.7623,3.76,3.76,3.76,3.76,17
2024-05-15 18:06:00,458,3.76,3.76,3.76,3.76,3.76,11
2024-05-15 18:07:00,540,3.7609,3.765,3.76,3.765,3.76,9
2024-05-15 18:08:00,2117,3.7603,3.76,3.7611,3.765,3.76,15
2024-05-15 18:09:00,2660,3.7641,3.765,3.765,3.765,3.76,23
2024-05-15 18:10:00,1976,3.7654,3.765,3.765,3.765,3.765,33
2024-05-15 18:11:00,1306,3.7654,3.765,3.765,3.77,3.76,24
2024-05-15 18:12:00,1818,3.7651,3.765,3.765,3.765,3.765,35
2024-05-15 18:13:00,5879,3.7655,3.765,3.765,3.77,3.76,57
2024-05-15 18:14:00,30923,3.7613,3.76,3.765,3.765,3.76,80
2024-05-15 18:15:00,25181,3.7697,3.765,3.78,3.78,3.765,99
2024-05-15 18:16:00,1576,3.7738,3.77,3.775,3.78,3.77,19
2024-05-15 18:17:00,2848,3.7747,3.7701,3.775,3.775,3.7701,29
2024-05-15 18:18:00,3577,3.7726,3.77,3.775,3.775,3.77,38
2024-05-15 18:19:00,4946,3.7755,3.775,3.775,3.776,3.775,30
2024-05-15 18:20:00,1526,3.7755,3.78,3.775,3.78,3.775,30
2024-05-15 18:21:00,1385,3.775,3.775,3.775,3.775,3.775,26
2024-05-15 18:22:00,2826,3.7733,3.775,3.77,3.775,3.77,21
2024-05-15 18:23:00,31403,3.7703,3.775,3.77,3.7775,3.77,136
2024-05-15 18:24:00,866,3.77,3.77,3.77,3.77,3.77,9
2024-05-15 18:25:00,1064,3.7718,3.77,3.775,3.775,3.77,20
2024-05-15 18:26:00,26833,3.7655,3.77,3.765,3.77,3.76,88
2024-05-15 18:27:00,365,3.7636,3.76,3.76,3.76,3.76,21
2024-05-15 18:28:00,562,3.7662,3.77,3.765,3.77,3.765,26
2024-05-15 18:29:00,1626,3.763,3.76,3.77,3.77,3.76,26
2024-05-15 18:30:00,318,3.7631,3.76,3.765,3.765,3.76,7
2024-05-15 18:31:00,1214,3.7629,3.765,3.765,3.765,3.76,12
2024-05-15 18:32:00,108898,3.7751,3.765,3.785,3.785,3.765,302
2024-05-15 18:33:00,1219,3.7848,3.785,3.785,3.785,3.785,26
2024-05-15 18:34:00,3320,3.7867,3.785,3.785,3.79,3.785,31
2024-05-15 18:35:00,2537,3.7846,3.785,3.78,3.785,3.78,37
2024-05-15 18:36:00,2172,3.7804,3.79,3.785,3.79,3.785,31
2024-05-15 18:38:00,1050,3.786,3.785,3.785,3.785,3.785,29
2024-05-15 18:39:00,797,3.785,3.785,3.785,3.785,3.785,29
2024-05-15 18:40:00,1620,3.7853,3.785,3.785,3.785,3.785,42
2024-05-15 18:41:00,698,3.7868,3.785,3.785,3.785,3.785,30
2024-05-15 18:42:00,1864,3.785,3.79,3.78,3.79,3.78,39
2024-05-15 18:43:00,1926,3.7851,3.785,3.785,3.79,3.78,35
2024-05-15 18:44:00,1148,3.7863,3.79,3.785,3.79,3.785,38
2024-05-15 18:45:00,88846,3.7966,3.79,3.805,3.81,3.785,254
2024-05-15 18:46:00,34382,3.811,3.805,3.815,3.82,3.805,97
2024-05-15 18:47:00,8577,3.8151,3.815,3.82,3.82,3.815,64
2024-05-15 18:48:00,3649,3.8168,3.82,3.82,3.82,3.815,31
2024-05-15 18:49:00,1506,3.8158,3.81,3.82,3.82,3.81,27
2024-05-15 18:50:00,19041,3.8102,3.815,3.805,3.815,3.805,106
2024-05-15 18:51:00,2098,3.8045,3.805,3.8013,3.81,3.8,25
2024-05-15 18:52:00,12179,3.8107,3.81,3.82,3.82,3.81,87
2024-05-15 18:53:00,450,3.8133,3.815,3.81,3.815,3.81,14
2024-05-15 18:54:00,64883,3.8192,3.82,3.82,3.82,3.81,122
2024-05-15 18:55:00,1786,3.828,3.8299,3.8299,3.83,3.82,29
2024-05-15 18:56:00,5120,3.8238,3.825,3.83,3.83,3.8212,46
2024-05-15 18:57:00,10912,3.8217,3.83,3.825,3.83,3.82,39
2024-05-15 18:58:00,3039,3.8217,3.8201,3.83,3.83,3.8201,31
2024-05-15 18:59:00,6777,3.824,3.825,3.825,3.8256,3.82,64
2024-05-15 19:00:00,27060,3.8184,3.82,3.8199,3.825,3.81,106
2024-05-15 19:01:00,2009,3.8149,3.815,3.818,3.8199,3.815,38
2024-05-15 19:02:00,27726,3.8203,3.8199,3.8213,3.8298,3.815,68
2024-05-15 19:03:00,770,3.825,3.825,3.825,3.825,3.825,25
2024-05-15 19:04:00,1553,3.8227,3.8215,3.825,3.825,3.8215,26
2024-05-15 19:05:00,630,3.8246,3.825,3.825,3.825,3.825,34
2024-05-15 19:06:00,2063,3.823,3.8201,3.825,3.83,3.8201,36
2024-05-15 19:07:00,658,3.825,3.83,3.83,3.83,3.83,33
2024-05-15 19:08:00,2806,3.8241,3.82,3.82,3.83,3.82,54
2024-05-15 19:09:00,2098,3.8228,3.8201,3.83,3.83,3.82,37
2024-05-15 19:10:00,2098,3.8224,3.83,3.83,3.83,3.82,36
2024-05-15 19:11:00,3821,3.8228,3.83,3.825,3.83,3.82,56
2024-05-15 19:12:00,2163,3.8232,3.825,3.825,3.83,3.82,20
2024-05-15 19:13:00,6418,3.8233,3.825,3.825,3.825,3.82,65
2024-05-15 19:14:00,55862,3.8275,3.825,3.83,3.835,3.82,180
2024-05-15 19:15:00,3881,3.8339,3.835,3.835,3.836,3.83,44
2024-05-15 19:16:00,68204,3.8388,3.835,3.845,3.85,3.83,154
2024-05-15 19:17:00,2371,3.8462,3.845,3.8498,3.85,3.845,40
2024-05-15 19:18:00,16176,3.8452,3.845,3.845,3.85,3.84,48
2024-05-15 19:19:00,6430,3.8449,3.85,3.845,3.85,3.84,51
2024-05-15 19:20:00,6329,3.8455,3.845,3.845,3.85,3.84,56
2024-05-15 19:21:00,12731,3.848,3.845,3.8428,3.85,3.8428,44
2024-05-15 19:22:00,3826,3.8406,3.85,3.84,3.85,3.84,45
2024-05-15 19:23:00,52369,3.8508,3.85,3.86,3.86,3.845,176
2024-05-15 19:24:00,64662,3.85,3.85,3.845,3.855,3.845,226
2024-05-15 19:25:00,6588,3.8459,3.8461,3.8499,3.85,3.845,50
2024-05-15 19:26:00,5991,3.8479,3.85,3.845,3.85,3.845,32
2024-05-15 19:27:00,7780,3.8479,3.8499,3.845,3.8499,3.84,35
2024-05-15 19:28:00,2327,3.8446,3.85,3.845,3.85,3.84,37
2024-05-15 19:29:00,5318,3.845,3.845,3.845,3.845,3.845,44
2024-05-15 19:30:00,68294,3.8557,3.85,3.8612,3.865,3.845,224
2024-05-15 19:31:00,4440,3.8632,3.865,3.865,3.8651,3.8614,41
2024-05-15 19:32:00,12269,3.8689,3.87,3.865,3.87,3.865,49
2024-05-15 19:33:00,4345,3.8641,3.865,3.865,3.865,3.8612,40
2024-05-15 19:34:00,6089,3.8622,3.865,3.865,3.865,3.8611,44
2024-05-15 19:35:00,18071,3.8666,3.865,3.865,3.87,3.86,96
2024-05-15 19:36:00,73377,3.8708,3.87,3.875,3.88,3.865,326
2024-05-15 19:37:00,31741,3.8703,3.875,3.87,3.8799,3.865,165
2024-05-15 19:38:00,5944,3.8728,3.875,3.87,3.875,3.87,38
2024-05-15 19:39:00,33091,3.8749,3.875,3.875,3.88,3.875,98
2024-05-15 19:40:00,3536,3.8764,3.875,3.8714,3.88,3.8714,51
2024-05-15 19:41:00,48192,3.8798,3.88,3.89,3.89,3.875,193
2024-05-15 19:42:00,6586,3.8872,3.89,3.885,3.89,3.885,51
2024-05-15 19:43:00,19299,3.8853,3.885,3.885,3.89,3.88,157
2024-05-15 19:44:00,48914,3.8803,3.885,3.88,3.8856,3.875,211
2024-05-15 19:45:00,36512,3.8867,3.885,3.89,3.89,3.885,189
2024-05-15 19:46:00,5778,3.8854,3.885,3.885,3.89,3.8801,55
2024-05-15 19:47:00,4496,3.8873,3.89,3.89,3.89,3.885,48
2024-05-15 19:48:00,9902,3.8884,3.89,3.89,3.89,3.885,103
2024-05-15 19:49:00,67957,3.8903,3.89,3.8975,3.9,3.885,215
2024-05-15 19:50:00,57570,3.8982,3.895,3.9,3.9,3.89,188
2024-05-15 19:51:00,14503,3.8984,3.9,3.9,3.9,3.89,130
2024-05-15 19:52:00,32960,3.8967,3.9,3.9,3.9,3.8917,184
2024-05-15 19:53:00,68889,3.9006,3.9,3.905,3.91,3.89,291
2024-05-15 19:54:00,114053,3.9146,3.91,3.915,3.9275,3.9,332
2024-05-15 19:55:00,37566,3.9108,3.915,3.905,3.92,3.9,152
2024-05-15 19:56:00,12372,3.9071,3.905,3.9,3.91,3.9,67
2024-05-15 19:57:00,94308,3.8983,3.905,3.9,3.905,3.89,303
2024-05-15 19:58:00,65512,3.8998,3.895,3.905,3.905,3.895,219
2024-05-15 19:59:00,104032,3.9052,3.905,3.905,3.91,3.9,457
2024-05-15 20:00:00,36318,3.9001,3.9,3.9,3.92,3.9,13
2024-05-15 20:01:00,100,3.92,3.92,3.92,3.92,3.92,1
2024-05-15 20:08:00,200,3.93,3.93,3.93,3.93,3.93,1
2024-05-15 20:11:00,28100,3.9454,3.92,3.92,4.0,3.92,23
2024-05-15 20:16:00,301,3.9498,3.95,3.95,3.95,3.95,2
2024-05-15 20:28:00,2000,3.9,3.9,3.9,3.9,3.9,1
2024-05-15 20:36:00,149,3.91,3.91,3.91,3.91,3.91,1
2024-05-15 20:38:00,100,3.92,3.92,3.92,3.92,3.92,1
2024-05-15 20:43:00,100,3.92,3.92,3.92,3.92,3.92,1
2024-05-15 20:47:00,622,3.9293,3.93,3.93,3.93,3.93,3
2024-05-15 20:48:00,300,3.94,3.94,3.94,3.94,3.94,3
2024-05-15 20:55:00,14400,3.93,3.93,3.93,3.93,3.93,2
2024-05-15 20:57:00,275,3.904,3.91,3.9,3.91,3.9,3
2024-05-15 21:01:00,100,3.905,3.905,3.905,3.905,3.905,1
2024-05-15 21:02:00,100,3.9,3.9,3.9,3.9,3.9,1
2024-05-15 21:03:00,540,3.88,3.88,3.88,3.88,3.88,1
2024-05-15 21:07:00,5398,3.8804,3.88,3.9,3.9,3.88,2
2024-05-15 21:40:00,150,3.88,3.88,3.88,3.88,3.88,1
2024-05-16 08:57:00,379,3.8974,3.89,3.9,3.9,3.89,3
2024-05-16 09:32:00,188,3.8939,3.89,3.89,3.89,3.89,3
2024-05-16 12:00:00,1657,3.8818,3.89,3.9,3.9,3.87,8
2024-05-16 12:18:00,100,3.87,3.87,3.87,3.87,3.87,1
2024-05-16 12:24:00,500,3.9,3.9,3.9,3.9,3.9,1
2024-05-16 12:55:00,1000,3.9,3.9,3.9,3.9,3.9,1
2024-05-16 12:58:00,100,3.88,3.88,3.88,3.88,3.88,1
2024-05-16 13:14:00,100,3.88,3.88,3.88,3.88,3.88,1
2024-05-16 13:17:00,757,3.8642,3.87,3.86,3.87,3.86,10
2024-05-16 13:18:00,100,3.88,3.88,3.88,3.88,3.88,1
2024-05-16 13:25:00,8413,3.8816,3.89,3.9,3.9,3.87,52
2024-05-16 13:26:00,336,3.86,3.86,3.86,3.86,3.86,4
2024-05-16 13:30:00,89935,3.8848,3.89,3.87,3.89,3.85,107
2024-05-16 13:31:00,13933,3.8582,3.87,3.875,3.88,3.85,73
2024-05-16 13:32:00,13818,3.8713,3.88,3.8595,3.885,3.8595,75
2024-05-16 13:33:00,14940,3.8558,3.85,3.86,3.86,3.84,55
2024-05-16 13:34:00,428,3.8601,3.8601,3.8601,3.8601,3.8601,7
2024-05-16 13:35:00,2139,3.8634,3.86,3.865,3.87,3.86,29
2024-05-16 13:36:00,2260,3.8612,3.86,3.865,3.865,3.86,15
2024-05-16 13:37:00,341,3.8663,3.87,3.87,3.87,3.87,5
2024-05-16 13:38:00,225857,3.8681,3.86,3.85,3.87,3.845,121
2024-05-16 13:39:00,10370,3.8629,3.855,3.87,3.88,3.855,53
2024-05-16 13:40:00,10310,3.873,3.87,3.88,3.88,3.87,52
2024-05-16 13:41:00,7494,3.8833,3.875,3.88,3.8899,3.875,43
2024-05-16 13:42:00,664,3.8829,3.885,3.8853,3.8853,3.88,8
2024-05-16 13:43:00,24798,3.8793,3.8854,3.875,3.8854,3.87,43
2024-05-16 13:44:00,7241,3.874,3.88,3.87,3.88,3.87,34
2024-05-16 13:45:00,36822,3.8947,3.88,3.885,3.905,3.88,124
2024-05-16 13:46:00,86588,3.8912,3.885,3.89,3.9,3.885,349
2024-05-16 13:47:00,29793,3.8957,3.8999,3.895,3.905,3.89,115
2024-05-16 13:48:00,27231,3.8944,3.9,3.895,3.9,3.89,108
2024-05-16 13:49:00,5681,3.8914,3.895,3.89,3.9,3.89,42
2024-05-16 13:50:00,13305,3.8809,3.895,3.87,3.895,3.87,80
2024-05-16 13:51:00,94327,3.8695,3.87,3.87,3.88,3.86,343
2024-05-16 13:52:00,6849,3.8737,3.875,3.87,3.88,3.87,48
2024-05-16 13:53:00,12649,3.8728,3.88,3.875,3.88,3.87,93
2024-05-16 13:54:00,15217,3.8751,3.875,3.87,3.88,3.87,97
2024-05-16 13:55:00,40945,3.8701,3.87,3.875,3.875,3.8675,173
2024-05-16 13:56:00,9417,3.8695,3.87,3.865,3.8764,3.86,62
2024-05-16 13:57:00,3850,3.8606,3.8604,3.86,3.865,3.86,8
2024-05-16 13:58:00,2190,3.8639,3.86,3.865,3.87,3.86,19
2024-05-16 13:59:00,3716,3.8678,3.87,3.87,3.87,3.865,19
2024-05-16 14:00:00,23082,3.8682,3.87,3.865,3.875,3.86,139
2024-05-16 14:01:00,2426,3.8671,3.87,3.865,3.87,3.86,22
2024-05-16 14:02:00,50937,3.8625,3.865,3.86,3.87,3.855,258
2024-05-16 14:03:00,10278,3.8655,3.86,3.87,3.87,3.86,88
2024-05-16 14:04:00,8785,3.8778,3.87,3.88,3.885,3.87,56
2024-05-16 14:05:00,112582,3.8623,3.88,3.865,3.88,3.86,57
2024-05-16 14:06:00,2319,3.8639,3.865,3.86,3.87,3.86,14
2024-05-16 14:07:00,14916,3.8611,3.8657,3.865,3.87,3.855,77
2024-05-16 14:08:00,1600,3.8655,3.865,3.865,3.87,3.865,10
2024-05-16 14:09:00,3801,3.8663,3.87,3.865,3.87,3.86,18
2024-05-16 14:10:00,801,3.8644,3.865,3.86,3.865,3.86,9
2024-05-16 14:11:00,16188,3.8578,3.86,3.85,3.865,3.85,99
2024-05-16 14:12:00,18802,3.8568,3.85,3.855,3.86,3.85,90
2024-05-16 14:13:00,10988,3.8569,3.8575,3.86,3.86,3.85,47
2024-05-16 14:14:00,24954,3.8565,3.855,3.87,3.87,3.85,100
2024-05-16 14:15:00,23948,3.8642,3.87,3.86,3.875,3.8575,186
2024-05-16 14:16:00,6362,3.867,3.865,3.87,3.87,3.8608,46
2024-05-16 14:17:00,940,3.8684,3.87,3.865,3.87,3.865,9
2024-05-16 14:18:00,26339,3.8533,3.87,3.845,3.87,3.845,121
2024-05-16 14:19:00,3555,3.8483,3.845,3.85,3.85,3.845,22
2024-05-16 14:20:00,7025,3.8499,3.85,3.85,3.85,3.845,62
2024-05-16 14:21:00,399,3.8592,3.86,3.86,3.86,3.86,14
2024-05-16 14:22:00,1119,3.8574,3.86,3.86,3.86,3.855,12
2024-05-16 14:23:00,2161,3.8539,3.855,3.855,3.855,3.85,20
2024-05-16 14:24:00,2562,3.8529,3.853,3.85,3.855,3.85,17
2024-05-16 14:25:00,55709,3.8574,3.855,3.865,3.87,3.845,201
2024-05-16 14:26:00,3477,3.8603,3.87,3.855,3.87,3.855,35
2024-05-16 14:27:00,1641,3.856,3.855,3.86,3.86,3.855,18
2024-05-16 14:28:00,8862,3.8519,3.855,3.85,3.86,3.85,33
2024-05-16 14:29:00,4565,3.851,3.85,3.85,3.86,3.85,22
2024-05-16 14:30:00,5720,3.8516,3.85,3.85,3.86,3.85,38
2024-05-16 14:31:00,128370,3.8498,3.85,3.845,3.855,3.8411,112
2024-05-16 14:32:00,5497,3.8444,3.845,3.85,3.85,3.84,30
2024-05-16 14:33:00,4777,3.848,3.85,3.85,3.85,3.845,40
2024-05-16 14:34:00,7626,3.8474,3.845,3.845,3.85,3.845,29
2024-05-16 14:35:00,8397,3.8511,3.845,3.86,3.86,3.845,87
2024-05-16 14:36:00,2153,3.8565,3.8599,3.8599,3.8599,3.8599,15
2024-05-16 14:37:00,2266,3.8596,3.86,3.855,3.86,3.855,6
2024-05-16 14:38:00,12759,3.8501,3.855,3.845,3.855,3.845,93
2024-05-16 14:39:00,4274,3.8469,3.85,3.845,3.85,3.845,34
2024-05-16 14:40:00,5017,3.8445,3.85,3.845,3.85,3.84,28
2024-05-16 14:41:00,5537,3.8491,3.845,3.85,3.85,3.845,31
2024-05-16 14:42:00,2395,3.8489,3.85,3.85,3.85,3.845,23
2024-05-16 14:43:00,4914,3.848,3.845,3.85,3.85,3.845,32
2024-05-16 14:44:00,1484,3.8477,3.845,3.845,3.85,3.845,15
2024-05-16 14:45:00,12256,3.8543,3.845,3.865,3.865,3.845,93
2024-05-16 14:46:00,19353,3.8522,3.865,3.85,3.865,3.85,53
2024-05-16 14:47:00,7585,3.849,3.85,3.845,3.85,3.845,39
2024-05-16 14:48:00,1231,3.8459,3.845,3.845,3.85,3.845,7
2024-05-16 14:49:00,5641,3.8453,3.845,3.85,3.85,3.8401,18
2024-05-16 14:50:00,2603,3.8494,3.845,3.85,3.85,3.845,25
2024-05-16 14:51:00,3620,3.8485,3.85,3.85,3.85,3.8406,14
2024-05-16 14:52:00,8384,3.8474,3.85,3.845,3.85,3.845,22
2024-05-16 14:53:00,4598,3.8487,3.85,3.85,3.85,3.845,23
2024-05-16 14:54:00,11803,3.848,3.845,3.845,3.85,3.8401,54
2024-05-16 14:55:00,4880,3.8493,3.845,3.85,3.85,3.845,30
2024-05-16 14:56:00,6620,3.8494,3.85,3.85,3.85,3.845,34
2024-05-16 14:57:00,4646,3.8485,3.845,3.845,3.85,3.845,21
2024-05-16 14:58:00,9532,3.8469,3.85,3.845,3.85,3.84,33
2024-05-16 14:59:00,7881,3.8457,3.845,3.85,3.85,3.8401,39
2024-05-16 15:00:00,9116,3.8493,3.848,3.855,3.855,3.845,62
2024-05-16 15:01:00,34442,3.8468,3.855,3.845,3.855,3.84,196
2024-05-16 15:02:00,40062,3.8301,3.845,3.82,3.85,3.82,100
2024-05-16 15:03:00,18136,3.8303,3.83,3.8301,3.84,3.825,36
2024-05-16 15:04:00,1198,3.8377,3.84,3.835,3.84,3.835,9
2024-05-16 15:05:00,19303,3.839,3.835,3.8318,3.84,3.8318,19
2024-05-16 15:06:00,15045,3.8319,3.8388,3.8262,3.8388,3.825,74
2024-05-16 15:07:00,12908,3.8314,3.83,3.835,3.84,3.8215,44
2024-05-16 15:08:00,517,3.84,3.84,3.84,3.84,3.84,3
2024-05-16 15:09:00,1829,3.8317,3.84,3.83,3.84,3.83,8
2024-05-16 15:10:00,2525,3.8399,3.8399,3.8399,3.8399,3.8399,4
2024-05-16 15:11:00,8589,3.8399,3.835,3.84,3.85,3.835,50
2024-05-16 15:12:00,9114,3.8385,3.84,3.8398,3.84,3.835,52
2024-05-16 15:13:00,4441,3.8357,3.837,3.835,3.8399,3.83,14
2024-05-16 15:14:00,4322,3.835,3.835,3.83,3.835,3.83,20
2024-05-16 15:15:00,3560,3.8327,3.8335,3.8312,3.84,3.8312,8
2024-05-16 15:16:00,804,3.84,3.84,3.84,3.84,3.84,10
2024-05-16 15:17:00,179,3.8329,3.835,3.835,3.835,3.835,3
2024-05-16 15:18:00,5690,3.8365,3.835,3.835,3.84,3.835,27
2024-05-16 15:19:00,415,3.8352,3.835,3.835,3.835,3.835,7
2024-05-16 15:20:00,14064,3.8353,3.835,3.84,3.84,3.835,43
2024-05-16 15:21:00,1725,3.8357,3.835,3.835,3.835,3.835,10
2024-05-16 15:22:00,1975,3.838,3.835,3.835,3.84,3.835,20
2024-05-16 15:23:00,854,3.8353,3.835,3.835,3.8365,3.835,10
2024-05-16 15:24:00,6213,3.8389,3.835,3.835,3.84,3.835,29
2024-05-16 15:25:00,1405,3.8382,3.835,3.835,3.84,3.835,16
2024-05-16 15:26:00,9638,3.8315,3.84,3.83,3.84,3.83,16
2024-05-16 15:27:00,16982,3.838,3.834,3.84,3.84,3.83,32
2024-05-16 15:28:00,8566,3.841,3.84,3.85,3.85,3.84,52
2024-05-16 15:29:00,11323,3.8404,3.845,3.84,3.845,3.84,14
2024-05-16 15:30:00,15670,3.8399,3.845,3.84,3.85,3.835,87
2024-05-16 15:31:00,7912,3.8408,3.835,3.845,3.85,3.835,67
2024-05-16 15:32:00,2720,3.8426,3.85,3.845,3.85,3.84,23
2024-05-16 15:33:00,36698,3.8454,3.845,3.845,3.85,3.835,70
2024-05-16 15:34:00,8858,3.8378,3.84,3.84,3.84,3.83,46
2024-05-16 15:35:00,2265,3.8387,3.84,3.84,3.84,3.835,27
2024-05-16 15:36:00,2356,3.8365,3.84,3.84,3.84,3.8345,15
2024-05-16 15:37:00,3127,3.8395,3.84,3.8375,3.84,3.835,17
2024-05-16 15:38:00,22444,3.8519,3.84,3.85,3.86,3.84,97
2024-05-16 15:39:00,105,3.86,3.86,3.86,3.86,3.86,3
2024-05-16 15:40:00,480,3.8556,3.856,3.855,3.856,3.855,5
2024-05-16 15:41:00,2067,3.8565,3.855,3.855,3.8568,3.855,4
2024-05-16 15:42:00,10185,3.8544,3.855,3.855,3.855,3.855,15
2024-05-16 15:43:00,1677,3.8574,3.855,3.85,3.8599,3.85,11
2024-05-16 15:44:00,1912,3.8522,3.855,3.85,3.855,3.85,18
2024-05-16 15:45:00,1237,3.8515,3.853,3.85,3.855,3.85,11
2024-05-16 15:46:00,1909,3.851,3.85,3.855,3.855,3.85,19
2024-05-16 15:47:00,1824,3.8508,3.85,3.85,3.855,3.85,18
2024-05-16 15:48:00,2142,3.8514,3.85,3.85,3.855,3.85,18
2024-05-16 15:49:00,1386,3.8514,3.855,3.85,3.855,3.85,15
2024-05-16 15:50:00,2924,3.8539,3.85,3.855,3.855,3.85,16
2024-05-16 15:51:00,1477,3.8548,3.855,3.855,3.855,3.855,13
2024-05-16 15:52:00,1007,3.8545,3.855,3.85,3.855,3.85,12
2024-05-16 15:53:00,1272,3.853,3.855,3.85,3.855,3.85,20
2024-05-16 15:54:00,2915,3.8546,3.855,3.855,3.855,3.85,18
2024-05-16 15:55:00,717,3.8514,3.855,3.85,3.855,3.85,11
2024-05-16 15:56:00,1982,3.8529,3.855,3.855,3.855,3.85,13
2024-05-16 15:57:00,2100,3.8525,3.85,3.85,3.855,3.85,13
2024-05-16 15:58:00,626,3.852,3.85,3.855,3.855,3.85,9
2024-05-16 15:59:00,1369,3.8555,3.86,3.85,3.86,3.85,14
2024-05-16 16:00:00,1109,3.8523,3.855,3.85,3.855,3.85,8
2024-05-16 16:01:00,562,3.8503,3.85,3.85,3.85,3.85,5
2024-05-16 16:02:00,4502,3.8502,3.85,3.85,3.85,3.85,11
2024-05-16 16:03:00,558,3.8531,3.855,3.855,3.855,3.85,9
2024-05-16 16:04:00,617,3.8508,3.85,3.85,3.855,3.85,11
2024-05-16 16:05:00,6523,3.8506,3.85,3.85,3.855,3.85,16
2024-05-16 16:06:00,997,3.8521,3.853,3.85,3.855,3.85,13
2024-05-16 16:07:00,1533,3.8511,3.85,3.85,3.855,3.85,17
2024-05-16 16:08:00,600,3.85,3.85,3.85,3.85,3.85,6
2024-05-16 16:09:00,901,3.85,3.85,3.85,3.85,3.85,10
2024-05-16 16:10:00,1814,3.8523,3.85,3.8512,3.855,3.85,18
2024-05-16 16:11:00,2082,3.8536,3.85,3.85,3.8565,3.85,13
2024-05-16 16:12:00,527,3.8538,3.855,3.85,3.855,3.85,7
2024-05-16 16:13:00,814,3.8534,3.85,3.85,3.855,3.85,11
2024-05-16 16:14:00,2599,3.8529,3.855,3.85,3.855,3.85,23
2024-05-16 16:15:00,1104,3.8531,3.855,3.853,3.855,3.85,25
2024-05-16 16:16:00,1616,3.85,3.85,3.85,3.85,3.85,10
2024-05-16 16:17:00,2340,3.8516,3.855,3.85,3.855,3.85,16
2024-05-16 16:18:00,1687,3.8506,3.85,3.85,3.855,3.85,19
2024-05-16 16:19:00,1391,3.8504,3.85,3.85,3.855,3.85,16
2024-05-16 16:20:00,1003,3.8518,3.85,3.85,3.855,3.85,10
2024-05-16 16:21:00,5923,3.852,3.85,3.853,3.855,3.85,16
2024-05-16 16:22:00,5664,3.85,3.85,3.85,3.85,3.85,12
2024-05-16 16:23:00,416,3.852,3.855,3.85,3.855,3.85,7
2024-05-16 16:24:00,2343,3.8506,3.85,3.85,3.855,3.85,19
2024-05-16 16:25:00,1363,3.8514,3.85,3.855,3.855,3.85,21
2024-05-16 16:26:00,1676,3.8524,3.85,3.85,3.855,3.85,17
2024-05-16 16:27:00,3778,3.8508,3.85,3.853,3.855,3.85,19
2024-05-16 16:28:00,9177,3.8556,3.85,3.855,3.86,3.85,57
2024-05-16 16:29:00,11646,3.8562,3.855,3.855,3.86,3.855,40
2024-05-16 16:30:00,58701,3.8503,3.855,3.855,3.86,3.85,176
2024-05-16 16:31:00,16493,3.8524,3.855,3.85,3.855,3.85,73
2024-05-16 16:32:00,284,3.8504,3.85,3.85,3.85,3.85,4
2024-05-16 16:33:00,2629,3.8504,3.85,3.853,3.853,3.85,21
2024-05-16 16:34:00,503,3.852,3.85,3.85,3.85,3.85,9
2024-05-16 16:35:00,519,3.8511,3.853,3.85,3.853,3.85,9
2024-05-16 16:36:00,678,3.8545,3.86,3.85,3.86,3.85,8
2024-05-16 16:37:00,919,3.8523,3.85,3.855,3.855,3.85,12
2024-05-16 16:38:00,2762,3.8561,3.85,3.855,3.86,3.85,18
2024-05-16 16:39:00,17990,3.8596,3.86,3.865,3.865,3.855,109
2024-05-16 16:42:00,1512,3.8628,3.865,3.865,3.865,3.86,22
2024-05-16 16:43:00,1323,3.867,3.863,3.865,3.87,3.863,10
2024-05-16 16:44:00,648,3.865,3.865,3.865,3.865,3.865,7
2024-05-16 16:45:00,711,3.865,3.865,3.865,3.865,3.865,11
2024-05-16 16:46:00,4349,3.8649,3.865,3.865,3.865,3.86,11
2024-05-16 16:47:00,703,3.864,3.865,3.865,3.865,3.86,9
2024-05-16 16:48:00,1139,3.8638,3.8664,3.86,3.8664,3.86,12
2024-05-16 16:49:00,1377,3.8645,3.865,3.863,3.865,3.86,12
2024-05-16 16:50:00,3266,3.8629,3.865,3.865,3.865,3.86,23
2024-05-16 16:51:00,1136,3.8626,3.86,3.865,3.865,3.86,12
2024-05-16 16:52:00,951,3.8611,3.86,3.865,3.865,3.86,9
2024-05-16 16:53:00,556,3.8612,3.865,3.86,3.865,3.86,8
2024-05-16 16:54:00,4962,3.8659,3.86,3.865,3.87,3.86,45
2024-05-16 16:55:00,969,3.8638,3.865,3.865,3.865,3.865,15
2024-05-16 16:56:00,252,3.8632,3.86,3.865,3.865,3.86,6
2024-05-16 16:57:00,1372,3.8659,3.87,3.865,3.87,3.865,17
2024-05-16 16:58:00,561,3.8641,3.865,3.865,3.865,3.863,7
2024-05-16 16:59:00,1406,3.8642,3.865,3.865,3.865,3.86,13
2024-05-16 17:00:00,2611,3.8643,3.863,3.865,3.865,3.86,26
2024-05-16 17:01:00,12593,3.8595,3.865,3.8501,3.865,3.8501,78
2024-05-16 17:02:00,2599,3.8526,3.8514,3.855,3.855,3.8514,7
2024-05-16 17:03:00,15241,3.8504,3.8501,3.85,3.855,3.85,5
2024-05-16 17:04:00,630,3.8516,3.85,3.85,3.85,3.85,10
2024-05-16 17:05:00,2017,3.8536,3.855,3.855,3.855,3.85,23
2024-05-16 17:06:00,1061,3.8535,3.855,3.855,3.855,3.85,9
2024-05-16 17:07:00,683,3.8543,3.855,3.855,3.855,3.85,10
2024-05-16 17:08:00,1544,3.8538,3.85,3.85,3.855,3.85,13
2024-05-16 17:09:00,697,3.8517,3.85,3.855,3.855,3.85,10
2024-05-16 17:10:00,1602,3.8519,3.855,3.85,3.855,3.85,29
2024-05-16 17:11:00,101992,3.8499,3.855,3.855,3.855,3.84,283
2024-05-16 17:12:00,1322,3.8561,3.855,3.855,3.86,3.855,14
2024-05-16 17:13:00,5232,3.855,3.855,3.855,3.855,3.855,23
2024-05-16 17:14:00,2039,3.8582,3.86,3.855,3.86,3.855,16
2024-05-16 17:15:00,568,3.855,3.855,3.855,3.855,3.855,16
2024-05-16 17:16:00,2073,3.8538,3.8519,3.854,3.855,3.8519,5
2024-05-16 17:17:00,815,3.8541,3.855,3.8513,3.857,3.8513,6
2024-05-16 17:18:00,896,3.8572,3.86,3.855,3.86,3.855,10
2024-05-16 17:19:00,1048,3.8566,3.855,3.86,3.86,3.855,11
2024-05-16 17:20:00,24037,3.8599,3.86,3.855,3.865,3.85,123
2024-05-16 17:21:00,37231,3.8502,3.855,3.855,3.855,3.85,105
2024-05-16 17:22:00,925,3.8523,3.85,3.85,3.85,3.85,10
2024-05-16 17:23:00,300,3.85,3.85,3.85,3.85,3.85,3
2024-05-16 17:24:00,62269,3.85,3.85,3.85,3.8501,3.845,166
2024-05-16 17:25:00,5170,3.85,3.85,3.85,3.85,3.85,6
2024-05-16 17:26:00,2643,3.8502,3.85,3.855,3.855,3.85,3
2024-05-16 17:27:00,1877,3.8549,3.855,3.855,3.855,3.855,6
2024-05-16 17:28:00,131,3.8544,3.855,3.855,3.855,3.855,4
2024-05-16 17:29:00,843,3.8529,3.855,3.85,3.855,3.85,9
2024-05-16 17:30:00,293,3.8514,3.852,3.85,3.852,3.85,6
2024-05-16 17:31:00,275,3.8521,3.85,3.852,3.852,3.85,3
2024-05-16 17:32:00,3769,3.8513,3.8509,3.85,3.855,3.85,8
2024-05-16 17:33:00,2130,3.8516,3.85,3.85,3.852,3.85,13
2024-05-16 17:34:00,584,3.8504,3.85,3.85,3.85,3.85,8
2024-05-16 17:35:00,807,3.8505,3.852,3.85,3.852,3.85,8
2024-05-16 17:36:00,1362,3.8522,3.85,3.855,3.855,3.85,11
2024-05-16 17:37:00,3914,3.8568,3.855,3.855,3.86,3.855,29
2024-05-16 17:38:00,1713,3.855,3.855,3.855,3.855,3.855,11
2024-05-16 17:39:00,585,3.8546,3.855,3.855,3.855,3.852,7
2024-05-16 17:40:00,1028,3.8551,3.855,3.855,3.855,3.85,8
2024-05-16 17:41:00,1090,3.8529,3.85,3.8521,3.855,3.85,9
2024-05-16 17:42:00,2208,3.8513,3.85,3.8513,3.855,3.85,9
2024-05-16 17:43:00,1319,3.8508,3.85,3.85,3.855,3.85,14
2024-05-16 17:44:00,2070,3.8537,3.85,3.855,3.855,3.85,17
2024-05-16 17:45:00,1306,3.8547,3.855,3.855,3.855,3.853,13
2024-05-16 17:46:00,2733,3.8524,3.855,3.855,3.855,3.85,13
2024-05-16 17:47:00,437,3.8533,3.853,3.85,3.855,3.85,6
2024-05-16 17:48:00,803,3.8529,3.855,3.85,3.855,3.85,9
2024-05-16 17:49:00,1000,3.8512,3.853,3.85,3.855,3.85,13
2024-05-16 17:50:00,3804,3.8505,3.85,3.85,3.855,3.85,29
2024-05-16 17:51:00,1540,3.852,3.855,3.855,3.855,3.85,16
2024-05-16 17:52:00,880,3.8509,3.85,3.85,3.855,3.85,16
2024-05-16 17:53:00,3230,3.8522,3.8515,3.855,3.855,3.85,14
2024-05-16 17:54:00,625,3.8533,3.855,3.853,3.855,3.85,7
2024-05-16 17:55:00,22659,3.8508,3.855,3.852,3.855,3.85,83
2024-05-16 17:56:00,965,3.8521,3.855,3.85,3.855,3.85,7
2024-05-16 17:57:00,1807,3.855,3.85,3.85,3.8562,3.85,8
2024-05-16 17:58:00,15051,3.8502,3.855,3.85,3.855,3.85,15
2024-05-16 17:59:00,2462,3.8552,3.85,3.853,3.86,3.85,26
2024-05-16 18:00:00,620,3.8526,3.855,3.85,3.855,3.85,9
2024-05-16 18:01:00,415,3.8508,3.853,3.85,3.853,3.85,5
2024-05-16 18:02:00,437,3.8519,3.855,3.853,3.855,3.85,6
2024-05-16 18:03:00,716,3.8512,3.85,3.853,3.855,3.85,10
2024-05-16 18:04:00,629,3.8509,3.855,3.85,3.855,3.85,10
2024-05-16 18:05:00,1707,3.8531,3.855,3.855,3.855,3.85,14
2024-05-16 18:06:00,842,3.8513,3.85,3.855,3.855,3.85,8
2024-05-16 18:07:00,3218,3.8536,3.855,3.85,3.855,3.85,11
2024-05-16 18:08:00,40590,3.8613,3.855,3.87,3.87,3.85,221
2024-05-16 18:09:00,3906,3.869,3.87,3.865,3.87,3.865,36
2024-05-16 18:10:00,1237,3.8649,3.865,3.865,3.865,3.865,6
2024-05-16 18:11:00,6890,3.8651,3.865,3.865,3.87,3.865,28
2024-05-16 18:12:00,21236,3.8716,3.865,3.88,3.88,3.86,97
2024-05-16 18:13:00,1825,3.8773,3.8799,3.875,3.8799,3.87,6
2024-05-16 18:14:00,3126,3.875,3.875,3.875,3.875,3.875,8
2024-05-16 18:15:00,3443,3.8751,3.875,3.875,3.88,3.875,15
2024-05-16 18:16:00,4141,3.875,3.875,3.875,3.875,3.875,14
2024-05-16 18:17:00,8700,3.8799,3.875,3.885,3.885,3.875,48
2024-05-16 18:18:00,8180,3.8796,3.89,3.885,3.89,3.88,45
2024-05-16 18:19:00,623,3.8841,3.885,3.885,3.885,3.882,8
2024-05-16 18:20:00,355,3.8843,3.885,3.885,3.885,3.885,5
2024-05-16 18:21:00,576,3.885,3.885,3.885,3.885,3.885,7
2024-05-16 18:22:00,4002,3.8814,3.885,3.885,3.885,3.88,12
2024-05-16 18:23:00,2035,3.8838,3.885,3.885,3.885,3.88,24
2024-05-16 18:24:00,242,3.8842,3.885,3.885,3.885,3.885,4
2024-05-16 18:25:00,533,3.886,3.885,3.89,3.89,3.885,14
2024-05-16 18:26:00,1487,3.8848,3.885,3.885,3.885,3.885,8
2024-05-16 18:27:00,5496,3.8804,3.885,3.8801,3.885,3.8801,11
2024-05-16 18:28:00,6080,3.8817,3.885,3.885,3.89,3.88,17
2024-05-16 18:29:00,2294,3.8834,3.885,3.882,3.885,3.88,18
2024-05-16 18:30:00,35000,3.8787,3.88,3.885,3.885,3.87,154
2024-05-16 18:32:00,9574,3.88,3.88,3.88,3.88,3.88,46
2024-05-16 18:33:00,2349,3.88,3.88,3.88,3.88,3.88,11
2024-05-16 18:34:00,2845,3.88,3.88,3.88,3.88,3.88,27
2024-05-16 18:35:00,17959,3.8799,3.88,3.88,3.885,3.875,102
2024-05-16 18:36:00,270,3.8849,3.885,3.885,3.885,3.885,4
2024-05-16 18:37:00,468,3.8846,3.885,3.885,3.885,3.885,5
2024-05-16 18:39:00,17324,3.8802,3.88,3.88,3.885,3.88,64
2024-05-16 18:40:00,4588,3.8818,3.88,3.885,3.885,3.88,27
2024-05-16 18:41:00,784,3.8827,3.885,3.885,3.885,3.885,7
2024-05-16 18:42:00,13287,3.8801,3.88,3.885,3.885,3.88,21
2024-05-16 18:43:00,163,3.8809,3.881,3.881,3.881,3.881,4
2024-05-16 18:44:00,675,3.8812,3.88,3.88,3.88,3.88,9
2024-05-16 18:45:00,957,3.8802,3.881,3.88,3.881,3.88,10
2024-05-16 18:47:00,8440,3.88,3.881,3.88,3.881,3.88,18
2024-05-16 18:48:00,1914,3.8848,3.885,3.885,3.885,3.885,11
2024-05-16 18:49:00,200,3.8805,3.88,3.881,3.881,3.88,2
2024-05-16 18:50:00,4076,3.8846,3.88,3.88,3.885,3.88,29
2024-05-16 18:51:00,2285,3.8842,3.885,3.88,3.885,3.88,19
2024-05-16 18:52:00,894,3.8823,3.885,3.885,3.885,3.88,6
2024-05-16 18:53:00,598,3.8816,3.88,3.885,3.885,3.88,11
2024-05-16 18:54:00,1101,3.8836,3.885,3.88,3.885,3.88,14
2024-05-16 18:55:00,1333,3.8828,3.88,3.89,3.89,3.88,17
2024-05-16 18:56:00,546,3.8826,3.88,3.88,3.885,3.88,8
2024-05-16 18:57:00,1668,3.8819,3.88,3.88,3.885,3.88,12
2024-05-16 18:58:00,1274,3.8823,3.88,3.885,3.885,3.88,15
2024-05-16 18:59:00,1123,3.8822,3.88,3.88,3.885,3.88,15
2024-05-16 19:00:00,1863,3.8841,3.885,3.885,3.885,3.88,14
2024-05-16 19:01:00,1687,3.8837,3.885,3.88,3.885,3.88,18
2024-05-16 19:02:00,772,3.8826,3.885,3.88,3.885,3.88,11
2024-05-16 19:03:00,435,3.8814,3.885,3.88,3.885,3.88,7
2024-05-16 19:04:00,13684,3.8802,3.88,3.88,3.89,3.88,83
2024-05-16 19:05:00,2294,3.8826,3.885,3.88,3.885,3.88,14
2024-05-16 19:06:00,1123,3.88,3.88,3.88,3.88,3.88,20
2024-05-16 19:07:00,47034,3.8802,3.88,3.885,3.885,3.875,134
2024-05-16 19:08:00,745,3.8841,3.885,3.885,3.885,3.885,9
2024-05-16 19:09:00,451,3.8851,3.885,3.885,3.885,3.885,6
2024-05-16 19:11:00,618,3.8805,3.88,3.88,3.88,3.88,13
2024-05-16 19:12:00,653,3.8808,3.88,3.88,3.8801,3.88,14
2024-05-16 19:13:00,4071,3.8875,3.89,3.885,3.89,3.885,40
2024-05-16 19:14:00,940,3.8849,3.885,3.885,3.885,3.885,10
2024-05-16 19:15:00,543,3.8839,3.885,3.885,3.885,3.88,8
2024-05-16 19:16:00,170,3.8844,3.885,3.885,3.885,3.885,4
2024-05-16 19:17:00,3195,3.886,3.885,3.885,3.89,3.885,25
2024-05-16 19:18:00,1966,3.8859,3.885,3.885,3.885,3.885,15
2024-05-16 19:19:00,20988,3.89,3.885,3.9,3.9,3.885,100
2024-05-16 19:20:00,1781,3.8944,3.895,3.8938,3.9,3.8938,12
2024-05-16 19:21:00,3123,3.8957,3.895,3.9,3.9,3.895,15
2024-05-16 19:22:00,3866,3.8968,3.895,3.9,3.9,3.895,45
2024-05-16 19:23:00,95096,3.9081,3.9,3.905,3.915,3.9,162
2024-05-16 19:24:00,4159,3.9049,3.905,3.9029,3.91,3.9029,27
2024-05-16 19:25:00,1761,3.9064,3.9,3.905,3.91,3.9,17
2024-05-16 19:26:00,1828,3.9084,3.91,3.91,3.91,3.905,18
2024-05-16 19:27:00,3293,3.9057,3.91,3.905,3.91,3.9014,24
2024-05-16 19:28:00,19013,3.9096,3.91,3.91,3.915,3.91,89
2024-05-16 19:29:00,28943,3.9082,3.915,3.91,3.915,3.9,129
2024-05-16 19:30:00,21230,3.9095,3.905,3.91,3.92,3.905,93
2024-05-16 19:31:00,14623,3.9102,3.92,3.91,3.92,3.905,85
2024-05-16 19:32:00,5510,3.9067,3.9021,3.91,3.91,3.9021,34
2024-05-16 19:33:00,1672,3.9063,3.91,3.905,3.91,3.905,23
2024-05-16 19:34:00,18604,3.9093,3.905,3.91,3.91,3.905,56
2024-05-16 19:35:00,29536,3.9107,3.91,3.915,3.915,3.905,98
2024-05-16 19:36:00,4792,3.9186,3.915,3.915,3.92,3.915,38
2024-05-16 19:37:00,22523,3.9165,3.9115,3.92,3.92,3.9115,53
2024-05-16 19:38:00,1687,3.9111,3.9114,3.9114,3.9114,3.9114,9
2024-05-16 19:39:00,25380,3.9186,3.915,3.92,3.92,3.915,60
2024-05-16 19:40:00,8817,3.9166,3.915,3.92,3.92,3.915,43
2024-05-16 19:41:00,21740,3.9194,3.92,3.92,3.92,3.9116,110
2024-05-16 19:42:00,9877,3.9194,3.92,3.915,3.92,3.915,25
2024-05-16 19:43:00,11661,3.9192,3.915,3.92,3.92,3.915,68
2024-05-16 19:44:00,4160,3.9182,3.92,3.92,3.92,3.9101,45
2024-05-16 19:45:00,7365,3.9181,3.92,3.92,3.92,3.915,65
2024-05-16 19:46:00,51866,3.9195,3.92,3.92,3.92,3.9125,124
2024-05-16 19:47:00,115703,3.9182,3.92,3.915,3.93,3.91,337
2024-05-16 19:48:00,24862,3.9162,3.915,3.915,3.92,3.9107,44
2024-05-16 19:49:00,80313,3.9056,3.915,3.9,3.915,3.89,244
2024-05-16 19:50:00,11548,3.8992,3.9,3.9,3.9,3.895,98
2024-05-16 19:51:00,57805,3.8999,3.9,3.9,3.905,3.895,215
2024-05-16 19:52:00,1676,3.8993,3.9,3.9,3.9,3.895,20
2024-05-16 19:53:00,20159,3.8968,3.9,3.9,3.9,3.89,93
2024-05-16 19:54:00,53086,3.8943,3.8925,3.895,3.9,3.89,268
2024-05-16 19:55:00,33878,3.8966,3.895,3.895,3.9,3.89,251
2024-05-16 19:56:00,51320,3.8979,3.895,3.895,3.9,3.89,296
2024-05-16 19:57:00,59506,3.8964,3.895,3.9,3.9,3.89,422
2024-05-16 19:58:00,89665,3.8952,3.9,3.895,3.9,3.89,531
2024-05-16 19:59:00,443893,3.8991,3.895,3.9,3.905,3.89,1387
2024-05-16 20:00:00,89328,3.9,3.9,3.9,3.9,3.9,5
2024-05-16 20:16:00,203,3.9,3.9,3.9,3.9,3.9,3
2024-05-16 20:22:00,200,3.8999,3.9,3.8997,3.9,3.8997,2
2024-05-16 20:23:00,100,3.9,3.9,3.9,3.9,3.9,1
2024-05-16 20:33:00,220,3.9195,3.9195,3.9195,3.9195,3.9195,1
2024-05-16 20:50:00,1500,3.89,3.89,3.89,3.89,3.89,1
2024-05-16 20:52:00,2000,3.89,3.89,3.89,3.89,3.89,2
2024-05-16 21:02:00,2674,3.8902,3.8902,3.8902,3.8902,3.8902,1
2024-05-16 21:06:00,1000,3.9,3.9,3.9,3.9,3.9,1
2024-05-16 21:13:00,4000,3.9099,3.9099,3.9099,3.9099,3.9099,1
2024-05-16 22:58:00,761,3.8958,3.9,3.9,3.9,3.9,4
2024-05-16 23:02:00,900,3.85,3.85,3.85,3.85,3.85,1
2024-05-16 23:24:00,260,3.9081,3.91,3.91,3.91,3.91,2
2024-05-16 23:31:00,100,3.91,3.91,3.91,3.91,3.91,1
2024-05-17 09:24:00,129,3.9,3.9,3.9,3.9,3.9,1
2024-05-17 10:29:00,100,3.9,3.9,3.9,3.9,3.9,1
2024-05-17 12:00:00,962,3.8661,3.86,3.8514,3.9,3.8514,16
2024-05-17 12:01:00,300,3.8967,3.9,3.9,3.9,3.9,7
2024-05-17 12:03:00,656,3.8954,3.9,3.87,3.9,3.87,2
2024-05-17 12:06:00,455,3.8007,3.8,3.8,3.8,3.8,5
2024-05-17 12:07:00,433,3.8962,3.9,3.9,3.9,3.9,5
2024-05-17 12:48:00,1236,3.9,3.9,3.9,3.9,3.9,14
2024-05-17 13:01:00,100,3.9,3.9,3.9,3.9,3.9,1
2024-05-17 13:10:00,500,3.9,3.9,3.9,3.9,3.9,3
2024-05-17 13:12:00,400,3.9,3.9,3.9,3.9,3.9,1
2024-05-17 13:23:00,100,3.91,3.91,3.91,3.91,3.91,1
2024-05-17 13:24:00,369,3.9027,3.9,3.91,3.91,3.9,2
2024-05-17 13:25:00,1806,3.9,3.9,3.9,3.9,3.9,8
2024-05-17 13:30:00,207668,3.9176,3.91,3.96,3.98,3.91,99
2024-05-17 13:31:00,22210,3.9357,3.955,3.91,3.96,3.91,60
2024-05-17 13:32:00,28066,3.911,3.91,3.91,3.92,3.91,132
2024-05-17 13:33:00,2631,3.8907,3.9,3.895,3.9,3.89,6
2024-05-17 13:34:00,1498,3.8831,3.89,3.88,3.89,3.88,9
2024-05-17 13:35:00,15008,3.8822,3.885,3.885,3.885,3.88,9
2024-05-17 13:36:00,38320,3.8633,3.885,3.855,3.885,3.85,119
2024-05-17 13:37:00,12444,3.8665,3.86,3.88,3.88,3.86,38
2024-05-17 13:38:00,705,3.8756,3.875,3.875,3.88,3.875,10
2024-05-17 13:39:00,14100,3.8738,3.87,3.855,3.88,3.855,59
2024-05-17 13:40:00,1470,3.8607,3.855,3.865,3.865,3.855,15
2024-05-17 13:41:00,5857,3.8598,3.86,3.86,3.86,3.855,27
2024-05-17 13:42:00,10390,3.8848,3.87,3.895,3.895,3.865,40
2024-05-17 13:43:00,2063,3.8877,3.89,3.885,3.89,3.88,21
2024-05-17 13:44:00,667,3.8858,3.8849,3.885,3.89,3.8849,10
2024-05-17 13:45:00,1539,3.8872,3.885,3.88,3.8899,3.88,11
2024-05-17 13:46:00,138436,3.8798,3.88,3.87,3.885,3.865,71
2024-05-17 13:47:00,20131,3.868,3.86,3.865,3.87,3.86,20
2024-05-17 13:48:00,11393,3.8565,3.87,3.845,3.87,3.84,56
2024-05-17 13:49:00,8574,3.85,3.845,3.85,3.85,3.845,57
2024-05-17 13:50:00,1502,3.8461,3.84,3.85,3.85,3.84,5
2024-05-17 13:51:00,4051,3.8475,3.8499,3.845,3.85,3.845,11
2024-05-17 13:52:00,10317,3.8415,3.84,3.85,3.85,3.84,10
2024-05-17 13:53:00,713,3.845,3.845,3.84,3.85,3.84,8
2024-05-17 13:54:00,171180,3.8499,3.85,3.845,3.85,3.84,160
2024-05-17 13:55:00,17497,3.8346,3.845,3.83,3.845,3.83,82
2024-05-17 13:56:00,330,3.8341,3.835,3.83,3.835,3.83,9
2024-05-17 13:57:00,11436,3.8375,3.835,3.84,3.84,3.83,34
2024-05-17 13:58:00,251,3.8395,3.84,3.84,3.84,3.84,8
2024-05-17 13:59:00,4780,3.8395,3.84,3.84,3.84,3.835,39
2024-05-17 14:00:00,3356,3.8415,3.84,3.845,3.85,3.84,38
2024-05-17 14:01:00,7639,3.8465,3.85,3.84,3.85,3.84,62
2024-05-17 14:02:00,850,3.8397,3.84,3.84,3.84,3.84,11
2024-05-17 14:03:00,932,3.8395,3.84,3.84,3.84,3.84,14
2024-05-17 14:04:00,468,3.8362,3.84,3.835,3.84,3.835,8
2024-05-17 14:05:00,641,3.835,3.835,3.835,3.835,3.83,10
2024-05-17 14:06:00,30071,3.828,3.83,3.835,3.835,3.825,93
2024-05-17 14:07:00,337,3.8345,3.835,3.835,3.835,3.835,7
2024-05-17 14:08:00,13423,3.8299,3.83,3.8292,3.83,3.8292,41
2024-05-17 14:09:00,6063,3.8211,3.83,3.825,3.83,3.82,14
2024-05-17 14:10:00,612,3.8268,3.83,3.825,3.83,3.825,11
2024-05-17 14:11:00,492,3.8247,3.825,3.825,3.825,3.825,7
2024-05-17 14:12:00,10467,3.8212,3.8208,3.825,3.825,3.82,14
2024-05-17 14:13:00,1812,3.8218,3.82,3.825,3.825,3.82,26
2024-05-17 14:14:00,63297,3.8021,3.83,3.79,3.83,3.79,137
2024-05-17 14:15:00,4053,3.7952,3.791,3.795,3.8,3.791,53
2024-05-17 14:16:00,36558,3.7877,3.795,3.78,3.795,3.78,148
2024-05-17 14:17:00,25363,3.7822,3.78,3.785,3.7899,3.78,60
2024-05-17 14:18:00,17119,3.7802,3.785,3.78,3.785,3.78,22
2024-05-17 14:19:00,21579,3.7877,3.785,3.785,3.79,3.785,99
2024-05-17 14:20:00,55956,3.7919,3.78,3.8,3.805,3.78,222
2024-05-17 14:21:00,6708,3.793,3.8052,3.7801,3.8099,3.78,46
2024-05-17 14:22:00,31772,3.7892,3.785,3.785,3.79,3.785,142
2024-05-17 14:23:00,7269,3.7925,3.79,3.8,3.8,3.79,57
2024-05-17 14:24:00,688,3.7971,3.8,3.7999,3.8,3.7999,8
2024-05-17 14:25:00,120,3.795,3.795,3.795,3.795,3.795,6
2024-05-17 14:26:00,805,3.7966,3.795,3.7971,3.8,3.795,12
2024-05-17 14:28:00,889,3.7925,3.795,3.795,3.795,3.7901,22
2024-05-17 14:29:00,1050,3.7963,3.8,3.795,3.8,3.795,24
2024-05-17 14:30:00,43938,3.7896,3.795,3.785,3.795,3.78,163
2024-05-17 14:31:00,1565,3.7847,3.785,3.785,3.785,3.78,24
2024-05-17 14:32:00,6072,3.7859,3.785,3.79,3.79,3.785,55
2024-05-17 14:33:00,3076,3.7848,3.785,3.785,3.785,3.78,44
2024-05-17 14:34:00,1654,3.7854,3.785,3.785,3.785,3.785,24
2024-05-17 14:35:00,13791,3.7884,3.78,3.7885,3.79,3.78,66
2024-05-17 14:36:00,11399,3.792,3.79,3.795,3.795,3.79,84
2024-05-17 14:37:00,19398,3.7914,3.795,3.785,3.795,3.785,75
2024-05-17 14:38:00,10427,3.7808,3.7899,3.78,3.7899,3.78,34
2024-05-17 14:39:00,41413,3.7721,3.78,3.77,3.78,3.76,189
2024-05-17 14:40:00,4219,3.7718,3.77,3.775,3.775,3.77,32
2024-05-17 14:41:00,832,3.7717,3.77,3.775,3.775,3.77,14
2024-05-17 14:42:00,8072,3.7742,3.77,3.775,3.78,3.77,69
2024-05-17 14:43:00,17900,3.7729,3.77,3.78,3.78,3.77,53
2024-05-17 14:44:00,30743,3.7863,3.775,3.785,3.79,3.775,95
2024-05-17 14:45:00,1611,3.7847,3.785,3.7851,3.7851,3.785,10
2024-05-17 14:46:00,5440,3.7855,3.78,3.785,3.79,3.78,38
2024-05-17 14:47:00,2125,3.7855,3.79,3.785,3.79,3.785,24
2024-05-17 14:48:00,36875,3.7914,3.785,3.795,3.7999,3.785,122
2024-05-17 14:49:00,35842,3.7896,3.79,3.785,3.79,3.785,93
2024-05-17 14:50:00,3046,3.7848,3.785,3.785,3.785,3.7817,19
2024-05-17 14:51:00,3101,3.7833,3.785,3.7811,3.785,3.7811,9
2024-05-17 14:52:00,15887,3.7776,3.78,3.77,3.78,3.77,93
2024-05-17 14:53:00,2133,3.7741,3.77,3.775,3.775,3.77,23
2024-05-17 14:54:00,1700,3.7748,3.775,3.77,3.7788,3.77,13
2024-05-17 14:55:00,409,3.773,3.77,3.775,3.775,3.77,12
2024-05-17 14:56:00,1002,3.7732,3.77,3.7748,3.775,3.77,32
2024-05-17 14:57:00,769,3.7726,3.77,3.77,3.77,3.77,27
2024-05-17 14:58:00,1639,3.7707,3.77,3.77,3.77,3.77,21
2024-05-17 14:59:00,443,3.7724,3.775,3.77,3.775,3.77,20
2024-05-17 15:00:00,4076,3.7711,3.775,3.775,3.775,3.7701,21
2024-05-17 15:01:00,227,3.77,3.77,3.77,3.77,3.77,15
2024-05-17 15:02:00,53816,3.7689,3.775,3.7677,3.775,3.765,245
2024-05-17 15:03:00,33277,3.7684,3.765,3.765,3.77,3.765,98
2024-05-17 15:04:00,4454,3.764,3.7688,3.762,3.7688,3.76,29
2024-05-17 15:05:00,5326,3.7683,3.7685,3.765,3.77,3.765,29
2024-05-17 15:06:00,1502,3.7662,3.7665,3.765,3.7665,3.765,9
2024-05-17 15:07:00,13158,3.7607,3.765,3.7601,3.765,3.7601,13
2024-05-17 15:08:00,29720,3.7589,3.76,3.755,3.76,3.75,132
2024-05-17 15:09:00,49852,3.7502,3.755,3.745,3.755,3.745,129
2024-05-17 15:10:00,6566,3.7434,3.745,3.745,3.745,3.74,11
2024-05-17 15:12:00,7668,3.746,3.745,3.75,3.75,3.745,22
2024-05-17 15:13:00,18762,3.7492,3.745,3.755,3.755,3.745,66
2024-05-17 15:14:00,2606,3.7548,3.755,3.76,3.76,3.75,18
2024-05-17 15:15:00,3034,3.7558,3.755,3.7549,3.7599,3.7549,17
2024-05-17 15:16:00,6243,3.7563,3.76,3.76,3.76,3.755,33
2024-05-17 15:18:00,5846,3.7592,3.755,3.76,3.76,3.75,21
2024-05-17 15:19:00,26778,3.7597,3.755,3.765,3.765,3.755,93
2024-05-17 15:20:00,10280,3.7602,3.765,3.755,3.7699,3.755,52
2024-05-17 15:22:00,203,3.7566,3.7566,3.7566,3.7566,3.7566,3
2024-05-17 15:24:00,13614,3.7498,3.75,3.7449,3.75,3.7449,62
2024-05-17 15:25:00,1510,3.7426,3.745,3.74,3.745,3.74,24
2024-05-17 15:26:00,342,3.7401,3.74,3.74,3.74,3.74,7
2024-05-17 15:27:00,14453,3.7409,3.745,3.74,3.745,3.74,43
2024-05-17 15:28:00,64299,3.7517,3.7451,3.77,3.77,3.745,223
2024-05-17 15:29:00,12216,3.7689,3.76,3.765,3.77,3.76,24
2024-05-17 15:30:00,1195,3.7662,3.77,3.765,3.77,3.765,12
2024-05-17 15:31:00,36710,3.7686,3.765,3.765,3.77,3.76,149
2024-05-17 15:32:00,7637,3.7639,3.765,3.765,3.765,3.76,24
2024-05-17 15:33:00,3602,3.7695,3.77,3.77,3.77,3.76,10
2024-05-17 15:34:00,13709,3.7603,3.765,3.7525,3.7661,3.7525,66
2024-05-17 15:35:00,698,3.7532,3.755,3.76,3.76,3.7501,14
2024-05-17 15:37:00,5405,3.7516,3.755,3.7588,3.7588,3.7512,15
2024-05-17 15:38:00,5603,3.7556,3.7571,3.755,3.7571,3.755,38
2024-05-17 15:39:00,221,3.7525,3.755,3.7501,3.755,3.7501,11
2024-05-17 15:40:00,1230,3.7524,3.755,3.75,3.755,3.75,20
2024-05-17 15:41:00,94156,3.7508,3.75,3.755,3.76,3.74,293
2024-05-17 15:42:00,50134,3.76,3.75,3.7599,3.765,3.75,160
2024-05-17 15:43:00,2658,3.7548,3.755,3.755,3.76,3.75,21
2024-05-17 15:44:00,9682,3.758,3.755,3.755,3.76,3.755,47
2024-05-17 15:45:00,6447,3.7575,3.76,3.76,3.76,3.755,53
2024-05-17 15:46:00,1555,3.7574,3.755,3.76,3.76,3.755,12
2024-05-17 15:47:00,3128,3.7559,3.76,3.755,3.76,3.755,33
2024-05-17 15:48:00,4434,3.7559,3.7598,3.755,3.76,3.755,34
2024-05-17 15:49:00,2471,3.7539,3.755,3.7512,3.755,3.7512,36
2024-05-17 15:50:00,4449,3.757,3.755,3.755,3.76,3.755,46
2024-05-17 15:51:00,1122,3.7598,3.76,3.76,3.76,3.76,23
2024-05-17 15:52:00,2417,3.7555,3.755,3.755,3.76,3.755,76
2024-05-17 15:53:00,2026,3.7553,3.76,3.755,3.76,3.75,24
2024-05-17 15:54:00,12291,3.7576,3.7591,3.7599,3.76,3.75,100
2024-05-17 15:55:00,1291,3.7554,3.76,3.76,3.76,3.75,34
2024-05-17 15:56:00,2268,3.7565,3.755,3.76,3.76,3.755,39
2024-05-17 15:57:00,3004,3.7561,3.755,3.755,3.76,3.755,44
2024-05-17 15:58:00,2913,3.7566,3.76,3.76,3.76,3.755,45
2024-05-17 15:59:00,865,3.7575,3.76,3.76,3.76,3.755,20
2024-05-17 16:00:00,32772,3.7623,3.755,3.765,3.77,3.755,209
2024-05-17 16:01:00,1728,3.7653,3.77,3.765,3.77,3.765,17
2024-05-17 16:02:00,407,3.7663,3.765,3.765,3.77,3.765,6
2024-05-17 16:03:00,2594,3.7651,3.765,3.765,3.765,3.765,26
2024-05-17 16:04:00,6389,3.7676,3.7699,3.765,3.77,3.765,39
2024-05-17 16:05:00,821,3.765,3.765,3.765,3.765,3.765,10
2024-05-17 16:06:00,2845,3.7666,3.765,3.77,3.77,3.765,37
2024-05-17 16:07:00,4852,3.7651,3.7663,3.765,3.7663,3.765,36
2024-05-17 16:08:00,4451,3.7641,3.764,3.765,3.765,3.76,30
2024-05-17 16:09:00,1603,3.7672,3.7696,3.77,3.77,3.7696,22
2024-05-17 16:11:00,12545,3.773,3.765,3.78,3.78,3.765,91
2024-05-17 16:12:00,15635,3.7784,3.775,3.785,3.785,3.775,73
2024-05-17 16:13:00,1223,3.785,3.785,3.785,3.785,3.785,12
2024-05-17 16:14:00,4609,3.7852,3.785,3.79,3.79,3.785,27
2024-05-17 16:15:00,6594,3.785,3.785,3.785,3.785,3.7813,48
2024-05-17 16:16:00,1255,3.7854,3.785,3.79,3.79,3.785,14
2024-05-17 16:17:00,5785,3.7876,3.79,3.785,3.79,3.785,55
2024-05-17 16:18:00,441,3.7898,3.79,3.79,3.79,3.79,16
2024-05-17 16:19:00,3570,3.7871,3.785,3.785,3.79,3.785,46
2024-05-17 16:20:00,63535,3.789,3.785,3.785,3.795,3.78,266
2024-05-17 16:21:00,6500,3.7825,3.79,3.79,3.79,3.78,18
2024-05-17 16:22:00,1956,3.7884,3.7886,3.79,3.79,3.785,10
2024-05-17 16:23:00,102,3.785,3.785,3.785,3.785,3.785,3
2024-05-17 16:24:00,1123,3.7862,3.785,3.785,3.79,3.785,15
2024-05-17 16:26:00,3035,3.7895,3.785,3.79,3.79,3.785,39
2024-05-17 16:27:00,940,3.7887,3.785,3.79,3.79,3.785,16
2024-05-17 16:28:00,14488,3.7902,3.79,3.8,3.8,3.79,76
2024-05-17 16:29:00,915,3.8,3.8,3.8,3.8,3.8,9
2024-05-17 16:30:00,4972,3.7999,3.7999,3.8,3.8,3.7999,10
2024-05-17 16:31:00,6365,3.7946,3.8,3.8,3.8,3.79,40
2024-05-17 16:32:00,12696,3.7999,3.8,3.8021,3.8021,3.7901,84
2024-05-17 16:33:00,40083,3.8106,3.8099,3.815,3.815,3.805,111
2024-05-17 16:34:00,6509,3.8137,3.815,3.815,3.82,3.81,71
2024-05-17 16:35:00,2926,3.8133,3.8103,3.815,3.815,3.8103,27
2024-05-17 16:36:00,16689,3.8091,3.815,3.805,3.815,3.8,125
2024-05-17 16:38:00,666,3.8099,3.81,3.81,3.81,3.81,9
2024-05-17 16:40:00,24677,3.8004,3.8001,3.805,3.81,3.8001,29
2024-05-17 16:41:00,227,3.8051,3.805,3.805,3.805,3.805,9
2024-05-17 16:42:00,5102,3.805,3.805,3.805,3.805,3.805,14
2024-05-17 16:43:00,17998,3.8049,3.805,3.805,3.81,3.8,112
2024-05-17 16:44:00,919,3.8067,3.805,3.81,3.81,3.805,14
2024-05-17 16:45:00,1623,3.8067,3.805,3.81,3.81,3.805,21
2024-05-17 16:46:00,877,3.8063,3.805,3.805,3.81,3.805,20
2024-05-17 16:47:00,1989,3.8058,3.805,3.805,3.81,3.805,29
2024-05-17 16:48:00,1183,3.8059,3.805,3.805,3.81,3.805,16
2024-05-17 16:49:00,3060,3.8076,3.81,3.805,3.81,3.805,33
2024-05-17 16:50:00,6516,3.8102,3.805,3.815,3.815,3.805,68
2024-05-17 16:51:00,2612,3.8172,3.815,3.82,3.82,3.815,31
2024-05-17 16:52:00,74920,3.8095,3.82,3.81,3.82,3.8,268
2024-05-17 16:53:00,310,3.8079,3.805,3.805,3.805,3.805,5
2024-05-17 16:55:00,10780,3.8101,3.81,3.815,3.815,3.81,86
2024-05-17 16:56:00,2156,3.8132,3.8113,3.815,3.815,3.8113,12
2024-05-17 16:57:00,927,3.8127,3.815,3.815,3.815,3.815,13
2024-05-17 16:58:00,2041,3.8145,3.815,3.815,3.815,3.81,21
2024-05-17 16:59:00,3443,3.8162,3.815,3.82,3.82,3.815,38
2024-05-17 17:00:00,1172,3.8171,3.815,3.82,3.82,3.815,12
2024-05-17 17:01:00,2739,3.8151,3.815,3.815,3.815,3.815,29
2024-05-17 17:02:00,2447,3.8129,3.815,3.815,3.815,3.8101,21
2024-05-17 17:03:00,37637,3.8076,3.815,3.82,3.82,3.8,190
2024-05-17 17:04:00,2279,3.8162,3.815,3.815,3.82,3.815,25
2024-05-17 17:05:00,128,3.8153,3.815,3.815,3.815,3.815,9
2024-05-17 17:06:00,1585,3.8155,3.815,3.815,3.82,3.815,25
2024-05-17 17:07:00,1762,3.8155,3.815,3.82,3.82,3.815,24
2024-05-17 17:08:00,9383,3.8206,3.8166,3.825,3.825,3.8166,94
2024-05-17 17:09:00,1853,3.8206,3.825,3.825,3.825,3.825,16
2024-05-17 17:10:00,405,3.8287,3.83,3.825,3.83,3.825,8
2024-05-17 17:11:00,5159,3.8219,3.825,3.825,3.83,3.8201,27
2024-05-17 17:12:00,15047,3.8205,3.82,3.82,3.825,3.815,91
2024-05-17 17:13:00,2706,3.8159,3.82,3.815,3.82,3.815,26
2024-05-17 17:14:00,4316,3.8181,3.815,3.82,3.82,3.815,26
2024-05-17 17:15:00,9600,3.822,3.82,3.825,3.825,3.82,68
2024-05-17 17:16:00,1666,3.8235,3.825,3.825,3.825,3.82,22
2024-05-17 17:17:00,1400,3.8227,3.825,3.82,3.825,3.82,14
2024-05-17 17:18:00,4910,3.8243,3.82,3.825,3.825,3.82,33
2024-05-17 17:19:00,4039,3.8268,3.83,3.83,3.83,3.825,36
2024-05-17 17:21:00,1316,3.8244,3.825,3.825,3.825,3.825,19
2024-05-17 17:22:00,6094,3.8229,3.825,3.825,3.825,3.82,59
2024-05-17 17:23:00,307,3.825,3.825,3.825,3.825,3.825,9
2024-05-17 17:24:00,3823,3.8256,3.825,3.825,3.83,3.825,49
2024-05-17 17:25:00,1577,3.825,3.825,3.825,3.825,3.825,27
2024-05-17 17:26:00,2464,3.8256,3.825,3.83,3.83,3.825,40
2024-05-17 17:27:00,3252,3.8252,3.825,3.825,3.8299,3.825,44
2024-05-17 17:28:00,458,3.8257,3.825,3.825,3.83,3.825,14
2024-05-17 17:29:00,5693,3.8256,3.825,3.825,3.83,3.825,71
2024-05-17 17:30:00,824,3.8249,3.825,3.825,3.825,3.825,20
2024-05-17 17:31:00,2138,3.8252,3.825,3.825,3.83,3.825,39
2024-05-17 17:32:00,3232,3.8252,3.825,3.825,3.83,3.825,36
2024-05-17 17:33:00,34301,3.8167,3.825,3.815,3.825,3.81,191
2024-05-17 17:34:00,1208,3.8156,3.815,3.815,3.815,3.815,13
2024-05-17 17:35:00,62139,3.8153,3.815,3.83,3.83,3.81,313
2024-05-17 17:36:00,2009,3.8286,3.83,3.83,3.83,3.83,16
2024-05-17 17:37:00,467,3.8246,3.8201,3.83,3.83,3.8201,9
2024-05-17 17:38:00,661,3.829,3.829,3.829,3.829,3.829,7
2024-05-17 17:39:00,2551,3.825,3.83,3.825,3.83,3.82,22
2024-05-17 17:40:00,1684,3.822,3.8211,3.825,3.825,3.8211,10
2024-05-17 17:41:00,4037,3.824,3.825,3.825,3.825,3.8201,20
2024-05-17 17:42:00,306,3.825,3.825,3.825,3.825,3.825,10
2024-05-17 17:43:00,1358,3.8226,3.825,3.825,3.825,3.825,20
2024-05-17 17:44:00,1762,3.825,3.825,3.825,3.825,3.825,27
2024-05-17 17:45:00,935,3.8251,3.825,3.825,3.825,3.825,20
2024-05-17 17:46:00,1259,3.8254,3.825,3.83,3.83,3.825,25
2024-05-17 17:47:00,1580,3.8273,3.825,3.8225,3.83,3.8225,22
2024-05-17 17:48:00,985,3.8251,3.825,3.825,3.825,3.8225,19
2024-05-17 17:49:00,2043,3.8253,3.825,3.825,3.825,3.8225,28
2024-05-17 17:50:00,2988,3.8269,3.825,3.825,3.83,3.825,39
2024-05-17 17:51:00,1995,3.8277,3.825,3.825,3.83,3.8213,24
2024-05-17 17:52:00,2744,3.8291,3.83,3.8225,3.83,3.8225,27
2024-05-17 17:53:00,1999,3.8269,3.825,3.83,3.83,3.825,35
2024-05-17 17:54:00,3099,3.8266,3.8225,3.825,3.83,3.8225,25
2024-05-17 17:55:00,2500,3.8249,3.825,3.825,3.825,3.8225,32
2024-05-17 17:56:00,2161,3.8247,3.825,3.825,3.825,3.8225,34
2024-05-17 17:57:00,613,3.8252,3.825,3.825,3.825,3.825,15
2024-05-17 17:58:00,6666,3.8249,3.825,3.825,3.83,3.8214,46
2024-05-17 17:59:00,2290,3.8249,3.825,3.82,3.83,3.82,30
2024-05-17 18:00:00,28453,3.8166,3.8221,3.815,3.825,3.81,141
2024-05-17 18:01:00,8945,3.8172,3.81,3.815,3.8197,3.81,48
2024-05-17 18:02:00,1077,3.8138,3.81,3.815,3.815,3.81,20
2024-05-17 18:03:00,3091,3.8145,3.815,3.81,3.815,3.81,37
2024-05-17 18:04:00,107771,3.8092,3.81,3.81,3.82,3.8,289
2024-05-17 18:05:00,11458,3.8057,3.805,3.805,3.81,3.8025,36
2024-05-17 18:06:00,1440,3.8081,3.805,3.8025,3.81,3.8025,14
2024-05-17 18:07:00,2225,3.8055,3.81,3.805,3.81,3.8025,17
2024-05-17 18:08:00,671,3.8071,3.8025,3.81,3.81,3.8025,17
2024-05-17 18:09:00,805,3.8057,3.8003,3.8025,3.81,3.8003,15
2024-05-17 18:10:00,32794,3.8049,3.805,3.8025,3.81,3.8,50
2024-05-17 18:11:00,2441,3.8079,3.805,3.805,3.81,3.805,26
2024-05-17 18:12:00,3616,3.8071,3.81,3.81,3.81,3.8025,41
2024-05-17 18:13:00,31422,3.8096,3.8025,3.81,3.81,3.8025,71
2024-05-17 18:14:00,4119,3.8096,3.81,3.805,3.81,3.805,44
2024-05-17 18:15:00,3213,3.8072,3.81,3.805,3.81,3.805,20
2024-05-17 18:16:00,1145,3.8095,3.81,3.81,3.81,3.81,14
2024-05-17 18:17:00,32006,3.8141,3.81,3.83,3.83,3.81,179
2024-05-17 18:19:00,7450,3.8233,3.825,3.825,3.8283,3.82,57
2024-05-17 18:20:00,4167,3.8217,3.825,3.82,3.825,3.82,36
2024-05-17 18:21:00,8372,3.8199,3.82,3.82,3.82,3.815,47
2024-05-17 18:22:00,502,3.818,3.82,3.815,3.82,3.815,6
2024-05-17 18:23:00,1288,3.815,3.815,3.815,3.815,3.815,13
2024-05-17 18:24:00,268,3.8154,3.815,3.815,3.815,3.815,6
2024-05-17 18:26:00,22552,3.815,3.815,3.815,3.815,3.815,21
2024-05-17 18:27:00,61180,3.8119,3.815,3.815,3.82,3.81,119
2024-05-17 18:28:00,3240,3.8154,3.815,3.815,3.82,3.815,24
2024-05-17 18:29:00,229,3.8134,3.815,3.815,3.815,3.815,12
2024-05-17 18:30:00,1977,3.815,3.815,3.815,3.815,3.815,14
2024-05-17 18:31:00,2500,3.8144,3.815,3.815,3.815,3.81,31
2024-05-17 18:32:00,795,3.815,3.815,3.815,3.815,3.815,16
2024-05-17 18:33:00,8099,3.8118,3.815,3.815,3.815,3.81,30
2024-05-17 18:34:00,41899,3.8106,3.8101,3.815,3.815,3.81,183
2024-05-17 18:35:00,4559,3.8138,3.815,3.81,3.815,3.81,48
2024-05-17 18:36:00,24301,3.8119,3.81,3.815,3.815,3.81,89
2024-05-17 18:37:00,112074,3.8102,3.81,3.815,3.82,3.805,297
2024-05-17 18:38:00,1505,3.815,3.815,3.815,3.815,3.815,8
2024-05-17 18:39:00,2504,3.815,3.815,3.815,3.815,3.815,25
2024-05-17 18:40:00,727,3.8149,3.815,3.815,3.815,3.815,7
2024-05-17 18:41:00,1342,3.815,3.815,3.815,3.815,3.815,17
2024-05-17 18:42:00,2160,3.8139,3.8129,3.81,3.815,3.81,24
2024-05-17 18:43:00,4103,3.8134,3.815,3.81,3.815,3.81,23
2024-05-17 18:44:00,6474,3.8107,3.815,3.81,3.815,3.81,36
2024-05-17 18:45:00,4229,3.8146,3.8185,3.81,3.8185,3.81,30
2024-05-17 18:46:00,4965,3.8133,3.81,3.815,3.815,3.81,46
2024-05-17 18:47:00,3162,3.8144,3.815,3.815,3.815,3.81,42
2024-05-17 18:48:00,1845,3.8131,3.815,3.815,3.815,3.81,21
2024-05-17 18:49:00,4510,3.8136,3.81,3.81,3.815,3.81,39
2024-05-17 18:50:00,4627,3.8138,3.815,3.815,3.815,3.81,48
2024-05-17 18:51:00,1645,3.8134,3.815,3.81,3.815,3.81,23
2024-05-17 18:52:00,179274,3.8194,3.815,3.825,3.835,3.815,312
2024-05-17 18:53:00,2007,3.8209,3.825,3.82,3.825,3.82,18
2024-05-17 18:54:00,13956,3.8202,3.824,3.82,3.824,3.81,79
2024-05-17 18:55:00,47683,3.8199,3.82,3.815,3.82,3.815,136
2024-05-17 18:56:00,2260,3.8151,3.815,3.815,3.815,3.815,21
2024-05-17 18:57:00,1845,3.8129,3.815,3.81,3.815,3.81,21
2024-05-17 18:58:00,2516,3.8126,3.81,3.815,3.815,3.81,22
2024-05-17 18:59:00,2156,3.8142,3.815,3.815,3.815,3.81,30
2024-05-17 19:00:00,2526,3.8107,3.81,3.81,3.815,3.81,12
2024-05-17 19:01:00,5710,3.8121,3.81,3.81,3.815,3.81,36
2024-05-17 19:02:00,136870,3.8089,3.81,3.815,3.815,3.8,446
2024-05-17 19:03:00,14752,3.8127,3.815,3.815,3.82,3.81,100
2024-05-17 19:04:00,29197,3.8116,3.81,3.81,3.8199,3.81,137
2024-05-17 19:05:00,45025,3.8011,3.81,3.8,3.81,3.795,178
2024-05-17 19:06:00,5247,3.7979,3.7917,3.795,3.8,3.7917,37
2024-05-17 19:07:00,7454,3.7979,3.795,3.795,3.8,3.795,49
2024-05-17 19:08:00,2715,3.7957,3.795,3.795,3.795,3.795,25
2024-05-17 19:09:00,8042,3.7958,3.795,3.795,3.8,3.795,59
2024-05-17 19:10:00,10783,3.7967,3.795,3.795,3.8,3.79,73
2024-05-17 19:11:00,4640,3.7956,3.795,3.79,3.8,3.79,55
2024-05-17 19:12:00,4622,3.7949,3.795,3.7925,3.795,3.7925,35
2024-05-17 19:13:00,5719,3.7967,3.795,3.795,3.8,3.795,47
2024-05-17 19:14:00,12551,3.7968,3.7925,3.795,3.8,3.7925,90
2024-05-17 19:15:00,5786,3.7972,3.795,3.795,3.8,3.795,29
2024-05-17 19:16:00,29975,3.7986,3.795,3.795,3.8,3.795,86
2024-05-17 19:17:00,53849,3.803,3.7925,3.815,3.82,3.7925,215
2024-05-17 19:18:00,2751,3.8141,3.815,3.815,3.815,3.8125,27
2024-05-17 19:19:00,2152,3.8143,3.815,3.815,3.815,3.815,26
2024-05-17 19:20:00,5413,3.8144,3.815,3.8125,3.815,3.81,51
2024-05-17 19:21:00,15780,3.8111,3.815,3.815,3.815,3.81,94
2024-05-17 19:22:00,3679,3.8106,3.81,3.81,3.815,3.81,50
2024-05-17 19:23:00,20727,3.8081,3.81,3.805,3.8101,3.8,105
2024-05-17 19:24:00,6284,3.805,3.805,3.805,3.8062,3.8,56
2024-05-17 19:25:00,58736,3.8098,3.805,3.815,3.815,3.8025,249
2024-05-17 19:26:00,4330,3.812,3.81,3.815,3.815,3.81,46
2024-05-17 19:27:00,23004,3.8095,3.81,3.805,3.815,3.8,94
2024-05-17 19:28:00,2066,3.8045,3.8,3.805,3.805,3.8,35
2024-05-17 19:29:00,3003,3.8047,3.8,3.805,3.805,3.8,35
2024-05-17 19:30:00,6407,3.8045,3.805,3.8,3.805,3.8,86
2024-05-17 19:31:00,9089,3.8048,3.805,3.8,3.805,3.8,85
2024-05-17 19:32:00,9807,3.8089,3.805,3.81,3.81,3.8025,105
2024-05-17 19:33:00,142379,3.8011,3.8025,3.8086,3.81,3.8,223
2024-05-17 19:34:00,4700,3.8031,3.805,3.805,3.805,3.8,42
2024-05-17 19:35:00,11230,3.8023,3.805,3.805,3.805,3.8,81
2024-05-17 19:36:00,5701,3.8035,3.805,3.805,3.805,3.8,54
2024-05-17 19:37:00,6905,3.804,3.805,3.805,3.81,3.8,75
2024-05-17 19:38:00,16060,3.8076,3.805,3.81,3.81,3.8,174
2024-05-17 19:39:00,7630,3.8071,3.805,3.81,3.81,3.8,65
2024-05-17 19:40:00,10309,3.809,3.8025,3.81,3.81,3.8025,96
2024-05-17 19:41:00,51818,3.8163,3.805,3.83,3.83,3.8025,202
2024-05-17 19:42:00,22315,3.829,3.825,3.83,3.83,3.8225,111
2024-05-17 19:43:00,6072,3.8284,3.83,3.83,3.83,3.825,50
2024-05-17 19:44:00,9006,3.8275,3.83,3.825,3.83,3.8225,64
2024-05-17 19:45:00,4416,3.8272,3.825,3.83,3.83,3.8225,40
2024-05-17 19:46:00,9218,3.8277,3.83,3.83,3.83,3.8225,77
2024-05-17 19:47:00,16239,3.8284,3.825,3.825,3.83,3.8225,157
2024-05-17 19:48:00,20892,3.8258,3.83,3.825,3.83,3.8213,159
2024-05-17 19:49:00,13839,3.8257,3.825,3.83,3.83,3.8225,138
2024-05-17 19:50:00,141428,3.82,3.82,3.815,3.825,3.81,611
2024-05-17 19:51:00,22118,3.8137,3.815,3.81,3.815,3.81,166
2024-05-17 19:52:00,57228,3.8102,3.815,3.805,3.815,3.8,257
2024-05-17 19:53:00,25297,3.803,3.805,3.805,3.81,3.8,221
2024-05-17 19:54:00,33233,3.8061,3.805,3.805,3.81,3.8,347
2024-05-17 19:55:00,129428,3.8005,3.805,3.805,3.81,3.795,393
2024-05-17 19:56:00,16655,3.8061,3.8001,3.81,3.81,3.8001,179
2024-05-17 19:57:00,25463,3.807,3.81,3.81,3.81,3.8,216
2024-05-17 19:58:00,112669,3.8121,3.81,3.81,3.82,3.805,543
2024-05-17 19:59:00,120427,3.8155,3.815,3.81,3.82,3.81,740
2024-05-17 20:00:00,71644,3.81,3.81,3.81,3.81,3.81,15
2024-05-17 20:35:00,317,3.8268,3.82,3.83,3.83,3.82,2
2024-05-17 20:37:00,417,3.8236,3.82,3.82,3.83,3.82,4
2024-05-17 21:26:00,632,3.8274,3.83,3.83,3.83,3.82,4
2024-05-17 21:32:00,4000,3.83,3.83,3.83,3.83,3.83,1
