t,v,vw,o,c,h,l,n
2023-09-22 12:00:00,134.0,0.6094,0.6094,0.6094,0.6094,0.6094,4
2023-09-22 13:07:00,198.0,0.6095,0.6095,0.6095,0.6095,0.6095,1
2023-09-22 13:11:00,802.0,0.62,0.62,0.62,0.62,0.62,1
2023-09-22 13:30:00,2141.0,0.6125,0.6125,0.6125,0.6125,0.6125,4
2023-09-22 13:34:00,100.0,0.615,0.615,0.615,0.615,0.615,1
2023-09-22 13:35:00,6000.0,0.6232,0.6232,0.6232,0.6232,0.6232,1
2023-09-22 13:36:00,300.0,0.6183,0.615,0.6199,0.6199,0.615,3
2023-09-22 13:37:00,1626.0,0.615,0.615,0.615,0.615,0.615,6
2023-09-22 13:38:00,192.0,0.6211,0.6199,0.6199,0.6199,0.6199,2
2023-09-22 13:39:00,4278.0,0.6245,0.6199,0.6248,0.6248,0.615,6
2023-09-22 13:40:00,503.0,0.6206,0.6199,0.615,0.6199,0.615,7
2023-09-22 13:41:00,100.0,0.6199,0.6199,0.6199,0.6199,0.6199,1
2023-09-22 13:42:00,100.0,0.615,0.615,0.615,0.615,0.615,1
2023-09-22 13:43:00,194.0,0.6197,0.615,0.615,0.615,0.615,2
2023-09-22 13:44:00,120.0,0.6166,0.615,0.615,0.615,0.615,2
2023-09-22 13:46:00,100.0,0.615,0.615,0.615,0.615,0.615,1
2023-09-22 13:47:00,3663.0,0.6153,0.615,0.615,0.6175,0.615,8
2023-09-22 13:48:00,1804.0,0.6153,0.6175,0.6087,0.6175,0.6087,8
2023-09-22 13:50:00,402.0,0.6133,0.61435,0.61,0.61435,0.61,4
2023-09-22 13:51:00,9000.0,0.61,0.61,0.61,0.61,0.61,1
2023-09-22 13:52:00,1098.0,0.61,0.61,0.61,0.61,0.61,2
2023-09-22 13:54:00,6100.0,0.6149,0.615,0.61,0.615,0.61,12
2023-09-22 13:57:00,13009.0,0.6189,0.61,0.6199,0.6199,0.61,61
2023-09-22 13:59:00,7107.0,0.6198,0.61,0.6199,0.6199,0.61,3
2023-09-22 14:01:00,101.0,0.6101,0.61,0.61,0.61,0.61,2
2023-09-22 14:03:00,107.0,0.6106,0.61,0.61,0.61,0.61,2
2023-09-22 14:05:00,106.0,0.6105,0.61,0.61,0.61,0.61,2
2023-09-22 14:07:00,382.0,0.6145,0.6198,0.6198,0.6198,0.6198,8
2023-09-22 14:08:00,2104.0,0.61,0.61,0.61,0.61,0.61,4
2023-09-22 14:10:00,106.0,0.6105,0.61,0.61,0.61,0.61,4
2023-09-22 14:12:00,103.0,0.6103,0.61,0.61,0.61,0.61,2
2023-09-22 14:14:00,203.0,0.6106,0.611,0.61,0.611,0.61,5
2023-09-22 14:17:00,103.0,0.6103,0.61,0.61,0.61,0.61,2
2023-09-22 14:20:00,200.0,0.61,0.61,0.61,0.61,0.61,2
2023-09-22 14:22:00,600.0,0.6101,0.61,0.6101,0.6101,0.61,2
2023-09-22 14:23:00,100.0,0.61,0.61,0.61,0.61,0.61,1
2023-09-22 14:24:00,1368.0,0.6184,0.6184,0.6184,0.6184,0.6184,1
2023-09-22 14:25:00,100.0,0.61,0.61,0.61,0.61,0.61,1
2023-09-22 14:26:00,103.0,0.6102,0.61,0.61,0.61,0.61,4
2023-09-22 14:27:00,100.0,0.61,0.61,0.61,0.61,0.61,1
2023-09-22 14:28:00,200.0,0.6149,0.614851,0.614851,0.614851,0.614851,1
2023-09-22 14:30:00,308.0,0.6147,0.61,0.619,0.619,0.61,4
2023-09-22 14:33:00,107.0,0.6103,0.61,0.61,0.61,0.61,2
2023-09-22 14:34:00,200.0,0.611,0.61,0.612,0.612,0.61,2
2023-09-22 14:35:00,1600.0,0.6115,0.6116,0.61,0.6116,0.61,2
2023-09-22 14:37:00,111.0,0.6102,0.61,0.61,0.61,0.61,2
2023-09-22 14:38:00,200.0,0.611,0.612,0.61,0.612,0.61,2
2023-09-22 14:40:00,500.0,0.6103,0.61004,0.61004,0.61004,0.61004,2
2023-09-22 14:43:00,7832.0,0.61,0.61,0.61,0.61,0.61,13
2023-09-22 14:44:00,103.0,0.61,0.61,0.61,0.61,0.61,2
2023-09-22 14:45:00,1200.0,0.61,0.61,0.61,0.61,0.61,6
2023-09-22 14:46:00,5202.0,0.61,0.61,0.61,0.61,0.61,30
2023-09-22 14:47:00,10000.0,0.6087,0.6087,0.6087,0.6087,0.6087,15
2023-09-22 14:49:00,3500.0,0.6087,0.6087,0.6087,0.6087,0.6087,1
2023-09-22 14:50:00,100.0,0.602,0.602,0.602,0.602,0.602,1
2023-09-22 14:51:00,3598.0,0.6022,0.602,0.602,0.6088,0.602,12
2023-09-22 14:54:00,102.0,0.602,0.602,0.602,0.602,0.602,2
2023-09-22 14:58:00,100.0,0.6088,0.6088,0.6088,0.6088,0.6088,1
2023-09-22 15:00:00,100.0,0.602,0.602,0.602,0.602,0.602,1
2023-09-22 15:02:00,166.0,0.6054,0.6054,0.6054,0.6054,0.6054,2
2023-09-22 15:10:00,500.0,0.6087,0.6087,0.6087,0.6087,0.6087,1
2023-09-22 15:13:00,1091.0,0.6004,0.6005,0.6001,0.6005,0.6,6
2023-09-22 15:15:00,558.0,0.6,0.6,0.6,0.6,0.6,8
2023-09-22 15:17:00,573.0,0.6047,0.6043,0.605,0.605,0.6043,6
2023-09-22 15:19:00,200.0,0.602,0.6,0.604,0.604,0.6,2
2023-09-22 15:23:00,175.0,0.6049,0.6041,0.6041,0.6041,0.6041,2
2023-09-22 15:24:00,300.0,0.6063,0.6063,0.606299,0.6063,0.606299,2
2023-09-22 15:26:00,250.0,0.6045,0.604,0.604,0.604,0.604,2
2023-09-22 15:29:00,18096.0,0.6002,0.604,0.59,0.604,0.59,41
2023-09-22 15:30:00,927.0,0.5911,0.5927,0.5927,0.5927,0.59,5
2023-09-22 15:31:00,413.0,0.5927,0.5927,0.5927,0.5927,0.5927,5
2023-09-22 15:33:00,1000.0,0.5926,0.591,0.5937,0.5937,0.591,4
2023-09-22 15:40:00,100.0,0.594,0.594,0.594,0.594,0.594,1
2023-09-22 15:46:00,198.0,0.598,0.598,0.598,0.598,0.598,2
2023-09-22 15:47:00,251.0,0.5974,0.5974,0.5974,0.5974,0.5974,2
2023-09-22 15:49:00,200.0,0.594,0.594,0.594001,0.594001,0.594,2
2023-09-22 15:52:00,2329.0,0.5939,0.5939,0.5939,0.5939,0.5939,9
2023-09-22 15:53:00,281.0,0.5939,0.5939,0.5939,0.5939,0.5939,2
2023-09-22 15:54:00,4099.0,0.5939,0.594,0.5939,0.594,0.5939,7
2023-09-22 15:55:00,4346.0,0.5946,0.594,0.607,0.607,0.594,8
2023-09-22 15:57:00,900.0,0.6,0.6,0.6,0.6,0.6,1
2023-09-22 16:08:00,183.0,0.6019,0.6001,0.6001,0.6001,0.6001,4
2023-09-22 16:10:00,200.0,0.6035,0.603501,0.603501,0.603501,0.603501,1
2023-09-22 16:11:00,100.0,0.6,0.6,0.6,0.6,0.6,1
2023-09-22 16:13:00,500.0,0.6001,0.600101,0.600101,0.600101,0.600101,1
2023-09-22 16:14:00,3900.0,0.6069,0.6069,0.6069,0.6069,0.6069,1
2023-09-22 16:15:00,100.0,0.595,0.595,0.595,0.595,0.595,1
2023-09-22 16:19:00,100.0,0.6,0.6,0.6,0.6,0.6,1
2023-09-22 16:23:00,103.0,0.6,0.6,0.6,0.6,0.6,3
2023-09-22 16:29:00,10275.0,0.6066,0.6035,0.6,0.607,0.6,12
2023-09-22 16:30:00,786.0,0.6043,0.6035,0.607,0.607,0.6035,9
2023-09-22 16:31:00,202.0,0.6017,0.6,0.6,0.6,0.6,4
2023-09-22 16:39:00,727.0,0.6,0.6,0.6,0.6,0.6,3
2023-09-22 16:41:00,101.0,0.6,0.6,0.6,0.6,0.6,2
2023-09-22 16:45:00,100.0,0.6,0.6,0.6,0.6,0.6,1
2023-09-22 16:48:00,413.0,0.6069,0.6069,0.6069,0.6069,0.6069,1
2023-09-22 16:49:00,106.0,0.6,0.6,0.6,0.6,0.6,3
2023-09-22 16:53:00,103.0,0.6,0.6,0.6,0.6,0.6,2
2023-09-22 16:57:00,101.0,0.6,0.6,0.6,0.6,0.6,2
2023-09-22 17:00:00,1245.0,0.6064,0.6065,0.604,0.607,0.604,11
2023-09-22 17:03:00,200.0,0.6022,0.6022,0.6022,0.6022,0.6022,1
2023-09-22 17:05:00,100.0,0.6025,0.6025,0.6025,0.6025,0.6025,1
2023-09-22 17:07:00,100.0,0.6048,0.6048,0.6048,0.6048,0.6048,1
2023-09-22 17:12:00,100.0,0.605,0.605,0.605,0.605,0.605,1
2023-09-22 17:14:00,100.0,0.605,0.605,0.605,0.605,0.605,1
2023-09-22 17:16:00,100.0,0.605,0.605,0.605,0.605,0.605,1
2023-09-22 17:20:00,100.0,0.605,0.605,0.605,0.605,0.605,1
2023-09-22 17:24:00,261.0,0.605,0.605,0.605,0.605,0.605,4
2023-09-22 17:25:00,100.0,0.6025,0.6025,0.6025,0.6025,0.6025,1
2023-09-22 17:29:00,104.0,0.6025,0.6025,0.6025,0.6025,0.6025,5
2023-09-22 17:33:00,101.0,0.6025,0.6025,0.6025,0.6025,0.6025,2
2023-09-22 17:34:00,11323.0,0.6045,0.6065,0.6025,0.607,0.6025,8
2023-09-22 17:37:00,100.0,0.6026,0.6026,0.6026,0.6026,0.6026,1
2023-09-22 17:41:00,108.0,0.6027,0.6025,0.6025,0.6025,0.6025,2
2023-09-22 17:43:00,301.0,0.6027,0.6027,0.6027,0.6027,0.6027,2
2023-09-22 17:45:00,100.0,0.6026,0.6026,0.6026,0.6026,0.6026,1
2023-09-22 17:48:00,500.0,0.605,0.605,0.605,0.605,0.605,3
2023-09-22 17:49:00,702.0,0.6047,0.6038,0.605,0.605,0.6038,10
2023-09-22 17:50:00,155.0,0.6038,0.6038,0.6038,0.6038,0.6038,2
2023-09-22 17:55:00,301.0,0.6049,0.6049,0.6049,0.6049,0.6049,4
2023-09-22 17:56:00,5845.0,0.6038,0.6026,0.6026,0.605,0.6026,7
2023-09-22 17:57:00,11544.0,0.6036,0.60375,0.6025,0.605,0.6025,5
2023-09-22 17:59:00,14724.0,0.6037,0.6038,0.6026,0.605,0.6026,5
2023-09-22 18:02:00,872.0,0.6026,0.6025,0.60295,0.60295,0.6025,9
2023-09-22 18:05:00,100.0,0.601,0.601,0.601,0.601,0.601,1
2023-09-22 18:08:00,100.0,0.601,0.601,0.601,0.601,0.601,1
2023-09-22 18:10:00,100.0,0.601,0.601,0.601,0.601,0.601,1
2023-09-22 18:13:00,110.0,0.6012,0.601,0.601,0.601,0.601,2
2023-09-22 18:15:00,893.0,0.6008,0.601,0.601,0.601,0.601,8
2023-09-22 18:17:00,151.0,0.6002,0.6,0.6,0.6,0.6,3
2023-09-22 18:20:00,278.0,0.6,0.6,0.6,0.6,0.6,1
2023-09-22 18:21:00,4613.0,0.6025,0.601,0.605,0.605,0.6005,38
2023-09-22 18:24:00,543.0,0.605,0.605,0.605,0.605,0.605,9
2023-09-22 18:25:00,2399.0,0.605,0.605,0.605,0.605,0.605,2
2023-09-22 18:27:00,374.0,0.6025,0.60255,0.6025,0.60255,0.6025,3
2023-09-22 18:30:00,175.0,0.6025,0.6025,0.6025,0.6025,0.6025,1
2023-09-22 18:32:00,100.0,0.6025,0.6025,0.6025,0.6025,0.6025,1
2023-09-22 18:33:00,502.0,0.6002,0.600201,0.600201,0.600201,0.600201,3
2023-09-22 18:45:00,2001.0,0.6,0.6,0.6,0.6,0.6,2
2023-09-22 18:46:00,100.0,0.6,0.6,0.6,0.6,0.6,1
2023-09-22 18:49:00,200.0,0.602,0.602,0.602,0.602,0.602,1
2023-09-22 18:50:00,246.0,0.6025,0.6033,0.602,0.6033,0.602,3
2023-09-22 18:53:00,101.0,0.602,0.602,0.602,0.602,0.602,2
2023-09-22 18:55:00,11646.0,0.6024,0.6025,0.602,0.6025,0.602,20
2023-09-22 18:56:00,550.0,0.6025,0.6025,0.6025,0.6025,0.6025,1
2023-09-22 18:59:00,8683.0,0.6021,0.602251,0.602,0.602251,0.602,4
2023-09-22 19:02:00,10738.0,0.6024,0.6025,0.602,0.6025,0.602,27
2023-09-22 19:04:00,1434.0,0.6022,0.6022,0.6024,0.6024,0.602,7
2023-09-22 19:05:00,451.0,0.601,0.601,0.6012,0.6012,0.601,2
2023-09-22 19:06:00,1151.0,0.6013,0.601,0.6012,0.6018,0.601,4
2023-09-22 19:07:00,6169.0,0.6022,0.6023,0.6012,0.6023,0.6012,4
2023-09-22 19:13:00,100.0,0.6,0.6,0.6,0.6,0.6,1
2023-09-22 19:16:00,199.0,0.6008,0.6002,0.6002,0.6002,0.6002,4
2023-09-22 19:17:00,262.0,0.6,0.6,0.6,0.6,0.6,2
2023-09-22 19:19:00,8655.0,0.6001,0.6002,0.6,0.6011,0.6,18
2023-09-22 19:21:00,14095.0,0.5996,0.6,0.5969,0.6011,0.5939,26
2023-09-22 19:22:00,1775.0,0.5984,0.5999,0.5939,0.5999,0.5939,12
2023-09-22 19:23:00,529.0,0.5975,0.6,0.5969,0.6,0.5969,2
2023-09-22 19:24:00,105.0,0.5969,0.5969,0.5969,0.5969,0.5969,2
2023-09-22 19:32:00,100.0,0.5969,0.5969,0.5969,0.5969,0.5969,1
2023-09-22 19:34:00,658.0,0.5999,0.5999,0.5999,0.5999,0.5999,7
2023-09-22 19:35:00,310.0,0.5999,0.5999,0.5999,0.5999,0.5999,4
2023-09-22 19:41:00,100.0,0.5992,0.5992,0.5992,0.5992,0.5992,1
2023-09-22 19:43:00,246.0,0.5993,0.5993,0.5992,0.5993,0.5992,5
2023-09-22 19:45:00,268.0,0.5995,0.5995,0.5995,0.5995,0.5995,6
2023-09-22 19:46:00,608.0,0.5998,0.5998,0.5998,0.5998,0.5998,7
2023-09-22 19:47:00,480.0,0.6056,0.607,0.607,0.607,0.6065,5
2023-09-22 19:50:00,400.0,0.6032,0.6,0.5995,0.6069,0.5995,4
2023-09-22 19:51:00,100.0,0.5995,0.5995,0.5995,0.5995,0.5995,1
2023-09-22 19:52:00,1001.0,0.605,0.5995,0.6035,0.607,0.5995,13
2023-09-22 19:53:00,1340.0,0.6069,0.6065,0.6071,0.6071,0.6065,11
2023-09-22 19:56:00,100.0,0.6,0.6,0.6,0.6,0.6,1
2023-09-22 19:57:00,1183.0,0.6039,0.6,0.6035,0.6066,0.6,9
2023-09-22 19:58:00,316.0,0.6002,0.6,0.6,0.6,0.6,3
2023-09-22 19:59:00,16798.0,0.6061,0.6,0.6064,0.616,0.6,48
2023-09-22 22:05:00,300.0,0.6245,0.6245,0.6245,0.6245,0.6245,1
2023-09-22 22:08:00,200.0,0.6245,0.6245,0.6245,0.6245,0.6245,1
2023-09-25 13:30:00,486.0,0.6,0.6,0.6,0.6,0.6,2
2023-09-25 13:39:00,11941.0,0.6,0.6003,0.5976,0.6004,0.5976,33
2023-09-25 13:41:00,1002.0,0.6001,0.6001,0.6001,0.6001,0.6001,2
2023-09-25 13:42:00,4778.0,0.6003,0.6,0.6003,0.6003,0.6,8
2023-09-25 13:44:00,864.0,0.6026,0.6027,0.6027,0.6027,0.6027,5
2023-09-25 13:47:00,2577.0,0.6,0.6,0.6,0.6,0.6,5
2023-09-25 13:52:00,167.0,0.605,0.604999,0.604999,0.604999,0.604999,1
2023-09-25 13:53:00,1206.0,0.605,0.605,0.605,0.605,0.605,12
2023-09-25 14:05:00,4033.0,0.6,0.6,0.6,0.6001,0.6,23
2023-09-25 14:11:00,2300.0,0.5998,0.6,0.6001,0.6001,0.6,11
2023-09-25 14:28:00,100.0,0.6,0.6,0.6,0.6,0.6,1
2023-09-25 14:29:00,1350.0,0.5992,0.5998,0.5998,0.5998,0.5998,4
2023-09-25 14:35:00,506.0,0.595,0.595049,0.595049,0.595049,0.595049,3
2023-09-25 14:36:00,1000.0,0.5999,0.5999,0.5999,0.5999,0.5999,1
2023-09-25 14:43:00,2000.0,0.595,0.595049,0.595049,0.595049,0.595049,1
2023-09-25 14:49:00,703.0,0.5902,0.5902,0.5902,0.5902,0.5902,3
2023-09-25 14:58:00,2100.0,0.5902,0.5902,0.5902,0.5902,0.5902,2
2023-09-25 15:03:00,1363.0,0.5986,0.5986,0.5986,0.5987,0.5986,9
2023-09-25 15:16:00,41925.0,0.591,0.5909,0.5945,0.5945,0.5909,19
2023-09-25 15:20:00,3383.0,0.5967,0.596,0.5909,0.597,0.5909,5
2023-09-25 15:25:00,418.0,0.596,0.596,0.596,0.596,0.596,2
2023-09-25 15:26:00,19360.0,0.592,0.597,0.586,0.597,0.586,45
2023-09-25 15:27:00,1000.0,0.587,0.587,0.587,0.587,0.587,1
2023-09-25 15:29:00,700.0,0.586,0.586,0.586,0.586,0.586,1
2023-09-25 15:31:00,292.0,0.5877,0.5878,0.5878,0.5878,0.5878,4
2023-09-25 15:32:00,7911.0,0.5815,0.586,0.5783,0.586,0.5783,22
2023-09-25 15:33:00,101.0,0.5785,0.5785,0.5785,0.5785,0.5785,2
2023-09-25 15:34:00,237.0,0.578,0.578,0.578,0.578,0.578,2
2023-09-25 15:35:00,40923.0,0.5661,0.5798,0.565,0.58,0.55,87
2023-09-25 15:36:00,13950.0,0.5541,0.567,0.5554,0.57,0.5504,61
2023-09-25 15:37:00,1002.0,0.5601,0.5604,0.5608,0.5608,0.55795,12
2023-09-25 15:38:00,497.0,0.5662,0.5604,0.5728,0.572899,0.5604,5
2023-09-25 15:39:00,2761.0,0.568,0.569,0.5652,0.5698,0.5652,13
2023-09-25 15:40:00,766.0,0.5652,0.5655,0.5651,0.5655,0.5651,5
2023-09-25 15:41:00,166.0,0.5685,0.5699,0.5699,0.5699,0.5699,4
2023-09-25 15:42:00,337.0,0.5684,0.568,0.5682,0.5685,0.568,6
2023-09-25 15:43:00,588.0,0.5685,0.570299,0.567855,0.570299,0.567855,4
2023-09-25 15:44:00,211.0,0.5702,0.570299,0.570299,0.570299,0.570299,6
2023-09-25 15:46:00,1296.0,0.5695,0.5701,0.567781,0.5701,0.567781,6
2023-09-25 15:47:00,501.0,0.5688,0.5688,0.5688,0.5688,0.5688,2
2023-09-25 16:00:00,4936.0,0.5799,0.58,0.5803,0.5803,0.58,23
2023-09-25 16:06:00,100.0,0.5721,0.5721,0.5721,0.5721,0.5721,1
2023-09-25 16:12:00,4425.0,0.5798,0.5731,0.5857,0.5857,0.5731,27
2023-09-25 16:22:00,500.0,0.5878,0.5878,0.5878,0.5878,0.5878,2
2023-09-25 16:30:00,700.0,0.5883,0.5883,0.5883,0.5883,0.5883,3
2023-09-25 16:31:00,3343.0,0.5803,0.581,0.5801,0.581,0.5801,11
2023-09-25 16:54:00,2100.0,0.5882,0.5883,0.5883,0.5883,0.5883,4
2023-09-25 16:56:00,800.0,0.5873,0.586444,0.585,0.5878,0.585,5
2023-09-25 16:59:00,326.0,0.594,0.594,0.594,0.594,0.594,4
2023-09-25 17:05:00,101.0,0.5903,0.5904,0.5904,0.5904,0.5904,2
2023-09-25 17:06:00,12969.0,0.5929,0.591501,0.5924,0.598,0.585,10
2023-09-25 17:07:00,217.0,0.5878,0.5878,0.5878,0.5878,0.5878,2
2023-09-25 17:08:00,717.0,0.5801,0.5801,0.5801,0.5801,0.5801,1
2023-09-25 17:28:00,100.0,0.585,0.585,0.585,0.585,0.585,1
2023-09-25 17:31:00,334.0,0.5849,0.585,0.585,0.585,0.585,3
2023-09-25 17:33:00,655.0,0.5809,0.5801,0.5801,0.5819,0.5801,4
2023-09-25 17:37:00,249.0,0.5801,0.5801,0.5801,0.5801,0.5801,2
2023-09-25 17:45:00,1645.0,0.5799,0.5801,0.5785,0.5801,0.5785,10
2023-09-25 17:51:00,1330.0,0.576,0.576,0.576,0.576,0.576,1
2023-09-25 17:54:00,18307.0,0.5794,0.58,0.576,0.58,0.576,17
2023-09-25 17:55:00,7397.0,0.5771,0.5805,0.58,0.5851,0.576,10
2023-09-25 18:02:00,664.0,0.582,0.582,0.582,0.582,0.582,5
2023-09-25 18:04:00,371.0,0.5849,0.5851,0.5851,0.5851,0.5851,5
2023-09-25 18:08:00,10500.0,0.5781,0.5781,0.579,0.579,0.5781,5
2023-09-25 18:10:00,203.0,0.5838,0.583827,0.583827,0.583827,0.583827,1
2023-09-25 18:17:00,700.0,0.578,0.578,0.578,0.578,0.578,1
2023-09-25 18:21:00,1528.0,0.5791,0.578,0.58,0.58,0.578,5
2023-09-25 18:23:00,218.0,0.58,0.58,0.58,0.58,0.58,1
2023-09-25 18:40:00,300.0,0.5807,0.58,0.582,0.582,0.58,2
2023-09-25 18:49:00,387.0,0.5825,0.5825,0.5825,0.5825,0.5825,6
2023-09-25 18:58:00,900.0,0.59,0.59,0.59,0.59,0.59,3
2023-09-25 19:03:00,100.0,0.59,0.59,0.59,0.59,0.59,1
2023-09-25 19:05:00,151.0,0.5848,0.584821,0.584821,0.584821,0.584821,1
2023-09-25 19:07:00,1171.0,0.5898,0.589999,0.59,0.59,0.589,7
2023-09-25 19:08:00,121.0,0.5813,0.581,0.581,0.581,0.581,3
2023-09-25 19:09:00,1043.0,0.5898,0.59,0.59,0.59,0.59,7
2023-09-25 19:10:00,500.0,0.5884,0.59,0.582,0.59,0.582,6
2023-09-25 19:15:00,512.0,0.5864,0.5857,0.5857,0.5857,0.5857,3
2023-09-25 19:24:00,5704.0,0.5865,0.5865,0.5864,0.5865,0.5864,4
2023-09-25 19:33:00,250.0,0.5893,0.589299,0.589299,0.589299,0.589299,1
2023-09-25 19:39:00,1030.0,0.5962,0.597499,0.5858,0.597499,0.5858,3
2023-09-25 19:42:00,7256.0,0.5911,0.591101,0.591101,0.591101,0.591101,8
2023-09-25 19:44:00,3012.0,0.5943,0.5943,0.5943,0.5943,0.5943,2
2023-09-25 19:51:00,109.0,0.5945,0.5943,0.5943,0.5943,0.5943,3
2023-09-25 19:53:00,3451.0,0.591,0.591,0.591,0.591,0.591,13
2023-09-25 19:54:00,927.0,0.593,0.5943,0.591,0.5943,0.591,10
2023-09-25 19:55:00,4644.0,0.5842,0.58595,0.5909,0.5909,0.581,19
2023-09-25 19:57:00,802.0,0.5896,0.590799,0.5811,0.590799,0.5811,2
2023-09-25 20:06:00,360.0,0.58,0.58,0.58,0.58,0.58,1
2023-09-25 20:59:00,144.0,0.58,0.58,0.58,0.58,0.58,1
2023-09-26 13:03:00,116.0,0.609,0.609,0.609,0.609,0.609,2
2023-09-26 13:25:00,530.0,0.5722,0.5816,0.57,0.5816,0.57,4
2023-09-26 13:30:00,9304.0,0.5652,0.5649,0.57,0.57,0.5649,13
2023-09-26 13:31:00,1430.0,0.5694,0.566,0.5699,0.57,0.566,4
2023-09-26 13:35:00,402.0,0.5701,0.57,0.5701,0.5701,0.57,7
2023-09-26 13:37:00,20000.0,0.575,0.5751,0.575,0.5751,0.575,18
2023-09-26 13:38:00,320.0,0.59,0.599,0.599,0.599,0.599,3
2023-09-26 13:39:00,880.0,0.5987,0.6,0.6,0.6,0.6,6
2023-09-26 13:47:00,300.0,0.5903,0.591,0.59,0.591,0.59,4
2023-09-26 13:48:00,1400.0,0.5963,0.599799,0.59,0.599799,0.59,6
2023-09-26 13:49:00,500.0,0.5874,0.59,0.577,0.59,0.577,6
2023-09-26 13:50:00,122.0,0.58,0.58,0.58,0.58,0.58,2
2023-09-26 13:54:00,200.0,0.599,0.599,0.599,0.599,0.599,1
2023-09-26 13:55:00,100.0,0.59,0.59,0.59,0.59,0.59,1
2023-09-26 13:56:00,1416.0,0.58,0.58,0.58,0.58,0.58,2
2023-09-26 13:57:00,236.0,0.59,0.59,0.59,0.59,0.59,3
2023-09-26 14:00:00,155.0,0.5902,0.59,0.59,0.59,0.59,6
2023-09-26 14:03:00,655.0,0.5938,0.59,0.59495,0.59495,0.59,3
2023-09-26 14:05:00,132.0,0.59,0.59,0.59,0.59,0.59,3
2023-09-26 14:08:00,100.0,0.59,0.59,0.59,0.59,0.59,1
2023-09-26 14:11:00,100.0,0.59,0.59,0.59,0.59,0.59,1
2023-09-26 14:13:00,130.0,0.59,0.59,0.59,0.59,0.59,2
2023-09-26 14:16:00,106.0,0.59,0.59,0.59,0.59,0.59,2
2023-09-26 14:17:00,4101.0,0.5882,0.59,0.5901,0.5901,0.581,16
2023-09-26 14:19:00,115.0,0.58,0.58,0.58,0.58,0.58,2
2023-09-26 14:22:00,192.0,0.5847,0.58,0.58,0.58,0.58,4
2023-09-26 14:25:00,115.0,0.58,0.58,0.58,0.58,0.58,5
2023-09-26 14:28:00,200.0,0.59,0.59,0.59,0.59,0.59,1
2023-09-26 14:29:00,108.0,0.58,0.58,0.58,0.58,0.58,3
2023-09-26 14:32:00,180.0,0.58,0.58,0.58,0.58,0.58,4
2023-09-26 14:36:00,100.0,0.58,0.58,0.58,0.58,0.58,1
2023-09-26 14:37:00,215.0,0.5901,0.5903,0.5903,0.5903,0.5903,2
2023-09-26 14:39:00,102.0,0.5808,0.5808,0.5808,0.5808,0.5808,2
2023-09-26 14:43:00,102.0,0.5808,0.5808,0.5808,0.5808,0.5808,3
2023-09-26 14:45:00,101.0,0.5903,0.5904,0.5904,0.5904,0.5904,2
2023-09-26 14:47:00,101.0,0.5808,0.5808,0.5808,0.5808,0.5808,2
2023-09-26 14:51:00,100.0,0.5808,0.5808,0.5808,0.5808,0.5808,1
2023-09-26 14:55:00,101.0,0.5808,0.5808,0.5808,0.5808,0.5808,2
2023-09-26 14:59:00,100.0,0.5808,0.5808,0.5808,0.5808,0.5808,1
2023-09-26 15:03:00,100.0,0.5808,0.5808,0.5808,0.5808,0.5808,1
2023-09-26 15:07:00,100.0,0.5808,0.5808,0.5808,0.5808,0.5808,1
2023-09-26 15:11:00,101.0,0.585,0.585,0.585,0.585,0.585,2
2023-09-26 15:15:00,100.0,0.585,0.585,0.585,0.585,0.585,1
2023-09-26 15:18:00,100.0,0.5858,0.5858,0.5858,0.5858,0.5858,1
2023-09-26 15:22:00,100.0,0.59,0.59,0.59,0.59,0.59,1
2023-09-26 15:23:00,7000.0,0.599,0.599195,0.5858,0.599195,0.5858,2
2023-09-26 15:26:00,100.0,0.5858,0.5858,0.5858,0.5858,0.5858,1
2023-09-26 15:29:00,100.0,0.5858,0.5858,0.5858,0.5858,0.5858,1
2023-09-26 15:33:00,101.0,0.5858,0.5858,0.5858,0.5858,0.5858,2
2023-09-26 15:34:00,422.0,0.5983,0.5985,0.5985,0.5985,0.5985,2
2023-09-26 15:37:00,100.0,0.5858,0.5858,0.5858,0.5858,0.5858,1
2023-09-26 15:39:00,4516.0,0.5896,0.59,0.5858,0.5901,0.5858,6
2023-09-26 15:41:00,100.0,0.5858,0.5858,0.5858,0.5858,0.5858,1
2023-09-26 15:44:00,104.0,0.586,0.5858,0.5858,0.5858,0.5858,3
2023-09-26 15:45:00,8259.0,0.5878,0.5879,0.5858,0.5879,0.5858,13
2023-09-26 15:48:00,12288.0,0.5878,0.5879,0.5858,0.5879,0.5858,15
2023-09-26 15:49:00,2115.0,0.5894,0.5879,0.5879,0.59,0.5879,11
2023-09-26 15:54:00,105.0,0.5958,0.5959,0.5959,0.5959,0.5959,2
2023-09-26 16:03:00,102.0,0.5858,0.5858,0.5858,0.5858,0.5858,2
2023-09-26 16:08:00,100.0,0.5858,0.5858,0.5858,0.5858,0.5858,1
2023-09-26 16:12:00,100.0,0.5858,0.5858,0.5858,0.5858,0.5858,1
2023-09-26 16:17:00,100.0,0.5858,0.5858,0.5858,0.5858,0.5858,1
2023-09-26 16:19:00,600.0,0.5867,0.5869,0.586,0.5869,0.586,2
2023-09-26 16:21:00,100.0,0.5858,0.5858,0.5858,0.5858,0.5858,1
2023-09-26 16:22:00,104.0,0.586,0.586,0.586,0.586,0.586,1
2023-09-26 16:26:00,100.0,0.5858,0.5858,0.5858,0.5858,0.5858,1
2023-09-26 16:30:00,100.0,0.5858,0.5858,0.5858,0.5858,0.5858,1
2023-09-26 16:31:00,300.0,0.5858,0.5858,0.5858,0.5858,0.5858,1
2023-09-26 16:36:00,100.0,0.5858,0.5858,0.5858,0.5858,0.5858,1
2023-09-26 16:39:00,950.0,0.5858,0.5858,0.5858,0.5858,0.5858,1
2023-09-26 16:42:00,5101.0,0.5996,0.5999,0.5858,0.5999,0.5858,3
2023-09-26 16:43:00,6501.0,0.5929,0.5929,0.5929,0.5929,0.5929,2
2023-09-26 16:44:00,4002.0,0.5999,0.5999,0.5999,0.5999,0.5999,3
2023-09-26 16:47:00,100.0,0.5858,0.5858,0.5858,0.5858,0.5858,1
2023-09-26 16:49:00,2000.0,0.5859,0.5859,0.5859,0.5859,0.5859,1
2023-09-26 16:50:00,3500.0,0.5988,0.5929,0.6,0.6,0.5929,9
2023-09-26 16:57:00,1003.0,0.6,0.6,0.6,0.6,0.6,3
2023-09-26 17:02:00,200.0,0.593,0.6,0.586,0.6,0.586,2
2023-09-26 17:06:00,156.0,0.5929,0.5929,0.5929,0.5929,0.5929,1
2023-09-26 17:08:00,4207.0,0.5994,0.5949,0.59495,0.5998,0.591,5
2023-09-26 17:13:00,100.0,0.59,0.59,0.59,0.59,0.59,1
2023-09-26 17:18:00,107.0,0.5906,0.59,0.59,0.59,0.59,2
2023-09-26 17:22:00,100.0,0.59,0.59,0.59,0.59,0.59,1
2023-09-26 17:23:00,2100.0,0.5901,0.5901,0.59,0.5901,0.59,2
2023-09-26 17:24:00,100.0,0.592,0.592,0.592,0.592,0.592,1
2023-09-26 17:26:00,100.0,0.592,0.592,0.592,0.592,0.592,1
2023-09-26 17:32:00,100.0,0.59,0.59,0.59,0.59,0.59,1
2023-09-26 17:36:00,129.0,0.59,0.59,0.59,0.59,0.59,3
2023-09-26 17:37:00,100.0,0.59,0.59,0.59,0.59,0.59,1
2023-09-26 17:42:00,101.0,0.59,0.59,0.59,0.59,0.59,2
2023-09-26 17:49:00,1501.0,0.5919,0.592,0.59,0.592,0.59,5
2023-09-26 17:54:00,230.0,0.5923,0.59,0.59,0.59,0.59,5
2023-09-26 17:57:00,697.0,0.5901,0.5901,0.5901,0.5901,0.5901,2
2023-09-26 18:00:00,100.0,0.59,0.59,0.59,0.59,0.59,1
2023-09-26 18:01:00,3615.0,0.5905,0.59,0.591701,0.591701,0.59,19
2023-09-26 18:04:00,101.0,0.5858,0.5858,0.5858,0.5858,0.5858,2
2023-09-26 18:08:00,2100.0,0.5897,0.5899,0.5858,0.5899,0.5858,2
2023-09-26 18:09:00,101.0,0.5858,0.5858,0.5858,0.5858,0.5858,2
2023-09-26 18:10:00,300.0,0.5899,0.5899,0.5899,0.5899,0.5899,3
2023-09-26 18:13:00,100.0,0.5899,0.5899,0.5899,0.5899,0.5899,1
2023-09-26 18:23:00,300.0,0.5895,0.59225,0.5858,0.59225,0.5858,3
2023-09-26 18:32:00,300.0,0.5859,0.5859,0.5859,0.5859,0.5859,1
2023-09-26 18:33:00,2233.0,0.59,0.59,0.58995,0.59,0.58995,8
2023-09-26 18:37:00,500.0,0.59,0.58995,0.58995,0.58995,0.58995,4
2023-09-26 18:42:00,100.0,0.586,0.586,0.586,0.586,0.586,1
2023-09-26 18:46:00,100.0,0.586,0.586,0.586,0.586,0.586,1
2023-09-26 18:50:00,101.0,0.586,0.586,0.586,0.586,0.586,2
2023-09-26 18:52:00,100.0,0.586,0.586,0.586,0.586,0.586,1
2023-09-26 18:53:00,2478.0,0.59,0.59,0.59,0.59,0.59,2
2023-09-26 18:54:00,100.0,0.586,0.586,0.586,0.586,0.586,1
2023-09-26 18:58:00,100.0,0.5861,0.5861,0.5861,0.5861,0.5861,1
2023-09-26 19:02:00,100.0,0.5861,0.5861,0.5861,0.5861,0.5861,1
2023-09-26 19:05:00,100.0,0.5861,0.5861,0.5861,0.5861,0.5861,1
2023-09-26 19:09:00,100.0,0.5861,0.5861,0.5861,0.5861,0.5861,1
2023-09-26 19:12:00,100.0,0.5862,0.5862,0.5862,0.5862,0.5862,1
2023-09-26 19:15:00,100.0,0.5862,0.5862,0.5862,0.5862,0.5862,1
2023-09-26 19:17:00,100.0,0.5901,0.5901,0.5901,0.5901,0.5901,1
2023-09-26 19:18:00,100.0,0.5862,0.5862,0.5862,0.5862,0.5862,1
2023-09-26 19:21:00,100.0,0.5862,0.5862,0.5862,0.5862,0.5862,1
2023-09-26 19:22:00,111.0,0.5865,0.5862,0.5862,0.5862,0.5862,3
2023-09-26 19:24:00,100.0,0.5862,0.5862,0.5862,0.5862,0.5862,1
2023-09-26 19:27:00,100.0,0.5863,0.5863,0.5863,0.5863,0.5863,1
2023-09-26 19:33:00,100.0,0.5863,0.5863,0.5863,0.5863,0.5863,1
2023-09-26 19:35:00,147.0,0.5863,0.5863,0.5863,0.5863,0.5863,3
2023-09-26 19:38:00,100.0,0.5863,0.5863,0.5863,0.5863,0.5863,1
2023-09-26 19:40:00,570.0,0.5929,0.591,0.594,0.594,0.591,11
2023-09-26 19:41:00,100.0,0.591,0.591,0.591,0.591,0.591,1
2023-09-26 19:45:00,665.0,0.5938,0.5935,0.5939,0.5939,0.5935,14
2023-09-26 19:46:00,100.0,0.5935,0.5935,0.5935,0.5935,0.5935,1
2023-09-26 19:47:00,476.0,0.5961,0.59675,0.5935,0.59675,0.5935,3
2023-09-26 19:48:00,232.0,0.5935,0.5935,0.5935,0.5935,0.5935,3
2023-09-26 19:49:00,172.0,0.596,0.5935,0.5935,0.5935,0.5935,4
2023-09-26 19:50:00,100.0,0.5935,0.5935,0.5935,0.5935,0.5935,1
2023-09-26 19:51:00,485.0,0.5953,0.5935,0.5935,0.5967,0.5935,5
2023-09-26 19:52:00,825.0,0.593,0.5935,0.593,0.5935,0.593,9
2023-09-26 19:53:00,604.0,0.5945,0.593,0.5954,0.5954,0.593,4
2023-09-26 19:54:00,102.0,0.591,0.591,0.591,0.591,0.591,3
2023-09-26 19:55:00,101.0,0.591,0.591,0.591,0.591,0.591,2
2023-09-26 19:56:00,130.0,0.593,0.591,0.591,0.591,0.591,2
2023-09-26 19:57:00,163.0,0.5918,0.591,0.591,0.591,0.591,3
2023-09-26 19:58:00,100.0,0.593,0.593,0.593,0.593,0.593,1
2023-09-26 19:59:00,398.0,0.5916,0.593,0.591,0.593,0.591,7
2023-09-26 22:26:00,1000.0,0.625,0.625,0.625,0.625,0.625,1
2023-09-27 12:42:00,457.0,0.615,0.615,0.615,0.615,0.615,1
2023-09-27 13:30:00,3011.0,0.6,0.6,0.6,0.6,0.6,4
2023-09-27 13:41:00,1243.0,0.5993,0.59999,0.593,0.6,0.593,4
2023-09-27 13:49:00,2097.0,0.5931,0.5931,0.5932,0.5932,0.5931,12
2023-09-27 13:51:00,351.0,0.5966,0.5966,0.5966,0.5966,0.5966,2
2023-09-27 13:54:00,10282.0,0.595,0.595,0.5951,0.5951,0.5949,21
2023-09-27 13:55:00,9057.0,0.5965,0.5965,0.5965,0.5965,0.5964,15
2023-09-27 13:57:00,6063.0,0.5969,0.5965,0.6,0.6,0.5965,65
2023-09-27 13:58:00,2270.0,0.6,0.6,0.6,0.6,0.6,7
2023-09-27 13:59:00,907.0,0.6046,0.5983,0.61,0.61,0.5967,10
2023-09-27 14:00:00,2168.0,0.6148,0.615,0.615,0.615,0.615,4
2023-09-27 14:01:00,5000.0,0.615,0.615,0.615,0.615,0.615,2
2023-09-27 14:12:00,177.0,0.5996,0.5995,0.5995,0.5995,0.5995,2
2023-09-27 14:15:00,1425062.0,0.5514,0.6,0.6149,0.615,0.55,22
2023-09-27 14:17:00,3301.0,0.6179,0.615,0.62,0.62,0.615,17
2023-09-27 14:18:00,163.0,0.6213,0.6213,0.6213,0.6213,0.6213,1
2023-09-27 14:20:00,1600.0,0.6209,0.6213,0.615,0.6213,0.615,2
2023-09-27 14:21:00,6841.0,0.6153,0.615551,0.6061,0.615551,0.6061,3
2023-09-27 14:23:00,8084.0,0.6121,0.615,0.6121,0.615,0.612,24
2023-09-27 14:24:00,1300.0,0.61,0.61,0.61,0.61,0.61,14
2023-09-27 14:26:00,6202.0,0.6116,0.6106,0.6095,0.6127,0.6095,4
2023-09-27 14:27:00,1000.0,0.6143,0.614279,0.614279,0.614279,0.614279,1
2023-09-27 14:31:00,3669.0,0.6127,0.61155,0.61,0.613001,0.61,5
2023-09-27 14:32:00,500.0,0.6159,0.6159,0.6159,0.6159,0.6159,1
2023-09-27 14:33:00,10005.0,0.61,0.61,0.61,0.61,0.61,9
2023-09-27 14:34:00,17196.0,0.6087,0.6109,0.6065,0.6109,0.606,14
2023-09-27 14:40:00,502.0,0.616,0.616,0.616,0.616,0.616,4
2023-09-27 14:41:00,100.0,0.616,0.616,0.616,0.616,0.616,1
2023-09-27 14:42:00,300.0,0.616,0.616,0.616,0.616,0.616,2
2023-09-27 14:44:00,200.0,0.6247,0.6246,0.6246,0.6246,0.6246,4
2023-09-27 14:46:00,243.0,0.6248,0.6246,0.6246,0.6246,0.6246,4
2023-09-27 14:47:00,100.0,0.625,0.625,0.625,0.625,0.625,1
2023-09-27 14:48:00,244.0,0.6293,0.6299,0.63,0.63,0.6299,4
2023-09-27 14:50:00,1575.0,0.6288,0.6294,0.616,0.63,0.616,6
2023-09-27 14:51:00,900.0,0.623,0.623,0.623,0.623,0.623,1
2023-09-27 14:52:00,7900.0,0.6075,0.61,0.6045,0.61,0.6045,8
2023-09-27 14:53:00,4668.0,0.6028,0.6013,0.61565,0.61565,0.6013,4
2023-09-27 14:56:00,1300.0,0.6244,0.62,0.6257,0.6257,0.62,2
2023-09-27 14:58:00,2600.0,0.6288,0.63,0.629,0.63,0.61,3
2023-09-27 14:59:00,10053.0,0.6294,0.629999,0.6299,0.629999,0.62,4
2023-09-27 15:01:00,4739.0,0.6141,0.62,0.6095,0.627319,0.6095,4
2023-09-27 15:03:00,10018.0,0.6136,0.63,0.61,0.63,0.6095,18
2023-09-27 15:04:00,400.0,0.62,0.61995,0.61995,0.61995,0.61995,1
2023-09-27 15:06:00,500.0,0.61,0.610001,0.610001,0.610001,0.610001,1
2023-09-27 15:07:00,16000.0,0.6281,0.619,0.64,0.64,0.6101,33
2023-09-27 15:08:00,2550.0,0.6213,0.6237,0.611,0.6367,0.61,6
2023-09-27 15:09:00,5420.0,0.6176,0.615,0.615,0.6374,0.615,9
2023-09-27 15:10:00,2100.0,0.6224,0.62,0.62,0.629999,0.62,4
2023-09-27 15:12:00,1255.0,0.6351,0.6399,0.62,0.6399,0.62,4
2023-09-27 15:13:00,13116.0,0.62,0.62,0.62,0.62,0.62,2
2023-09-27 15:14:00,690.0,0.6193,0.62,0.615,0.62,0.615,11
2023-09-27 15:16:00,1000.0,0.62,0.62,0.62,0.62,0.62,1
2023-09-27 15:20:00,700.0,0.63,0.63,0.63,0.63,0.63,1
2023-09-27 15:21:00,1600.0,0.6287,0.629899,0.61,0.629899,0.61,2
2023-09-27 15:24:00,218.0,0.6264,0.629,0.629,0.629,0.629,3
2023-09-27 15:25:00,101.0,0.6298,0.63,0.63,0.63,0.63,2
2023-09-27 15:26:00,100.0,0.63,0.63,0.63,0.63,0.63,1
2023-09-27 15:27:00,156.0,0.6264,0.63,0.63,0.63,0.63,2
2023-09-27 15:28:00,100.0,0.63,0.63,0.63,0.63,0.63,1
2023-09-27 15:29:00,100.0,0.63,0.63,0.63,0.63,0.63,1
2023-09-27 15:30:00,189.0,0.6299,0.63,0.63,0.63,0.63,3
2023-09-27 15:31:00,346.0,0.6336,0.63,0.6399,0.6399,0.63,4
2023-09-27 15:32:00,100.0,0.639,0.639,0.639,0.639,0.639,1
2023-09-27 15:33:00,100.0,0.639,0.639,0.639,0.639,0.639,1
2023-09-27 15:34:00,100.0,0.6306,0.6306,0.6306,0.6306,0.6306,1
2023-09-27 15:35:00,1300.0,0.6292,0.63,0.6201,0.63,0.6201,2
2023-09-27 15:36:00,1953.0,0.6293,0.6306,0.6201,0.6306,0.6201,6
2023-09-27 15:39:00,100.0,0.629,0.629,0.629,0.629,0.629,1
2023-09-27 15:41:00,667.0,0.6303,0.63025,0.63025,0.63025,0.63025,3
2023-09-27 15:43:00,100.0,0.6225,0.6225,0.6225,0.6225,0.6225,1
2023-09-27 15:44:00,2366.0,0.6227,0.6225,0.62875,0.62875,0.622,25
2023-09-27 15:45:00,527.0,0.6233,0.6235,0.6235,0.6235,0.6225,4
2023-09-27 15:47:00,1200.0,0.6282,0.62875,0.6225,0.62875,0.6225,5
2023-09-27 15:49:00,100.0,0.6288,0.62875,0.62875,0.62875,0.62875,1
2023-09-27 15:50:00,500.0,0.6288,0.62875,0.62875,0.62875,0.62875,2
2023-09-27 15:52:00,330.0,0.6288,0.62875,0.62875,0.62875,0.62875,2
2023-09-27 15:55:00,300.0,0.6288,0.62875,0.62875,0.62875,0.62875,1
2023-09-27 15:57:00,300.0,0.6288,0.62875,0.62875,0.62875,0.62875,1
2023-09-27 15:59:00,4400.0,0.6343,0.6349,0.6225,0.6349,0.6225,4
2023-09-27 16:00:00,202.0,0.6319,0.634899,0.629,0.634899,0.629,4
2023-09-27 16:02:00,501.0,0.6287,0.62875,0.62875,0.62875,0.62875,2
2023-09-27 16:03:00,501.0,0.634,0.634,0.634,0.634,0.634,2
2023-09-27 16:05:00,657.0,0.6261,0.6226,0.634,0.634,0.6226,2
2023-09-27 16:15:00,308.0,0.6301,0.63,0.6301,0.6301,0.63,5
2023-09-27 16:16:00,100.0,0.635,0.635,0.635,0.635,0.635,1
2023-09-27 16:17:00,101.0,0.6349,0.635,0.635,0.635,0.635,2
2023-09-27 16:18:00,160.0,0.635,0.635,0.635,0.635,0.635,2
2023-09-27 16:19:00,301.0,0.6292,0.6301,0.622676,0.635,0.622676,4
2023-09-27 16:20:00,5438.0,0.6229,0.623,0.6225,0.6235,0.6225,12
2023-09-27 16:21:00,1200.0,0.6276,0.62875,0.6235,0.62875,0.6235,3
2023-09-27 16:23:00,10002.0,0.6229,0.6235,0.6226,0.6235,0.6226,5
2023-09-27 16:24:00,300.0,0.6288,0.62875,0.62875,0.62875,0.62875,1
2023-09-27 16:25:00,100.0,0.6226,0.6226,0.6226,0.6226,0.6226,1
2023-09-27 16:26:00,20000.0,0.6233,0.6235,0.6225,0.6235,0.6225,14
2023-09-27 16:27:00,4504.0,0.6226,0.6226,0.6225,0.6226,0.6225,15
2023-09-27 16:28:00,2001.0,0.6349,0.6349,0.6349,0.6349,0.6349,2
2023-09-27 16:31:00,19263.0,0.6225,0.6225,0.622,0.6225,0.622,12
2023-09-27 16:34:00,1388.0,0.62,0.62,0.62,0.62,0.62,6
2023-09-27 16:37:00,600.0,0.6244,0.6244,0.6244,0.6244,0.6244,1
2023-09-27 16:45:00,1276.0,0.6242,0.6275,0.62,0.6275,0.62,4
2023-09-27 16:47:00,1201.0,0.6327,0.6215,0.6349,0.6349,0.6215,3
2023-09-27 16:50:00,400.0,0.6275,0.6275,0.6275,0.6275,0.6275,1
2023-09-27 16:51:00,100.0,0.625,0.625,0.625,0.625,0.625,1
2023-09-27 16:52:00,300.0,0.6275,0.6275,0.6275,0.6275,0.6275,1
2023-09-27 16:53:00,322.0,0.6239,0.62,0.6275,0.6275,0.62,5
2023-09-27 16:57:00,1501.0,0.6332,0.634899,0.625,0.634899,0.62,4
2023-09-27 17:01:00,1200.0,0.62,0.620001,0.620001,0.620001,0.620001,1
2023-09-27 17:03:00,800.0,0.6312,0.634,0.625,0.634,0.6205,4
2023-09-27 17:04:00,6994.0,0.6201,0.62,0.62,0.620375,0.62,31
2023-09-27 17:06:00,500.0,0.6195,0.6195,0.6195,0.6195,0.6195,5
2023-09-27 17:08:00,900.0,0.618,0.617,0.62,0.62,0.617,4
2023-09-27 17:09:00,506.0,0.6194,0.6199,0.62,0.62,0.6185,6
2023-09-27 17:10:00,400.0,0.6185,0.617,0.6231,0.6231,0.617,2
2023-09-27 17:16:00,3309.0,0.6182,0.617,0.6185,0.6185,0.617,4
2023-09-27 17:19:00,1006.0,0.6196,0.6195,0.6195,0.6195,0.6195,2
2023-09-27 17:21:00,600.0,0.6195,0.6185,0.62,0.62,0.6185,2
2023-09-27 17:29:00,2000.0,0.6201,0.6201,0.6201,0.6201,0.6201,1
2023-09-27 17:34:00,102.0,0.6201,0.6201,0.6201,0.6201,0.6201,2
2023-09-27 17:35:00,103.0,0.623,0.623,0.623,0.623,0.623,1
2023-09-27 17:37:00,1471.0,0.6201,0.6201,0.6201,0.6201,0.62,11
2023-09-27 17:38:00,428.0,0.6201,0.62,0.62,0.62,0.62,6
2023-09-27 17:40:00,500.0,0.6196,0.6196,0.6196,0.6196,0.6196,1
2023-09-27 17:46:00,500.0,0.6196,0.6196,0.6196,0.6196,0.6196,1
2023-09-27 17:49:00,115.0,0.6201,0.6201,0.6201,0.6201,0.6201,1
2023-09-27 17:56:00,1501.0,0.6202,0.6201,0.62,0.620256,0.62,10
2023-09-27 17:57:00,1500.0,0.6196,0.62,0.6195,0.62,0.6195,9
2023-09-27 18:00:00,150.0,0.6186,0.618601,0.618601,0.618601,0.618601,1
2023-09-27 18:03:00,101.0,0.6171,0.6171,0.6171,0.6171,0.6171,2
2023-09-27 18:15:00,102.0,0.62,0.62,0.62,0.62,0.62,2
2023-09-27 18:18:00,3602.0,0.6189,0.62,0.6171,0.6201,0.6171,11
2023-09-27 18:20:00,988.0,0.6178,0.6178,0.6178,0.6178,0.6178,2
2023-09-27 18:22:00,209.0,0.62,0.62,0.62,0.62,0.62,3
2023-09-27 18:23:00,300.0,0.6178,0.6178,0.6178,0.6178,0.6178,1
2023-09-27 18:24:00,1300.0,0.6171,0.6171,0.6172,0.6172,0.6171,3
2023-09-27 18:30:00,320.0,0.6194,0.6201,0.6201,0.6201,0.6201,2
2023-09-27 18:35:00,1325.0,0.6183,0.6186,0.6171,0.6201,0.6171,4
2023-09-27 18:36:00,2125.0,0.62,0.6201,0.6171,0.6201,0.6171,4
2023-09-27 18:38:00,404.0,0.6226,0.6225,0.6225,0.6225,0.6225,5
2023-09-27 18:44:00,100.0,0.6221,0.6221,0.6221,0.6221,0.6221,1
2023-09-27 18:45:00,100.0,0.6274,0.6274,0.6274,0.6274,0.6274,1
2023-09-27 18:48:00,341.0,0.6274,0.627401,0.627401,0.627401,0.627401,1
2023-09-27 18:59:00,1890.0,0.6221,0.622,0.6221,0.6221,0.622,6
2023-09-27 19:02:00,191.0,0.62,0.62,0.62,0.62,0.62,2
2023-09-27 19:10:00,10735.0,0.6283,0.6171,0.6236,0.63,0.6171,31
2023-09-27 19:15:00,394.0,0.6236,0.6236,0.6236,0.6236,0.6236,4
2023-09-27 19:36:00,100.0,0.6236,0.6236,0.6236,0.6236,0.6236,1
2023-09-27 19:38:00,1282.0,0.6256,0.6268,0.626641,0.6268,0.6236,12
2023-09-27 19:40:00,300.0,0.6246,0.6236,0.626641,0.626641,0.6236,4
2023-09-27 19:42:00,2100.0,0.6232,0.6235,0.6235,0.6235,0.6235,3
2023-09-27 19:45:00,4874.0,0.618,0.6235,0.6171,0.6235,0.617,13
2023-09-27 19:46:00,100.0,0.6235,0.6235,0.6235,0.6235,0.6235,1
2023-09-27 19:48:00,11810.0,0.6204,0.62175,0.62,0.63,0.62,11
2023-09-27 19:49:00,454.0,0.6253,0.62505,0.62505,0.62505,0.62505,3
2023-09-27 19:52:00,1009.0,0.6201,0.6201,0.62032,0.62032,0.6201,5
2023-09-27 19:53:00,5214.0,0.6292,0.6201,0.6298,0.6298,0.6201,9
2023-09-27 19:54:00,440.0,0.622,0.6201,0.6201,0.6201,0.6201,2
2023-09-27 19:55:00,337.0,0.6201,0.6201,0.6201,0.6201,0.6201,1
2023-09-27 19:56:00,102.0,0.625,0.625,0.625,0.625,0.625,1
2023-09-27 19:57:00,100.0,0.6201,0.6201,0.6201,0.6201,0.6201,1
2023-09-27 19:59:00,6106.0,0.6288,0.6201,0.625,0.6299,0.6201,16
2023-09-27 20:33:00,2000.0,0.6349,0.6349,0.6349,0.6349,0.6349,1
2023-09-27 23:28:00,100.0,0.6344,0.6344,0.6344,0.6344,0.6344,1
2023-09-28 13:25:00,268.0,0.6304,0.63,0.63,0.63,0.63,4
2023-09-28 13:30:00,4424.0,0.6169,0.63,0.6103,0.63,0.6103,9
2023-09-28 13:32:00,1500.0,0.6103,0.6103,0.6103,0.6103,0.6103,1
2023-09-28 13:33:00,2023.0,0.611,0.611,0.611,0.611,0.611,3
2023-09-28 13:34:00,2818.0,0.6108,0.6103,0.611,0.611,0.6103,3
2023-09-28 13:35:00,600.0,0.611,0.611,0.611,0.611,0.611,1
2023-09-28 13:48:00,4600.0,0.6116,0.6112,0.615,0.615,0.6104,10
2023-09-28 13:50:00,6700.0,0.6149,0.615,0.6149,0.615,0.6149,8
2023-09-28 13:51:00,1017.0,0.6104,0.6104,0.6104,0.6104,0.6104,3
2023-09-28 13:52:00,8863.0,0.6024,0.6103,0.6,0.6103,0.6,21
2023-09-28 13:53:00,600.0,0.6148,0.6148,0.6148,0.6148,0.6148,1
2023-09-28 13:55:00,3000.0,0.614,0.614,0.614,0.614,0.614,1
2023-09-28 13:57:00,2004.0,0.608,0.61,0.6,0.61,0.6,9
2023-09-28 13:58:00,1200.0,0.6025,0.6149,0.6,0.6149,0.6,6
2023-09-28 13:59:00,3300.0,0.6,0.6,0.6,0.6,0.6,18
2023-09-28 14:00:00,1000.0,0.605,0.605,0.605,0.605,0.605,2
2023-09-28 14:01:00,570.0,0.6065,0.61,0.605,0.61,0.605,3
2023-09-28 14:02:00,2779.0,0.6028,0.6051,0.6049,0.6051,0.6,9
2023-09-28 14:03:00,500.0,0.6,0.6,0.6,0.6,0.6,4
2023-09-28 14:05:00,333.0,0.6145,0.614524,0.614524,0.614524,0.614524,1
2023-09-28 14:08:00,330.0,0.6013,0.6,0.6,0.6,0.6,2
2023-09-28 14:12:00,300.0,0.6064,0.6064,0.6064,0.6064,0.6064,1
2023-09-28 14:15:00,501.0,0.6085,0.6074,0.61,0.61,0.6074,3
2023-09-28 14:31:00,730.0,0.606,0.60595,0.60595,0.60595,0.60595,1
2023-09-28 14:42:00,1028.0,0.6005,0.6001,0.6,0.6001,0.6,12
2023-09-28 14:43:00,200.0,0.6,0.6,0.6,0.6,0.6,1
2023-09-28 15:01:00,100.0,0.6099,0.6099,0.6099,0.6099,0.6099,1
2023-09-28 15:02:00,500.0,0.6099,0.609899,0.609899,0.609899,0.609899,1
2023-09-28 15:03:00,2513.0,0.6054,0.605,0.606471,0.606471,0.6,16
2023-09-28 15:12:00,120.0,0.6,0.6,0.6,0.6,0.6,2
2023-09-28 15:13:00,5010.0,0.6074,0.607399,0.607399,0.607399,0.607399,2
2023-09-28 15:16:00,226.0,0.6089,0.608899,0.608899,0.608899,0.608899,2
2023-09-28 15:17:00,1297.0,0.6041,0.6,0.6045,0.6045,0.6,3
2023-09-28 15:20:00,777.0,0.6034,0.604,0.604,0.604,0.604,6
2023-09-28 15:23:00,208.0,0.6021,0.6022,0.6022,0.6022,0.6022,2
2023-09-28 15:55:00,1750.0,0.6041,0.604449,0.6,0.604449,0.6,5
2023-09-28 15:56:00,1000.0,0.6089,0.6089,0.6089,0.6089,0.6089,2
2023-09-28 16:07:00,9460.0,0.6089,0.6089,0.6089,0.6089,0.6089,14
2023-09-28 16:15:00,3255.0,0.6044,0.602101,0.6148,0.6148,0.602101,5
2023-09-28 16:32:00,2250.0,0.6021,0.6021,0.6021,0.6021,0.6021,1
2023-09-28 16:42:00,200.0,0.61,0.61,0.61,0.61,0.61,1
2023-09-28 16:43:00,704.0,0.6104,0.61,0.61,0.61,0.61,10
2023-09-28 16:46:00,200.0,0.61,0.61,0.61,0.61,0.61,2
2023-09-28 16:52:00,2500.0,0.6148,0.614799,0.614799,0.614799,0.614799,1
2023-09-28 16:54:00,400.0,0.61,0.61,0.61,0.61,0.61,4
2023-09-28 16:57:00,1728.0,0.6142,0.6142,0.6142,0.6142,0.6142,1
2023-09-28 16:58:00,400.0,0.6148,0.614782,0.614799,0.614799,0.614782,2
2023-09-28 17:01:00,400.0,0.6149,0.6149,0.6149,0.6149,0.6149,3
2023-09-28 17:31:00,100.0,0.611,0.611,0.611,0.611,0.611,1
2023-09-28 17:36:00,2000.0,0.6201,0.624,0.615,0.624,0.615,4
2023-09-28 18:18:00,100.0,0.6115,0.6115,0.6115,0.6115,0.6115,1
2023-09-28 18:38:00,6754.0,0.6107,0.611,0.6101,0.612,0.6101,19
2023-09-28 18:39:00,3186.0,0.6106,0.615,0.6125,0.615,0.6101,8
2023-09-28 18:40:00,100.0,0.611,0.611,0.611,0.611,0.611,1
2023-09-28 18:41:00,15763.0,0.6117,0.612,0.6072,0.6125,0.602,23
2023-09-28 18:43:00,861.0,0.6027,0.602,0.604,0.6075,0.602,10
2023-09-28 18:45:00,2330.0,0.6031,0.602,0.604,0.604,0.602,10
2023-09-28 18:51:00,4403.0,0.6022,0.604,0.604,0.604,0.6,10
2023-09-28 18:52:00,707.0,0.604,0.604,0.6042,0.6042,0.6039,10
2023-09-28 18:54:00,3000.0,0.6149,0.614899,0.614899,0.614899,0.614899,1
2023-09-28 19:21:00,700.0,0.61,0.61,0.61,0.61,0.61,9
2023-09-28 19:22:00,600.0,0.61,0.61,0.61,0.61,0.61,6
2023-09-28 19:25:00,3238.0,0.6006,0.601,0.6006,0.601,0.6006,4
2023-09-28 19:27:00,5555.0,0.617,0.614,0.623,0.624,0.614,30
2023-09-28 19:38:00,1007.0,0.6217,0.6218,0.6218,0.6218,0.6218,2
2023-09-28 19:49:00,135.0,0.622,0.622,0.622,0.622,0.622,3
2023-09-28 19:52:00,100.0,0.62,0.62,0.62,0.62,0.62,1
2023-09-28 19:53:00,377.0,0.6212,0.622,0.6191,0.622,0.6191,6
2023-09-28 19:55:00,200.0,0.6009,0.6009,0.6009,0.6009,0.6009,1
2023-09-28 19:56:00,428.0,0.61,0.6015,0.6115,0.622,0.6015,3
2023-09-28 19:58:00,701.0,0.6018,0.602,0.6011,0.602,0.6011,4
2023-09-28 19:59:00,7386.0,0.6181,0.622,0.621,0.622,0.6011,18
2023-09-29 11:43:00,360.0,0.611,0.611,0.611,0.611,0.611,1
2023-09-29 12:33:00,2169.0,0.6157,0.611,0.6284,0.636,0.611,7
2023-09-29 12:34:00,100.0,0.636,0.636,0.636,0.636,0.636,1
2023-09-29 12:35:00,333.0,0.6015,0.6015,0.6015,0.6015,0.6015,1
2023-09-29 13:27:00,294.0,0.6014,0.6014,0.6014,0.6014,0.6014,1
2023-09-29 13:30:00,23003.0,0.61,0.61,0.61,0.61,0.61,3
2023-09-29 13:37:00,15200.0,0.61,0.6101,0.61,0.6101,0.61,4
2023-09-29 13:38:00,4704.0,0.6188,0.619,0.615049,0.619,0.615049,4
2023-09-29 13:40:00,657.0,0.615,0.615,0.615,0.615,0.615,3
2023-09-29 13:47:00,104.0,0.62,0.62,0.62,0.62,0.62,3
2023-09-29 13:52:00,296.0,0.62,0.62,0.62,0.62,0.62,5
2023-09-29 13:59:00,6000.0,0.625,0.624999,0.624999,0.624999,0.624999,1
2023-09-29 14:02:00,1010.0,0.6299,0.6299,0.6299,0.6299,0.6299,2
2023-09-29 14:15:00,1000.0,0.6201,0.6201,0.6201,0.6201,0.6201,1
2023-09-29 14:23:00,170.0,0.62,0.62,0.62,0.62,0.62,1
2023-09-29 14:31:00,717.0,0.6235,0.62355,0.62355,0.62355,0.62355,3
2023-09-29 14:34:00,416.0,0.608,0.608,0.608,0.608,0.608,1
2023-09-29 14:39:00,434.0,0.608,0.608,0.608,0.608,0.608,4
2023-09-29 15:01:00,7282.0,0.6297,0.6299,0.6225,0.6299,0.6225,4
2023-09-29 15:02:00,5000.0,0.6299,0.6299,0.6299,0.6299,0.6299,1
2023-09-29 15:05:00,2601.0,0.6238,0.62375,0.62375,0.62375,0.62375,2
2023-09-29 15:39:00,12378.0,0.6195,0.62,0.6131,0.62,0.6131,30
2023-09-29 15:50:00,100.0,0.629,0.629,0.629,0.629,0.629,1
2023-09-29 16:42:00,389.0,0.615,0.615,0.615,0.615,0.615,8
2023-09-29 16:43:00,1000.0,0.6125,0.612451,0.612451,0.612451,0.612451,1
2023-09-29 17:12:00,370.0,0.6131,0.605,0.6199,0.6199,0.605,5
2023-09-29 17:21:00,2402.0,0.6125,0.612549,0.612549,0.612549,0.612549,2
2023-09-29 17:22:00,10028.0,0.616,0.616,0.616,0.616,0.616,1
2023-09-29 18:00:00,102.0,0.6148,0.615,0.615,0.615,0.615,2
2023-09-29 18:05:00,531.0,0.6153,0.6159,0.6159,0.6159,0.6159,3
2023-09-29 18:12:00,11172.0,0.6155,0.6159,0.606,0.6159,0.606,2
2023-09-29 18:13:00,1085.0,0.6055,0.605,0.605,0.605,0.605,4
2023-09-29 18:30:00,101.0,0.6139,0.614,0.614,0.614,0.614,2
2023-09-29 18:33:00,1900.0,0.6069,0.607,0.606,0.607,0.606,2
2023-09-29 18:34:00,10320.0,0.606,0.606,0.605,0.606,0.605,7
2023-09-29 18:52:00,300.0,0.6148,0.6148,0.6148,0.6148,0.6148,1
2023-09-29 18:59:00,129.0,0.609,0.607313,0.607313,0.607313,0.607313,3
2023-09-29 19:04:00,111.0,0.6107,0.61035,0.61035,0.61035,0.61035,3
2023-09-29 19:16:00,100.0,0.6115,0.61145,0.61145,0.61145,0.61145,1
2023-09-29 19:28:00,532.0,0.6137,0.61145,0.6147,0.6147,0.61145,9
2023-09-29 19:30:00,109.0,0.6117,0.61145,0.61145,0.61145,0.61145,3
2023-09-29 19:33:00,510.0,0.6101,0.61,0.61,0.61,0.61,3
2023-09-29 19:37:00,3130.0,0.6148,0.6149,0.6149,0.6149,0.6137,18
2023-09-29 19:38:00,111.0,0.6137,0.6137,0.6137,0.6137,0.6137,3
2023-09-29 19:41:00,630.0,0.6102,0.61024,0.61024,0.61024,0.61024,4
2023-09-29 19:43:00,101.0,0.6148,0.61478,0.61478,0.61478,0.61478,1
2023-09-29 19:44:00,451.0,0.6101,0.610101,0.610101,0.610101,0.610101,1
2023-09-29 19:45:00,320.0,0.6101,0.6101,0.6101,0.6101,0.6101,1
2023-09-29 19:48:00,240.0,0.6118,0.6115,0.6115,0.6115,0.6115,7
2023-09-29 19:49:00,170.0,0.6107,0.61,0.61,0.61,0.61,4
2023-09-29 19:51:00,1958.0,0.6148,0.6148,0.6148,0.6148,0.6148,1
2023-09-29 19:52:00,722.0,0.6149,0.6149,0.6149,0.6149,0.6149,15
2023-09-29 19:53:00,2658.0,0.6137,0.61,0.615,0.616,0.61,25
2023-09-29 19:54:00,190.0,0.61,0.61,0.61,0.61,0.61,2
2023-09-29 19:58:00,1049.0,0.6158,0.616,0.615,0.616,0.615,12
2023-09-29 19:59:00,4559.0,0.6142,0.616,0.616,0.616,0.6082,20
2023-09-29 23:20:00,309.0,0.616,0.616,0.616,0.616,0.616,1
