t,v,vw,o,c,h,l,n
2024-04-01 10:12:00,100,47.94,47.94,47.94,47.94,47.94,1
2024-04-01 10:32:00,507,47.8226,47.82,47.81,47.82,47.81,7
2024-04-01 11:00:00,126,47.5937,47.6,47.6,47.6,47.6,3
2024-04-01 13:27:00,100,47.97,47.97,47.97,47.97,47.97,1
2024-04-01 13:29:00,1373,48.0053,47.99,48.04,48.04,47.98,11
2024-04-01 13:30:00,100061,47.9383,48.08,47.785,48.08,47.76,253
2024-04-01 13:31:00,10448,47.7805,47.76,47.8,47.85,47.74,178
2024-04-01 13:32:00,8624,47.7963,47.815,47.68,47.89,47.65,155
2024-04-01 13:33:00,2832,47.6876,47.67,47.69,47.73,47.64,69
2024-04-01 13:34:00,4263,47.6586,47.67,47.66,47.73,47.62,99
2024-04-01 13:35:00,11181,47.5147,47.665,47.44,47.68,47.425,175
2024-04-01 13:36:00,10303,47.3912,47.43,47.32,47.46,47.32,146
2024-04-01 13:37:00,6288,47.2844,47.31,47.24,47.31,47.24,95
2024-04-01 13:38:00,4444,47.2313,47.23,47.23,47.25,47.205,91
2024-04-01 13:39:00,6224,47.2926,47.23,47.295,47.34,47.23,92
2024-04-01 13:40:00,4580,47.2913,47.29,47.3,47.325,47.26,86
2024-04-01 13:41:00,4231,47.3053,47.295,47.35,47.35,47.27,91
2024-04-01 13:42:00,5645,47.3989,47.35,47.41,47.43,47.35,86
2024-04-01 13:43:00,10483,47.4505,47.42,47.44,47.48,47.42,145
2024-04-01 13:44:00,2484,47.4182,47.44,47.43,47.44,47.395,42
2024-04-01 13:45:00,5132,47.4398,47.43,47.42,47.46,47.42,100
2024-04-01 13:46:00,5752,47.3459,47.39,47.36,47.39,47.315,114
2024-04-01 13:47:00,3044,47.3404,47.365,47.35,47.365,47.315,71
2024-04-01 13:48:00,9617,47.3805,47.35,47.39,47.435,47.35,138
2024-04-01 13:49:00,3329,47.4089,47.41,47.39,47.425,47.385,58
2024-04-01 13:50:00,2861,47.442,47.4,47.47,47.47,47.4,68
2024-04-01 13:51:00,15873,47.527,47.48,47.55,47.56,47.48,147
2024-04-01 13:52:00,6606,47.514,47.54,47.535,47.5475,47.49,105
2024-04-01 13:53:00,4017,47.5287,47.535,47.51,47.55,47.51,63
2024-04-01 13:54:00,2496,47.5309,47.5288,47.535,47.54,47.525,46
2024-04-01 13:55:00,3659,47.5021,47.53,47.475,47.53,47.475,68
2024-04-01 13:56:00,4206,47.4909,47.49,47.485,47.52,47.47,82
2024-04-01 13:57:00,3086,47.5037,47.475,47.53,47.53,47.475,59
2024-04-01 13:58:00,2966,47.5321,47.523,47.54,47.54,47.52,45
2024-04-01 13:59:00,3252,47.5483,47.54,47.56,47.56,47.54,50
2024-04-01 14:00:00,5579,47.5202,47.55,47.475,47.55,47.475,89
2024-04-01 14:01:00,3396,47.4459,47.475,47.43,47.475,47.43,66
2024-04-01 14:02:00,2971,47.417,47.43,47.435,47.435,47.4,74
2024-04-01 14:03:00,6295,47.4614,47.44,47.495,47.495,47.435,111
2024-04-01 14:04:00,3663,47.4611,47.49,47.44,47.49,47.44,76
2024-04-01 14:05:00,5014,47.4431,47.44,47.45,47.45,47.435,99
2024-04-01 14:06:00,6640,47.5165,47.47,47.53,47.55,47.465,109
2024-04-01 14:07:00,5527,47.5013,47.525,47.485,47.53,47.45,108
2024-04-01 14:08:00,6594,47.4822,47.48,47.51,47.51,47.445,93
2024-04-01 14:09:00,5872,47.4948,47.51,47.48,47.51,47.475,74
2024-04-01 14:10:00,6270,47.4821,47.475,47.48,47.49,47.47,109
2024-04-01 14:11:00,5118,47.5354,47.5,47.56,47.57,47.5,91
2024-04-01 14:12:00,4498,47.5722,47.555,47.61,47.61,47.555,80
2024-04-01 14:13:00,10809,47.5829,47.595,47.55,47.62,47.55,155
2024-04-01 14:14:00,3957,47.5384,47.55,47.56,47.56,47.525,98
2024-04-01 14:15:00,6122,47.5526,47.555,47.535,47.58,47.535,99
2024-04-01 14:16:00,5645,47.5307,47.53,47.53,47.54,47.52,86
2024-04-01 14:17:00,1326,47.562,47.56,47.565,47.57,47.555,35
2024-04-01 14:18:00,7368,47.5709,47.565,47.5699,47.58,47.56,129
2024-04-01 14:19:00,8825,47.5394,47.56,47.56,47.565,47.515,125
2024-04-01 14:20:00,6798,47.5685,47.57,47.57,47.575,47.56,105
2024-04-01 14:21:00,9530,47.6181,47.6,47.615,47.64,47.6,126
2024-04-01 14:22:00,11808,47.5825,47.61,47.565,47.61,47.56,119
2024-04-01 14:23:00,2740,47.5584,47.565,47.56,47.5675,47.545,53
2024-04-01 14:24:00,6194,47.5993,47.555,47.575,47.63,47.555,103
2024-04-01 14:25:00,4017,47.5684,47.575,47.56,47.58,47.555,64
2024-04-01 14:26:00,8763,47.5465,47.555,47.505,47.565,47.505,101
2024-04-01 14:27:00,3572,47.5129,47.52,47.495,47.52,47.495,79
2024-04-01 14:28:00,6973,47.4786,47.495,47.48,47.495,47.47,92
2024-04-01 14:29:00,2721,47.4653,47.475,47.435,47.485,47.435,62
2024-04-01 14:30:00,8848,47.4506,47.44,47.45,47.45,47.43,110
2024-04-01 14:31:00,6406,47.4248,47.43,47.425,47.43,47.41,86
2024-04-01 14:32:00,9736,47.4864,47.43,47.5,47.52,47.43,158
2024-04-01 14:33:00,6012,47.4957,47.49,47.505,47.51,47.48,99
2024-04-01 14:34:00,5870,47.5405,47.505,47.57,47.58,47.505,97
2024-04-01 14:35:00,6783,47.6041,47.58,47.615,47.63,47.58,123
2024-04-01 14:36:00,4317,47.6491,47.615,47.68,47.68,47.615,84
2024-04-01 14:37:00,7426,47.666,47.67,47.685,47.69,47.66,117
2024-04-01 14:38:00,4457,47.6791,47.685,47.675,47.69,47.67,75
2024-04-01 14:39:00,6961,47.7052,47.68,47.715,47.725,47.675,161
2024-04-01 14:40:00,9071,47.7114,47.72,47.74,47.755,47.7,120
2024-04-01 14:41:00,2315,47.7658,47.75,47.78,47.78,47.75,60
2024-04-01 14:42:00,3851,47.8091,47.79,47.83,47.83,47.79,78
2024-04-01 14:43:00,3483,47.8285,47.83,47.84,47.84,47.83,95
2024-04-01 14:44:00,9011,47.8274,47.84,47.81,47.85,47.81,147
2024-04-01 14:45:00,8537,47.8144,47.82,47.8,47.825,47.795,129
2024-04-01 14:46:00,8137,47.8118,47.82,47.795,47.835,47.79,106
2024-04-01 14:47:00,7166,47.8429,47.8,47.86,47.87,47.8,115
2024-04-01 14:48:00,4708,47.8765,47.855,47.895,47.895,47.855,81
2024-04-01 14:49:00,4494,47.9206,47.89,47.95,47.95,47.89,62
2024-04-01 14:50:00,7053,47.9506,47.955,47.93,47.97,47.925,134
2024-04-01 14:51:00,9206,47.8872,47.92,47.895,47.92,47.87,133
2024-04-01 14:52:00,3386,47.9054,47.9,47.93,47.93,47.895,74
2024-04-01 14:53:00,6710,47.9506,47.92,47.97,47.975,47.92,85
2024-04-01 14:54:00,5666,47.976,47.965,47.965,47.995,47.965,94
2024-04-01 14:55:00,2995,47.9574,47.96,47.985,47.985,47.945,96
2024-04-01 14:56:00,5364,47.9825,47.985,47.98,47.99,47.975,86
2024-04-01 14:57:00,7836,47.9909,47.98,47.995,48.005,47.97,150
2024-04-01 14:58:00,6952,47.9908,48.0,47.955,48.01,47.955,139
2024-04-01 14:59:00,5844,47.9621,47.9601,47.965,47.97,47.95,97
2024-04-01 15:00:00,6356,47.9597,47.965,47.96,47.975,47.94,132
2024-04-01 15:01:00,1084,47.9559,47.955,47.96,47.96,47.955,25
2024-04-01 15:02:00,10107,47.9683,47.96,47.95,47.99,47.945,182
2024-04-01 15:03:00,5958,47.9765,47.96,47.975,47.99,47.96,106
2024-04-01 15:04:00,8423,47.9767,47.97,47.99,47.995,47.96,147
2024-04-01 15:05:00,10427,48.0027,47.99,48.01,48.03,47.99,115
2024-04-01 15:06:00,8618,48.0245,48.025,48.03,48.04,48.0,121
2024-04-01 15:07:00,9438,47.9809,48.0301,47.945,48.0301,47.945,105
2024-04-01 15:08:00,5105,47.9817,47.94,48.03,48.03,47.94,101
2024-04-01 15:09:00,5807,48.0403,48.03,48.06,48.06,48.03,76
2024-04-01 15:10:00,9229,48.0328,48.06,48.0325,48.06,48.02,146
2024-04-01 15:11:00,3124,48.0461,48.04,48.04,48.06,48.04,82
2024-04-01 15:12:00,3330,48.0467,48.045,48.04,48.055,48.035,67
2024-04-01 15:13:00,3719,48.0578,48.035,48.065,48.08,48.03,81
2024-04-01 15:14:00,12386,48.0481,48.06,48.045,48.085,48.045,136
2024-04-01 15:15:00,5321,48.0518,48.05,48.035,48.065,48.03,99
2024-04-01 15:16:00,12737,48.0308,48.04,47.995,48.065,47.97,142
2024-04-01 15:17:00,2067,47.9886,47.995,47.985,47.995,47.985,37
2024-04-01 15:18:00,33020,47.9503,47.985,48.0,48.0,47.91,298
2024-04-01 15:19:00,2645,47.9895,47.99,48.0,48.0,47.98,63
2024-04-01 15:20:00,6740,47.9996,48.005,48.0,48.01,47.99,101
2024-04-01 15:21:00,8675,47.9911,47.995,47.99,48.005,47.975,123
2024-04-01 15:22:00,1445,47.9774,47.98,47.97,47.98,47.97,43
2024-04-01 15:23:00,4388,47.9757,47.975,47.99,47.99,47.965,101
2024-04-01 15:24:00,5509,47.9828,47.99,47.985,48.0,47.96,86
2024-04-01 15:25:00,5712,47.9961,47.97,48.025,48.03,47.97,99
2024-04-01 15:26:00,4602,48.0216,48.025,48.035,48.035,48.02,70
2024-04-01 15:27:00,6956,48.0592,48.04,48.06,48.075,48.04,104
2024-04-01 15:28:00,2021,48.0781,48.07,48.09,48.09,48.07,59
2024-04-01 15:29:00,3919,48.0923,48.09,48.085,48.1,48.085,74
2024-04-01 15:30:00,4563,48.0801,48.085,48.085,48.085,48.075,76
2024-04-01 15:31:00,9056,48.0991,48.085,48.11,48.12,48.085,120
2024-04-01 15:32:00,3723,48.0949,48.11,48.09,48.11,48.08,66
2024-04-01 15:33:00,13587,48.1098,48.1,48.115,48.13,48.1,113
2024-04-01 15:34:00,2496,48.1203,48.117,48.13,48.13,48.115,56
2024-04-01 15:35:00,7470,48.1197,48.12,48.147,48.147,48.105,144
2024-04-01 15:36:00,10684,48.1481,48.14,48.13,48.17,48.13,186
2024-04-01 15:37:00,9176,48.1129,48.12,48.09,48.13,48.09,157
2024-04-01 15:38:00,2077,48.0962,48.09,48.095,48.1,48.09,56
2024-04-01 15:39:00,4927,48.1125,48.095,48.115,48.13,48.095,94
2024-04-01 15:40:00,4750,48.1059,48.11,48.095,48.115,48.095,90
2024-04-01 15:41:00,4143,48.0925,48.095,48.1,48.1,48.09,100
2024-04-01 15:42:00,4617,48.1254,48.11,48.145,48.15,48.11,74
2024-04-01 15:43:00,9459,48.1326,48.14,48.12,48.155,48.115,140
2024-04-01 15:44:00,4205,48.1386,48.13,48.135,48.15,48.13,64
2024-04-01 15:45:00,4307,48.1185,48.14,48.1,48.14,48.1,73
2024-04-01 15:46:00,4915,48.0893,48.09,48.095,48.1,48.08,88
2024-04-01 15:47:00,3495,48.0903,48.095,48.085,48.1,48.07,73
2024-04-01 15:48:00,4048,48.0995,48.085,48.1148,48.12,48.085,71
2024-04-01 15:49:00,4725,48.1158,48.115,48.1203,48.13,48.1,72
2024-04-01 15:50:00,5626,48.106,48.125,48.105,48.13,48.095,96
2024-04-01 15:51:00,3039,48.0857,48.09,48.075,48.09,48.075,52
2024-04-01 15:52:00,11316,48.0846,48.075,48.115,48.115,48.07,109
2024-04-01 15:53:00,8298,48.1148,48.11,48.12,48.125,48.11,56
2024-04-01 15:54:00,8031,48.1084,48.12,48.12,48.12,48.09,137
2024-04-01 15:55:00,5706,48.1296,48.11,48.145,48.15,48.11,80
2024-04-01 15:56:00,5910,48.1398,48.15,48.13,48.15,48.13,80
2024-04-01 15:57:00,7812,48.129,48.135,48.14,48.145,48.105,113
2024-04-01 15:58:00,13021,48.1834,48.135,48.195,48.21,48.135,109
2024-04-01 15:59:00,8765,48.2196,48.2,48.19,48.235,48.185,96
2024-04-01 16:00:00,11162,48.1713,48.18,48.16,48.185,48.155,140
2024-04-01 16:01:00,7464,48.1618,48.15,48.185,48.19,48.145,105
2024-04-01 16:02:00,12434,48.2145,48.19,48.24,48.24,48.19,110
2024-04-01 16:03:00,10750,48.2552,48.235,48.27,48.275,48.235,152
2024-04-01 16:04:00,11896,48.2589,48.27,48.26,48.29,48.22,148
2024-04-01 16:05:00,4670,48.2233,48.25,48.2,48.25,48.2,73
2024-04-01 16:06:00,4467,48.2,48.2,48.205,48.205,48.195,62
2024-04-01 16:07:00,5768,48.2385,48.21,48.24,48.255,48.21,82
2024-04-01 16:08:00,3961,48.2512,48.235,48.275,48.275,48.235,65
2024-04-01 16:09:00,10224,48.2885,48.2799,48.32,48.32,48.26,142
2024-04-01 16:10:00,3972,48.2996,48.31,48.305,48.31,48.285,63
2024-04-01 16:11:00,20288,48.3046,48.3,48.305,48.315,48.27,157
2024-04-01 16:12:00,8710,48.3094,48.31,48.32,48.32,48.29,160
2024-04-01 16:13:00,3564,48.3374,48.31,48.31,48.325,48.305,68
2024-04-01 16:14:00,1975,48.3058,48.3,48.31,48.315,48.3,33
2024-04-01 16:15:00,7229,48.3069,48.31,48.31,48.33,48.3,115
2024-04-01 16:16:00,12504,48.2755,48.31,48.25,48.31,48.235,136
2024-04-01 16:17:00,3880,48.2398,48.25,48.245,48.25,48.23,73
2024-04-01 16:18:00,7858,48.2446,48.25,48.245,48.26,48.235,75
2024-04-01 16:19:00,1772,48.2401,48.24,48.245,48.245,48.235,25
2024-04-01 16:20:00,721,48.2469,48.24,48.245,48.245,48.24,22
2024-04-01 16:21:00,4993,48.2437,48.25,48.225,48.25,48.225,89
2024-04-01 16:22:00,4414,48.2052,48.22,48.2065,48.22,48.185,86
2024-04-01 16:23:00,11049,48.186,48.19,48.18,48.19,48.18,77
2024-04-01 16:24:00,2225,48.1874,48.19,48.185,48.19,48.185,65
2024-04-01 16:25:00,5926,48.1747,48.175,48.175,48.18,48.16,85
2024-04-01 16:26:00,1564,48.1792,48.175,48.19,48.19,48.175,34
2024-04-01 16:27:00,7008,48.2149,48.19,48.24,48.24,48.19,118
2024-04-01 16:28:00,5187,48.2573,48.24,48.26,48.27,48.24,79
2024-04-01 16:29:00,1367,48.2442,48.26,48.245,48.26,48.245,33
2024-04-01 16:30:00,11641,48.2594,48.27,48.245,48.28,48.245,130
2024-04-01 16:31:00,2684,48.2396,48.2445,48.245,48.245,48.225,44
2024-04-01 16:32:00,2668,48.2569,48.25,48.275,48.275,48.25,44
2024-04-01 16:33:00,4310,48.2728,48.27,48.265,48.28,48.26,70
2024-04-01 16:34:00,2030,48.2768,48.265,48.29,48.29,48.265,39
2024-04-01 16:35:00,2668,48.2804,48.28,48.28,48.28,48.275,54
2024-04-01 16:36:00,2955,48.2969,48.295,48.29,48.3,48.29,31
2024-04-01 16:37:00,3529,48.289,48.3,48.275,48.3,48.275,51
2024-04-01 16:38:00,7157,48.2645,48.27,48.25,48.27,48.25,112
2024-04-01 16:39:00,1016,48.252,48.245,48.255,48.255,48.245,31
2024-04-01 16:40:00,2573,48.2644,48.255,48.28,48.28,48.255,40
2024-04-01 16:41:00,2694,48.2707,48.275,48.265,48.28,48.265,49
2024-04-01 16:42:00,5835,48.2581,48.2645,48.26,48.27,48.245,104
2024-04-01 16:43:00,1800,48.2665,48.25,48.28,48.28,48.25,36
2024-04-01 16:44:00,4259,48.28,48.28,48.275,48.285,48.275,61
2024-04-01 16:45:00,3777,48.2645,48.28,48.255,48.28,48.25,67
2024-04-01 16:46:00,4187,48.2339,48.255,48.225,48.255,48.22,84
2024-04-01 16:47:00,9486,48.1957,48.225,48.175,48.225,48.1725,160
2024-04-01 16:48:00,2999,48.1661,48.165,48.155,48.17,48.155,66
2024-04-01 16:49:00,5816,48.1484,48.15,48.14,48.16,48.14,75
2024-04-01 16:50:00,1585,48.1423,48.145,48.14,48.15,48.14,35
2024-04-01 16:51:00,5655,48.1402,48.14,48.13,48.15,48.1204,108
2024-04-01 16:52:00,2820,48.1477,48.14,48.14,48.155,48.14,49
2024-04-01 16:53:00,903,48.1494,48.15,48.15,48.15,48.15,30
2024-04-01 16:54:00,19124,48.1675,48.15,48.205,48.205,48.15,181
2024-04-01 16:55:00,5482,48.1797,48.205,48.175,48.205,48.165,62
2024-04-01 16:56:00,1488,48.1701,48.175,48.165,48.18,48.165,33
2024-04-01 16:57:00,5531,48.169,48.17,48.16,48.18,48.155,81
2024-04-01 16:58:00,1847,48.1631,48.155,48.16,48.17,48.155,47
2024-04-01 16:59:00,4241,48.1397,48.165,48.13,48.165,48.12,81
2024-04-01 17:00:00,1668,48.1388,48.14,48.135,48.14,48.135,26
2024-04-01 17:01:00,3295,48.1207,48.135,48.11,48.135,48.105,64
2024-04-01 17:02:00,1878,48.1165,48.11,48.115,48.12,48.11,39
2024-04-01 17:03:00,7648,48.1009,48.115,48.07,48.12,48.05,102
2024-04-01 17:04:00,1772,48.0695,48.07,48.06,48.07,48.06,26
2024-04-01 17:05:00,9497,48.0712,48.07,48.08,48.08,48.07,33
2024-04-01 17:06:00,2881,48.0781,48.075,48.075,48.08,48.0746,39
2024-04-01 17:07:00,3458,48.0601,48.07,48.06,48.07,48.045,76
2024-04-01 17:08:00,3377,48.0701,48.065,48.09,48.09,48.065,53
2024-04-01 17:09:00,2893,48.1019,48.09,48.11,48.11,48.09,52
2024-04-01 17:10:00,2729,48.1193,48.115,48.115,48.12,48.115,51
2024-04-01 17:11:00,2714,48.1152,48.115,48.115,48.115,48.105,53
2024-04-01 17:12:00,4481,48.1249,48.12,48.13,48.13,48.115,74
2024-04-01 17:13:00,1676,48.1253,48.1299,48.13,48.13,48.12,47
2024-04-01 17:14:00,2012,48.1416,48.14,48.15,48.15,48.135,51
2024-04-01 17:15:00,6415,48.1489,48.158,48.14,48.16,48.135,82
2024-04-01 17:16:00,5815,48.1295,48.13,48.155,48.16,48.12,97
2024-04-01 17:17:00,3745,48.1689,48.16,48.17,48.175,48.16,75
2024-04-01 17:18:00,2854,48.1581,48.17,48.17,48.17,48.165,48
2024-04-01 17:19:00,3388,48.1655,48.165,48.155,48.17,48.155,63
2024-04-01 17:20:00,2026,48.1401,48.14,48.145,48.145,48.13,45
2024-04-01 17:21:00,6321,48.1555,48.145,48.17,48.17,48.145,101
2024-04-01 17:22:00,12666,48.1555,48.16,48.155,48.16,48.155,33
2024-04-01 17:23:00,5578,48.1371,48.15,48.125,48.15,48.125,107
2024-04-01 17:24:00,2742,48.1196,48.125,48.105,48.13,48.105,53
2024-04-01 17:25:00,3744,48.1146,48.105,48.125,48.13,48.105,66
2024-04-01 17:26:00,5341,48.1519,48.13,48.17,48.175,48.13,94
2024-04-01 17:27:00,8632,48.1636,48.175,48.11,48.195,48.11,120
2024-04-01 17:28:00,2086,48.1199,48.115,48.115,48.12,48.11,44
2024-04-01 17:29:00,4486,48.1157,48.105,48.135,48.135,48.09,62
2024-04-01 17:30:00,5625,48.1138,48.135,48.095,48.14,48.09,89
2024-04-01 17:31:00,1847,48.1002,48.095,48.1,48.105,48.095,46
2024-04-01 17:32:00,8253,48.0691,48.09,48.06,48.09,48.05,139
2024-04-01 17:33:00,2412,48.0704,48.055,48.075,48.075,48.055,51
2024-04-01 17:34:00,895,48.0623,48.06,48.06,48.06,48.06,34
2024-04-01 17:35:00,1934,48.0684,48.055,48.085,48.085,48.055,51
2024-04-01 17:36:00,1991,48.0841,48.09,48.075,48.09,48.075,50
2024-04-01 17:37:00,1565,48.0773,48.075,48.07,48.08,48.07,28
2024-04-01 17:38:00,3591,48.0761,48.08,48.075,48.08,48.07,60
2024-04-01 17:39:00,5523,48.0645,48.08,48.07,48.085,48.045,117
2024-04-01 17:40:00,834,48.0674,48.06,48.075,48.075,48.06,43
2024-04-01 17:41:00,6020,48.0687,48.07,48.09,48.09,48.06,74
2024-04-01 17:42:00,2312,48.0996,48.1,48.11,48.11,48.095,60
2024-04-01 17:43:00,1710,48.1089,48.11,48.105,48.11,48.105,35
2024-04-01 17:44:00,1639,48.1112,48.1052,48.12,48.12,48.1048,54
2024-04-01 17:45:00,4552,48.1396,48.145,48.13,48.15,48.13,101
2024-04-01 17:46:00,1147,48.1356,48.14,48.145,48.145,48.14,35
2024-04-01 17:47:00,1239,48.1497,48.145,48.16,48.16,48.145,56
2024-04-01 17:48:00,8651,48.1401,48.165,48.16,48.17,48.135,115
2024-04-01 17:49:00,2028,48.1676,48.17,48.165,48.175,48.16,56
2024-04-01 17:50:00,2446,48.169,48.165,48.165,48.17,48.165,75
2024-04-01 17:51:00,7595,48.1534,48.165,48.13,48.165,48.13,130
2024-04-01 17:52:00,4597,48.1284,48.135,48.105,48.14,48.1,93
2024-04-01 17:53:00,3304,48.1078,48.105,48.13,48.13,48.095,87
2024-04-01 17:54:00,2985,48.1271,48.125,48.125,48.13,48.125,65
2024-04-01 17:55:00,4229,48.1248,48.13,48.13,48.14,48.115,115
2024-04-01 17:56:00,2024,48.1287,48.135,48.125,48.135,48.12,53
2024-04-01 17:57:00,1455,48.1273,48.125,48.125,48.13,48.1244,46
2024-04-01 17:58:00,2762,48.1276,48.125,48.135,48.135,48.12,90
2024-04-01 17:59:00,3019,48.1282,48.13,48.125,48.135,48.125,60
2024-04-01 18:00:00,1841,48.1384,48.14,48.135,48.14,48.135,53
2024-04-01 18:01:00,6264,48.1336,48.135,48.12,48.14,48.12,150
2024-04-01 18:02:00,2787,48.1088,48.115,48.115,48.115,48.1,75
2024-04-01 18:03:00,4451,48.1319,48.12,48.125,48.145,48.12,94
2024-04-01 18:04:00,2721,48.1354,48.13,48.125,48.14,48.125,59
2024-04-01 18:05:00,3687,48.1352,48.125,48.14,48.145,48.125,56
2024-04-01 18:06:00,4576,48.1558,48.145,48.155,48.17,48.145,99
2024-04-01 18:07:00,1023,48.1554,48.155,48.155,48.155,48.155,35
2024-04-01 18:08:00,2146,48.1601,48.155,48.165,48.165,48.155,64
2024-04-01 18:09:00,2697,48.1588,48.16,48.155,48.16,48.15,47
2024-04-01 18:10:00,3166,48.1502,48.155,48.155,48.16,48.14,94
2024-04-01 18:11:00,3238,48.1482,48.15,48.145,48.155,48.145,62
2024-04-01 18:12:00,4144,48.1541,48.15,48.16,48.16,48.15,87
2024-04-01 18:13:00,980,48.1595,48.16,48.16,48.16,48.1599,39
2024-04-01 18:14:00,3165,48.1669,48.16,48.185,48.185,48.16,87
2024-04-01 18:15:00,1980,48.188,48.19,48.189,48.19,48.185,65
2024-04-01 18:16:00,8145,48.1861,48.185,48.195,48.2,48.18,134
2024-04-01 18:17:00,2404,48.198,48.2,48.2059,48.2059,48.2,61
2024-04-01 18:18:00,8692,48.2072,48.21,48.23,48.23,48.195,143
2024-04-01 18:19:00,4832,48.2181,48.23,48.2,48.235,48.2,113
2024-04-01 18:20:00,3035,48.199,48.2,48.1931,48.21,48.1931,84
2024-04-01 18:21:00,3206,48.1946,48.195,48.185,48.2,48.185,77
2024-04-01 18:22:00,2435,48.1836,48.195,48.185,48.195,48.175,93
2024-04-01 18:23:00,3283,48.1924,48.18,48.2,48.2,48.18,90
2024-04-01 18:24:00,6480,48.2009,48.2,48.195,48.21,48.19,113
2024-04-01 18:25:00,1421,48.1909,48.195,48.185,48.195,48.185,64
2024-04-01 18:26:00,4807,48.1893,48.185,48.195,48.199,48.18,99
2024-04-01 18:27:00,1924,48.1966,48.195,48.195,48.2,48.195,64
2024-04-01 18:28:00,2575,48.1925,48.195,48.185,48.195,48.185,75
2024-04-01 18:29:00,2917,48.1981,48.19,48.21,48.21,48.19,79
2024-04-01 18:30:00,3571,48.2159,48.21,48.235,48.239,48.205,91
2024-04-01 18:31:00,4322,48.2284,48.23,48.225,48.23,48.225,101
2024-04-01 18:32:00,602,48.2257,48.225,48.225,48.225,48.225,42
2024-04-01 18:33:00,3818,48.2231,48.225,48.22,48.23,48.22,96
2024-04-01 18:34:00,4232,48.2047,48.21,48.195,48.21,48.195,108
2024-04-01 18:36:00,3215,48.2016,48.199,48.205,48.205,48.199,89
2024-04-01 18:37:00,3449,48.2005,48.205,48.195,48.205,48.19,81
2024-04-01 18:38:00,5044,48.1795,48.195,48.18,48.195,48.165,104
2024-04-01 18:39:00,5583,48.203,48.175,48.235,48.235,48.175,112
2024-04-01 18:40:00,1103,48.2341,48.2364,48.2325,48.2364,48.2325,37
2024-04-01 18:41:00,3030,48.2403,48.235,48.245,48.25,48.235,95
2024-04-01 18:42:00,9793,48.2422,48.245,48.215,48.255,48.215,161
2024-04-01 18:43:00,2715,48.2244,48.22,48.24,48.24,48.215,103
2024-04-01 18:44:00,3193,48.2435,48.25,48.26,48.26,48.245,89
2024-04-01 18:45:00,2840,48.2643,48.265,48.26,48.27,48.255,60
2024-04-01 18:46:00,1597,48.2587,48.265,48.255,48.265,48.255,70
2024-04-01 18:47:00,4370,48.2513,48.255,48.23,48.26,48.23,126
2024-04-01 18:48:00,3366,48.2267,48.22,48.215,48.235,48.215,76
2024-04-01 18:49:00,9103,48.2034,48.215,48.18,48.22,48.18,163
2024-04-01 18:50:00,3831,48.1736,48.165,48.175,48.18,48.165,98
2024-04-01 18:51:00,2861,48.1907,48.1736,48.195,48.2,48.1736,61
2024-04-01 18:52:00,19661,48.1947,48.195,48.185,48.2,48.185,76
2024-04-01 18:53:00,6390,48.1769,48.19,48.17,48.19,48.165,138
2024-04-01 18:54:00,5508,48.1872,48.18,48.165,48.185,48.165,73
2024-04-01 18:55:00,3724,48.1598,48.16,48.155,48.175,48.15,94
2024-04-01 18:56:00,3051,48.1588,48.17,48.155,48.17,48.155,67
2024-04-01 18:57:00,4642,48.167,48.16,48.165,48.175,48.16,99
2024-04-01 18:58:00,2887,48.1612,48.165,48.15,48.165,48.15,74
2024-04-01 18:59:00,3584,48.1645,48.155,48.175,48.175,48.155,106
2024-04-01 19:00:00,4586,48.1628,48.175,48.15,48.175,48.15,102
2024-04-01 19:01:00,26679,48.1359,48.145,48.125,48.155,48.11,289
2024-04-01 19:02:00,7509,48.1099,48.12,48.105,48.121,48.0948,114
2024-04-01 19:03:00,3664,48.1102,48.105,48.115,48.115,48.1,77
2024-04-01 19:04:00,14130,48.1429,48.13,48.16,48.165,48.11,171
2024-04-01 19:05:00,4330,48.1673,48.165,48.165,48.18,48.16,73
2024-04-01 19:06:00,3191,48.1762,48.17,48.185,48.185,48.17,64
2024-04-01 19:07:00,4899,48.1716,48.18,48.16,48.185,48.16,109
2024-04-01 19:08:00,2094,48.153,48.155,48.15,48.155,48.15,61
2024-04-01 19:09:00,7395,48.1425,48.145,48.14,48.15,48.13,111
2024-04-01 19:10:00,554,48.1467,48.15,48.145,48.15,48.145,33
2024-04-01 19:11:00,8990,48.1446,48.1497,48.135,48.155,48.135,132
2024-04-01 19:12:00,4928,48.1482,48.135,48.155,48.16,48.135,83
2024-04-01 19:13:00,1956,48.1546,48.155,48.155,48.155,48.155,62
2024-04-01 19:14:00,3597,48.1629,48.16,48.165,48.17,48.16,73
2024-04-01 19:15:00,9567,48.172,48.16,48.175,48.18,48.16,160
2024-04-01 19:16:00,2486,48.1717,48.175,48.165,48.175,48.165,79
2024-04-01 19:17:00,3108,48.1603,48.165,48.15,48.17,48.15,80
2024-04-01 19:18:00,6686,48.1494,48.155,48.155,48.155,48.14,106
2024-04-01 19:19:00,3107,48.1625,48.16,48.17,48.17,48.16,77
2024-04-01 19:20:00,4009,48.183,48.17,48.2,48.2,48.17,114
2024-04-01 19:21:00,5433,48.1976,48.205,48.185,48.21,48.185,120
2024-04-01 19:22:00,6942,48.1747,48.185,48.17,48.185,48.17,108
2024-04-01 19:23:00,6660,48.1686,48.16,48.19,48.19,48.155,144
2024-04-01 19:24:00,5015,48.2037,48.2,48.205,48.215,48.2,100
2024-04-01 19:25:00,4889,48.1837,48.2,48.175,48.2,48.175,109
2024-04-01 19:26:00,9087,48.1643,48.17,48.17,48.175,48.1495,170
2024-04-01 19:27:00,5894,48.165,48.17,48.155,48.17,48.1548,108
2024-04-01 19:28:00,3713,48.1598,48.16,48.165,48.165,48.155,81
2024-04-01 19:29:00,7038,48.1729,48.165,48.175,48.185,48.165,145
2024-04-01 19:30:00,6888,48.1751,48.175,48.17,48.185,48.165,166
2024-04-01 19:31:00,6020,48.1779,48.17,48.185,48.19,48.17,118
2024-04-01 19:32:00,10384,48.1732,48.18,48.165,48.18,48.165,116
2024-04-01 19:33:00,5821,48.1702,48.1625,48.175,48.18,48.1625,124
2024-04-01 19:34:00,5115,48.1594,48.175,48.15,48.175,48.145,136
2024-04-01 19:35:00,7951,48.1423,48.155,48.135,48.155,48.13,177
2024-04-01 19:36:00,5896,48.1339,48.135,48.14,48.14,48.125,135
2024-04-01 19:37:00,2823,48.1411,48.135,48.145,48.145,48.135,106
2024-04-01 19:38:00,10118,48.164,48.15,48.18,48.18,48.15,206
2024-04-01 19:39:00,4494,48.1913,48.19,48.195,48.195,48.185,103
2024-04-01 19:40:00,5766,48.2027,48.2,48.205,48.215,48.195,142
2024-04-01 19:41:00,7739,48.2137,48.205,48.23,48.24,48.2,169
2024-04-01 19:42:00,8266,48.254,48.24,48.28,48.28,48.24,200
2024-04-01 19:43:00,9450,48.2797,48.275,48.285,48.3,48.275,147
2024-04-01 19:44:00,12100,48.2648,48.29,48.31,48.315,48.29,130
2024-04-01 19:45:00,14934,48.3042,48.31,48.29,48.32,48.285,277
2024-04-01 19:46:00,6261,48.2816,48.29,48.27,48.29,48.27,109
2024-04-01 19:47:00,16024,48.2562,48.27,48.275,48.28,48.235,253
2024-04-01 19:48:00,11262,48.2912,48.275,48.295,48.305,48.275,174
2024-04-01 19:49:00,13420,48.2876,48.29,48.2898,48.305,48.27,224
2024-04-01 19:50:00,14872,48.2764,48.29,48.275,48.29,48.26,248
2024-04-01 19:51:00,14057,48.2706,48.27,48.26,48.28,48.26,203
2024-04-01 19:52:00,21505,48.2438,48.26,48.22,48.27,48.22,310
2024-04-01 19:53:00,30080,48.2153,48.225,48.195,48.235,48.19,359
2024-04-01 19:54:00,34093,48.2218,48.195,48.205,48.21,48.19,263
2024-04-01 19:55:00,39462,48.1953,48.205,48.145,48.23,48.145,495
2024-04-01 19:56:00,46147,48.1471,48.145,48.135,48.145,48.125,413
2024-04-01 19:57:00,31792,48.1187,48.13,48.115,48.13,48.11,378
2024-04-01 19:58:00,68153,48.107,48.115,48.095,48.12,48.095,743
2024-04-01 19:59:00,157870,48.1104,48.095,48.09,48.15,48.09,1146
2024-04-01 20:00:00,9616,48.1,48.1,48.1,48.1,48.1,19
2024-04-01 20:05:00,2085,48.1,48.1,48.1,48.1,48.1,1
2024-04-01 20:15:00,1082,48.0,48.0,48.0,48.0,48.0,5
2024-04-01 20:17:00,500,47.95,47.95,47.95,47.95,47.95,1
2024-04-01 20:31:00,170,47.7835,47.78,47.78,47.78,47.78,2
2024-04-01 22:06:00,200,47.52,47.52,47.52,47.52,47.52,1
2024-04-01 22:41:00,300,47.6781,47.68,47.68,47.68,47.68,3
2024-04-01 23:28:00,3000,47.52,47.52,47.52,47.52,47.52,1
2024-04-01 23:33:00,2500,47.5118,47.53,47.5,47.53,47.5,15
2024-04-02 08:01:00,914,47.5789,47.58,47.58,47.62,47.57,8
2024-04-02 08:03:00,520,47.9981,47.99,48.0,48.0,47.99,2
2024-04-02 08:07:00,100,47.8,47.8,47.8,47.8,47.8,1
2024-04-02 08:54:00,556,47.5028,47.51,47.5,47.51,47.5,2
2024-04-02 10:31:00,2267,47.0743,47.14,46.99,47.19,46.99,20
2024-04-02 10:35:00,733,46.99,46.99,46.99,46.99,46.99,4
2024-04-02 11:00:00,1050,47.2038,47.2,47.21,47.21,47.2,6
2024-04-02 11:06:00,600,47.2008,47.21,47.2,47.21,47.2,6
2024-04-02 11:07:00,552,47.048,47.04,47.05,47.05,47.04,4
2024-04-02 11:14:00,600,46.9967,46.98,47.0,47.0,46.98,2
2024-04-02 11:29:00,1000,46.7823,46.76,46.76,46.76,46.75,14
2024-04-02 11:32:00,3970,46.665,46.73,46.67,46.73,46.66,11
2024-04-02 11:37:00,1089,46.7424,46.74,46.77,46.77,46.74,15
2024-04-02 11:48:00,2197,46.7791,46.79,46.77,46.79,46.77,29
2024-04-02 12:00:00,560,46.6995,46.7,46.7,46.7,46.7,3
2024-04-02 12:03:00,220,46.91,46.91,46.91,46.91,46.91,4
2024-04-02 12:16:00,220,46.9127,46.91,46.91,46.91,46.91,2
2024-04-02 12:23:00,500,46.7,46.7,46.7,46.7,46.7,5
2024-04-02 12:29:00,500,46.688,46.69,46.68,46.69,46.68,5
2024-04-02 12:46:00,532,46.9151,46.91,46.92,46.92,46.91,2
2024-04-02 12:48:00,800,46.733,46.74,46.7,46.74,46.7,6
2024-04-02 12:58:00,247,46.7343,46.74,46.74,46.74,46.74,2
2024-04-02 13:02:00,5859,46.6781,46.7,46.66,46.7,46.61,33
2024-04-02 13:04:00,150,46.9,46.9,46.9,46.9,46.9,1
2024-04-02 13:22:00,700,46.6264,46.66,46.59,46.66,46.59,10
2024-04-02 13:28:00,400,46.4,46.4,46.4,46.4,46.4,5
2024-04-02 13:29:00,3075,46.0985,46.4,46.12,46.4,45.9,37
2024-04-02 13:30:00,235,46.2888,46.29,46.29,46.29,46.29,3
2024-04-02 13:31:00,120957,45.988,46.03,46.056,46.075,45.79,289
2024-04-02 13:32:00,10671,45.9075,46.08,45.83,46.08,45.75,169
2024-04-02 13:33:00,42804,45.8045,45.82,45.94,45.94,45.75,207
2024-04-02 13:34:00,8957,45.9479,45.99,45.895,46.05,45.86,108
2024-04-02 13:35:00,11001,45.8221,45.86,45.84,45.86,45.78,144
2024-04-02 13:36:00,17298,45.6794,45.85,45.55,45.88,45.55,252
2024-04-02 13:37:00,20056,45.5368,45.55,45.6,45.64,45.49,252
2024-04-02 13:38:00,16063,45.6604,45.6006,45.78,45.785,45.6,197
2024-04-02 13:39:00,17410,45.8544,45.79,45.88,45.91,45.79,160
2024-04-02 13:40:00,10712,45.9417,45.91,45.915,45.97,45.9075,140
2024-04-02 13:41:00,11206,45.9518,45.97,45.99,45.99,45.91,160
2024-04-02 13:42:00,10028,45.9633,45.98,45.93,46.02,45.92,146
2024-04-02 13:43:00,22294,45.8948,45.94,45.91,45.96,45.86,248
2024-04-02 13:44:00,13145,45.8682,45.91,45.84,45.92,45.84,138
2024-04-02 13:45:00,15783,45.8185,45.885,45.77,45.895,45.77,217
2024-04-02 13:46:00,11347,45.7175,45.755,45.6393,45.77,45.63,132
2024-04-02 13:47:00,9887,45.6752,45.64,45.75,45.75,45.63,121
2024-04-02 13:48:00,3401,45.7367,45.72,45.75,45.75,45.72,58
2024-04-02 13:49:00,6624,45.7673,45.76,45.75,45.77,45.74,80
2024-04-02 13:50:00,8820,45.702,45.73,45.62,45.75,45.62,125
2024-04-02 13:51:00,8688,45.5773,45.61,45.595,45.61,45.56,133
2024-04-02 13:52:00,10269,45.545,45.61,45.53,45.61,45.5,132
2024-04-02 13:53:00,7788,45.4687,45.53,45.47,45.53,45.41,120
2024-04-02 13:54:00,10114,45.458,45.45,45.46,45.5,45.43,122
2024-04-02 13:55:00,5044,45.4502,45.48,45.39,45.49,45.38,62
2024-04-02 13:56:00,7650,45.4729,45.39,45.495,45.5,45.39,100
2024-04-02 13:57:00,10565,45.5103,45.495,45.455,45.56,45.455,157
2024-04-02 13:58:00,6013,45.5125,45.47,45.52,45.53,45.47,70
2024-04-02 13:59:00,5491,45.551,45.52,45.57,45.5775,45.51,75
2024-04-02 14:00:00,8201,45.5414,45.58,45.525,45.58,45.5,155
2024-04-02 14:01:00,5993,45.4812,45.52,45.46,45.52,45.45,109
2024-04-02 14:02:00,7406,45.4399,45.45,45.48,45.48,45.41,117
2024-04-02 14:03:00,9166,45.5383,45.49,45.545,45.57,45.485,134
2024-04-02 14:04:00,9926,45.5837,45.55,45.64,45.64,45.545,136
2024-04-02 14:05:00,13240,45.6304,45.63,45.57,45.65,45.57,174
2024-04-02 14:06:00,3111,45.5885,45.56,45.62,45.62,45.56,52
2024-04-02 14:07:00,9412,45.6484,45.64,45.64,45.67,45.62,167
2024-04-02 14:08:00,4616,45.6277,45.65,45.57,45.66,45.57,88
2024-04-02 14:09:00,5952,45.5932,45.575,45.58,45.62,45.575,104
2024-04-02 14:10:00,6518,45.5613,45.56,45.525,45.57,45.525,93
2024-04-02 14:11:00,2215,45.5314,45.52,45.535,45.54,45.52,45
2024-04-02 14:12:00,13465,45.5293,45.55,45.55,45.55,45.51,175
2024-04-02 14:13:00,4453,45.562,45.54,45.574,45.6,45.525,72
2024-04-02 14:14:00,5327,45.5864,45.59,45.55,45.61,45.55,58
2024-04-02 14:15:00,10537,45.5816,45.55,45.62,45.62,45.55,74
2024-04-02 14:16:00,18881,45.6282,45.615,45.635,45.665,45.605,152
2024-04-02 14:17:00,5642,45.6523,45.65,45.66,45.665,45.63,86
2024-04-02 14:18:00,11876,45.6362,45.655,45.685,45.685,45.63,96
2024-04-02 14:19:00,6129,45.714,45.69,45.73,45.7306,45.69,86
2024-04-02 14:20:00,5309,45.7613,45.73,45.8,45.805,45.73,80
2024-04-02 14:21:00,13719,45.8059,45.81,45.8,45.84,45.755,236
2024-04-02 14:22:00,9675,45.7849,45.8,45.76,45.815,45.76,119
2024-04-02 14:23:00,5355,45.7589,45.75,45.785,45.79,45.73,79
2024-04-02 14:24:00,7422,45.7722,45.795,45.75,45.8,45.75,92
2024-04-02 14:25:00,5683,45.7597,45.76,45.725,45.785,45.725,80
2024-04-02 14:26:00,9866,45.6887,45.725,45.67,45.73,45.665,116
2024-04-02 14:27:00,13764,45.5782,45.66,45.55,45.66,45.53,184
2024-04-02 14:28:00,10508,45.6031,45.55,45.521,45.56,45.521,96
2024-04-02 14:29:00,7638,45.5808,45.53,45.65,45.65,45.53,111
2024-04-02 14:30:00,4778,45.6186,45.64,45.61,45.64,45.6,88
2024-04-02 14:31:00,7813,45.6268,45.605,45.595,45.64,45.59,84
2024-04-02 14:32:00,16692,45.5487,45.57,45.531,45.58,45.531,167
2024-04-02 14:33:00,9290,45.5047,45.53,45.515,45.53,45.48,128
2024-04-02 14:34:00,8239,45.5351,45.52,45.525,45.555,45.52,101
2024-04-02 14:35:00,6105,45.4632,45.51,45.46,45.51,45.43,110
2024-04-02 14:36:00,5230,45.4613,45.46,45.48,45.48,45.44,71
2024-04-02 14:37:00,5591,45.4991,45.49,45.51,45.51,45.48,87
2024-04-02 14:38:00,12106,45.5087,45.515,45.51,45.515,45.47,112
2024-04-02 14:39:00,5793,45.5125,45.51,45.505,45.535,45.49,94
2024-04-02 14:40:00,7960,45.5141,45.505,45.53,45.53,45.505,95
2024-04-02 14:41:00,6919,45.5293,45.53,45.51,45.555,45.51,93
2024-04-02 14:42:00,5343,45.5205,45.515,45.5,45.54,45.5,67
2024-04-02 14:43:00,8999,45.53,45.5,45.54,45.555,45.5,136
2024-04-02 14:44:00,4668,45.5146,45.54,45.485,45.54,45.485,81
2024-04-02 14:45:00,6439,45.4982,45.49,45.49,45.505,45.48,101
2024-04-02 14:46:00,12766,45.5102,45.495,45.5,45.53,45.495,181
2024-04-02 14:47:00,4933,45.4844,45.5,45.455,45.5,45.455,68
2024-04-02 14:48:00,7917,45.4248,45.455,45.41,45.46,45.4,119
2024-04-02 14:49:00,24529,45.4006,45.41,45.46,45.46,45.37,186
2024-04-02 14:50:00,3548,45.4684,45.46,45.49,45.49,45.46,69
2024-04-02 14:51:00,5528,45.4921,45.49,45.52,45.52,45.485,85
2024-04-02 14:52:00,6576,45.5092,45.51,45.485,45.52,45.48,112
2024-04-02 14:53:00,3754,45.4876,45.48,45.485,45.49,45.47,72
2024-04-02 14:54:00,3505,45.4736,45.485,45.47,45.485,45.465,59
2024-04-02 14:55:00,8146,45.453,45.465,45.435,45.47,45.435,107
2024-04-02 14:56:00,7342,45.4198,45.435,45.415,45.435,45.41,94
2024-04-02 14:57:00,4979,45.4342,45.425,45.435,45.44,45.425,82
2024-04-02 14:58:00,9691,45.4199,45.44,45.38,45.45,45.38,114
2024-04-02 14:59:00,17589,45.3842,45.385,45.375,45.395,45.37,99
2024-04-02 15:00:00,10595,45.3946,45.38,45.405,45.41,45.375,149
2024-04-02 15:01:00,8537,45.4398,45.41,45.43,45.46,45.41,132
2024-04-02 15:02:00,6733,45.4104,45.41,45.4,45.415,45.39,74
2024-04-02 15:03:00,5740,45.4199,45.405,45.44,45.44,45.405,76
2024-04-02 15:04:00,5763,45.435,45.43,45.44,45.445,45.43,99
2024-04-02 15:05:00,4643,45.4668,45.45,45.495,45.495,45.45,76
2024-04-02 15:06:00,3476,45.5068,45.5,45.515,45.52,45.5,64
2024-04-02 15:07:00,7519,45.5483,45.52,45.57,45.57,45.52,118
2024-04-02 15:08:00,4190,45.5609,45.56,45.585,45.59,45.56,49
2024-04-02 15:09:00,6355,45.5852,45.58,45.585,45.595,45.58,78
2024-04-02 15:10:00,13025,45.605,45.59,45.605,45.615,45.59,132
2024-04-02 15:11:00,38504,45.6345,45.61,45.615,45.645,45.61,168
2024-04-02 15:12:00,16954,45.6102,45.61,45.65,45.65,45.595,157
2024-04-02 15:13:00,6888,45.655,45.65,45.685,45.685,45.63,84
2024-04-02 15:14:00,7258,45.694,45.69,45.7,45.71,45.685,112
2024-04-02 15:15:00,7043,45.7181,45.7,45.705,45.73,45.7,120
2024-04-02 15:16:00,4530,45.6855,45.705,45.6601,45.705,45.6601,85
2024-04-02 15:17:00,11019,45.6709,45.665,45.68,45.69,45.66,177
2024-04-02 15:18:00,9128,45.7055,45.684,45.715,45.72,45.684,100
2024-04-02 15:19:00,6284,45.6921,45.71,45.685,45.71,45.675,108
2024-04-02 15:20:00,14345,45.698,45.685,45.705,45.705,45.685,160
2024-04-02 15:21:00,9741,45.7219,45.7,45.74,45.75,45.695,121
2024-04-02 15:22:00,13427,45.7575,45.75,45.785,45.79,45.75,139
2024-04-02 15:23:00,3883,45.7985,45.785,45.805,45.81,45.785,70
2024-04-02 15:24:00,17114,45.7996,45.81,45.78,45.83,45.775,185
2024-04-02 15:25:00,5449,45.7772,45.7846,45.77,45.7846,45.77,76
2024-04-02 15:26:00,18065,45.7592,45.77,45.75,45.78,45.74,176
2024-04-02 15:27:00,4928,45.7645,45.755,45.78,45.78,45.75,74
2024-04-02 15:28:00,7820,45.8142,45.79,45.82,45.825,45.79,108
2024-04-02 15:29:00,8431,45.807,45.815,45.815,45.82,45.8,120
2024-04-02 15:30:00,16157,45.7872,45.81,45.79,45.81,45.765,222
2024-04-02 15:31:00,9548,45.7681,45.78,45.775,45.785,45.755,160
2024-04-02 15:32:00,9620,45.7438,45.7701,45.715,45.79,45.7,150
2024-04-02 15:33:00,7059,45.7247,45.71,45.705,45.72,45.7,102
2024-04-02 15:34:00,5318,45.7185,45.71,45.73,45.73,45.71,79
2024-04-02 15:35:00,4339,45.7196,45.7278,45.72,45.73,45.7125,73
2024-04-02 15:36:00,22035,45.63,45.725,45.59,45.725,45.575,289
2024-04-02 15:37:00,54548,45.6065,45.59,45.67,45.68,45.57,538
2024-04-02 15:38:00,42735,45.6746,45.67,45.73,45.74,45.65,378
2024-04-02 15:39:00,11095,45.7553,45.74,45.77,45.78,45.73,140
2024-04-02 15:40:00,5905,45.7961,45.77,45.83,45.83,45.77,104
2024-04-02 15:41:00,69742,45.7191,45.825,45.84,45.85,45.7,169
2024-04-02 15:42:00,5814,45.8423,45.84,45.845,45.85,45.825,134
2024-04-02 15:43:00,7841,45.872,45.8495,45.91,45.91,45.8495,99
2024-04-02 15:44:00,13568,45.8805,45.905,45.92,45.93,45.9,205
2024-04-02 15:45:00,1642,45.9217,45.925,45.9269,45.9269,45.92,50
2024-04-02 15:46:00,6510,45.9203,45.915,45.935,45.95,45.91,116
2024-04-02 15:47:00,3254,45.9616,45.94,45.98,45.99,45.94,77
2024-04-02 15:48:00,5723,45.9715,45.98,45.97,45.98,45.96,91
2024-04-02 15:49:00,6157,45.9764,45.98,45.99,45.99,45.97,104
2024-04-02 15:50:00,8518,45.9777,45.985,45.96,46.005,45.955,152
2024-04-02 15:51:00,4363,45.9259,45.95,45.92,45.96,45.91,92
2024-04-02 15:52:00,6744,45.9217,45.92,45.93,45.945,45.905,123
2024-04-02 15:53:00,7025,45.918,45.92,45.91,45.925,45.905,121
2024-04-02 15:54:00,12736,45.8958,45.91,45.88,45.91,45.865,109
2024-04-02 15:55:00,6708,45.8343,45.87,45.82,45.87,45.82,123
2024-04-02 15:56:00,6274,45.8566,45.83,45.8899,45.89,45.83,117
2024-04-02 15:57:00,10639,45.9051,45.89,45.95,45.95,45.875,156
2024-04-02 15:58:00,4504,45.9399,45.955,45.93,45.955,45.925,92
2024-04-02 15:59:00,5550,45.9114,45.925,45.89,45.9299,45.89,140
2024-04-02 16:00:00,1859,45.8972,45.895,45.9,45.9,45.89,40
2024-04-02 16:01:00,4193,45.8758,45.9048,45.83,45.905,45.83,94
2024-04-02 16:02:00,3946,45.8507,45.835,45.875,45.875,45.835,76
2024-04-02 16:03:00,10840,45.8617,45.875,45.84,45.89,45.82,175
2024-04-02 16:04:00,7115,45.8825,45.84,45.91,45.91,45.84,127
2024-04-02 16:05:00,4033,45.916,45.905,45.915,45.925,45.905,91
2024-04-02 16:06:00,6668,45.9324,45.93,45.96,45.96,45.93,97
2024-04-02 16:07:00,2287,45.9516,45.96,45.955,45.96,45.95,50
2024-04-02 16:08:00,7826,45.9446,45.95,45.96,45.96,45.93,137
2024-04-02 16:09:00,3356,45.9526,45.9554,45.96,45.96,45.9399,74
2024-04-02 16:10:00,7004,45.9593,45.9699,45.94,45.97,45.94,121
2024-04-02 16:11:00,5139,45.9466,45.935,45.96,45.96,45.935,109
2024-04-02 16:12:00,2466,45.9521,45.955,45.955,45.9564,45.95,46
2024-04-02 16:13:00,1227,45.9567,45.955,45.96,45.96,45.955,24
2024-04-02 16:14:00,5113,45.951,45.955,45.95,45.96,45.95,78
2024-04-02 16:15:00,4476,45.966,45.955,45.975,45.98,45.9501,90
2024-04-02 16:16:00,8116,45.9662,45.98,45.94,45.99,45.94,135
2024-04-02 16:17:00,4909,45.918,45.93,45.93,45.93,45.905,89
2024-04-02 16:18:00,3974,45.9321,45.93,45.925,45.94,45.925,65
2024-04-02 16:19:00,7466,45.8938,45.92,45.88,45.92,45.875,128
2024-04-02 16:20:00,2821,45.8653,45.88,45.865,45.88,45.85,58
2024-04-02 16:21:00,778,45.8716,45.87,45.87,45.87,45.87,34
2024-04-02 16:22:00,7360,45.848,45.87,45.81,45.88,45.805,127
2024-04-02 16:23:00,1834,45.8093,45.82,45.815,45.82,45.79,52
2024-04-02 16:24:00,2029,45.8287,45.82,45.825,45.84,45.82,44
2024-04-02 16:25:00,2004,45.8301,45.83,45.829,45.83,45.829,39
2024-04-02 16:26:00,4083,45.8579,45.83,45.865,45.865,45.83,77
2024-04-02 16:27:00,7749,45.8734,45.86,45.88,45.8895,45.85,128
2024-04-02 16:28:00,2102,45.8711,45.88,45.865,45.88,45.865,41
2024-04-02 16:29:00,2801,45.8654,45.86,45.865,45.87,45.86,33
2024-04-02 16:30:00,4696,45.8642,45.865,45.85,45.87,45.85,101
2024-04-02 16:31:00,3200,45.845,45.84,45.83,45.86,45.83,59
2024-04-02 16:32:00,16998,45.8562,45.835,45.87,45.88,45.83,223
2024-04-02 16:33:00,6346,45.8648,45.87,45.855,45.88,45.855,111
2024-04-02 16:34:00,3943,45.8762,45.86,45.88,45.89,45.86,71
2024-04-02 16:35:00,5519,45.8616,45.87,45.86,45.87,45.859,92
2024-04-02 16:36:00,6043,45.8392,45.86,45.82,45.86,45.82,114
2024-04-02 16:37:00,6574,45.8218,45.82,45.815,45.83,45.815,117
2024-04-02 16:38:00,5974,45.8014,45.81,45.775,45.81,45.775,104
2024-04-02 16:39:00,963,45.7765,45.77,45.7775,45.7775,45.77,24
2024-04-02 16:40:00,1847,45.7571,45.775,45.74,45.775,45.74,67
2024-04-02 16:41:00,3645,45.743,45.74,45.74,45.75,45.74,80
2024-04-02 16:42:00,10463,45.7826,45.75,45.805,45.81,45.75,184
2024-04-02 16:43:00,3819,45.813,45.81,45.81,45.83,45.81,62
2024-04-02 16:44:00,3730,45.7962,45.8,45.79,45.8,45.79,58
2024-04-02 16:45:00,4719,45.8003,45.785,45.815,45.82,45.785,72
2024-04-02 16:46:00,5150,45.7908,45.815,45.79,45.815,45.77,95
2024-04-02 16:47:00,1218,45.8024,45.79,45.805,45.81,45.79,26
2024-04-02 16:48:00,2103,45.8104,45.805,45.815,45.82,45.805,39
2024-04-02 16:49:00,6896,45.8198,45.82,45.815,45.83,45.815,103
2024-04-02 16:50:00,5434,45.8132,45.815,45.8225,45.8225,45.805,75
2024-04-02 16:51:00,1918,45.8251,45.825,45.825,45.83,45.825,26
2024-04-02 16:52:00,10217,45.8067,45.825,45.78,45.825,45.775,170
2024-04-02 16:53:00,10365,45.791,45.78,45.8,45.805,45.78,137
2024-04-02 16:54:00,3841,45.8126,45.805,45.825,45.825,45.805,72
2024-04-02 16:55:00,4381,45.8262,45.825,45.845,45.845,45.825,65
2024-04-02 16:56:00,2113,45.8454,45.845,45.845,45.85,45.84,34
2024-04-02 16:57:00,6249,45.8548,45.845,45.84,45.87,45.84,110
2024-04-02 16:58:00,1629,45.852,45.84,45.86,45.86,45.84,35
2024-04-02 16:59:00,8258,45.8699,45.86,45.895,45.895,45.86,124
2024-04-02 17:00:00,7362,45.9208,45.9,45.925,45.94,45.9,94
2024-04-02 17:01:00,4221,45.9173,45.93,45.895,45.94,45.89,88
2024-04-02 17:02:00,2008,45.8872,45.9,45.875,45.9,45.875,50
2024-04-02 17:03:00,7700,45.9057,45.875,45.9,45.925,45.875,129
2024-04-02 17:04:00,609,45.8984,45.895,45.9,45.9,45.895,18
2024-04-02 17:05:00,6898,45.9095,45.895,45.92,45.93,45.895,116
2024-04-02 17:06:00,15532,45.934,45.925,45.925,45.955,45.92,200
2024-04-02 17:07:00,3039,45.9406,45.925,45.955,45.955,45.925,54
2024-04-02 17:08:00,12842,45.9579,45.955,45.945,45.965,45.9425,174
2024-04-02 17:09:00,4817,45.9489,45.945,45.945,45.96,45.94,81
2024-04-02 17:10:00,8100,45.9288,45.94,45.925,45.945,45.9,110
2024-04-02 17:11:00,6428,45.9362,45.925,45.94,45.95,45.925,89
2024-04-02 17:12:00,2519,45.9262,45.935,45.915,45.94,45.9125,72
2024-04-02 17:13:00,5762,45.928,45.915,45.935,45.935,45.915,100
2024-04-02 17:14:00,4143,45.947,45.935,45.95,45.9559,45.935,80
2024-04-02 17:15:00,682,45.9438,45.94,45.95,45.95,45.94,26
2024-04-02 17:16:00,10252,45.9713,45.955,45.96,45.985,45.955,167
2024-04-02 17:17:00,1390,45.9516,45.955,45.95,45.955,45.95,41
2024-04-02 17:18:00,5404,45.952,45.95,45.935,45.965,45.935,105
2024-04-02 17:19:00,4849,45.9249,45.935,45.92,45.935,45.92,86
2024-04-02 17:20:00,12344,45.9391,45.92,45.955,45.955,45.92,109
2024-04-02 17:21:00,5172,45.921,45.95,45.905,45.95,45.9,90
2024-04-02 17:22:00,2311,45.9097,45.91,45.905,45.91,45.9,54
2024-04-02 17:23:00,1888,45.9119,45.915,45.91,45.915,45.905,43
2024-04-02 17:24:00,1898,45.9136,45.915,45.91,45.92,45.905,46
2024-04-02 17:25:00,4674,45.922,45.915,45.94,45.94,45.91,71
2024-04-02 17:26:00,1047,45.938,45.935,45.94,45.94,45.935,29
2024-04-02 17:27:00,1985,45.9418,45.9395,45.95,45.95,45.9395,42
2024-04-02 17:28:00,6691,45.9516,45.94,45.96,45.965,45.94,143
2024-04-02 17:29:00,4405,45.9411,45.95,45.92,45.95,45.92,83
2024-04-02 17:30:00,5062,45.9199,45.905,45.9,45.905,45.9,50
2024-04-02 17:31:00,4822,45.8994,45.9,45.9,45.905,45.89,63
2024-04-02 17:32:00,2986,45.9043,45.895,45.905,45.91,45.895,53
2024-04-02 17:33:00,3635,45.8911,45.905,45.875,45.905,45.87,72
2024-04-02 17:34:00,5793,45.8869,45.88,45.885,45.895,45.88,86
2024-04-02 17:35:00,507,45.8894,45.89,45.889,45.89,45.889,20
2024-04-02 17:36:00,4068,45.887,45.885,45.895,45.895,45.88,79
2024-04-02 17:37:00,1580,45.895,45.89,45.9,45.9,45.89,27
2024-04-02 17:38:00,9707,45.8975,45.8995,45.895,45.905,45.89,145
2024-04-02 17:39:00,1045,45.8949,45.895,45.895,45.9,45.89,25
2024-04-02 17:40:00,10247,45.886,45.9,45.88,45.905,45.87,146
2024-04-02 17:41:00,12551,45.8563,45.8846,45.85,45.89,45.835,177
2024-04-02 17:42:00,7782,45.8665,45.855,45.865,45.875,45.855,105
2024-04-02 17:43:00,1817,45.861,45.865,45.855,45.865,45.855,40
2024-04-02 17:44:00,5953,45.8596,45.85,45.87,45.87,45.849,113
2024-04-02 17:45:00,465,45.8651,45.87,45.868,45.87,45.868,27
2024-04-02 17:46:00,1822,45.8651,45.865,45.86,45.87,45.86,42
2024-04-02 17:47:00,2801,45.8574,45.86,45.855,45.86,45.85,58
2024-04-02 17:48:00,5389,45.8579,45.85,45.86,45.86,45.85,89
2024-04-02 17:49:00,2092,45.8592,45.855,45.86,45.86,45.855,43
2024-04-02 17:50:00,3049,45.8619,45.86,45.87,45.87,45.86,42
2024-04-02 17:51:00,3179,45.8695,45.865,45.87,45.875,45.865,60
2024-04-02 17:52:00,6604,45.8722,45.88,45.875,45.88,45.87,68
2024-04-02 17:53:00,6719,45.8831,45.88,45.9,45.9,45.88,107
2024-04-02 17:54:00,4804,45.9013,45.8995,45.91,45.92,45.8975,95
2024-04-02 17:55:00,4575,45.919,45.9101,45.92,45.92,45.9101,63
2024-04-02 17:56:00,3193,45.9197,45.93,45.915,45.93,45.915,59
2024-04-02 17:57:00,3824,45.9034,45.91,45.9,45.91,45.9,114
2024-04-02 17:58:00,2644,45.8914,45.9,45.875,45.9,45.875,74
2024-04-02 17:59:00,2708,45.8713,45.875,45.88,45.88,45.87,63
2024-04-02 18:00:00,3331,45.8826,45.88,45.89,45.89,45.878,73
2024-04-02 18:01:00,3069,45.8904,45.89,45.89,45.9,45.885,69
2024-04-02 18:02:00,6416,45.8763,45.89,45.86,45.89,45.855,117
2024-04-02 18:03:00,3917,45.8696,45.865,45.865,45.875,45.86,77
2024-04-02 18:04:00,3212,45.8871,45.865,45.87,45.87,45.865,31
2024-04-02 18:05:00,3347,45.8714,45.865,45.88,45.88,45.865,70
2024-04-02 18:06:00,3440,45.8838,45.87,45.9,45.9,45.87,81
2024-04-02 18:07:00,3160,45.8916,45.9,45.885,45.9,45.885,60
2024-04-02 18:08:00,5696,45.8827,45.88,45.895,45.895,45.88,109
2024-04-02 18:09:00,3552,45.9054,45.9,45.91,45.915,45.9,81
2024-04-02 18:10:00,1827,45.9062,45.91,45.91,45.91,45.905,47
2024-04-02 18:11:00,7042,45.9249,45.92,45.93,45.94,45.915,127
2024-04-02 18:12:00,318,45.9274,45.925,45.93,45.93,45.925,29
2024-04-02 18:13:00,2071,45.9211,45.925,45.915,45.93,45.915,46
2024-04-02 18:14:00,4953,45.9218,45.915,45.915,45.93,45.915,99
2024-04-02 18:15:00,2721,45.9138,45.92,45.91,45.92,45.9,71
2024-04-02 18:16:00,4747,45.8999,45.905,45.895,45.91,45.89,102
2024-04-02 18:17:00,3083,45.9057,45.9,45.9091,45.91,45.9,67
2024-04-02 18:18:00,1408,45.911,45.905,45.905,45.905,45.905,27
2024-04-02 18:19:00,4251,45.911,45.9075,45.915,45.92,45.9075,72
2024-04-02 18:20:00,1625,45.9117,45.92,45.91,45.92,45.905,40
2024-04-02 18:21:00,3652,45.901,45.905,45.9,45.91,45.89,63
2024-04-02 18:22:00,5758,45.8928,45.9,45.89,45.905,45.88,108
2024-04-02 18:23:00,1518,45.8906,45.885,45.885,45.885,45.885,29
2024-04-02 18:24:00,6955,45.8947,45.885,45.895,45.9,45.885,99
2024-04-02 18:25:00,10749,45.9179,45.9,45.945,45.945,45.9,154
2024-04-02 18:26:00,2081,45.9414,45.945,45.945,45.95,45.945,43
2024-04-02 18:27:00,19259,45.9844,45.945,46.035,46.035,45.945,168
2024-04-02 18:28:00,12079,46.049,46.04,46.055,46.06,46.04,163
2024-04-02 18:29:00,8902,46.0299,46.05,46.005,46.055,46.0,140
2024-04-02 18:30:00,9701,45.998,46.0,46.0,46.005,45.985,126
2024-04-02 18:31:00,3495,46.0003,46.0,46.0,46.005,45.9953,94
2024-04-02 18:32:00,6767,45.9887,46.0,45.98,46.0,45.98,127
2024-04-02 18:33:00,11756,45.9834,45.98,45.995,46.0,45.9719,155
2024-04-02 18:34:00,3068,45.9948,45.995,46.0,46.0,45.995,65
2024-04-02 18:35:00,9420,45.9858,46.0,45.975,46.005,45.97,145
2024-04-02 18:36:00,3674,45.971,45.975,45.97,45.98,45.96,90
2024-04-02 18:37:00,13484,45.9804,45.97,45.985,45.995,45.97,164
2024-04-02 18:38:00,5333,45.9877,45.99,45.985,46.0,45.98,99
2024-04-02 18:39:00,4667,45.9924,45.99,46.0,46.0,45.99,102
2024-04-02 18:40:00,3529,45.9989,45.995,46.005,46.005,45.995,83
2024-04-02 18:41:00,13667,46.0073,46.0,45.995,46.02,45.99,146
2024-04-02 18:42:00,4455,46.0021,46.0,46.005,46.01,45.995,83
2024-04-02 18:43:00,8702,46.012,46.005,46.03,46.03,45.995,157
2024-04-02 18:44:00,19311,46.0165,46.035,46.0,46.035,46.0,173
2024-04-02 18:45:00,1769,45.9898,45.99,45.985,45.99,45.985,74
2024-04-02 18:46:00,5043,45.9868,45.99,45.975,45.99,45.97,87
2024-04-02 18:47:00,3330,45.9801,45.975,45.985,45.985,45.975,88
2024-04-02 18:48:00,3662,45.9899,45.99,45.995,45.995,45.985,79
2024-04-02 18:49:00,21596,45.9752,45.995,45.955,45.995,45.95,298
2024-04-02 18:50:00,13075,45.9655,45.955,45.975,45.98,45.95,180
2024-04-02 18:51:00,8847,45.9882,45.98,45.995,45.995,45.98,117
2024-04-02 18:52:00,3846,45.988,46.0,45.99,46.0,45.985,83
2024-04-02 18:53:00,3316,45.9928,46.0,45.99,46.0,45.99,68
2024-04-02 18:54:00,3333,45.983,45.99,45.975,45.99,45.975,88
2024-04-02 18:55:00,11408,45.9838,45.97,45.995,45.995,45.97,220
2024-04-02 18:56:00,7513,45.9923,46.0,46.01,46.01,45.995,86
2024-04-02 18:57:00,3507,45.9991,46.005,45.995,46.01,45.9946,66
2024-04-02 18:58:00,1629,45.9962,46.0,45.995,46.0,45.995,66
2024-04-02 18:59:00,11634,46.0224,46.0,46.05,46.05,46.0,174
2024-04-02 19:00:00,9672,46.046,46.055,46.055,46.055,46.035,133
2024-04-02 19:01:00,12680,46.0503,46.05,46.055,46.07,46.035,184
2024-04-02 19:02:00,3607,46.0551,46.06,46.055,46.06,46.05,52
2024-04-02 19:03:00,4793,46.0601,46.055,46.065,46.07,46.055,96
2024-04-02 19:04:00,5687,46.059,46.07,46.05,46.07,46.05,80
2024-04-02 19:05:00,29546,46.089,46.05,46.12,46.125,46.05,369
2024-04-02 19:06:00,12053,46.102,46.12,46.11,46.1203,46.09,181
2024-04-02 19:07:00,3964,46.1032,46.11,46.09,46.11,46.09,86
2024-04-02 19:08:00,5041,46.0778,46.09,46.055,46.095,46.05,110
2024-04-02 19:09:00,2372,46.0552,46.055,46.06,46.06,46.05,61
2024-04-02 19:10:00,6578,46.0609,46.06,46.055,46.07,46.055,104
2024-04-02 19:11:00,10346,46.0813,46.055,46.095,46.1,46.055,169
2024-04-02 19:12:00,9856,46.0725,46.1,46.045,46.1,46.045,138
2024-04-02 19:13:00,6150,46.0518,46.05,46.045,46.06,46.045,90
2024-04-02 19:14:00,2609,46.0445,46.045,46.045,46.045,46.04,47
2024-04-02 19:15:00,10644,46.0511,46.05,46.055,46.06,46.045,182
2024-04-02 19:16:00,13278,46.0547,46.055,46.045,46.06,46.045,127
2024-04-02 19:17:00,26929,46.036,46.05,46.045,46.05,46.02,354
2024-04-02 19:18:00,5404,46.0428,46.05,46.045,46.05,46.035,88
2024-04-02 19:19:00,2962,46.0445,46.045,46.05,46.05,46.04,45
2024-04-02 19:20:00,6042,46.0525,46.05,46.059,46.06,46.045,107
2024-04-02 19:21:00,1678,46.0544,46.055,46.06,46.06,46.05,46
2024-04-02 19:22:00,7004,46.07,46.06,46.085,46.085,46.06,134
2024-04-02 19:23:00,3973,46.0983,46.09,46.11,46.11,46.085,79
2024-04-02 19:24:00,7462,46.1403,46.105,46.1599,46.16,46.105,93
2024-04-02 19:25:00,18235,46.1541,46.16,46.1601,46.165,46.14,233
2024-04-02 19:26:00,8085,46.1616,46.165,46.165,46.165,46.15,103
2024-04-02 19:27:00,26562,46.1869,46.17,46.195,46.22,46.17,303
2024-04-02 19:28:00,9289,46.1879,46.2,46.175,46.2,46.17,185
2024-04-02 19:29:00,5080,46.1784,46.17,46.175,46.185,46.17,124
2024-04-02 19:30:00,8483,46.1726,46.17,46.18,46.18,46.16,147
2024-04-02 19:31:00,10363,46.1793,46.19,46.175,46.19,46.16,174
2024-04-02 19:32:00,6009,46.1806,46.18,46.18,46.185,46.172,96
2024-04-02 19:33:00,13487,46.1797,46.18,46.185,46.19,46.165,209
2024-04-02 19:34:00,9852,46.1906,46.185,46.185,46.2,46.185,147
2024-04-02 19:35:00,20088,46.1834,46.185,46.16,46.2,46.16,261
2024-04-02 19:36:00,7932,46.1679,46.155,46.175,46.18,46.15,116
2024-04-02 19:37:00,10047,46.1828,46.175,46.1875,46.19,46.17,137
2024-04-02 19:38:00,15074,46.1862,46.185,46.175,46.195,46.175,231
2024-04-02 19:39:00,12688,46.1474,46.175,46.135,46.18,46.12,246
2024-04-02 19:40:00,11364,46.1199,46.14,46.065,46.15,46.065,204
2024-04-02 19:41:00,16285,46.0536,46.07,46.025,46.075,46.025,256
2024-04-02 19:42:00,10517,46.0495,46.031,46.025,46.06,46.025,150
2024-04-02 19:43:00,8953,46.0315,46.025,46.035,46.04,46.02,155
2024-04-02 19:44:00,15029,46.0358,46.035,46.025,46.05,46.02,243
2024-04-02 19:45:00,23804,46.0383,46.025,46.07,46.075,46.011,309
2024-04-02 19:46:00,24112,46.0922,46.065,46.135,46.135,46.062,296
2024-04-02 19:47:00,29720,46.1339,46.135,46.135,46.16,46.115,350
2024-04-02 19:48:00,31348,46.1224,46.135,46.135,46.16,46.095,315
2024-04-02 19:49:00,20865,46.1191,46.135,46.105,46.145,46.1,315
2024-04-02 19:50:00,22304,46.091,46.11,46.08,46.11,46.08,273
2024-04-02 19:51:00,29468,46.1005,46.09,46.11,46.11,46.09,370
2024-04-02 19:52:00,35897,46.0791,46.11,46.05,46.11,46.04,344
2024-04-02 19:53:00,34132,46.0457,46.05,46.065,46.07,46.01,411
2024-04-02 19:54:00,33534,46.0707,46.07,46.075,46.085,46.055,405
2024-04-02 19:55:00,45689,46.0779,46.08,46.045,46.115,46.035,505
2024-04-02 19:56:00,92919,46.0749,46.04,46.065,46.105,46.03,767
2024-04-02 19:57:00,61002,46.0784,46.065,46.075,46.09,46.06,543
2024-04-02 19:58:00,91713,46.0737,46.07,46.055,46.09,46.05,831
2024-04-02 19:59:00,144552,46.099,46.06,46.1,46.14,46.055,1280
2024-04-02 20:00:00,14015,46.1,46.1,46.1,46.1,46.1,29
2024-04-02 20:06:00,1635,46.1004,46.1,46.1,46.1,46.1,2
2024-04-02 20:20:00,497,46.1,46.1,46.1,46.1,46.1,1
2024-04-02 20:28:00,53153,46.1,46.1,46.1,46.1,46.1,1
2024-04-02 22:13:00,107,46.61,46.61,46.61,46.61,46.61,1
2024-04-03 10:13:00,380,45.56,45.56,45.56,45.56,45.56,2
2024-04-03 12:00:00,600,46.1,46.1,46.1,46.1,46.1,2
2024-04-03 12:28:00,316,46.0864,46.1,46.1,46.1,46.1,3
2024-04-03 13:30:00,33199,46.0245,46.02,46.2,46.2,45.87,77
2024-04-03 13:31:00,3513,46.1868,46.15,46.3,46.3,46.15,50
2024-04-03 13:32:00,7253,46.1911,46.27,46.18,46.27,46.13,133
2024-04-03 13:33:00,4189,46.2511,46.27,46.24,46.3,46.23,61
2024-04-03 13:34:00,5132,46.2381,46.24,46.245,46.245,46.22,78
2024-04-03 13:35:00,7340,46.1849,46.22,46.23,46.23,46.14,111
2024-04-03 13:36:00,2775,46.1831,46.18,46.19,46.2,46.16,49
2024-04-03 13:37:00,9626,46.1594,46.18,46.16,46.19,46.12,145
2024-04-03 13:38:00,2240,46.1665,46.16,46.18,46.19,46.13,54
2024-04-03 13:39:00,1352,46.2232,46.21,46.25,46.25,46.21,39
2024-04-03 13:40:00,2103,46.2876,46.265,46.29,46.3,46.26,41
2024-04-03 13:41:00,12640,46.3279,46.31,46.3,46.36,46.3,120
2024-04-03 13:42:00,4743,46.3043,46.3,46.315,46.33,46.28,76
2024-04-03 13:43:00,3351,46.3157,46.31,46.33,46.335,46.3,47
2024-04-03 13:44:00,7268,46.3531,46.3289,46.345,46.37,46.325,105
2024-04-03 13:45:00,10939,46.3706,46.35,46.35,46.41,46.335,142
2024-04-03 13:46:00,7112,46.3203,46.36,46.275,46.37,46.275,87
2024-04-03 13:47:00,6502,46.2382,46.285,46.2,46.285,46.2,81
2024-04-03 13:48:00,4416,46.1972,46.185,46.185,46.22,46.185,85
2024-04-03 13:49:00,2511,46.1767,46.185,46.19,46.19,46.15,51
2024-04-03 13:50:00,5611,46.1895,46.1813,46.185,46.205,46.16,75
2024-04-03 13:51:00,29539,46.1347,46.18,46.07,46.18,46.06,152
2024-04-03 13:52:00,4125,46.0416,46.07,46.03,46.07,46.03,32
2024-04-03 13:53:00,5100,46.0097,46.03,45.98,46.03,45.98,69
2024-04-03 13:54:00,1671,45.9579,45.97,45.945,45.97,45.945,46
2024-04-03 13:55:00,3318,45.9334,45.932,45.88,45.955,45.88,70
2024-04-03 13:56:00,4006,45.8909,45.89,45.885,45.9,45.88,65
2024-04-03 13:57:00,5429,45.8536,45.885,45.835,45.885,45.83,86
2024-04-03 13:58:00,1393,45.8384,45.84,45.835,45.845,45.835,41
2024-04-03 13:59:00,5194,45.8347,45.835,45.79,45.85,45.79,62
2024-04-03 14:00:00,11041,45.8471,45.82,45.81,45.9,45.81,177
2024-04-03 14:01:00,17243,45.8289,45.82,45.83,45.85,45.78,226
2024-04-03 14:02:00,4470,45.8813,45.86,45.88,45.91,45.86,75
2024-04-03 14:03:00,11356,45.8245,45.87,45.795,45.87,45.785,151
2024-04-03 14:04:00,9638,45.7387,45.78,45.72,45.78,45.71,141
2024-04-03 14:05:00,15258,45.7544,45.71,45.79,45.7925,45.695,140
2024-04-03 14:06:00,4367,45.7243,45.785,45.68,45.785,45.68,74
2024-04-03 14:07:00,11608,45.6055,45.66,45.6,45.66,45.55,170
2024-04-03 14:08:00,3066,45.6335,45.605,45.65,45.66,45.605,54
2024-04-03 14:09:00,2742,45.6231,45.64,45.6,45.64,45.6,41
2024-04-03 14:10:00,11740,45.6045,45.6,45.56,45.641,45.56,160
2024-04-03 14:11:00,16966,45.5514,45.55,45.51,45.58,45.51,195
2024-04-03 14:12:00,20447,45.4969,45.485,45.545,45.545,45.45,183
2024-04-03 14:13:00,10906,45.58,45.56,45.58,45.61,45.54,147
2024-04-03 14:14:00,11973,45.5826,45.575,45.59,45.61,45.57,112
2024-04-03 14:15:00,8146,45.5849,45.57,45.605,45.62,45.565,112
2024-04-03 14:16:00,4848,45.5451,45.6,45.515,45.6,45.51,95
2024-04-03 14:17:00,7026,45.5303,45.52,45.51,45.55,45.5,90
2024-04-03 14:18:00,4559,45.5101,45.51,45.49,45.53,45.49,67
2024-04-03 14:19:00,12351,45.4515,45.485,45.455,45.485,45.43,145
2024-04-03 14:20:00,20359,45.4485,45.455,45.41,45.47,45.41,244
2024-04-03 14:21:00,26787,45.3703,45.41,45.38,45.41,45.345,309
2024-04-03 14:22:00,42927,45.31,45.375,45.33,45.38,45.23,397
2024-04-03 14:23:00,13425,45.3402,45.33,45.39,45.395,45.32,125
2024-04-03 14:24:00,6044,45.3616,45.39,45.36,45.39,45.335,101
2024-04-03 14:25:00,6753,45.3704,45.36,45.34,45.39,45.34,83
2024-04-03 14:26:00,11171,45.335,45.335,45.35,45.36,45.315,120
2024-04-03 14:27:00,16428,45.3352,45.35,45.355,45.355,45.305,146
2024-04-03 14:28:00,30291,45.447,45.36,45.4167,45.485,45.355,309
2024-04-03 14:29:00,8063,45.4028,45.41,45.395,45.41,45.39,108
2024-04-03 14:30:00,16183,45.4179,45.4,45.425,45.45,45.4,202
2024-04-03 14:31:00,15122,45.4542,45.425,45.46,45.475,45.425,147
2024-04-03 14:32:00,9159,45.4342,45.45,45.44,45.45,45.42,116
2024-04-03 14:33:00,7458,45.4656,45.43,45.48,45.51,45.43,92
2024-04-03 14:34:00,8222,45.4682,45.485,45.46,45.485,45.455,103
2024-04-03 14:35:00,7024,45.4465,45.45,45.42,45.46,45.41,111
2024-04-03 14:36:00,3935,45.4228,45.424,45.4107,45.43,45.4107,61
2024-04-03 14:37:00,7829,45.4022,45.41,45.395,45.41,45.3825,104
2024-04-03 14:38:00,11959,45.4044,45.39,45.4,45.425,45.38,113
2024-04-03 14:39:00,8284,45.3987,45.39,45.405,45.42,45.38,85
2024-04-03 14:40:00,6705,45.4314,45.405,45.445,45.46,45.405,108
2024-04-03 14:41:00,10424,45.4392,45.445,45.4,45.46,45.4,108
2024-04-03 14:42:00,20442,45.4096,45.4,45.4,45.435,45.39,210
2024-04-03 14:43:00,10786,45.4103,45.395,45.4,45.43,45.39,146
2024-04-03 14:44:00,3916,45.4023,45.41,45.39,45.41,45.39,78
2024-04-03 14:45:00,16016,45.4002,45.39,45.41,45.45,45.355,194
2024-04-03 14:46:00,18315,45.4286,45.415,45.4,45.465,45.395,213
2024-04-03 14:47:00,21191,45.4399,45.405,45.455,45.485,45.4,187
2024-04-03 14:48:00,14198,45.4809,45.46,45.46,45.521,45.445,178
2024-04-03 14:49:00,7025,45.4402,45.46,45.44,45.46,45.425,97
2024-04-03 14:50:00,15107,45.4834,45.4475,45.49,45.52,45.4475,153
2024-04-03 14:51:00,18015,45.4803,45.5,45.455,45.52,45.45,193
2024-04-03 14:52:00,15345,45.4789,45.485,45.5,45.51,45.45,140
2024-04-03 14:53:00,3652,45.4819,45.48,45.51,45.51,45.47,70
2024-04-03 14:54:00,44328,45.5184,45.505,45.51,45.54,45.49,263
2024-04-03 14:55:00,12405,45.5413,45.52,45.535,45.565,45.52,127
2024-04-03 14:56:00,13315,45.5167,45.53,45.54,45.55,45.5,154
2024-04-03 14:57:00,7840,45.506,45.53,45.48,45.5375,45.48,105
2024-04-03 14:58:00,19394,45.4878,45.48,45.485,45.505,45.465,163
2024-04-03 14:59:00,4711,45.4766,45.48,45.48,45.48,45.465,74
2024-04-03 15:00:00,6223,45.5054,45.48,45.495,45.53,45.48,94
2024-04-03 15:01:00,7766,45.4493,45.48,45.44,45.485,45.44,78
2024-04-03 15:02:00,3423,45.4287,45.425,45.435,45.44,45.42,47
2024-04-03 15:03:00,14395,45.4633,45.445,45.51,45.52,45.4325,157
2024-04-03 15:04:00,3613,45.495,45.5,45.48,45.51,45.48,69
2024-04-03 15:05:00,2672,45.4726,45.48,45.47,45.48,45.465,57
2024-04-03 15:06:00,9507,45.4458,45.49,45.42,45.49,45.415,108
2024-04-03 15:07:00,3499,45.445,45.44,45.4507,45.46,45.4345,49
2024-04-03 15:08:00,1697,45.4672,45.46,45.48,45.48,45.455,34
2024-04-03 15:09:00,12805,45.4756,45.49,45.46,45.5,45.455,127
2024-04-03 15:10:00,5733,45.4871,45.465,45.48,45.5,45.465,94
2024-04-03 15:11:00,2296,45.473,45.49,45.45,45.49,45.445,65
2024-04-03 15:12:00,8563,45.4197,45.43,45.415,45.44,45.405,84
2024-04-03 15:13:00,4028,45.4715,45.43,45.49,45.5,45.43,68
2024-04-03 15:14:00,3995,45.4795,45.485,45.485,45.49,45.465,67
2024-04-03 15:15:00,3894,45.5224,45.51,45.53,45.535,45.51,73
2024-04-03 15:16:00,8296,45.5456,45.54,45.565,45.57,45.52,126
2024-04-03 15:17:00,4250,45.5387,45.56,45.535,45.56,45.525,97
2024-04-03 15:18:00,2967,45.5092,45.53,45.5,45.53,45.495,68
2024-04-03 15:19:00,6779,45.4977,45.5025,45.4825,45.51,45.4825,96
2024-04-03 15:20:00,5048,45.487,45.485,45.485,45.49,45.48,92
2024-04-03 15:21:00,4931,45.5054,45.4825,45.5025,45.515,45.4825,121
2024-04-03 15:22:00,4152,45.52,45.505,45.535,45.535,45.505,87
2024-04-03 15:23:00,12651,45.5156,45.5348,45.505,45.535,45.5,189
2024-04-03 15:24:00,11918,45.5119,45.5,45.5,45.525,45.49,133
2024-04-03 15:25:00,3190,45.5102,45.51,45.515,45.52,45.495,78
2024-04-03 15:26:00,1169,45.5063,45.51,45.495,45.51,45.495,47
2024-04-03 15:27:00,5170,45.4857,45.495,45.465,45.495,45.465,129
2024-04-03 15:28:00,1813,45.4595,45.465,45.4525,45.465,45.4502,42
2024-04-03 15:29:00,4476,45.4634,45.455,45.47,45.48,45.4512,131
2024-04-03 15:30:00,4695,45.4477,45.47,45.44,45.47,45.43,100
2024-04-03 15:31:00,9738,45.4197,45.425,45.42,45.445,45.41,175
2024-04-03 15:32:00,2377,45.4314,45.425,45.44,45.44,45.425,80
2024-04-03 15:33:00,3024,45.4441,45.445,45.42,45.46,45.42,88
2024-04-03 15:34:00,5975,45.4254,45.41,45.42,45.43,45.405,78
2024-04-03 15:35:00,3076,45.4023,45.4,45.405,45.41,45.395,73
2024-04-03 15:36:00,2797,45.4043,45.405,45.405,45.41,45.4,46
2024-04-03 15:37:00,4829,45.3894,45.4,45.385,45.4,45.37,135
2024-04-03 15:38:00,8515,45.3733,45.375,45.36,45.39,45.36,135
2024-04-03 15:39:00,11229,45.3576,45.35,45.3448,45.38,45.335,198
2024-04-03 15:40:00,5060,45.3495,45.34,45.365,45.365,45.335,91
2024-04-03 15:41:00,3996,45.3559,45.36,45.35,45.365,45.35,99
2024-04-03 15:42:00,2515,45.365,45.35,45.38,45.38,45.35,58
2024-04-03 15:43:00,4082,45.3755,45.375,45.3733,45.38,45.37,65
2024-04-03 15:44:00,4062,45.3628,45.37,45.345,45.37,45.34,74
2024-04-03 15:45:00,15184,45.3293,45.34,45.355,45.355,45.32,117
2024-04-03 15:46:00,55824,45.3604,45.355,45.37,45.39,45.345,247
2024-04-03 15:47:00,2600,45.3755,45.385,45.37,45.385,45.37,45
2024-04-03 15:48:00,16562,45.3689,45.365,45.375,45.38,45.355,137
2024-04-03 15:49:00,53130,45.4033,45.375,45.42,45.43,45.375,325
2024-04-03 15:50:00,3682,45.4237,45.421,45.45,45.45,45.42,81
2024-04-03 15:51:00,4900,45.472,45.47,45.48,45.49,45.46,85
2024-04-03 15:52:00,9659,45.4495,45.48,45.44,45.485,45.42,124
2024-04-03 15:53:00,7523,45.422,45.445,45.4,45.445,45.4,96
2024-04-03 15:54:00,1294,45.3758,45.4,45.365,45.4,45.365,49
2024-04-03 15:55:00,3863,45.3708,45.36,45.37,45.39,45.35,111
2024-04-03 15:56:00,2794,45.3784,45.36,45.355,45.4,45.355,76
2024-04-03 15:57:00,9099,45.3822,45.36,45.38,45.4,45.36,139
2024-04-03 15:58:00,3723,45.3715,45.385,45.38,45.385,45.36,76
2024-04-03 15:59:00,3459,45.3596,45.38,45.35,45.38,45.35,79
2024-04-03 16:00:00,2836,45.3501,45.35,45.285,45.35,45.285,70
2024-04-03 16:01:00,5157,45.2687,45.27,45.27,45.275,45.26,101
2024-04-03 16:02:00,6812,45.2388,45.26,45.21,45.27,45.21,114
2024-04-03 16:03:00,3187,45.1965,45.21,45.185,45.21,45.185,70
2024-04-03 16:04:00,6999,45.1791,45.19,45.175,45.195,45.16,142
2024-04-03 16:05:00,5556,45.1874,45.175,45.19,45.2,45.175,98
2024-04-03 16:06:00,2289,45.1722,45.185,45.165,45.185,45.16,68
2024-04-03 16:07:00,5357,45.2071,45.18,45.23,45.234,45.18,147
2024-04-03 16:08:00,1015,45.2373,45.24,45.24,45.24,45.24,60
2024-04-03 16:09:00,1228,45.2181,45.23,45.205,45.23,45.2,33
2024-04-03 16:10:00,3691,45.1941,45.2,45.15,45.22,45.15,79
2024-04-03 16:11:00,3055,45.1749,45.17,45.16,45.19,45.16,64
2024-04-03 16:12:00,3069,45.1289,45.15,45.12,45.15,45.11,50
2024-04-03 16:13:00,1619,45.1335,45.13,45.13,45.1375,45.13,37
2024-04-03 16:14:00,2294,45.1138,45.12,45.1,45.12,45.1,62
2024-04-03 16:15:00,4519,45.1051,45.11,45.075,45.11,45.0701,73
2024-04-03 16:16:00,9517,45.0798,45.0711,45.11,45.11,45.06,151
2024-04-03 16:17:00,9427,45.1234,45.11,45.125,45.14,45.11,121
2024-04-03 16:18:00,4535,45.1311,45.1357,45.12,45.145,45.115,80
2024-04-03 16:19:00,2523,45.155,45.13,45.1775,45.18,45.13,47
2024-04-03 16:20:00,3874,45.198,45.18,45.19,45.22,45.18,93
2024-04-03 16:21:00,3369,45.2013,45.19,45.22,45.22,45.185,72
2024-04-03 16:22:00,1428,45.2352,45.24,45.24,45.25,45.24,46
2024-04-03 16:23:00,3282,45.2431,45.2475,45.245,45.25,45.235,67
2024-04-03 16:24:00,4641,45.2537,45.26,45.245,45.27,45.24,102
2024-04-03 16:25:00,3749,45.229,45.24,45.22,45.24,45.215,72
2024-04-03 16:26:00,4719,45.2082,45.215,45.22,45.24,45.19,95
2024-04-03 16:27:00,4644,45.2185,45.22,45.195,45.24,45.19,95
2024-04-03 16:28:00,5938,45.213,45.2,45.215,45.23,45.195,96
2024-04-03 16:29:00,5812,45.2267,45.22,45.225,45.245,45.215,86
2024-04-03 16:30:00,1787,45.228,45.23,45.22,45.23,45.22,48
2024-04-03 16:31:00,3169,45.2476,45.2203,45.27,45.27,45.2203,63
2024-04-03 16:32:00,2787,45.2514,45.27,45.23,45.27,45.23,60
2024-04-03 16:33:00,7029,45.2426,45.225,45.235,45.27,45.225,138
2024-04-03 16:34:00,23417,45.2249,45.22,45.22,45.25,45.205,189
2024-04-03 16:35:00,1814,45.2066,45.21,45.22,45.22,45.2,42
2024-04-03 16:36:00,2530,45.2196,45.23,45.215,45.23,45.21,64
2024-04-03 16:37:00,6666,45.209,45.215,45.2,45.215,45.195,80
2024-04-03 16:38:00,6212,45.2012,45.195,45.19,45.22,45.185,111
2024-04-03 16:39:00,5451,45.2132,45.19,45.23,45.23,45.19,104
2024-04-03 16:40:00,5411,45.255,45.23,45.29,45.29,45.23,100
2024-04-03 16:41:00,2777,45.2683,45.29,45.305,45.31,45.29,62
2024-04-03 16:42:00,4857,45.3024,45.294,45.33,45.33,45.275,86
2024-04-03 16:43:00,2682,45.3432,45.335,45.36,45.36,45.33,60
2024-04-03 16:44:00,1344,45.3375,45.3575,45.33,45.3575,45.33,34
2024-04-03 16:45:00,2844,45.3269,45.34,45.33,45.34,45.32,69
2024-04-03 16:46:00,4131,45.3384,45.3275,45.35,45.36,45.32,110
2024-04-03 16:47:00,5652,45.3733,45.35,45.355,45.39,45.35,96
2024-04-03 16:48:00,1519,45.3455,45.35,45.345,45.35,45.34,45
2024-04-03 16:49:00,2194,45.3557,45.345,45.365,45.3675,45.345,56
2024-04-03 16:50:00,11898,45.3518,45.35,45.355,45.36,45.345,69
2024-04-03 16:51:00,4846,45.3553,45.355,45.37,45.37,45.35,80
2024-04-03 16:52:00,3542,45.3633,45.355,45.375,45.375,45.355,85
2024-04-03 16:53:00,14153,45.3728,45.38,45.37,45.395,45.355,159
2024-04-03 16:54:00,5332,45.3649,45.375,45.375,45.375,45.355,83
2024-04-03 16:55:00,5930,45.3978,45.38,45.38,45.415,45.38,101
2024-04-03 16:56:00,7894,45.3687,45.375,45.39,45.39,45.36,94
2024-04-03 16:57:00,1199,45.3908,45.39,45.39,45.4,45.39,34
2024-04-03 16:58:00,6521,45.405,45.39,45.41,45.415,45.39,113
2024-04-03 16:59:00,2987,45.4275,45.435,45.43,45.435,45.425,64
2024-04-03 17:00:00,13495,45.3948,45.42,45.41,45.43,45.375,146
2024-04-03 17:01:00,4988,45.4087,45.415,45.42,45.42,45.405,74
2024-04-03 17:02:00,19198,45.3966,45.42,45.38,45.421,45.37,96
2024-04-03 17:03:00,4877,45.3979,45.38,45.405,45.41,45.38,79
2024-04-03 17:04:00,11120,45.3968,45.405,45.375,45.42,45.37,147
2024-04-03 17:05:00,9682,45.379,45.37,45.375,45.39,45.37,118
2024-04-03 17:06:00,2573,45.3845,45.38,45.39,45.39,45.38,69
2024-04-03 17:07:00,1425,45.4025,45.409,45.41,45.41,45.4,43
2024-04-03 17:08:00,877,45.4124,45.405,45.42,45.42,45.405,25
2024-04-03 17:09:00,4314,45.4247,45.41,45.445,45.445,45.405,86
2024-04-03 17:10:00,2325,45.4412,45.44,45.44,45.45,45.44,47
2024-04-03 17:11:00,6221,45.439,45.435,45.405,45.45,45.405,79
2024-04-03 17:12:00,11186,45.3904,45.405,45.36,45.4075,45.355,98
2024-04-03 17:13:00,2566,45.3715,45.365,45.37,45.375,45.365,62
2024-04-03 17:14:00,4011,45.3593,45.35,45.369,45.369,45.35,93
2024-04-03 17:15:00,4140,45.3702,45.365,45.37,45.38,45.365,85
2024-04-03 17:16:00,2626,45.3763,45.38,45.37,45.39,45.37,75
2024-04-03 17:17:00,2760,45.3797,45.375,45.38,45.385,45.375,50
2024-04-03 17:18:00,4148,45.3465,45.37,45.34,45.37,45.33,72
2024-04-03 17:19:00,2321,45.3302,45.33,45.325,45.33,45.325,41
2024-04-03 17:20:00,4635,45.3332,45.33,45.329,45.345,45.32,94
2024-04-03 17:21:00,1053,45.3337,45.325,45.345,45.345,45.325,30
2024-04-03 17:22:00,2433,45.3461,45.34,45.355,45.355,45.34,58
2024-04-03 17:23:00,2754,45.3443,45.35,45.325,45.35,45.325,72
2024-04-03 17:24:00,4414,45.3124,45.325,45.305,45.325,45.3,96
2024-04-03 17:25:00,5201,45.3368,45.31,45.35,45.355,45.31,94
2024-04-03 17:26:00,2168,45.3429,45.345,45.35,45.35,45.339,51
2024-04-03 17:27:00,1920,45.3269,45.35,45.31,45.35,45.31,40
2024-04-03 17:28:00,2496,45.3041,45.315,45.295,45.315,45.295,71
2024-04-03 17:29:00,479,45.2944,45.295,45.29,45.295,45.29,17
2024-04-03 17:30:00,898,45.2956,45.295,45.295,45.295,45.295,16
2024-04-03 17:31:00,3486,45.3066,45.3,45.31,45.315,45.3,89
2024-04-03 17:32:00,3033,45.3094,45.305,45.31,45.315,45.305,76
2024-04-03 17:33:00,2406,45.326,45.315,45.335,45.335,45.315,50
2024-04-03 17:34:00,8108,45.3334,45.335,45.31,45.345,45.31,148
2024-04-03 17:35:00,1954,45.3113,45.31,45.31,45.315,45.305,43
2024-04-03 17:36:00,3019,45.3211,45.315,45.325,45.325,45.315,64
2024-04-03 17:37:00,2277,45.3193,45.32,45.315,45.32,45.315,30
2024-04-03 17:38:00,2466,45.3103,45.31,45.325,45.325,45.305,59
2024-04-03 17:39:00,6679,45.3485,45.325,45.345,45.365,45.325,120
2024-04-03 17:40:00,2730,45.3552,45.345,45.365,45.365,45.345,49
2024-04-03 17:41:00,4224,45.3554,45.365,45.355,45.365,45.345,65
2024-04-03 17:42:00,2443,45.345,45.345,45.345,45.345,45.345,26
2024-04-03 17:43:00,1272,45.3387,45.34,45.335,45.34,45.335,42
2024-04-03 17:44:00,3029,45.331,45.335,45.34,45.34,45.325,79
2024-04-03 17:45:00,3496,45.3524,45.345,45.355,45.355,45.345,46
2024-04-03 17:46:00,12491,45.3559,45.36,45.35,45.37,45.345,147
2024-04-03 17:47:00,2835,45.3462,45.345,45.35,45.35,45.345,41
2024-04-03 17:48:00,4317,45.3532,45.35,45.35,45.36,45.35,58
2024-04-03 17:49:00,667,45.3421,45.34,45.34,45.34,45.34,29
2024-04-03 17:50:00,952,45.3475,45.345,45.34,45.345,45.34,25
2024-04-03 17:51:00,807,45.3433,45.345,45.345,45.345,45.34,27
2024-04-03 17:52:00,3857,45.3417,45.34,45.345,45.345,45.335,80
2024-04-03 17:53:00,2090,45.3369,45.34,45.335,45.34,45.335,55
2024-04-03 17:54:00,5318,45.3355,45.34,45.325,45.345,45.32,104
2024-04-03 17:55:00,2364,45.3297,45.325,45.335,45.335,45.325,61
2024-04-03 17:56:00,3409,45.3397,45.339,45.34,45.345,45.335,72
2024-04-03 17:57:00,5345,45.3502,45.345,45.35,45.355,45.345,102
2024-04-03 17:58:00,1949,45.3483,45.35,45.345,45.35,45.345,65
2024-04-03 17:59:00,7456,45.3391,45.345,45.335,45.345,45.335,112
2024-04-03 18:00:00,2247,45.3296,45.33,45.325,45.33,45.325,47
2024-04-03 18:01:00,7575,45.3149,45.32,45.305,45.32,45.295,125
2024-04-03 18:02:00,3904,45.3128,45.3,45.34,45.34,45.3,88
2024-04-03 18:03:00,937,45.3368,45.3347,45.34,45.345,45.3347,29
2024-04-03 18:04:00,1413,45.3394,45.34,45.335,45.34,45.335,45
2024-04-03 18:05:00,603,45.3327,45.335,45.335,45.34,45.335,22
2024-04-03 18:06:00,6850,45.3283,45.33,45.33,45.34,45.325,129
2024-04-03 18:07:00,4019,45.3288,45.33,45.325,45.33,45.325,84
2024-04-03 18:08:00,2468,45.3213,45.33,45.315,45.33,45.315,44
2024-04-03 18:09:00,6737,45.3076,45.31,45.31,45.315,45.295,105
2024-04-03 18:10:00,4759,45.3182,45.315,45.315,45.32,45.31,109
2024-04-03 18:11:00,3125,45.3204,45.319,45.33,45.33,45.315,50
2024-04-03 18:12:00,6534,45.3107,45.32,45.295,45.32,45.295,111
2024-04-03 18:13:00,1890,45.2951,45.295,45.294,45.295,45.294,33
2024-04-03 18:14:00,5071,45.3107,45.3,45.32,45.325,45.3,101
2024-04-03 18:15:00,3279,45.3235,45.32,45.325,45.335,45.32,65
2024-04-03 18:16:00,8015,45.3263,45.325,45.33,45.33,45.32,122
2024-04-03 18:17:00,6810,45.3156,45.32,45.32,45.32,45.305,113
2024-04-03 18:18:00,5743,45.3266,45.32,45.315,45.34,45.315,101
2024-04-03 18:19:00,2518,45.3098,45.31,45.3085,45.315,45.3,71
2024-04-03 18:20:00,4352,45.3123,45.3,45.3101,45.32,45.3,99
2024-04-03 18:21:00,1783,45.3107,45.31,45.31,45.315,45.305,50
2024-04-03 18:22:00,5295,45.2986,45.31,45.285,45.31,45.285,105
2024-04-03 18:23:00,3569,45.2773,45.28,45.26,45.285,45.26,74
2024-04-03 18:24:00,839,45.2641,45.26,45.265,45.27,45.26,37
2024-04-03 18:25:00,8428,45.2648,45.26,45.25,45.26,45.245,148
2024-04-03 18:26:00,3061,45.2597,45.255,45.255,45.26,45.255,78
2024-04-03 18:27:00,5038,45.26,45.2595,45.265,45.265,45.255,78
2024-04-03 18:28:00,9023,45.2524,45.27,45.225,45.275,45.225,146
2024-04-03 18:29:00,421,45.2263,45.2275,45.22,45.2275,45.22,20
2024-04-03 18:30:00,5812,45.2287,45.22,45.22,45.23,45.22,53
2024-04-03 18:31:00,9703,45.2232,45.22,45.22,45.235,45.205,165
2024-04-03 18:32:00,2905,45.2223,45.22,45.22,45.23,45.215,74
2024-04-03 18:33:00,5607,45.2105,45.215,45.21,45.215,45.2,107
2024-04-03 18:34:00,3881,45.2011,45.205,45.2,45.21,45.19,73
2024-04-03 18:35:00,5170,45.2159,45.2,45.19,45.205,45.19,71
2024-04-03 18:36:00,4555,45.2015,45.18,45.205,45.21,45.18,90
2024-04-03 18:37:00,3181,45.212,45.2025,45.215,45.22,45.2025,58
2024-04-03 18:38:00,7412,45.2151,45.215,45.2,45.225,45.2,115
2024-04-03 18:39:00,10861,45.1957,45.2,45.185,45.2,45.18,158
2024-04-03 18:40:00,7578,45.1978,45.19,45.195,45.205,45.19,112
2024-04-03 18:41:00,5681,45.1998,45.2,45.19,45.21,45.19,81
2024-04-03 18:42:00,13767,45.1906,45.19,45.205,45.21,45.175,200
2024-04-03 18:43:00,566,45.2006,45.2,45.2,45.205,45.2,18
2024-04-03 18:44:00,8167,45.1936,45.2,45.185,45.2,45.18,123
2024-04-03 18:45:00,9800,45.1776,45.18,45.17,45.19,45.165,166
2024-04-03 18:46:00,4469,45.1707,45.165,45.135,45.165,45.135,71
2024-04-03 18:47:00,10367,45.1228,45.13,45.115,45.13,45.11,126
2024-04-03 18:48:00,7222,45.126,45.115,45.12,45.14,45.115,119
2024-04-03 18:49:00,6031,45.1342,45.119,45.1401,45.155,45.115,75
2024-04-03 18:50:00,1697,45.1373,45.145,45.13,45.145,45.13,51
2024-04-03 18:51:00,6242,45.1161,45.135,45.105,45.135,45.1,82
2024-04-03 18:52:00,4575,45.0904,45.095,45.09,45.095,45.079,90
2024-04-03 18:53:00,5402,45.0938,45.0825,45.115,45.115,45.0825,105
2024-04-03 18:54:00,3912,45.1249,45.11,45.135,45.135,45.11,82
2024-04-03 18:55:00,11334,45.1243,45.135,45.105,45.14,45.105,185
2024-04-03 18:56:00,6268,45.1049,45.1,45.0925,45.115,45.0925,125
2024-04-03 18:57:00,7909,45.1039,45.09,45.11,45.11,45.09,109
2024-04-03 18:58:00,7413,45.1094,45.11,45.125,45.125,45.095,121
2024-04-03 18:59:00,5646,45.141,45.125,45.155,45.155,45.125,99
2024-04-03 19:00:00,9201,45.1523,45.155,45.13,45.17,45.13,129
2024-04-03 19:01:00,4807,45.1149,45.12,45.11,45.125,45.105,86
2024-04-03 19:02:00,3322,45.0998,45.11,45.09,45.11,45.09,59
2024-04-03 19:03:00,3043,45.0951,45.09,45.07,45.09,45.07,53
2024-04-03 19:04:00,3533,45.0715,45.075,45.075,45.075,45.065,68
2024-04-03 19:05:00,7659,45.0861,45.075,45.095,45.11,45.07,119
2024-04-03 19:06:00,9819,45.1025,45.1,45.095,45.12,45.09,120
2024-04-03 19:07:00,12500,45.0874,45.095,45.085,45.1,45.08,154
2024-04-03 19:08:00,11174,45.0702,45.08,45.085,45.09,45.055,154
2024-04-03 19:09:00,5408,45.0686,45.08,45.065,45.08,45.055,91
2024-04-03 19:10:00,7638,45.0562,45.06,45.04,45.065,45.035,116
2024-04-03 19:11:00,10772,45.0338,45.045,45.015,45.045,45.01,113
2024-04-03 19:12:00,20741,44.9993,45.015,44.985,45.035,44.97,278
2024-04-03 19:13:00,11284,44.9838,44.98,44.985,44.99,44.97,115
2024-04-03 19:14:00,23238,44.9589,44.98,44.96,44.98,44.945,306
2024-04-03 19:15:00,18303,44.9049,44.955,44.93,44.955,44.875,244
2024-04-03 19:16:00,6878,44.9299,44.94,44.92,44.94,44.92,96
2024-04-03 19:17:00,6282,44.8988,44.915,44.89,44.915,44.885,106
2024-04-03 19:18:00,7714,44.8971,44.89,44.9095,44.91,44.88,139
2024-04-03 19:19:00,11164,44.9054,44.91,44.88,44.915,44.88,177
2024-04-03 19:20:00,16434,44.877,44.875,44.885,44.885,44.85,210
2024-04-03 19:21:00,4198,44.8877,44.88,44.91,44.91,44.88,97
2024-04-03 19:22:00,1920,44.8999,44.905,44.905,44.905,44.905,41
2024-04-03 19:23:00,6531,44.9079,44.905,44.895,44.915,44.895,111
2024-04-03 19:24:00,8924,44.8807,44.895,44.875,44.895,44.87,133
2024-04-03 19:25:00,4638,44.8831,44.875,44.89,44.89,44.875,93
2024-04-03 19:26:00,5511,44.8982,44.9,44.905,44.905,44.89,128
2024-04-03 19:27:00,11297,44.9048,44.905,44.9,44.92,44.895,155
2024-04-03 19:28:00,7074,44.8996,44.9,44.89,44.905,44.89,125
2024-04-03 19:29:00,6534,44.8822,44.885,44.88,44.89,44.87,124
2024-04-03 19:30:00,16063,44.8959,44.885,44.905,44.92,44.8725,269
2024-04-03 19:31:00,18863,44.9093,44.9,44.91,44.935,44.895,254
2024-04-03 19:32:00,18949,44.8863,44.91,44.86,44.91,44.85,283
2024-04-03 19:33:00,16420,44.8714,44.85,44.845,44.89,44.84,217
2024-04-03 19:34:00,16303,44.8429,44.84,44.845,44.855,44.83,220
2024-04-03 19:35:00,23939,44.8529,44.84,44.855,44.87,44.84,227
2024-04-03 19:36:00,19499,44.8313,44.855,44.82,44.855,44.81,288
2024-04-03 19:37:00,22229,44.8279,44.8101,44.84,44.845,44.81,222
2024-04-03 19:38:00,32747,44.856,44.835,44.885,44.89,44.835,264
2024-04-03 19:39:00,25107,44.8611,44.89,44.83,44.89,44.82,200
2024-04-03 19:40:00,7577,44.8255,44.835,44.815,44.835,44.81,114
2024-04-03 19:41:00,22936,44.8229,44.82,44.815,44.845,44.805,281
2024-04-03 19:42:00,9681,44.8199,44.815,44.83,44.83,44.81,141
2024-04-03 19:43:00,6008,44.8512,44.84,44.875,44.875,44.835,124
2024-04-03 19:44:00,8250,44.874,44.88,44.88,44.89,44.87,161
2024-04-03 19:45:00,7647,44.8786,44.885,44.88,44.89,44.875,162
2024-04-03 19:46:00,17290,44.9332,44.89,44.97,44.97,44.89,292
2024-04-03 19:47:00,19622,44.9424,44.97,44.99,44.995,44.965,192
2024-04-03 19:48:00,22236,44.9829,44.98,44.975,45.005,44.955,329
2024-04-03 19:49:00,16947,44.9883,44.97,45.02,45.02,44.97,280
2024-04-03 19:50:00,29460,45.0378,45.01,45.06,45.075,45.0,435
2024-04-03 19:51:00,55372,45.0271,45.06,45.065,45.09,45.05,410
2024-04-03 19:52:00,16506,45.053,45.07,45.07,45.07,45.045,217
2024-04-03 19:53:00,33023,45.1002,45.07,45.105,45.125,45.07,337
2024-04-03 19:54:00,28240,45.0931,45.105,45.08,45.11,45.07,337
2024-04-03 19:55:00,38730,45.0713,45.08,45.06,45.09,45.04,412
2024-04-03 19:56:00,40337,45.0793,45.06,45.09,45.09,45.06,357
2024-04-03 19:57:00,57612,45.0879,45.09,45.095,45.1,45.075,499
2024-04-03 19:58:00,85389,45.1017,45.0999,45.11,45.12,45.08,675
2024-04-03 19:59:00,173617,45.1474,45.115,45.18,45.18,45.1,1197
2024-04-03 20:00:00,13603,45.17,45.17,45.17,45.17,45.17,17
2024-04-03 20:13:00,500,45.6,45.6,45.6,45.6,45.6,1
2024-04-03 20:20:00,1198,45.17,45.17,45.17,45.17,45.17,1
2024-04-04 13:31:00,24899,45.7247,45.71,45.86,45.97,45.71,56
2024-04-04 13:32:00,3601,45.851,45.855,45.83,45.92,45.81,85
2024-04-04 13:33:00,5623,45.7903,45.88,45.63,45.88,45.63,73
2024-04-04 13:34:00,2670,45.6476,45.695,45.6925,45.695,45.62,36
2024-04-04 13:35:00,4362,45.629,45.65,45.6055,45.65,45.59,78
2024-04-04 13:36:00,3441,45.5447,45.57,45.54,45.57,45.53,50
2024-04-04 13:37:00,6770,45.5169,45.58,45.505,45.58,45.49,101
2024-04-04 13:38:00,7037,45.5172,45.5075,45.52,45.54,45.5,110
2024-04-04 13:39:00,7754,45.4833,45.51,45.435,45.53,45.435,125
2024-04-04 13:40:00,5869,45.3988,45.425,45.38,45.43,45.38,82
2024-04-04 13:41:00,15853,45.465,45.3901,45.52,45.53,45.3901,197
2024-04-04 13:42:00,11700,45.5119,45.55,45.5,45.55,45.49,135
2024-04-04 13:43:00,18062,45.5044,45.5,45.54,45.54,45.48,226
2024-04-04 13:44:00,5149,45.5411,45.53,45.535,45.555,45.53,65
2024-04-04 13:45:00,14354,45.4227,45.54,45.4,45.55,45.36,177
2024-04-04 13:46:00,17189,45.3891,45.4,45.37,45.425,45.36,176
2024-04-04 13:47:00,9453,45.339,45.36,45.34,45.36,45.31,115
2024-04-04 13:48:00,5432,45.33,45.335,45.3,45.36,45.3,55
2024-04-04 13:49:00,6884,45.2989,45.295,45.31,45.31,45.27,84
2024-04-04 13:50:00,49302,45.1855,45.3,45.14,45.31,45.125,500
2024-04-04 13:51:00,34553,45.1413,45.13,45.065,45.19,45.06,386
2024-04-04 13:52:00,19856,45.0305,45.06,44.97,45.07,44.97,199
2024-04-04 13:53:00,19329,44.9421,44.975,44.9241,45.0,44.92,190
2024-04-04 13:54:00,11210,44.911,44.91,44.9,44.935,44.88,125
2024-04-04 13:55:00,15372,44.8883,44.89,44.88,44.92,44.85,151
2024-04-04 13:56:00,27505,44.9222,44.87,44.905,44.975,44.84,241
2024-04-04 13:57:00,29969,44.8519,44.9,44.815,44.9,44.81,275
2024-04-04 13:58:00,28230,44.8483,44.8,44.88,44.93,44.78,270
2024-04-04 13:59:00,9076,44.8656,44.875,44.9,44.91,44.83,103
2024-04-04 14:00:00,13307,44.8497,44.905,44.81,44.915,44.79,191
2024-04-04 14:01:00,6174,44.8319,44.82,44.815,44.85,44.815,90
2024-04-04 14:02:00,31422,44.7515,44.82,44.7,44.82,44.7,366
2024-04-04 14:03:00,25026,44.7662,44.695,44.78,44.815,44.695,280
2024-04-04 14:04:00,31449,44.8078,44.775,44.94,44.95,44.735,314
2024-04-04 14:05:00,10599,44.9259,44.94,44.905,44.9675,44.9,187
2024-04-04 14:06:00,9778,44.8944,44.895,44.895,44.92,44.87,133
2024-04-04 14:07:00,10530,44.9176,44.895,44.945,44.96,44.895,124
2024-04-04 14:08:00,5090,44.9423,44.94,44.97,44.98,44.91,74
2024-04-04 14:09:00,7484,45.0425,44.98,45.07,45.07,44.98,120
2024-04-04 14:10:00,6342,45.0603,45.075,45.06,45.08,45.06,105
2024-04-04 14:11:00,4783,45.0314,45.0575,45.05,45.0575,45.01,93
2024-04-04 14:12:00,3818,45.0248,45.05,45.025,45.05,45.015,67
2024-04-04 14:13:00,5424,45.0357,45.035,45.015,45.05,45.015,84
2024-04-04 14:14:00,7044,45.0025,45.005,44.965,45.02,44.965,122
2024-04-04 14:15:00,12237,44.9348,44.965,44.93,44.98,44.905,131
2024-04-04 14:16:00,95195,44.9149,44.9275,44.88,44.945,44.88,356
2024-04-04 14:17:00,18804,44.886,44.8875,44.86,44.92,44.86,184
2024-04-04 14:18:00,3971,44.8666,44.87,44.8658,44.88,44.855,68
2024-04-04 14:19:00,9820,44.864,44.87,44.83,44.88,44.81,134
2024-04-04 14:20:00,21545,44.8085,44.825,44.78,44.84,44.78,270
2024-04-04 14:21:00,7495,44.7796,44.78,44.775,44.795,44.75,104
2024-04-04 14:22:00,3712,44.7703,44.775,44.74,44.79,44.74,68
2024-04-04 14:23:00,28898,44.7114,44.74,44.715,44.75,44.69,319
2024-04-04 14:24:00,4890,44.7249,44.72,44.72,44.73,44.71,66
2024-04-04 14:25:00,8233,44.6902,44.73,44.66,44.74,44.655,132
2024-04-04 14:26:00,5019,44.6671,44.67,44.675,44.68,44.66,57
2024-04-04 14:27:00,20123,44.6751,44.68,44.65,44.7,44.645,244
2024-04-04 14:28:00,15093,44.6369,44.64,44.635,44.65,44.625,161
2024-04-04 14:29:00,9121,44.6614,44.64,44.69,44.69,44.64,105
2024-04-04 14:30:00,15750,44.6654,44.7,44.63,44.71,44.62,170
2024-04-04 14:31:00,8690,44.6386,44.625,44.625,44.67,44.625,131
2024-04-04 14:32:00,25807,44.6404,44.625,44.65,44.67,44.625,245
2024-04-04 14:33:00,14774,44.6483,44.645,44.63,44.67,44.63,129
2024-04-04 14:34:00,20335,44.6537,44.63,44.665,44.695,44.61,225
2024-04-04 14:35:00,15096,44.6483,44.66,44.62,44.66,44.615,192
2024-04-04 14:36:00,11532,44.5882,44.595,44.57,44.605,44.565,137
2024-04-04 14:37:00,10853,44.5959,44.58,44.61,44.61,44.575,137
2024-04-04 14:38:00,11009,44.6603,44.61,44.67,44.69,44.61,142
2024-04-04 14:39:00,8291,44.6561,44.67,44.65,44.675,44.64,109
2024-04-04 14:40:00,9532,44.6719,44.645,44.67,44.7,44.645,129
2024-04-04 14:41:00,18477,44.6455,44.665,44.665,44.67,44.62,232
2024-04-04 14:42:00,32433,44.6041,44.6675,44.61,44.67,44.575,282
2024-04-04 14:43:00,26721,44.6109,44.605,44.6,44.63,44.59,263
2024-04-04 14:44:00,8044,44.6015,44.6,44.585,44.61,44.58,98
2024-04-04 14:45:00,19321,44.6073,44.585,44.59,44.64,44.585,207
2024-04-04 14:46:00,19559,44.5995,44.6,44.595,44.62,44.57,209
2024-04-04 14:47:00,14270,44.5996,44.59,44.594,44.61,44.59,129
2024-04-04 14:48:00,25311,44.6073,44.6,44.6,44.62,44.6,242
2024-04-04 14:49:00,9813,44.5988,44.6,44.585,44.605,44.585,100
2024-04-04 14:50:00,12307,44.5794,44.585,44.55,44.605,44.55,137
2024-04-04 14:51:00,17035,44.5584,44.555,44.5899,44.5899,44.535,197
2024-04-04 14:52:00,8939,44.5846,44.585,44.585,44.6,44.575,108
2024-04-04 14:53:00,5361,44.5823,44.585,44.575,44.595,44.57,104
2024-04-04 14:54:00,7652,44.5498,44.575,44.515,44.575,44.515,103
2024-04-04 14:55:00,10654,44.4867,44.515,44.432,44.52,44.432,119
2024-04-04 14:56:00,7475,44.4418,44.43,44.435,44.46,44.425,97
2024-04-04 14:57:00,8378,44.4459,44.435,44.45,44.46,44.43,98
2024-04-04 14:58:00,5852,44.4112,44.44,44.405,44.44,44.385,73
2024-04-04 14:59:00,10296,44.3822,44.405,44.38,44.405,44.36,109
2024-04-04 15:00:00,9580,44.3845,44.3799,44.38,44.4,44.37,126
2024-04-04 15:01:00,6439,44.3693,44.38,44.365,44.38,44.351,107
2024-04-04 15:02:00,15722,44.3428,44.37,44.295,44.37,44.295,148
2024-04-04 15:03:00,6487,44.2971,44.29,44.285,44.3,44.285,85
2024-04-04 15:04:00,10178,44.296,44.29,44.28,44.32,44.28,144
2024-04-04 15:05:00,3526,44.2805,44.28,44.28,44.29,44.27,67
2024-04-04 15:06:00,10663,44.3048,44.29,44.291,44.33,44.29,141
2024-04-04 15:07:00,9383,44.2715,44.295,44.275,44.295,44.25,118
2024-04-04 15:08:00,7621,44.2777,44.27,44.275,44.29,44.265,86
2024-04-04 15:09:00,6261,44.2782,44.275,44.29,44.29,44.265,95
2024-04-04 15:10:00,4492,44.2917,44.29,44.295,44.3,44.285,90
2024-04-04 15:11:00,2128,44.2899,44.3,44.2804,44.3,44.2804,40
2024-04-04 15:12:00,9164,44.2721,44.29,44.255,44.29,44.255,137
2024-04-04 15:13:00,9534,44.2372,44.25,44.235,44.255,44.22,169
2024-04-04 15:14:00,17024,44.197,44.23,44.18,44.24,44.18,270
2024-04-04 15:15:00,15389,44.1523,44.185,44.135,44.19,44.12,184
2024-04-04 15:16:00,8411,44.1631,44.14,44.175,44.18,44.14,108
2024-04-04 15:17:00,10826,44.1505,44.175,44.17,44.175,44.135,137
2024-04-04 15:18:00,4265,44.1796,44.175,44.18,44.185,44.175,69
2024-04-04 15:19:00,5766,44.157,44.175,44.145,44.175,44.145,71
2024-04-04 15:20:00,15580,44.1407,44.14,44.15,44.15,44.125,240
2024-04-04 15:21:00,20188,44.1259,44.15,44.085,44.1575,44.08,269
2024-04-04 15:22:00,75126,44.0356,44.085,43.99,44.085,43.99,799
2024-04-04 15:23:00,34495,43.962,43.98,43.9605,44.0,43.935,419
2024-04-04 15:24:00,17532,43.9648,43.955,43.96,43.99,43.95,213
2024-04-04 15:25:00,13985,43.9423,43.955,43.93,43.96,43.925,190
2024-04-04 15:26:00,18575,43.9176,43.935,43.925,43.94,43.885,233
2024-04-04 15:27:00,10265,43.9251,43.92,43.91,43.935,43.91,127
2024-04-04 15:28:00,10346,43.9086,43.91,43.895,43.92,43.895,130
2024-04-04 15:29:00,12344,43.8914,43.89,43.895,43.9,43.88,152
2024-04-04 15:30:00,17270,43.9095,43.89,43.955,43.955,43.885,241
2024-04-04 15:31:00,14494,43.9747,43.96,44.04,44.04,43.955,140
2024-04-04 15:32:00,13346,44.0258,44.04,44.005,44.045,44.005,136
2024-04-04 15:33:00,5067,44.0088,44.005,44.015,44.02,44.005,58
2024-04-04 15:34:00,13793,44.0155,44.02,44.06,44.06,44.005,178
2024-04-04 15:35:00,13653,44.0583,44.08,44.04,44.08,44.04,151
2024-04-04 15:36:00,5959,44.039,44.035,44.05,44.05,44.03,64
2024-04-04 15:37:00,17420,44.0283,44.04,44.01,44.05,44.0,165
2024-04-04 15:38:00,11548,43.9597,44.0,43.925,44.0,43.92,134
2024-04-04 15:39:00,12456,43.898,43.93,43.9,43.93,43.875,148
2024-04-04 15:40:00,13429,43.8984,43.895,43.89,43.915,43.885,152
2024-04-04 15:41:00,10640,43.8947,43.9,43.885,43.91,43.88,113
2024-04-04 15:42:00,11455,43.859,43.885,43.825,43.885,43.825,88
2024-04-04 15:43:00,27388,43.8198,43.825,43.835,43.855,43.805,196
2024-04-04 15:44:00,10691,43.8223,43.83,43.835,43.835,43.81,120
2024-04-04 15:45:00,16638,43.8263,43.835,43.88,43.88,43.79,190
2024-04-04 15:46:00,18096,43.9341,43.89,43.925,43.96,43.885,185
2024-04-04 15:47:00,6654,43.9174,43.925,43.915,43.93,43.9,81
2024-04-04 15:48:00,12683,43.8973,43.915,43.8801,43.915,43.875,121
2024-04-04 15:49:00,8740,43.8853,43.88,43.89,43.895,43.875,111
2024-04-04 15:50:00,17147,43.8566,43.885,43.845,43.885,43.84,150
2024-04-04 15:51:00,111244,43.8455,43.85,43.915,43.915,43.81,333
2024-04-04 15:52:00,15690,43.9597,43.91,43.945,44.0,43.905,164
2024-04-04 15:53:00,13682,43.9551,43.945,43.97,43.98,43.935,157
2024-04-04 15:54:00,5465,43.9395,43.965,43.925,43.965,43.915,65
2024-04-04 15:55:00,10008,43.9356,43.925,43.92,43.96,43.915,129
2024-04-04 15:56:00,7603,43.9584,43.93,43.97,43.975,43.93,92
2024-04-04 15:57:00,8873,43.9751,43.98,43.94,44.0,43.935,96
2024-04-04 15:58:00,5650,43.9338,43.93,43.915,43.945,43.915,76
2024-04-04 15:59:00,7096,43.8905,43.915,43.888,43.915,43.875,90
2024-04-04 16:00:00,10927,43.9133,43.885,43.925,43.94,43.885,120
2024-04-04 16:01:00,7939,43.9474,43.93,43.94,43.96,43.93,113
2024-04-04 16:02:00,20306,43.9867,43.945,44.02,44.02,43.945,154
2024-04-04 16:03:00,35048,44.0283,44.015,43.97,44.055,43.97,315
2024-04-04 16:04:00,15358,43.9712,43.97,43.98,43.99,43.945,157
2024-04-04 16:05:00,13284,44.0097,43.985,44.015,44.02,43.985,126
2024-04-04 16:06:00,15609,44.0637,44.015,44.105,44.11,44.015,162
2024-04-04 16:07:00,23341,44.1143,44.115,44.125,44.14,44.1,183
2024-04-04 16:08:00,9808,44.1448,44.125,44.14,44.17,44.125,100
2024-04-04 16:09:00,9487,44.1581,44.14,44.185,44.2,44.1301,101
2024-04-04 16:10:00,10849,44.18,44.185,44.17,44.21,44.165,133
2024-04-04 16:11:00,5719,44.1888,44.17,44.2,44.205,44.17,72
2024-04-04 16:12:00,51516,44.1719,44.195,44.1,44.21,44.1,168
2024-04-04 16:13:00,17884,44.1328,44.1,44.105,44.165,44.1,155
2024-04-04 16:14:00,10936,44.0959,44.105,44.075,44.115,44.06,115
2024-04-04 16:15:00,6372,44.0772,44.08,44.075,44.09,44.07,83
2024-04-04 16:16:00,4377,44.0681,44.0766,44.055,44.08,44.055,49
2024-04-04 16:17:00,9957,44.0227,44.05,44.01,44.05,43.995,118
2024-04-04 16:18:00,13510,43.9684,44.01,43.935,44.01,43.93,158
2024-04-04 16:19:00,12015,43.9196,43.93,43.915,43.94,43.9,135
2024-04-04 16:20:00,12972,43.9019,43.915,43.88,43.915,43.88,146
2024-04-04 16:21:00,8632,43.898,43.89,43.905,43.915,43.88,94
2024-04-04 16:22:00,9024,43.9006,43.905,43.88,43.905,43.88,105
2024-04-04 16:23:00,13925,43.891,43.885,43.87,43.905,43.87,110
2024-04-04 16:24:00,5048,43.8567,43.87,43.84,43.87,43.84,76
2024-04-04 16:25:00,19317,43.8456,43.85,43.865,43.865,43.835,104
2024-04-04 16:26:00,17075,43.9234,43.86,43.93,43.98,43.86,182
2024-04-04 16:27:00,5803,43.8906,43.925,43.885,43.925,43.88,57
2024-04-04 16:28:00,14112,43.8482,43.88,43.825,43.885,43.82,186
2024-04-04 16:29:00,9371,43.8231,43.825,43.835,43.835,43.815,107
2024-04-04 16:30:00,8065,43.8398,43.83,43.875,43.88,43.81,130
2024-04-04 16:31:00,8308,43.8634,43.875,43.84,43.88,43.835,146
2024-04-04 16:32:00,11446,43.8664,43.84,43.905,43.91,43.84,111
2024-04-04 16:33:00,3477,43.8938,43.9099,43.875,43.9099,43.875,47
2024-04-04 16:34:00,10986,43.8904,43.875,43.92,43.92,43.87,134
2024-04-04 16:35:00,3030,43.9316,43.915,43.94,43.94,43.915,66
2024-04-04 16:36:00,6435,43.9244,43.94,43.925,43.94,43.92,87
2024-04-04 16:37:00,2009,43.9247,43.925,43.925,43.93,43.92,34
2024-04-04 16:38:00,9149,43.9093,43.93,43.89,43.94,43.88,145
2024-04-04 16:39:00,9834,43.8888,43.895,43.89,43.9,43.87,151
2024-04-04 16:40:00,9035,43.8881,43.89,43.88,43.9,43.875,152
2024-04-04 16:41:00,3136,43.8687,43.885,43.85,43.885,43.85,56
2024-04-04 16:42:00,8057,43.8558,43.855,43.86,43.87,43.845,122
2024-04-04 16:43:00,8829,43.8594,43.8675,43.86,43.87,43.845,157
2024-04-04 16:44:00,6547,43.8909,43.86,43.93,43.93,43.86,121
2024-04-04 16:45:00,3871,43.9289,43.93,43.93,43.94,43.925,63
2024-04-04 16:46:00,10237,43.9255,43.93,43.92,43.93,43.915,173
2024-04-04 16:47:00,5714,43.896,43.91,43.88,43.91,43.88,103
2024-04-04 16:48:00,7525,43.88,43.885,43.88,43.885,43.875,100
2024-04-04 16:49:00,5672,43.8907,43.87,43.915,43.92,43.87,107
2024-04-04 16:50:00,5368,43.9222,43.915,43.93,43.93,43.915,123
2024-04-04 16:51:00,12670,43.9495,43.93,43.96,43.97,43.93,204
2024-04-04 16:52:00,4320,43.9521,43.96,43.96,43.96,43.95,66
2024-04-04 16:53:00,5156,43.9488,43.95,43.955,43.96,43.94,103
2024-04-04 16:54:00,10760,43.9287,43.955,43.925,43.955,43.91,185
2024-04-04 16:55:00,4794,43.943,43.9209,43.96,43.96,43.9209,78
2024-04-04 16:56:00,6648,43.9514,43.96,43.93,43.965,43.93,104
2024-04-04 16:57:00,5371,43.9299,43.94,43.91,43.9407,43.91,93
2024-04-04 16:58:00,6017,43.9012,43.91,43.89,43.91,43.89,108
2024-04-04 16:59:00,9722,43.8987,43.895,43.91,43.91,43.89,146
2024-04-04 17:00:00,9590,43.9115,43.915,43.9,43.92,43.9,156
2024-04-04 17:01:00,7446,43.8736,43.9,43.865,43.9,43.855,151
2024-04-04 17:02:00,4638,43.8488,43.86,43.845,43.86,43.84,93
2024-04-04 17:03:00,7771,43.8297,43.85,43.815,43.86,43.81,133
2024-04-04 17:04:00,5501,43.8225,43.82,43.825,43.83,43.815,74
2024-04-04 17:05:00,13425,43.8054,43.82,43.77,43.83,43.77,218
2024-04-04 17:06:00,7070,43.7764,43.77,43.81,43.81,43.765,116
2024-04-04 17:07:00,9356,43.8063,43.805,43.805,43.815,43.795,123
2024-04-04 17:08:00,15480,43.7525,43.8,43.735,43.8,43.715,162
2024-04-04 17:09:00,10315,43.7317,43.74,43.739,43.74,43.72,164
2024-04-04 17:10:00,5805,43.7346,43.74,43.745,43.745,43.73,104
2024-04-04 17:11:00,4761,43.772,43.745,43.805,43.805,43.745,78
2024-04-04 17:12:00,3655,43.8021,43.805,43.795,43.81,43.795,60
2024-04-04 17:13:00,6994,43.7756,43.79,43.785,43.79,43.765,122
2024-04-04 17:14:00,5173,43.7857,43.79,43.755,43.8,43.755,97
2024-04-04 17:15:00,4105,43.7582,43.76,43.76,43.76,43.755,62
2024-04-04 17:16:00,8808,43.7912,43.76,43.81,43.81,43.76,120
2024-04-04 17:17:00,6332,43.8059,43.81,43.8,43.81,43.8,108
2024-04-04 17:18:00,5496,43.7916,43.805,43.775,43.81,43.765,113
2024-04-04 17:19:00,3023,43.7772,43.775,43.775,43.78,43.7742,42
2024-04-04 17:20:00,16014,43.7541,43.77,43.76,43.77,43.745,128
2024-04-04 17:21:00,2919,43.7756,43.765,43.785,43.79,43.765,64
2024-04-04 17:22:00,9972,43.768,43.78,43.755,43.785,43.745,176
2024-04-04 17:23:00,5891,43.7567,43.75,43.765,43.77,43.745,83
2024-04-04 17:24:00,9809,43.7607,43.765,43.745,43.77,43.74,153
2024-04-04 17:25:00,4161,43.7715,43.745,43.7795,43.78,43.745,76
2024-04-04 17:26:00,2545,43.7887,43.775,43.805,43.805,43.775,55
2024-04-04 17:27:00,10300,43.8476,43.81,43.86,43.88,43.81,165
2024-04-04 17:28:00,9014,43.8334,43.855,43.82,43.855,43.805,96
2024-04-04 17:29:00,4854,43.8029,43.81,43.79,43.81,43.785,94
2024-04-04 17:30:00,6283,43.7987,43.79,43.815,43.815,43.785,133
2024-04-04 17:31:00,3394,43.8111,43.815,43.815,43.815,43.805,64
2024-04-04 17:32:00,7981,43.8029,43.815,43.81,43.815,43.79,140
2024-04-04 17:33:00,3855,43.8079,43.81,43.805,43.82,43.805,70
2024-04-04 17:34:00,9260,43.7763,43.805,43.76,43.805,43.75,155
2024-04-04 17:35:00,5010,43.7756,43.759,43.785,43.79,43.755,102
2024-04-04 17:36:00,3354,43.7995,43.79,43.805,43.805,43.79,63
2024-04-04 17:37:00,8254,43.8156,43.805,43.8299,43.8299,43.805,117
2024-04-04 17:38:00,4621,43.8056,43.81,43.805,43.81,43.795,100
2024-04-04 17:39:00,6527,43.7948,43.8,43.77,43.8,43.77,108
2024-04-04 17:40:00,3392,43.7631,43.77,43.76,43.775,43.755,89
2024-04-04 17:41:00,7168,43.7622,43.75,43.77,43.775,43.75,138
2024-04-04 17:42:00,3591,43.7628,43.77,43.745,43.775,43.745,78
2024-04-04 17:43:00,6142,43.7393,43.745,43.71,43.745,43.71,81
2024-04-04 17:44:00,12400,43.6837,43.7,43.665,43.7,43.665,195
2024-04-04 17:45:00,9024,43.6786,43.6699,43.7,43.7,43.66,155
2024-04-04 17:46:00,3273,43.7201,43.71,43.745,43.745,43.71,70
2024-04-04 17:47:00,10826,43.7581,43.76,43.74,43.78,43.735,171
2024-04-04 17:48:00,2929,43.7505,43.745,43.74,43.76,43.735,47
2024-04-04 17:49:00,823,43.7345,43.735,43.735,43.735,43.735,27
2024-04-04 17:50:00,6170,43.7345,43.74,43.7,43.74,43.7,118
2024-04-04 17:51:00,6429,43.7005,43.69,43.685,43.71,43.685,117
2024-04-04 17:52:00,3661,43.6988,43.685,43.715,43.715,43.685,56
2024-04-04 17:53:00,5162,43.7215,43.715,43.73,43.73,43.715,111
2024-04-04 17:54:00,1919,43.735,43.74,43.715,43.745,43.715,66
2024-04-04 17:55:00,3146,43.7131,43.715,43.7099,43.72,43.7,80
2024-04-04 17:56:00,3541,43.7147,43.71,43.71,43.725,43.705,85
2024-04-04 17:57:00,757,43.7062,43.705,43.705,43.7097,43.705,40
2024-04-04 17:58:00,12115,43.6778,43.7,43.685,43.7,43.66,206
2024-04-04 17:59:00,3029,43.695,43.69,43.695,43.7,43.69,64
2024-04-04 18:00:00,11643,43.6836,43.7,43.68,43.7,43.67,205
2024-04-04 18:01:00,16397,43.6856,43.67,43.705,43.705,43.665,181
2024-04-04 18:02:00,5532,43.7217,43.71,43.735,43.74,43.705,130
2024-04-04 18:03:00,6434,43.7337,43.735,43.755,43.76,43.735,81
2024-04-04 18:04:00,1335,43.7481,43.75,43.745,43.75,43.745,50
2024-04-04 18:05:00,5272,43.7416,43.74,43.735,43.75,43.735,99
2024-04-04 18:06:00,5295,43.7152,43.735,43.705,43.735,43.705,97
2024-04-04 18:07:00,8517,43.694,43.71,43.67,43.71,43.6602,110
2024-04-04 18:08:00,3547,43.6687,43.67,43.665,43.675,43.66,89
2024-04-04 18:09:00,16233,43.6315,43.66,43.64,43.66,43.615,280
2024-04-04 18:10:00,5418,43.6131,43.62,43.61,43.62,43.6,108
2024-04-04 18:11:00,5483,43.6085,43.605,43.605,43.61,43.595,103
2024-04-04 18:12:00,7491,43.614,43.6,43.645,43.645,43.59,165
2024-04-04 18:13:00,10394,43.6436,43.645,43.655,43.66,43.64,190
2024-04-04 18:14:00,14718,43.6285,43.65,43.615,43.65,43.61,245
2024-04-04 18:15:00,19780,43.5622,43.62,43.545,43.62,43.52,306
2024-04-04 18:16:00,11924,43.5152,43.53,43.54,43.55,43.49,196
2024-04-04 18:17:00,5056,43.5318,43.53,43.53,43.54,43.525,87
2024-04-04 18:18:00,14345,43.4816,43.52,43.46,43.52,43.46,214
2024-04-04 18:19:00,9522,43.4746,43.465,43.47,43.49,43.45,157
2024-04-04 18:20:00,7835,43.4774,43.455,43.53,43.53,43.45,176
2024-04-04 18:21:00,4477,43.5098,43.53,43.505,43.53,43.505,97
2024-04-04 18:22:00,4155,43.505,43.505,43.5,43.51,43.5,65
2024-04-04 18:23:00,9505,43.5105,43.5,43.52,43.525,43.495,138
2024-04-04 18:24:00,7231,43.5266,43.52,43.535,43.545,43.515,148
2024-04-04 18:25:00,6526,43.5387,43.535,43.545,43.55,43.535,92
2024-04-04 18:26:00,12355,43.5499,43.54,43.545,43.56,43.54,239
2024-04-04 18:27:00,14935,43.5282,43.545,43.5,43.55,43.5,194
2024-04-04 18:28:00,5316,43.4961,43.51,43.48,43.51,43.48,95
2024-04-04 18:29:00,18122,43.4723,43.48,43.45,43.49,43.45,240
2024-04-04 18:30:00,10001,43.4157,43.455,43.39,43.455,43.385,168
2024-04-04 18:31:00,8173,43.3746,43.39,43.365,43.395,43.36,125
2024-04-04 18:32:00,9004,43.3199,43.36,43.295,43.36,43.29,125
2024-04-04 18:33:00,8576,43.3206,43.3,43.335,43.34,43.3,141
2024-04-04 18:34:00,8096,43.3063,43.335,43.2725,43.335,43.27,105
2024-04-04 18:35:00,10275,43.2911,43.27,43.29,43.32,43.265,183
2024-04-04 18:36:00,9919,43.3206,43.3,43.37,43.37,43.28,175
2024-04-04 18:37:00,11960,43.3987,43.365,43.425,43.43,43.365,152
2024-04-04 18:38:00,8537,43.4242,43.425,43.41,43.445,43.41,122
2024-04-04 18:39:00,4159,43.3834,43.41,43.3725,43.41,43.37,82
2024-04-04 18:40:00,14184,43.3775,43.37,43.3981,43.41,43.36,178
2024-04-04 18:41:00,9004,43.373,43.3901,43.355,43.3901,43.35,137
2024-04-04 18:42:00,31576,43.3379,43.36,43.315,43.37,43.31,127
2024-04-04 18:43:00,38644,43.3038,43.31,43.29,43.31,43.29,137
2024-04-04 18:44:00,11380,43.2616,43.295,43.24,43.3,43.24,128
2024-04-04 18:45:00,24073,43.2335,43.24,43.235,43.245,43.22,267
2024-04-04 18:46:00,10082,43.2407,43.22,43.24,43.25,43.22,175
2024-04-04 18:47:00,20457,43.2557,43.23,43.29,43.3,43.23,212
2024-04-04 18:48:00,10887,43.2696,43.29,43.27,43.29,43.245,145
2024-04-04 18:49:00,8134,43.285,43.28,43.27,43.3,43.27,108
2024-04-04 18:50:00,9481,43.2516,43.275,43.24,43.275,43.235,131
2024-04-04 18:51:00,16106,43.207,43.24,43.18,43.24,43.18,204
2024-04-04 18:52:00,19771,43.1094,43.17,43.06,43.17,43.06,248
2024-04-04 18:53:00,23753,43.0504,43.06,43.06,43.07,43.03,275
2024-04-04 18:54:00,5654,43.0668,43.06,43.065,43.075,43.06,82
2024-04-04 18:55:00,9273,43.033,43.07,43.01,43.07,43.01,127
2024-04-04 18:56:00,15078,43.0904,43.02,43.09,43.14,43.02,178
2024-04-04 18:57:00,6644,43.0818,43.09,43.07,43.11,43.065,97
2024-04-04 18:58:00,12399,43.0815,43.08,43.07,43.105,43.06,169
2024-04-04 18:59:00,6635,43.0698,43.06,43.1,43.1,43.05,119
2024-04-04 19:00:00,19242,43.0337,43.105,42.97,43.11,42.97,263
2024-04-04 19:01:00,9682,42.9513,42.98,42.93,42.99,42.93,145
2024-04-04 19:02:00,25023,42.9215,42.935,42.915,42.96,42.9,299
2024-04-04 19:03:00,11963,42.9668,42.92,42.97,42.99,42.92,188
2024-04-04 19:04:00,10906,42.9616,42.97,42.94,42.99,42.935,135
2024-04-04 19:05:00,10429,42.9567,42.935,42.95,42.97,42.935,165
2024-04-04 19:06:00,18472,42.9388,42.94,42.9888,42.99,42.91,225
2024-04-04 19:07:00,10174,42.995,42.99,42.955,43.02,42.95,139
2024-04-04 19:08:00,10425,42.9571,42.95,42.955,42.965,42.945,158
2024-04-04 19:09:00,12897,42.9602,42.9543,42.965,42.98,42.94,185
2024-04-04 19:10:00,4654,42.9431,42.97,42.92,42.97,42.92,96
2024-04-04 19:11:00,6445,42.9309,42.9225,42.92,42.94,42.92,94
2024-04-04 19:12:00,10823,42.9204,42.92,42.905,42.93,42.905,138
2024-04-04 19:13:00,11716,42.9236,42.91,42.91,42.93,42.905,141
2024-04-04 19:14:00,10320,42.9223,42.915,42.94,42.94,42.905,167
2024-04-04 19:15:00,7524,42.9127,42.94,42.89,42.94,42.89,103
2024-04-04 19:16:00,32141,42.9213,42.89,42.94,42.96,42.89,333
2024-04-04 19:17:00,11167,42.9102,42.935,42.9,42.935,42.895,166
2024-04-04 19:18:00,25097,42.9136,42.895,42.965,42.97,42.89,197
2024-04-04 19:19:00,15842,42.9809,42.97,43.02,43.02,42.97,169
2024-04-04 19:20:00,17016,43.0751,43.02,43.075,43.105,43.02,233
2024-04-04 19:21:00,12754,43.0771,43.0725,43.085,43.09,43.07,165
2024-04-04 19:22:00,15238,43.1096,43.09,43.085,43.13,43.08,198
2024-04-04 19:23:00,22344,43.0646,43.0825,43.04,43.1,43.035,273
2024-04-04 19:24:00,8551,43.0466,43.04,43.04,43.055,43.03,146
2024-04-04 19:25:00,21034,43.0817,43.05,43.09,43.115,43.05,307
2024-04-04 19:26:00,18062,43.1028,43.095,43.115,43.12,43.09,199
2024-04-04 19:27:00,12843,43.1068,43.12,43.09,43.13,43.09,173
2024-04-04 19:28:00,14062,43.0869,43.09,43.095,43.1,43.075,226
2024-04-04 19:29:00,15914,43.111,43.1,43.12,43.13,43.1,218
2024-04-04 19:30:00,17017,43.1665,43.125,43.135,43.205,43.125,260
2024-04-04 19:31:00,16614,43.1193,43.135,43.1,43.14,43.1,189
2024-04-04 19:32:00,14579,43.0856,43.09,43.09,43.095,43.07,177
2024-04-04 19:33:00,10782,43.0929,43.08,43.105,43.11,43.075,139
2024-04-04 19:34:00,15945,43.1196,43.11,43.13,43.14,43.105,183
2024-04-04 19:35:00,17127,43.0967,43.125,43.09,43.125,43.075,210
2024-04-04 19:36:00,14830,43.094,43.085,43.1,43.11,43.08,203
2024-04-04 19:37:00,11182,43.1283,43.1,43.135,43.145,43.1,159
2024-04-04 19:38:00,9281,43.147,43.13,43.155,43.16,43.13,122
2024-04-04 19:39:00,27969,43.1497,43.155,43.14,43.16,43.13,330
2024-04-04 19:40:00,29106,43.1396,43.135,43.14,43.16,43.13,235
2024-04-04 19:41:00,16359,43.1219,43.14,43.105,43.145,43.1,185
2024-04-04 19:42:00,27937,43.0772,43.1,43.075,43.11,43.06,317
2024-04-04 19:43:00,21645,43.085,43.075,43.065,43.105,43.065,241
2024-04-04 19:44:00,19981,43.0485,43.06,43.055,43.07,43.025,217
2024-04-04 19:45:00,33944,43.0819,43.055,43.095,43.11,43.05,376
2024-04-04 19:46:00,20778,43.1158,43.1,43.125,43.15,43.1,194
2024-04-04 19:47:00,36062,43.1243,43.12,43.12,43.145,43.1,430
2024-04-04 19:48:00,36003,43.0977,43.13,43.08,43.135,43.07,337
2024-04-04 19:49:00,35004,43.0807,43.08,43.09,43.095,43.07,339
2024-04-04 19:50:00,60733,43.0968,43.09,43.06,43.14,43.06,528
2024-04-04 19:51:00,51658,43.0855,43.06,43.105,43.12,43.05,441
2024-04-04 19:52:00,57229,43.0967,43.11,43.095,43.115,43.085,477
2024-04-04 19:53:00,57637,43.0763,43.095,43.065,43.1,43.05,468
2024-04-04 19:54:00,60264,43.1008,43.065,43.1575,43.165,43.06,557
2024-04-04 19:55:00,64039,43.1253,43.155,43.105,43.16,43.1,557
2024-04-04 19:56:00,117934,43.0708,43.1,43.055,43.11,43.04,845
2024-04-04 19:57:00,81946,43.0471,43.055,43.055,43.06,43.04,547
2024-04-04 19:58:00,93130,43.0521,43.055,43.045,43.0675,43.04,802
2024-04-04 19:59:00,244609,43.015,43.05,43.04,43.05,42.99,1585
2024-04-04 20:00:00,10881,43.03,43.03,43.03,43.03,43.03,14
2024-04-04 20:06:00,7523,43.03,43.03,43.03,43.03,43.03,2
2024-04-04 20:15:00,1030,42.9121,42.95,43.09,43.09,42.95,65
2024-04-04 21:07:00,1200,42.5772,42.64,42.5,42.64,42.5,16
2024-04-04 21:11:00,133,42.7405,42.74,42.74,42.74,42.74,2
2024-04-04 22:06:00,358,43.1577,43.15,43.2,43.2,43.15,7
2024-04-04 23:17:00,567,42.9195,43.0,42.77,43.0,42.77,6
2024-04-05 12:33:00,1158,43.0574,43.07,43.06,43.07,43.05,10
2024-04-05 12:36:00,1217,43.4961,43.5,43.5,43.5,43.5,9
2024-04-05 12:59:00,300,42.98,42.98,42.98,42.98,42.98,1
2024-04-05 13:04:00,100,43.06,43.06,43.06,43.06,43.06,1
2024-04-05 13:10:00,300,43.06,43.06,43.06,43.06,43.06,1
2024-04-05 13:12:00,106,43.1074,43.1,43.1,43.1,43.1,2
2024-04-05 13:14:00,858,42.9772,42.99,42.99,42.99,42.96,16
2024-04-05 13:30:00,59641,43.2172,43.22,43.0844,43.245,43.0844,112
2024-04-05 13:31:00,10128,43.0526,43.11,43.07,43.14,42.975,160
2024-04-05 13:32:00,3700,43.1285,43.07,43.175,43.195,43.07,50
2024-04-05 13:33:00,2470,43.2078,43.23,43.21,43.24,43.18,40
2024-04-05 13:34:00,3348,43.2663,43.215,43.295,43.3,43.215,48
2024-04-05 13:35:00,7503,43.3243,43.3,43.29,43.35,43.275,125
2024-04-05 13:36:00,2248,43.2651,43.275,43.27,43.28,43.26,28
2024-04-05 13:37:00,5932,43.2136,43.23,43.19,43.23,43.19,134
2024-04-05 13:38:00,7874,43.1205,43.16,43.065,43.16,43.06,109
2024-04-05 13:39:00,2895,43.0778,43.08,43.065,43.11,43.05,35
2024-04-05 13:40:00,10502,43.0267,43.05,43.03,43.055,42.995,141
2024-04-05 13:41:00,8594,43.0226,43.0,43.05,43.05,42.99,120
2024-04-05 13:42:00,9364,43.0354,43.045,43.035,43.07,43.01,139
2024-04-05 13:43:00,13430,43.0082,43.03,42.97,43.06,42.965,192
2024-04-05 13:44:00,12655,42.9413,42.96,42.905,42.965,42.9,176
2024-04-05 13:45:00,20661,42.9059,42.91,42.91,42.935,42.875,210
2024-04-05 13:46:00,3999,42.8964,42.9,42.885,42.91,42.88,78
2024-04-05 13:47:00,16973,42.8841,42.885,42.9,42.9,42.86,206
2024-04-05 13:48:00,20699,42.9383,42.91,42.972,42.975,42.905,263
2024-04-05 13:49:00,7888,42.9062,42.97,42.84,42.97,42.84,129
2024-04-05 13:50:00,19650,42.8109,42.835,42.82,42.84,42.765,286
2024-04-05 13:51:00,14847,42.8543,42.8,42.91,42.91,42.79,214
2024-04-05 13:52:00,7583,42.8773,42.89,42.89,42.9,42.85,108
2024-04-05 13:53:00,36232,42.8669,42.895,42.84,42.905,42.83,318
2024-04-05 13:54:00,20585,42.8521,42.84,42.875,42.88,42.83,229
2024-04-05 13:55:00,14576,42.8716,42.875,42.87,42.88,42.86,139
2024-04-05 13:56:00,28500,42.8815,42.865,42.84,42.92,42.82,293
2024-04-05 13:57:00,3852,42.8343,42.84,42.81,42.855,42.81,72
2024-04-05 13:58:00,7873,42.8234,42.8,42.82,42.83,42.79,100
2024-04-05 13:59:00,9695,42.7951,42.81,42.77,42.81,42.77,158
2024-04-05 14:00:00,12024,42.7848,42.77,42.78,42.81,42.77,160
2024-04-05 14:01:00,13044,42.7747,42.78,42.78,42.81,42.755,203
2024-04-05 14:02:00,9047,42.7699,42.78,42.765,42.78,42.755,120
2024-04-05 14:03:00,4746,42.7315,42.76,42.71,42.76,42.71,98
2024-04-05 14:04:00,10305,42.7349,42.71,42.78,42.785,42.7,187
2024-04-05 14:05:00,5798,42.8115,42.79,42.83,42.83,42.79,139
2024-04-05 14:06:00,5865,42.8134,42.825,42.8,42.825,42.8,117
2024-04-05 14:07:00,6334,42.7623,42.8,42.72,42.8,42.72,106
2024-04-05 14:08:00,9009,42.7128,42.73,42.68,42.73,42.68,131
2024-04-05 14:09:00,9143,42.6865,42.67,42.71,42.71,42.66,124
2024-04-05 14:10:00,6714,42.7143,42.715,42.69,42.74,42.69,94
2024-04-05 14:11:00,7282,42.7186,42.695,42.71,42.75,42.695,96
2024-04-05 14:12:00,13176,42.7248,42.71,42.73,42.75,42.69,149
2024-04-05 14:13:00,5237,42.7527,42.73,42.76,42.77,42.73,100
2024-04-05 14:14:00,3756,42.7922,42.78,42.815,42.815,42.78,78
2024-04-05 14:15:00,5898,42.833,42.81,42.85,42.86,42.805,98
2024-04-05 14:16:00,5368,42.8462,42.86,42.86,42.865,42.825,112
2024-04-05 14:17:00,7181,42.8956,42.86,42.895,42.92,42.86,109
2024-04-05 14:18:00,5600,42.8826,42.895,42.865,42.9,42.865,126
2024-04-05 14:19:00,4831,42.8567,42.86,42.87,42.87,42.84,88
2024-04-05 14:20:00,5872,42.9049,42.8699,42.915,42.94,42.8699,96
2024-04-05 14:21:00,5413,42.9079,42.915,42.905,42.92,42.895,100
2024-04-05 14:22:00,12996,42.8813,42.9,42.88,42.91,42.87,112
2024-04-05 14:23:00,5983,42.8711,42.89,42.87,42.89,42.855,91
2024-04-05 14:24:00,2381,42.8783,42.88,42.88,42.88,42.87,46
2024-04-05 14:25:00,13524,42.8929,42.88,42.915,42.92,42.86,147
2024-04-05 14:26:00,6829,42.8609,42.91,42.84,42.91,42.84,133
2024-04-05 14:27:00,7450,42.8344,42.83,42.84,42.84,42.825,121
2024-04-05 14:28:00,7278,42.8582,42.84,42.92,42.92,42.84,137
2024-04-05 14:29:00,2899,42.9381,42.93,42.97,42.97,42.925,82
2024-04-05 14:30:00,5918,42.9733,42.97,42.965,42.99,42.965,113
2024-04-05 14:31:00,4124,42.9774,42.97,42.985,42.99,42.97,71
2024-04-05 14:32:00,10108,43.0107,42.99,43.06,43.065,42.98,155
2024-04-05 14:33:00,5933,43.0559,43.06,43.05,43.075,43.04,89
2024-04-05 14:34:00,6045,43.018,43.04,43.005,43.05,43.005,77
2024-04-05 14:35:00,4257,43.0175,43.005,43.035,43.035,43.005,72
2024-04-05 14:36:00,10521,43.0205,43.035,43.025,43.0391,43.005,154
2024-04-05 14:37:00,11730,43.0422,43.025,43.06,43.075,43.025,112
2024-04-05 14:38:00,11676,43.0694,43.07,43.05,43.09,43.045,151
2024-04-05 14:39:00,19958,43.0198,43.05,43.0,43.05,42.995,236
2024-04-05 14:40:00,6371,42.9993,43.0,43.04,43.04,42.98,130
2024-04-05 14:41:00,4570,43.07,43.05,43.09,43.09,43.05,102
2024-04-05 14:42:00,6251,43.1,43.08,43.1,43.125,43.08,122
2024-04-05 14:43:00,2616,43.0917,43.0999,43.09,43.0999,43.085,72
2024-04-05 14:44:00,8046,43.1029,43.09,43.105,43.115,43.09,102
2024-04-05 14:45:00,8511,43.0824,43.105,43.08,43.105,43.05,106
2024-04-05 14:46:00,6726,43.0534,43.07,43.03,43.07,43.03,124
2024-04-05 14:47:00,7554,42.9986,43.025,42.96,43.025,42.96,142
2024-04-05 14:48:00,8256,42.9823,42.97,42.98,43.0,42.97,126
2024-04-05 14:49:00,6420,42.9871,42.98,43.005,43.005,42.98,103
2024-04-05 14:50:00,6644,43.012,43.0,43.025,43.03,42.995,124
2024-04-05 14:51:00,5629,43.0229,43.02,43.03,43.035,43.01,123
2024-04-05 14:52:00,13284,43.04,43.04,43.05,43.08,43.015,121
2024-04-05 14:53:00,6239,43.0254,43.045,43.02,43.045,43.02,79
2024-04-05 14:54:00,7464,43.0388,43.02,43.05,43.06,43.02,133
2024-04-05 14:55:00,4717,43.0611,43.045,43.08,43.08,43.045,82
2024-04-05 14:56:00,4565,43.0878,43.08,43.09,43.09,43.08,115
2024-04-05 14:57:00,17014,43.1319,43.1,43.135,43.14,43.1,107
2024-04-05 14:58:00,21931,43.1275,43.14,43.115,43.16,43.105,281
2024-04-05 14:59:00,4707,43.1088,43.11,43.14,43.14,43.085,82
2024-04-05 15:00:00,5006,43.1173,43.13,43.11,43.13,43.105,103
2024-04-05 15:01:00,5676,43.0949,43.11,43.085,43.11,43.08,93
2024-04-05 15:02:00,3674,43.0815,43.08,43.065,43.09,43.065,65
2024-04-05 15:03:00,2901,43.0704,43.06,43.07,43.075,43.06,54
2024-04-05 15:04:00,14051,43.0322,43.07,43.02,43.07,43.015,221
2024-04-05 15:05:00,10474,43.0347,43.02,43.05,43.06,43.015,130
2024-04-05 15:06:00,4334,43.092,43.06,43.12,43.13,43.06,93
2024-04-05 15:07:00,2046,43.0983,43.12,43.09,43.12,43.09,31
2024-04-05 15:08:00,6538,43.0941,43.09,43.1,43.11,43.09,70
2024-04-05 15:09:00,4677,43.0932,43.095,43.07,43.105,43.07,118
2024-04-05 15:10:00,5633,43.0486,43.05,43.07,43.07,43.03,115
2024-04-05 15:11:00,7629,43.0788,43.07,43.09,43.105,43.065,101
2024-04-05 15:12:00,20018,43.0877,43.105,43.055,43.11,43.055,138
2024-04-05 15:13:00,6000,43.0622,43.05,43.06,43.08,43.05,105
2024-04-05 15:14:00,3812,43.071,43.065,43.075,43.08,43.065,67
2024-04-05 15:15:00,4207,43.0561,43.07,43.045,43.07,43.045,85
2024-04-05 15:16:00,35886,43.0171,43.045,43.03,43.05,43.01,104
2024-04-05 15:17:00,3472,43.031,43.03,43.0349,43.04,43.025,59
2024-04-05 15:18:00,5235,43.0359,43.04,43.03,43.04,43.02,81
2024-04-05 15:19:00,4615,43.0412,43.04,43.035,43.05,43.035,71
2024-04-05 15:20:00,1109,43.0332,43.035,43.03,43.035,43.03,23
2024-04-05 15:21:00,9591,43.0076,43.03,42.98,43.03,42.975,162
2024-04-05 15:22:00,7221,42.9545,42.97,42.97,42.98,42.935,93
2024-04-05 15:23:00,1898,42.9461,42.96,42.94,42.96,42.94,48
2024-04-05 15:24:00,5168,42.9393,42.94,42.935,42.94,42.93,78
2024-04-05 15:25:00,4739,42.9674,42.94,42.99,42.99,42.94,76
2024-04-05 15:26:00,6467,43.0042,43.0,43.0,43.01,42.99,124
2024-04-05 15:27:00,2110,42.9704,42.99,42.96,42.99,42.96,58
2024-04-05 15:28:00,7265,42.9525,42.9548,42.94,42.96,42.94,125
2024-04-05 15:29:00,10628,42.9528,42.945,42.965,42.98,42.935,172
2024-04-05 15:30:00,8587,42.9655,42.96,42.965,42.975,42.955,131
2024-04-05 15:31:00,8890,42.9667,42.965,42.98,42.98,42.955,160
2024-04-05 15:32:00,4338,42.9974,42.98,43.0,43.01,42.98,81
2024-04-05 15:33:00,2043,42.9909,42.995,42.995,42.995,42.985,75
2024-04-05 15:34:00,2384,42.9728,42.985,42.955,42.985,42.955,60
2024-04-05 15:35:00,8244,42.9478,42.95,42.93,42.96,42.925,117
2024-04-05 15:36:00,2884,42.9132,42.92,42.915,42.92,42.905,56
2024-04-05 15:37:00,1288,42.9173,42.915,42.91,42.92,42.91,39
2024-04-05 15:38:00,21770,42.9413,42.91,42.93,42.98,42.895,258
2024-04-05 15:39:00,5061,42.9354,42.925,42.935,42.945,42.925,72
2024-04-05 15:40:00,2667,42.9571,42.94,42.98,42.98,42.94,48
2024-04-05 15:41:00,5284,42.9645,42.98,42.97,42.98,42.96,94
2024-04-05 15:42:00,2865,42.9823,42.98,42.995,42.995,42.97,60
2024-04-05 15:43:00,4438,43.0115,42.99,43.03,43.03,42.99,88
2024-04-05 15:44:00,1339,43.0244,43.03,43.025,43.03,43.025,41
2024-04-05 15:45:00,2988,43.0212,43.03,42.995,43.03,42.995,59
2024-04-05 15:46:00,2746,42.997,43.0,42.98,43.0,42.98,52
2024-04-05 15:47:00,2952,42.9919,42.98,43.01,43.01,42.98,67
2024-04-05 15:48:00,1276,43.0142,43.01,43.02,43.02,43.01,22
2024-04-05 15:49:00,5701,43.0034,43.01,42.99,43.015,42.99,105
2024-04-05 15:50:00,1698,42.9906,42.99,42.995,42.995,42.985,29
2024-04-05 15:51:00,3102,42.9998,42.995,43.005,43.01,42.995,60
2024-04-05 15:52:00,4224,42.992,43.0,42.995,43.0,42.985,77
2024-04-05 15:53:00,567,42.9967,43.0,43.0,43.0,43.0,29
2024-04-05 15:54:00,3884,42.9811,42.99,42.965,42.99,42.965,77
2024-04-05 15:55:00,6046,42.9891,42.97,43.01,43.01,42.97,114
2024-04-05 15:56:00,3726,43.0201,43.01,43.0401,43.05,43.005,68
2024-04-05 15:57:00,6994,43.0425,43.04,43.035,43.055,43.03,146
2024-04-05 15:58:00,2191,43.033,43.03,43.055,43.055,43.03,50
2024-04-05 15:59:00,2205,43.0574,43.06,43.05,43.065,43.05,67
2024-04-05 16:00:00,2101,43.0431,43.04,43.051,43.051,43.04,50
2024-04-05 16:01:00,4078,43.0536,43.04,43.07,43.07,43.04,90
2024-04-05 16:02:00,2453,43.0643,43.07,43.07,43.07,43.055,54
2024-04-05 16:03:00,16643,43.0645,43.08,43.055,43.08,43.055,94
2024-04-05 16:04:00,10024,43.0348,43.06,43.01,43.07,43.0,116
2024-04-05 16:05:00,10562,42.9767,43.01,42.94,43.01,42.94,126
2024-04-05 16:06:00,6056,42.9295,42.95,42.91,42.95,42.905,96
2024-04-05 16:07:00,8709,42.9189,42.91,42.86,42.92,42.86,95
2024-04-05 16:08:00,7971,42.8818,42.87,42.88,42.89,42.865,115
2024-04-05 16:10:00,2934,42.8492,42.87,42.84,42.87,42.84,68
2024-04-05 16:11:00,4953,42.8445,42.84,42.83,42.855,42.825,80
2024-04-05 16:12:00,2118,42.8295,42.83,42.82,42.84,42.82,49
2024-04-05 16:13:00,6405,42.8258,42.81,42.86,42.86,42.81,126
2024-04-05 16:14:00,3253,42.8698,42.86,42.88,42.88,42.86,90
2024-04-05 16:15:00,4479,42.9074,42.89,42.93,42.93,42.89,102
2024-04-05 16:16:00,3525,42.9348,42.94,42.92,42.95,42.92,72
2024-04-05 16:17:00,3925,42.9089,42.92,42.93,42.93,42.92,70
2024-04-05 16:18:00,9390,42.9478,42.925,42.965,42.97,42.925,87
2024-04-05 16:19:00,3915,42.9666,42.97,42.98,42.98,42.96,72
2024-04-05 16:20:00,7141,43.0044,42.985,43.015,43.025,42.985,129
2024-04-05 16:21:00,7024,43.0032,43.0,43.0,43.02,42.995,105
2024-04-05 16:22:00,1129,42.9991,43.0,43.0,43.0,43.0,22
2024-04-05 16:23:00,1070,42.9995,43.0,43.0,43.0,42.995,24
2024-04-05 16:24:00,2101,43.0049,42.995,43.015,43.015,42.995,42
2024-04-05 16:25:00,2964,43.0108,43.01,43.02,43.02,43.01,67
2024-04-05 16:26:00,3725,43.0129,43.02,43.0,43.03,43.0,73
2024-04-05 16:27:00,4331,42.989,42.99,42.985,42.995,42.985,65
2024-04-05 16:29:00,3433,42.99,42.98,42.985,42.995,42.98,67
2024-04-05 16:30:00,358,42.9842,42.982,42.985,42.985,42.982,20
2024-04-05 16:31:00,7020,42.9957,42.98,42.99,43.025,42.975,134
2024-04-05 16:32:00,3533,42.9684,42.98,42.965,42.98,42.965,51
2024-04-05 16:33:00,3362,42.9618,42.96,42.97,42.97,42.95,69
2024-04-05 16:34:00,2943,42.9737,42.97,42.96,42.98,42.96,56
2024-04-05 16:35:00,2406,42.9655,42.97,42.95,42.975,42.95,39
2024-04-05 16:36:00,1098,42.9582,42.96,42.95,42.96,42.95,33
2024-04-05 16:37:00,9235,42.9495,42.96,42.925,42.965,42.925,129
2024-04-05 16:38:00,5520,42.9351,42.93,42.94,42.945,42.925,69
2024-04-05 16:39:00,1745,42.9393,42.94,42.935,42.94,42.935,31
2024-04-05 16:40:00,2603,42.9451,42.94,42.95,42.95,42.94,57
2024-04-05 16:41:00,1802,42.9406,42.94,42.94,42.945,42.94,55
2024-04-05 16:42:00,3698,42.9509,42.95,42.95,42.955,42.945,65
2024-04-05 16:43:00,4709,42.9595,42.95,42.955,42.97,42.95,87
2024-04-05 16:44:00,2286,42.9504,42.955,42.95,42.955,42.95,49
2024-04-05 16:45:00,1635,42.9649,42.96,42.97,42.97,42.96,37
2024-04-05 16:46:00,2048,42.97,42.97,42.965,42.975,42.965,44
2024-04-05 16:47:00,1998,42.97,42.97,42.975,42.975,42.97,43
2024-04-05 16:48:00,3735,42.9609,42.97,42.9447,42.97,42.9447,59
2024-04-05 16:49:00,4722,42.9469,42.94,42.945,42.95,42.94,78
2024-04-05 16:50:00,3558,42.9573,42.95,42.96,42.965,42.95,60
2024-04-05 16:51:00,3034,42.9587,42.96,42.9556,42.96,42.955,63
2024-04-05 16:52:00,3346,42.9657,42.96,42.975,42.975,42.96,86
2024-04-05 16:53:00,4146,42.9723,42.98,42.96,42.98,42.96,103
2024-04-05 16:54:00,2433,42.9567,42.955,42.95,42.96,42.95,50
2024-04-05 16:55:00,2209,42.9494,42.945,42.95,42.95,42.945,47
2024-04-05 16:56:00,3273,42.9558,42.95,42.9668,42.97,42.945,55
2024-04-05 16:57:00,1094,42.9727,42.97,42.9705,42.975,42.97,37
2024-04-05 16:58:00,4556,42.9744,42.97,42.985,42.985,42.965,88
2024-04-05 16:59:00,2938,43.006,42.99,43.03,43.03,42.99,74
2024-04-05 17:00:00,2417,43.0272,43.035,43.025,43.035,43.025,45
2024-04-05 17:01:00,2418,43.0189,43.025,43.015,43.025,43.01,57
2024-04-05 17:02:00,2989,43.0107,43.015,43.015,43.015,43.01,67
2024-04-05 17:03:00,5272,43.014,43.02,43.02,43.02,43.015,76
2024-04-05 17:04:00,862,43.0147,43.015,43.015,43.015,43.0105,20
2024-04-05 17:05:00,7335,42.9973,43.015,42.975,43.015,42.975,123
2024-04-05 17:06:00,2830,42.9832,42.978,42.98,42.99,42.978,58
2024-04-05 17:07:00,10128,42.9701,42.975,42.96,42.99,42.95,146
2024-04-05 17:08:00,3352,42.951,42.955,42.96,42.96,42.9405,60
2024-04-05 17:09:00,7812,42.9524,42.955,42.94,42.96,42.935,94
2024-04-05 17:10:00,4193,42.9431,42.935,42.95,42.955,42.935,64
2024-04-05 17:11:00,3659,42.9396,42.94,42.945,42.945,42.935,57
2024-04-05 17:12:00,1907,42.9373,42.94,42.93,42.94,42.93,33
2024-04-05 17:13:00,3654,42.9418,42.94,42.935,42.94,42.935,66
2024-04-05 17:14:00,3928,42.936,42.94,42.925,42.9417,42.925,75
2024-04-05 17:15:00,4266,42.9274,42.925,42.92,42.93,42.92,80
2024-04-05 17:16:00,7660,42.9196,42.91,42.93,42.93,42.91,122
2024-04-05 17:17:00,3200,42.9395,42.935,42.945,42.945,42.935,72
2024-04-05 17:18:00,5054,42.9387,42.935,42.95,42.95,42.925,85
2024-04-05 17:20:00,4921,42.9623,42.96,42.97,42.975,42.95,72
2024-04-05 17:21:00,3812,42.9877,42.975,42.99,42.995,42.975,74
2024-04-05 17:22:00,1615,42.9887,42.99,42.985,42.99,42.985,53
2024-04-05 17:23:00,2349,42.9885,42.98,42.995,42.995,42.98,51
2024-04-05 17:24:00,3345,42.999,43.0,43.0,43.0,42.995,60
2024-04-05 17:25:00,7161,42.9881,42.99,42.99,42.995,42.98,125
2024-04-05 17:26:00,7461,42.9899,42.98,43.02,43.02,42.98,116
2024-04-05 17:27:00,3131,43.0053,43.015,43.01,43.02,43.0,59
2024-04-05 17:28:00,2209,43.0016,43.01,43.005,43.01,42.99,46
2024-04-05 17:29:00,2853,43.0168,43.005,43.03,43.03,43.005,63
2024-04-05 17:30:00,2029,43.0448,43.04,43.055,43.055,43.04,48
2024-04-05 17:31:00,1719,43.0484,43.05,43.045,43.05,43.045,50
2024-04-05 17:32:00,4097,43.0498,43.047,43.045,43.055,43.045,104
2024-04-05 17:33:00,4857,43.0402,43.04,43.045,43.0464,43.035,76
2024-04-05 17:34:00,5463,43.0557,43.05,43.065,43.07,43.045,102
2024-04-05 17:35:00,3270,43.0734,43.0652,43.08,43.08,43.0652,83
2024-04-05 17:36:00,12196,43.119,43.11,43.1449,43.145,43.11,210
2024-04-05 17:37:00,11756,43.1579,43.145,43.165,43.18,43.14,191
2024-04-05 17:38:00,7693,43.1454,43.17,43.145,43.17,43.145,122
2024-04-05 17:39:00,13063,43.1427,43.14,43.145,43.16,43.13,155
2024-04-05 17:40:00,4072,43.1509,43.15,43.145,43.16,43.145,78
2024-04-05 17:41:00,7473,43.137,43.14,43.14,43.145,43.13,107
2024-04-05 17:42:00,9968,43.1362,43.145,43.12,43.155,43.11,167
2024-04-05 17:43:00,5302,43.1257,43.115,43.125,43.135,43.115,99
2024-04-05 17:44:00,11770,43.1303,43.125,43.15,43.15,43.12,194
2024-04-05 17:45:00,8569,43.1546,43.145,43.155,43.165,43.145,117
2024-04-05 17:46:00,7441,43.1608,43.15,43.1699,43.17,43.15,130
2024-04-05 17:47:00,10158,43.1763,43.165,43.18,43.19,43.16,158
2024-04-05 17:48:00,12808,43.1827,43.185,43.19,43.2,43.175,171
2024-04-05 17:49:00,6930,43.1711,43.19,43.155,43.19,43.155,128
2024-04-05 17:50:00,18690,43.102,43.15,43.115,43.15,43.075,229
2024-04-05 17:51:00,6938,43.1191,43.12,43.1,43.13,43.1,126
2024-04-05 17:52:00,9300,43.1041,43.1,43.12,43.12,43.09,143
2024-04-05 17:53:00,12727,43.0829,43.12,43.03,43.135,43.025,176
2024-04-05 17:54:00,11450,43.0362,43.03,43.055,43.055,43.025,169
2024-04-05 17:55:00,2260,43.0487,43.055,43.045,43.055,43.04,40
2024-04-05 17:56:00,5407,43.0441,43.045,43.055,43.055,43.03,126
2024-04-05 17:57:00,5517,42.9896,43.05,42.96,43.05,42.96,101
2024-04-05 17:58:00,6380,42.9912,42.97,43.02,43.03,42.97,108
2024-04-05 17:59:00,3371,43.0246,43.025,43.02,43.03,43.02,95
2024-04-05 18:00:00,4193,43.002,43.0,42.975,43.0,42.97,91
2024-04-05 18:01:00,3035,42.9486,42.9505,42.94,42.955,42.94,67
2024-04-05 18:02:00,4205,42.9225,42.915,42.92,42.935,42.91,71
2024-04-05 18:03:00,5086,42.9323,42.925,42.945,42.95,42.92,80
2024-04-05 18:04:00,3384,42.9581,42.95,42.96,42.97,42.95,84
2024-04-05 18:05:00,6501,42.9424,42.95,42.945,42.96,42.93,116
2024-04-05 18:06:00,13611,42.9401,42.94,42.945,42.945,42.935,73
2024-04-05 18:07:00,8982,42.9637,42.94,42.97,42.99,42.94,146
2024-04-05 18:08:00,4311,42.9667,42.97,42.985,42.985,42.95,80
2024-04-05 18:09:00,6829,43.002,42.985,43.01,43.03,42.9846,116
2024-04-05 18:10:00,5135,43.0388,43.015,43.065,43.07,43.015,94
2024-04-05 18:11:00,7260,43.0694,43.07,43.1,43.1,43.07,132
2024-04-05 18:12:00,9935,43.0944,43.09,43.07,43.12,43.06,166
2024-04-05 18:13:00,2687,43.0754,43.07,43.085,43.085,43.0605,61
2024-04-05 18:14:00,4274,43.0851,43.09,43.089,43.09,43.07,83
2024-04-05 18:15:00,5990,43.0819,43.085,43.08,43.09,43.079,89
2024-04-05 18:16:00,2578,43.0681,43.08,43.065,43.08,43.06,75
2024-04-05 18:17:00,2478,43.0699,43.07,43.07,43.07,43.065,52
2024-04-05 18:18:00,3749,43.0802,43.075,43.085,43.085,43.075,65
2024-04-05 18:19:00,5571,43.0836,43.085,43.09,43.09,43.075,98
2024-04-05 18:20:00,6815,43.1204,43.095,43.14,43.14,43.095,128
2024-04-05 18:21:00,2759,43.149,43.145,43.145,43.16,43.145,57
2024-04-05 18:22:00,2778,43.1317,43.14,43.12,43.14,43.12,89
2024-04-05 18:23:00,5708,43.1217,43.12,43.1,43.13,43.1,108
2024-04-05 18:24:00,4211,43.0964,43.1,43.08,43.1,43.08,103
2024-04-05 18:25:00,8046,43.0885,43.08,43.105,43.105,43.07,123
2024-04-05 18:26:00,1807,43.1083,43.11,43.105,43.11,43.1,53
2024-04-05 18:27:00,3184,43.1031,43.11,43.09,43.11,43.09,84
2024-04-05 18:28:00,3429,43.0687,43.085,43.06,43.085,43.05,86
2024-04-05 18:29:00,3945,43.0452,43.05,43.025,43.055,43.025,96
2024-04-05 18:30:00,8345,43.0441,43.025,43.055,43.06,43.025,137
2024-04-05 18:31:00,3200,43.0487,43.04,43.04,43.055,43.04,64
2024-04-05 18:32:00,8220,43.0317,43.045,43.025,43.045,43.02,144
2024-04-05 18:33:00,1609,43.0269,43.025,43.025,43.03,43.025,35
2024-04-05 18:34:00,6588,43.0232,43.025,43.015,43.035,43.01,106
2024-04-05 18:35:00,8574,43.0128,43.01,43.02,43.02,42.99,137
2024-04-05 18:36:00,3226,43.0198,43.0105,43.015,43.03,43.01,71
2024-04-05 18:37:00,4628,43.0102,43.02,42.98,43.025,42.98,95
2024-04-05 18:38:00,3353,42.9652,42.97,42.96,42.97,42.96,82
2024-04-05 18:39:00,3773,42.971,42.97,42.98,42.98,42.965,77
2024-04-05 18:40:00,4242,42.9883,42.975,42.995,42.995,42.975,85
2024-04-05 18:41:00,5506,42.9699,42.99,42.96,42.99,42.945,103
2024-04-05 18:42:00,6815,42.9514,42.9449,42.955,42.96,42.9449,112
2024-04-05 18:43:00,4319,42.9452,42.95,42.955,42.955,42.935,86
2024-04-05 18:44:00,9998,42.9754,42.95,43.0,43.0,42.95,170
2024-04-05 18:45:00,11246,42.9871,43.0,43.0,43.005,42.98,153
2024-04-05 18:46:00,5096,42.9907,42.99,42.995,43.0,42.985,73
2024-04-05 18:47:00,147113,43.0097,43.0,43.01,43.05,42.995,292
2024-04-05 18:48:00,28541,42.9968,43.01,43.01,43.025,42.985,164
2024-04-05 18:49:00,5454,43.0045,43.0,43.0,43.01,42.995,117
2024-04-05 18:50:00,4997,43.015,43.0005,43.01,43.03,43.0005,97
2024-04-05 18:51:00,4850,42.995,43.005,42.99,43.005,42.98,65
2024-04-05 18:52:00,3217,42.9751,42.9805,42.975,42.985,42.965,77
2024-04-05 18:53:00,6409,42.9686,42.97,42.97,42.975,42.9635,98
2024-04-05 18:54:00,2418,42.9644,42.965,42.965,42.965,42.96,38
2024-04-05 18:55:00,11500,42.9693,42.965,42.945,42.985,42.945,159
2024-04-05 18:56:00,3814,42.9519,42.95,42.945,42.96,42.945,53
2024-04-05 18:57:00,17874,42.9275,42.94,42.93,42.94,42.905,268
2024-04-05 18:58:00,2272,42.9373,42.935,42.935,42.94,42.935,56
2024-04-05 18:59:00,4748,42.9449,42.93,42.935,42.94,42.93,73
2024-04-05 19:00:00,6969,42.9449,42.935,42.95,42.95,42.935,122
2024-04-05 19:01:00,5507,42.9543,42.955,42.94,42.96,42.94,112
2024-04-05 19:02:00,6845,42.9041,42.94,42.88,42.94,42.875,118
2024-04-05 19:03:00,7496,42.8639,42.89,42.845,42.89,42.84,99
2024-04-05 19:04:00,24828,42.8372,42.85,42.855,42.86,42.82,258
2024-04-05 19:05:00,9186,42.8467,42.855,42.85,42.86,42.835,165
2024-04-05 19:06:00,8154,42.8541,42.85,42.85,42.86,42.845,129
2024-04-05 19:07:00,10639,42.8636,42.855,42.86,42.875,42.855,139
2024-04-05 19:08:00,11937,42.8213,42.86,42.79,42.86,42.79,178
2024-04-05 19:09:00,5908,42.7904,42.78,42.8,42.805,42.775,104
2024-04-05 19:10:00,4938,42.7771,42.79,42.77,42.79,42.765,106
2024-04-05 19:11:00,6132,42.7522,42.765,42.74,42.77,42.735,144
2024-04-05 19:12:00,3234,42.7467,42.75,42.735,42.75,42.73,52
2024-04-05 19:13:00,8208,42.7385,42.735,42.725,42.75,42.725,136
2024-04-05 19:14:00,8038,42.7486,42.725,42.745,42.745,42.715,133
2024-04-05 19:15:00,13641,42.7165,42.745,42.715,42.745,42.695,193
2024-04-05 19:16:00,10733,42.7156,42.72,42.71,42.73,42.7,131
2024-04-05 19:17:00,6182,42.7068,42.71,42.695,42.715,42.695,97
2024-04-05 19:18:00,14247,42.7055,42.695,42.725,42.725,42.694,217
2024-04-05 19:19:00,6927,42.701,42.72,42.69,42.72,42.69,116
2024-04-05 19:20:00,21610,42.6817,42.68,42.7,42.72,42.66,311
2024-04-05 19:21:00,19668,42.7046,42.69,42.71,42.72,42.69,208
2024-04-05 19:22:00,20687,42.7005,42.71,42.68,42.72,42.68,203
2024-04-05 19:23:00,15533,42.6632,42.67,42.67,42.675,42.65,234
2024-04-05 19:24:00,12482,42.6754,42.67,42.685,42.69,42.655,166
2024-04-05 19:25:00,8821,42.6849,42.685,42.685,42.69,42.68,79
2024-04-05 19:26:00,24582,42.7002,42.685,42.695,42.72,42.68,305
2024-04-05 19:27:00,15878,42.6777,42.695,42.66,42.695,42.65,183
2024-04-05 19:28:00,28951,42.6576,42.66,42.655,42.7,42.64,253
2024-04-05 19:29:00,10988,42.6574,42.655,42.66,42.67,42.65,159
2024-04-05 19:30:00,5835,42.6553,42.66,42.665,42.665,42.65,92
2024-04-05 19:31:00,12490,42.6833,42.665,42.715,42.72,42.665,185
2024-04-05 19:32:00,8969,42.7383,42.715,42.765,42.775,42.715,160
2024-04-05 19:33:00,8305,42.7942,42.77,42.82,42.82,42.765,186
2024-04-05 19:34:00,13684,42.7609,42.82,42.835,42.835,42.82,135
2024-04-05 19:35:00,12091,42.832,42.835,42.815,42.84,42.815,194
2024-04-05 19:36:00,11897,42.8211,42.82,42.8158,42.84,42.815,186
2024-04-05 19:37:00,13133,42.797,42.815,42.815,42.82,42.7746,194
2024-04-05 19:38:00,10528,42.8594,42.82,42.91,42.91,42.82,126
2024-04-05 19:39:00,7433,42.9067,42.91,42.9,42.92,42.9,155
2024-04-05 19:40:00,21515,42.8798,42.905,42.85,42.91,42.845,339
2024-04-05 19:41:00,9245,42.8558,42.8425,42.845,42.87,42.84,150
2024-04-05 19:42:00,7712,42.8173,42.84,42.78,42.84,42.78,157
2024-04-05 19:43:00,19959,42.7938,42.785,42.79,42.8,42.77,237
2024-04-05 19:44:00,11237,42.8006,42.7825,42.81,42.82,42.7825,151
2024-04-05 19:45:00,15051,42.8428,42.815,42.87,42.87,42.8125,220
2024-04-05 19:46:00,15956,42.8606,42.87,42.895,42.9,42.865,162
2024-04-05 19:47:00,11243,42.8941,42.9,42.8854,42.9,42.88,170
2024-04-05 19:48:00,11365,42.8837,42.89,42.86,42.9,42.86,185
2024-04-05 19:49:00,13209,42.8764,42.86,42.89,42.895,42.86,179
2024-04-05 19:50:00,14351,42.9123,42.9,42.94,42.94,42.895,199
2024-04-05 19:51:00,27653,42.8982,42.935,42.86,42.935,42.86,368
2024-04-05 19:52:00,25762,42.8574,42.86,42.87,42.88,42.84,261
2024-04-05 19:53:00,31068,42.9184,42.875,42.94,42.945,42.875,336
2024-04-05 19:54:00,31416,42.9276,42.935,42.92,42.94,42.9125,336
2024-04-05 19:55:00,29624,42.9189,42.92,42.93,42.93,42.91,349
2024-04-05 19:56:00,46284,42.9116,42.925,42.9,42.93,42.9,359
2024-04-05 19:57:00,58004,42.8924,42.9,42.905,42.91,42.88,512
2024-04-05 19:58:00,68637,42.9143,42.91,42.92,42.93,42.9025,504
2024-04-05 19:59:00,125612,42.9204,42.915,42.94,42.95,42.9,988
2024-04-05 20:00:00,5403,42.93,42.93,42.93,42.93,42.93,17
2024-04-05 20:10:00,13861,42.903,42.9,43.0,43.0,42.9,12
2024-04-05 20:11:00,13946,43.1114,43.11,43.11,43.11,43.11,51
2024-04-05 20:31:00,339,42.87,42.87,42.87,42.87,42.87,1
2024-04-08 12:19:00,162,43.0,43.0,43.0,43.0,43.0,1
2024-04-08 12:21:00,266,43.0,43.0,43.0,43.0,43.0,4
2024-04-08 13:10:00,1290,42.8877,43.07,43.02,43.07,42.63,19
2024-04-08 13:30:00,36718,43.0399,43.04,43.02,43.05,43.02,58
2024-04-08 13:31:00,2347,43.0464,43.055,42.99,43.0775,42.99,38
2024-04-08 13:32:00,936,43.0037,43.0,42.98,43.025,42.98,26
2024-04-08 13:33:00,4304,42.9086,42.98,42.865,43.02,42.84,68
2024-04-08 13:34:00,2436,42.9131,42.89,42.88,42.93,42.88,45
2024-04-08 13:35:00,5017,42.8627,42.87,42.9,42.9,42.83,71
2024-04-08 13:36:00,3961,42.8675,42.885,42.88,42.885,42.859,56
2024-04-08 13:37:00,8154,42.9416,42.87,42.95,42.98,42.87,125
2024-04-08 13:38:00,5901,42.941,42.9,42.99,42.99,42.89,105
2024-04-08 13:39:00,12260,43.0136,43.01,43.06,43.06,42.97,160
2024-04-08 13:40:00,5361,42.9714,43.05,42.91,43.05,42.905,73
2024-04-08 13:41:00,5499,42.9577,42.916,43.01,43.02,42.905,110
2024-04-08 13:42:00,7589,43.0068,43.005,43.035,43.035,43.0,63
2024-04-08 13:43:00,8722,43.0529,43.04,43.07,43.07,43.0356,140
2024-04-08 13:44:00,6618,43.0901,43.08,43.095,43.12,43.07,97
2024-04-08 13:45:00,6759,43.1078,43.1,43.14,43.14,43.085,117
2024-04-08 13:46:00,11916,43.1211,43.135,43.095,43.16,43.095,83
2024-04-08 13:47:00,7143,43.1133,43.1,43.1,43.14,43.1,120
2024-04-08 13:48:00,6673,43.0779,43.1,43.06,43.1,43.055,86
2024-04-08 13:49:00,7736,43.0025,43.06,42.97,43.06,42.965,118
2024-04-08 13:50:00,11140,42.9776,42.98,42.91,43.015,42.91,163
2024-04-08 13:51:00,10337,42.9372,42.91,42.94,42.96,42.91,161
2024-04-08 13:52:00,10998,42.918,42.93,42.91,42.935,42.855,121
2024-04-08 13:53:00,12978,42.8799,42.89,42.87,42.9,42.85,182
2024-04-08 13:54:00,10370,42.8914,42.88,42.905,42.91,42.87,109
2024-04-08 13:55:00,8552,42.8933,42.91,42.91,42.92,42.87,119
2024-04-08 13:56:00,6390,42.9082,42.91,42.87,42.95,42.87,103
2024-04-08 13:57:00,7078,42.8572,42.86,42.86,42.87,42.845,97
2024-04-08 13:58:00,8202,42.8395,42.86,42.84,42.86,42.82,132
2024-04-08 13:59:00,4665,42.8455,42.84,42.87,42.87,42.83,89
2024-04-08 14:00:00,19984,42.8746,42.865,42.885,42.92,42.83,272
2024-04-08 14:01:00,12190,42.8911,42.88,42.87,42.92,42.845,154
2024-04-08 14:02:00,43458,42.8608,42.87,42.9,42.9,42.85,252
2024-04-08 14:03:00,71348,42.8131,42.895,42.775,42.9,42.755,552
2024-04-08 14:04:00,10038,42.7809,42.775,42.78,42.79,42.77,120
2024-04-08 14:05:00,12002,42.7551,42.78,42.76,42.78,42.74,166
2024-04-08 14:06:00,22454,42.8142,42.77,42.82,42.86,42.77,236
2024-04-08 14:07:00,23303,42.815,42.81,42.8001,42.83,42.795,214
2024-04-08 14:08:00,14862,42.8252,42.82,42.825,42.845,42.79,150
2024-04-08 14:09:00,16099,42.8308,42.83,42.81,42.85,42.81,174
2024-04-08 14:10:00,7339,42.8282,42.82,42.86,42.86,42.81,105
2024-04-08 14:11:00,11468,42.8412,42.86,42.82,42.875,42.82,128
2024-04-08 14:12:00,7579,42.8161,42.825,42.8,42.83,42.8,100
2024-04-08 14:13:00,10677,42.7877,42.81,42.81,42.81,42.76,144
2024-04-08 14:14:00,8131,42.8283,42.81,42.85,42.85,42.805,118
2024-04-08 14:15:00,6327,42.8547,42.85,42.88,42.88,42.8425,86
2024-04-08 14:16:00,3855,42.9083,42.88,42.945,42.95,42.88,69
2024-04-08 14:17:00,20396,42.978,42.95,42.99,42.99,42.95,150
2024-04-08 14:18:00,18012,43.0246,43.0,43.06,43.06,43.0,144
2024-04-08 14:19:00,6879,43.0401,43.06,43.07,43.095,43.06,97
2024-04-08 14:20:00,9058,43.0785,43.065,43.065,43.0999,43.05,130
2024-04-08 14:21:00,3855,43.0744,43.06,43.085,43.09,43.06,64
2024-04-08 14:22:00,4236,43.0817,43.08,43.12,43.12,43.055,62
2024-04-08 14:23:00,5574,43.1214,43.11,43.16,43.16,43.1,102
2024-04-08 14:24:00,5162,43.1175,43.16,43.055,43.16,43.05,88
2024-04-08 14:25:00,8916,43.0372,43.06,43.04,43.06,43.02,118
2024-04-08 14:26:00,8054,43.0267,43.04,43.015,43.045,43.0,108
2024-04-08 14:27:00,4803,42.9861,43.01,42.975,43.01,42.97,72
2024-04-08 14:28:00,6970,42.9791,42.97,43.0,43.0,42.96,122
2024-04-08 14:29:00,4125,43.0126,43.0,43.015,43.03,42.995,69
2024-04-08 14:30:00,5119,42.9959,43.015,42.99,43.015,42.98,77
2024-04-08 14:31:00,7870,43.0141,42.995,43.02,43.03,42.995,96
2024-04-08 14:32:00,3541,42.9911,43.0,43.01,43.01,42.975,59
2024-04-08 14:33:00,10309,42.9892,43.0,43.0,43.005,42.97,152
2024-04-08 14:34:00,7037,43.0442,43.015,43.06,43.07,43.015,135
2024-04-08 14:35:00,4908,43.0536,43.06,43.065,43.065,43.05,65
2024-04-08 14:36:00,10821,43.0569,43.065,43.04,43.09,43.04,159
2024-04-08 14:37:00,7298,43.0258,43.035,42.995,43.05,42.995,107
2024-04-08 14:38:00,17648,43.0174,42.995,43.02,43.06,42.995,199
2024-04-08 14:39:00,6716,43.0045,43.02,42.96,43.03,42.96,91
2024-04-08 14:40:00,5034,42.9817,42.965,42.995,43.0,42.965,107
2024-04-08 14:41:00,6306,43.0146,43.0,43.02,43.025,43.0,87
2024-04-08 14:42:00,7206,42.9732,43.01,42.94,43.01,42.94,124
2024-04-08 14:43:00,5524,42.9324,42.92,42.955,42.955,42.915,90
2024-04-08 14:44:00,13294,42.9743,42.955,42.995,42.995,42.955,77
2024-04-08 14:45:00,5690,42.9823,42.995,42.95,42.995,42.95,91
2024-04-08 14:46:00,9893,42.9217,42.94,42.935,42.94,42.895,123
2024-04-08 14:47:00,5198,42.9381,42.935,42.935,42.95,42.925,72
2024-04-08 14:48:00,3960,42.9482,42.945,42.95,42.95,42.945,65
2024-04-08 14:49:00,6379,42.9481,42.955,42.93,42.955,42.92,77
2024-04-08 14:50:00,8852,42.9565,42.93,42.995,43.0,42.925,140
2024-04-08 14:51:00,2440,42.9866,42.99,42.98,42.99,42.98,52
2024-04-08 14:52:00,7118,42.9935,42.99,43.0,43.0,42.985,63
2024-04-08 14:53:00,12146,43.0269,42.995,43.035,43.035,42.995,84
2024-04-08 14:54:00,7137,43.013,43.035,43.0,43.035,43.0,56
2024-04-08 14:55:00,5429,43.0102,43.01,42.99,43.02,42.99,82
2024-04-08 14:56:00,6486,42.9866,42.985,42.995,42.995,42.98,42
2024-04-08 14:57:00,8591,42.9806,42.995,42.964,43.0,42.955,139
2024-04-08 14:58:00,4038,42.9722,42.965,42.965,42.98,42.965,70
2024-04-08 14:59:00,5941,42.9504,42.96,42.95,42.965,42.94,96
2024-04-08 15:00:00,8877,42.9561,42.94,42.955,42.975,42.925,96
2024-04-08 15:01:00,4985,42.9455,42.955,42.955,42.9575,42.925,65
2024-04-08 15:02:00,12820,42.9451,42.9599,42.935,42.96,42.93,110
2024-04-08 15:03:00,12032,42.8935,42.935,42.89,42.94,42.87,149
2024-04-08 15:04:00,8693,42.9165,42.9,42.87,42.94,42.87,129
2024-04-08 15:05:00,13958,42.891,42.875,42.9,42.92,42.875,115
2024-04-08 15:06:00,2596,42.885,42.895,42.88,42.895,42.87,36
2024-04-08 15:07:00,3085,42.8809,42.875,42.885,42.89,42.87,52
2024-04-08 15:08:00,11828,42.8763,42.89,42.91,42.91,42.85,149
2024-04-08 15:09:00,4320,42.8953,42.9,42.88,42.905,42.88,54
2024-04-08 15:10:00,6048,42.8902,42.88,42.88,42.9,42.87,68
2024-04-08 15:11:00,6374,42.9016,42.885,42.925,42.925,42.88,78
2024-04-08 15:12:00,5637,42.9142,42.92,42.905,42.92,42.9,81
2024-04-08 15:13:00,6682,42.903,42.9,42.885,42.91,42.885,103
2024-04-08 15:14:00,2103,42.9013,42.89,42.915,42.915,42.89,49
2024-04-08 15:15:00,13572,42.9335,42.9127,42.955,42.96,42.9,119
2024-04-08 15:16:00,4387,42.9389,42.955,42.945,42.955,42.925,70
2024-04-08 15:17:00,1043,42.9445,42.945,42.94,42.95,42.94,15
2024-04-08 15:18:00,9424,42.9773,42.95,42.99,43.0,42.95,163
2024-04-08 15:19:00,2305,42.9842,42.995,42.975,43.0,42.975,36
2024-04-08 15:20:00,2983,42.9847,42.97,42.995,43.0,42.97,46
2024-04-08 15:21:00,2727,42.958,42.995,43.0,43.0,42.995,25
2024-04-08 15:22:00,4453,43.0055,43.01,42.995,43.015,42.99,69
2024-04-08 15:23:00,3709,43.0074,43.0,43.02,43.02,43.0,56
2024-04-08 15:24:00,1626,43.0169,43.02,43.015,43.02,43.0125,20
2024-04-08 15:25:00,12009,42.9986,43.02,42.97,43.03,42.965,166
2024-04-08 15:26:00,4215,42.9928,42.975,43.005,43.007,42.975,52
2024-04-08 15:27:00,4523,42.99,43.0,42.98,43.0,42.975,63
2024-04-08 15:28:00,5005,42.9871,42.975,42.985,42.995,42.975,69
2024-04-08 15:29:00,6247,43.0046,42.99,43.025,43.03,42.99,72
2024-04-08 15:30:00,5248,43.018,43.025,43.025,43.025,43.01,76
2024-04-08 15:31:00,13185,43.0388,43.025,43.055,43.06,43.021,67
2024-04-08 15:32:00,5615,43.0499,43.06,43.03,43.07,43.03,81
2024-04-08 15:33:00,1121,43.0313,43.03,43.035,43.04,43.025,21
2024-04-08 15:34:00,5047,43.0527,43.035,43.06,43.07,43.035,82
2024-04-08 15:35:00,5749,43.0617,43.06,43.075,43.075,43.055,81
2024-04-08 15:36:00,7291,43.0724,43.075,43.085,43.09,43.05,96
2024-04-08 15:37:00,4844,43.087,43.08,43.1,43.1,43.075,83
2024-04-08 15:38:00,18264,43.1257,43.105,43.135,43.15,43.105,132
2024-04-08 15:39:00,13704,43.1754,43.14,43.21,43.21,43.14,136
2024-04-08 15:40:00,6272,43.1963,43.21,43.195,43.21,43.185,68
2024-04-08 15:41:00,8995,43.1992,43.195,43.19,43.215,43.18,110
2024-04-08 15:42:00,7900,43.1647,43.195,43.13,43.195,43.13,100
2024-04-08 15:43:00,7619,43.1477,43.13,43.175,43.175,43.13,119
2024-04-08 15:44:00,8822,43.1853,43.18,43.185,43.195,43.18,118
2024-04-08 15:45:00,2981,43.1904,43.185,43.2,43.2,43.185,38
2024-04-08 15:46:00,26537,43.215,43.2,43.27,43.27,43.175,267
2024-04-08 15:47:00,18665,43.2448,43.265,43.245,43.265,43.22,215
2024-04-08 15:48:00,10786,43.2509,43.25,43.25,43.275,43.23,131
2024-04-08 15:49:00,3910,43.2632,43.26,43.2514,43.27,43.25,56
2024-04-08 15:50:00,6219,43.2455,43.255,43.255,43.255,43.235,82
2024-04-08 15:51:00,6234,43.2635,43.26,43.275,43.275,43.24,85
2024-04-08 15:52:00,4750,43.2816,43.28,43.27,43.295,43.27,74
2024-04-08 15:53:00,3445,43.2853,43.275,43.3,43.3,43.27,48
2024-04-08 15:54:00,7306,43.2872,43.295,43.315,43.3152,43.28,104
2024-04-08 15:55:00,3358,43.3007,43.315,43.295,43.315,43.29,37
2024-04-08 15:56:00,7216,43.2868,43.29,43.285,43.3,43.275,102
2024-04-08 15:57:00,8521,43.2832,43.285,43.26,43.295,43.26,88
2024-04-08 15:58:00,6016,43.2657,43.255,43.27,43.275,43.2548,86
2024-04-08 15:59:00,4831,43.2742,43.265,43.27,43.285,43.25,67
2024-04-08 16:00:00,2242,43.2611,43.275,43.265,43.275,43.255,45
2024-04-08 16:01:00,3990,43.2468,43.2675,43.245,43.2675,43.225,71
2024-04-08 16:02:00,998,43.2524,43.25,43.255,43.255,43.25,18
2024-04-08 16:03:00,6189,43.2532,43.255,43.26,43.26,43.245,91
2024-04-08 16:04:00,6112,43.2458,43.255,43.205,43.2575,43.205,72
2024-04-08 16:05:00,10866,43.1989,43.2,43.195,43.215,43.195,59
2024-04-08 16:06:00,3065,43.2134,43.2,43.225,43.225,43.2,39
2024-04-08 16:07:00,4263,43.2477,43.225,43.255,43.255,43.225,52
2024-04-08 16:08:00,5140,43.2497,43.255,43.26,43.26,43.245,75
2024-04-08 16:09:00,1247,43.2508,43.255,43.25,43.255,43.25,20
2024-04-08 16:10:00,2577,43.273,43.25,43.285,43.29,43.25,70
2024-04-08 16:11:00,5732,43.2738,43.29,43.265,43.29,43.2548,69
2024-04-08 16:12:00,4319,43.2736,43.27,43.275,43.28,43.26,60
2024-04-08 16:13:00,3148,43.2684,43.275,43.255,43.275,43.25,61
2024-04-08 16:14:00,3322,43.2582,43.25,43.275,43.275,43.25,46
2024-04-08 16:15:00,2209,43.2829,43.275,43.295,43.295,43.275,56
2024-04-08 16:16:00,1049,43.3154,43.315,43.315,43.32,43.315,16
2024-04-08 16:17:00,500,43.3144,43.315,43.315,43.315,43.31,13
2024-04-08 16:18:00,7051,43.3161,43.315,43.305,43.325,43.3,81
2024-04-08 16:19:00,2230,43.3124,43.3,43.325,43.33,43.3,38
2024-04-08 16:20:00,6183,43.3207,43.325,43.315,43.33,43.31,87
2024-04-08 16:21:00,543,43.3148,43.315,43.315,43.315,43.315,17
2024-04-08 16:22:00,12796,43.3206,43.315,43.34,43.345,43.295,153
2024-04-08 16:23:00,3905,43.3227,43.33,43.325,43.335,43.31,59
2024-04-08 16:24:00,1425,43.3184,43.32,43.325,43.325,43.31,32
2024-04-08 16:25:00,8586,43.3414,43.33,43.33,43.35,43.33,99
2024-04-08 16:26:00,5579,43.3219,43.32,43.31,43.33,43.31,36
2024-04-08 16:27:00,3579,43.3314,43.32,43.35,43.355,43.315,54
2024-04-08 16:28:00,4755,43.3558,43.35,43.365,43.375,43.34,97
2024-04-08 16:29:00,2057,43.3709,43.365,43.385,43.385,43.36,26
2024-04-08 16:30:00,5012,43.3732,43.385,43.4,43.4,43.385,49
2024-04-08 16:31:00,2275,43.3907,43.39,43.4,43.4,43.385,54
2024-04-08 16:32:00,2557,43.4103,43.405,43.41,43.415,43.405,48
2024-04-08 16:33:00,3336,43.3938,43.405,43.385,43.405,43.385,44
2024-04-08 16:34:00,772,43.3844,43.385,43.385,43.385,43.3825,17
2024-04-08 16:35:00,5501,43.3926,43.39,43.405,43.405,43.385,75
2024-04-08 16:36:00,4311,43.3978,43.405,43.4,43.405,43.39,41
2024-04-08 16:37:00,3830,43.3943,43.395,43.39,43.4,43.385,52
2024-04-08 16:38:00,5640,43.404,43.39,43.43,43.43,43.39,78
2024-04-08 16:39:00,1660,43.4301,43.43,43.425,43.435,43.425,31
2024-04-08 16:40:00,2065,43.4088,43.425,43.429,43.429,43.42,18
2024-04-08 16:41:00,7702,43.426,43.43,43.415,43.435,43.41,89
2024-04-08 16:42:00,14050,43.4137,43.415,43.415,43.425,43.405,119
2024-04-08 16:43:00,11747,43.4344,43.41,43.45,43.455,43.41,103
2024-04-08 16:44:00,11881,43.4325,43.45,43.435,43.45,43.42,105
2024-04-08 16:45:00,10544,43.4353,43.44,43.42,43.455,43.42,108
2024-04-08 16:46:00,6324,43.4006,43.42,43.39,43.42,43.38,53
2024-04-08 16:47:00,2996,43.3963,43.4,43.38,43.41,43.38,45
2024-04-08 16:48:00,3750,43.3756,43.38,43.37,43.39,43.365,40
2024-04-08 16:49:00,3045,43.3625,43.36,43.34,43.36,43.34,44
2024-04-08 16:50:00,6729,43.3342,43.34,43.34,43.34,43.325,83
2024-04-08 16:51:00,3623,43.3259,43.33,43.305,43.33,43.305,36
2024-04-08 16:52:00,8597,43.3052,43.31,43.295,43.32,43.29,103
2024-04-08 16:53:00,5574,43.2983,43.2972,43.28,43.31,43.28,60
2024-04-08 16:54:00,5250,43.2733,43.285,43.275,43.285,43.26,72
2024-04-08 16:55:00,3306,43.2778,43.275,43.275,43.28,43.27,45
2024-04-08 16:56:00,9458,43.2748,43.28,43.27,43.29,43.26,115
2024-04-08 16:57:00,6859,43.2697,43.275,43.27,43.28,43.26,81
2024-04-08 16:58:00,685,43.2586,43.26,43.255,43.26,43.255,19
2024-04-08 16:59:00,5791,43.2501,43.25,43.27,43.27,43.235,83
2024-04-08 17:00:00,319,43.2729,43.275,43.27,43.275,43.27,10
2024-04-08 17:01:00,6470,43.3077,43.28,43.31,43.32,43.28,76
2024-04-08 17:02:00,7442,43.3003,43.305,43.3,43.315,43.29,89
2024-04-08 17:03:00,1122,43.2827,43.295,43.295,43.295,43.295,9
2024-04-08 17:04:00,2866,43.3095,43.295,43.32,43.32,43.295,47
2024-04-08 17:05:00,1438,43.3246,43.325,43.33,43.33,43.32,19
2024-04-08 17:06:00,4495,43.3266,43.33,43.31,43.335,43.31,69
2024-04-08 17:07:00,2454,43.3036,43.31,43.305,43.31,43.3,51
2024-04-08 17:08:00,1779,43.3101,43.31,43.315,43.315,43.305,27
2024-04-08 17:09:00,528,43.3156,43.315,43.315,43.315,43.315,10
2024-04-08 17:10:00,6590,43.3128,43.315,43.33,43.33,43.3,91
2024-04-08 17:11:00,4022,43.3243,43.33,43.31,43.335,43.31,73
2024-04-08 17:12:00,1781,43.3098,43.305,43.315,43.315,43.305,33
2024-04-08 17:13:00,2384,43.3235,43.32,43.335,43.34,43.315,43
2024-04-08 17:14:00,2305,43.3295,43.335,43.31,43.34,43.31,47
2024-04-08 17:15:00,3531,43.3264,43.315,43.345,43.345,43.3125,55
2024-04-08 17:16:00,11298,43.3171,43.35,43.305,43.36,43.29,123
2024-04-08 17:17:00,3410,43.2871,43.295,43.28,43.295,43.28,38
2024-04-08 17:18:00,12805,43.2882,43.285,43.31,43.31,43.26,145
2024-04-08 17:19:00,1922,43.3247,43.32,43.33,43.33,43.32,20
2024-04-08 17:20:00,5342,43.3197,43.325,43.3227,43.325,43.315,56
2024-04-08 17:21:00,14868,43.3429,43.325,43.325,43.355,43.325,90
2024-04-08 17:22:00,5721,43.329,43.325,43.32,43.33,43.32,76
2024-04-08 17:23:00,8060,43.3444,43.325,43.34,43.365,43.325,129
2024-04-08 17:24:00,3237,43.3304,43.335,43.325,43.34,43.32,42
2024-04-08 17:25:00,4053,43.3416,43.325,43.36,43.36,43.325,58
2024-04-08 17:26:00,1553,43.355,43.355,43.355,43.36,43.35,22
2024-04-08 17:27:00,3912,43.3472,43.35,43.33,43.36,43.33,50
2024-04-08 17:28:00,4448,43.3439,43.335,43.345,43.35,43.335,57
2024-04-08 17:29:00,4859,43.342,43.345,43.35,43.35,43.33,68
2024-04-08 17:30:00,2106,43.3468,43.355,43.345,43.355,43.345,33
2024-04-08 17:31:00,1022,43.3478,43.345,43.345,43.35,43.345,20
2024-04-08 17:32:00,7197,43.3331,43.35,43.31,43.35,43.295,101
2024-04-08 17:33:00,4218,43.2811,43.305,43.28,43.305,43.27,59
2024-04-08 17:34:00,2317,43.2799,43.28,43.28,43.285,43.275,29
2024-04-08 17:35:00,1935,43.284,43.28,43.275,43.28,43.275,26
2024-04-08 17:36:00,2393,43.2687,43.275,43.255,43.275,43.25,36
2024-04-08 17:37:00,4979,43.2713,43.26,43.295,43.295,43.26,66
2024-04-08 17:38:00,1320,43.2935,43.295,43.3,43.3,43.295,23
2024-04-08 17:39:00,8414,43.2989,43.295,43.285,43.31,43.275,128
2024-04-08 17:40:00,1497,43.296,43.29,43.295,43.3,43.29,26
2024-04-08 17:41:00,3334,43.2879,43.295,43.275,43.295,43.275,41
2024-04-08 17:42:00,3460,43.2774,43.275,43.28,43.285,43.275,37
2024-04-08 17:43:00,4233,43.2916,43.29,43.285,43.295,43.285,73
2024-04-08 17:44:00,1638,43.2885,43.29,43.285,43.295,43.285,24
2024-04-08 17:45:00,6557,43.3015,43.29,43.285,43.315,43.28,91
2024-04-08 17:46:00,629,43.2856,43.285,43.285,43.29,43.285,6
2024-04-08 17:47:00,3408,43.2816,43.2825,43.275,43.285,43.275,37
2024-04-08 17:48:00,2155,43.2784,43.26,43.26,43.265,43.26,23
2024-04-08 17:49:00,4238,43.2796,43.27,43.295,43.295,43.265,61
2024-04-08 17:50:00,772,43.2936,43.295,43.295,43.3,43.295,17
2024-04-08 17:51:00,6847,43.2991,43.295,43.295,43.31,43.29,75
2024-04-08 17:52:00,5475,43.3143,43.3,43.33,43.33,43.3,45
2024-04-08 17:53:00,5369,43.3317,43.33,43.335,43.335,43.325,68
2024-04-08 17:54:00,1757,43.3306,43.33,43.335,43.335,43.33,27
2024-04-08 17:55:00,3420,43.345,43.335,43.365,43.37,43.335,49
2024-04-08 17:56:00,4642,43.3696,43.375,43.375,43.38,43.365,52
2024-04-08 17:57:00,3079,43.3764,43.375,43.375,43.38,43.37,40
2024-04-08 17:58:00,2088,43.3641,43.37,43.355,43.37,43.35,39
2024-04-08 17:59:00,1062,43.353,43.355,43.345,43.355,43.345,18
2024-04-08 18:00:00,947,43.3445,43.345,43.345,43.345,43.34,10
2024-04-08 18:01:00,6675,43.3441,43.345,43.355,43.355,43.33,82
2024-04-08 18:02:00,2693,43.3431,43.355,43.335,43.355,43.335,39
2024-04-08 18:03:00,3887,43.3491,43.335,43.355,43.355,43.335,40
2024-04-08 18:04:00,5148,43.3489,43.355,43.325,43.355,43.325,81
2024-04-08 18:05:00,4965,43.3244,43.315,43.335,43.34,43.305,51
2024-04-08 18:06:00,5584,43.333,43.34,43.32,43.345,43.315,74
2024-04-08 18:07:00,1920,43.3184,43.315,43.315,43.315,43.305,31
2024-04-08 18:08:00,2638,43.2992,43.31,43.295,43.31,43.29,62
2024-04-08 18:09:00,715,43.2963,43.295,43.295,43.295,43.295,18
2024-04-08 18:10:00,6307,43.2915,43.29,43.28,43.295,43.28,80
2024-04-08 18:11:00,2930,43.2749,43.28,43.26,43.28,43.26,47
2024-04-08 18:12:00,4372,43.2686,43.265,43.275,43.275,43.26,54
2024-04-08 18:13:00,1289,43.2749,43.275,43.275,43.275,43.275,21
2024-04-08 18:14:00,9031,43.2754,43.275,43.265,43.295,43.255,119
2024-04-08 18:15:00,1742,43.272,43.265,43.275,43.275,43.265,33
2024-04-08 18:16:00,2063,43.2723,43.275,43.265,43.275,43.265,33
2024-04-08 18:17:00,2184,43.2648,43.265,43.265,43.265,43.26,25
2024-04-08 18:18:00,1083,43.2643,43.26,43.26,43.265,43.26,23
2024-04-08 18:19:00,17203,43.2278,43.26,43.205,43.265,43.2,140
2024-04-08 18:20:00,7605,43.1963,43.2,43.2,43.21,43.18,81
2024-04-08 18:21:00,1963,43.2032,43.195,43.2,43.2,43.19,17
2024-04-08 18:22:00,4903,43.1927,43.195,43.195,43.195,43.19,66
2024-04-08 18:23:00,6255,43.1955,43.195,43.195,43.205,43.185,74
2024-04-08 18:24:00,1186,43.1733,43.185,43.155,43.185,43.155,22
2024-04-08 18:25:00,4716,43.1714,43.16,43.195,43.195,43.155,59
2024-04-08 18:26:00,3746,43.1883,43.195,43.195,43.195,43.18,39
2024-04-08 18:27:00,1969,43.1961,43.195,43.195,43.2,43.195,19
2024-04-08 18:28:00,1913,43.195,43.19,43.195,43.195,43.19,34
2024-04-08 18:29:00,2544,43.1926,43.195,43.195,43.2,43.19,38
2024-04-08 18:30:00,6202,43.1936,43.195,43.195,43.2,43.18,78
2024-04-08 18:31:00,4534,43.1809,43.195,43.175,43.195,43.165,74
2024-04-08 18:32:00,2822,43.1855,43.175,43.195,43.2,43.175,44
2024-04-08 18:33:00,6699,43.1969,43.195,43.195,43.21,43.18,85
2024-04-08 18:34:00,2194,43.1836,43.195,43.175,43.195,43.17,38
2024-04-08 18:35:00,1303,43.1757,43.175,43.175,43.175,43.17,24
2024-04-08 18:36:00,3885,43.1717,43.17,43.175,43.175,43.16,52
2024-04-08 18:37:00,3194,43.1858,43.18,43.19,43.19,43.18,60
2024-04-08 18:38:00,5822,43.1801,43.185,43.175,43.19,43.165,80
2024-04-08 18:39:00,3111,43.1878,43.18,43.19,43.195,43.18,53
2024-04-08 18:40:00,1709,43.1712,43.18,43.17,43.18,43.165,34
2024-04-08 18:41:00,2549,43.1667,43.165,43.165,43.165,43.16,26
2024-04-08 18:42:00,4647,43.1761,43.165,43.175,43.185,43.165,62
2024-04-08 18:43:00,1163,43.1685,43.17,43.165,43.175,43.165,25
2024-04-08 18:44:00,2229,43.1722,43.165,43.18,43.18,43.1625,33
2024-04-08 18:45:00,2728,43.1907,43.18,43.195,43.2,43.18,36
2024-04-08 18:46:00,3958,43.1993,43.195,43.205,43.21,43.195,46
2024-04-08 18:47:00,5572,43.2058,43.205,43.22,43.22,43.2,88
2024-04-08 18:48:00,2410,43.2248,43.22,43.23,43.23,43.22,32
2024-04-08 18:49:00,3657,43.2292,43.23,43.24,43.24,43.2225,48
2024-04-08 18:50:00,4344,43.2389,43.24,43.235,43.25,43.235,63
2024-04-08 18:51:00,1724,43.2319,43.235,43.235,43.24,43.235,25
2024-04-08 18:52:00,4573,43.2223,43.23,43.225,43.235,43.2225,60
2024-04-08 18:53:00,5063,43.2317,43.23,43.235,43.235,43.225,67
2024-04-08 18:54:00,5647,43.2364,43.235,43.23,43.25,43.225,67
2024-04-08 18:55:00,792,43.2194,43.225,43.215,43.225,43.215,21
2024-04-08 18:56:00,6850,43.2155,43.21,43.21,43.22,43.21,92
2024-04-08 18:57:00,10432,43.1967,43.205,43.205,43.205,43.18,105
2024-04-08 18:58:00,3007,43.1927,43.2,43.195,43.2,43.19,45
2024-04-08 18:59:00,3893,43.2038,43.195,43.215,43.215,43.195,63
2024-04-08 19:00:00,5896,43.2026,43.215,43.195,43.215,43.195,77
2024-04-08 19:01:00,3025,43.209,43.195,43.225,43.225,43.195,35
2024-04-08 19:02:00,2056,43.2191,43.225,43.225,43.23,43.225,26
2024-04-08 19:03:00,5630,43.2251,43.22,43.22,43.23,43.22,33
2024-04-08 19:04:00,4753,43.2398,43.225,43.255,43.255,43.225,67
2024-04-08 19:05:00,4722,43.2347,43.255,43.215,43.255,43.21,76
2024-04-08 19:06:00,3353,43.2183,43.22,43.22,43.22,43.215,40
2024-04-08 19:07:00,5643,43.2174,43.225,43.205,43.23,43.205,71
2024-04-08 19:08:00,1674,43.2121,43.205,43.215,43.215,43.205,26
2024-04-08 19:09:00,14324,43.208,43.215,43.195,43.225,43.18,154
2024-04-08 19:10:00,2023,43.1783,43.19,43.165,43.19,43.16,35
2024-04-08 19:11:00,3291,43.1689,43.165,43.175,43.175,43.16,43
2024-04-08 19:12:00,3583,43.1856,43.175,43.165,43.175,43.165,46
2024-04-08 19:13:00,5452,43.1702,43.165,43.17,43.175,43.165,71
2024-04-08 19:14:00,2521,43.1729,43.17,43.175,43.175,43.17,34
2024-04-08 19:15:00,6876,43.1705,43.175,43.145,43.18,43.145,75
2024-04-08 19:16:00,13799,43.1593,43.15,43.17,43.175,43.15,86
2024-04-08 19:17:00,7233,43.161,43.165,43.145,43.1666,43.145,51
2024-04-08 19:18:00,4666,43.1421,43.145,43.135,43.145,43.135,54
2024-04-08 19:19:00,2957,43.13,43.13,43.125,43.135,43.125,39
2024-04-08 19:20:00,4431,43.1331,43.13,43.135,43.138,43.13,56
2024-04-08 19:21:00,6260,43.1406,43.135,43.155,43.155,43.12,76
2024-04-08 19:22:00,2762,43.1639,43.155,43.175,43.175,43.155,57
2024-04-08 19:23:00,4083,43.169,43.175,43.175,43.18,43.175,41
2024-04-08 19:24:00,3025,43.1764,43.175,43.175,43.18,43.17,38
2024-04-08 19:25:00,6103,43.1638,43.175,43.15,43.175,43.145,111
2024-04-08 19:26:00,2052,43.1478,43.155,43.1458,43.155,43.14,36
2024-04-08 19:27:00,12386,43.1485,43.145,43.135,43.165,43.135,146
2024-04-08 19:28:00,2393,43.1356,43.135,43.135,43.14,43.135,35
2024-04-08 19:29:00,5632,43.1412,43.14,43.135,43.145,43.135,106
2024-04-08 19:30:00,5913,43.1164,43.13,43.119,43.13,43.1025,82
2024-04-08 19:31:00,6140,43.1199,43.115,43.125,43.13,43.115,71
2024-04-08 19:32:00,5022,43.1305,43.125,43.135,43.14,43.125,79
2024-04-08 19:33:00,9428,43.1508,43.135,43.17,43.175,43.135,129
2024-04-08 19:34:00,6999,43.1572,43.175,43.135,43.18,43.135,122
2024-04-08 19:35:00,8044,43.1317,43.135,43.115,43.14,43.115,97
2024-04-08 19:36:00,9960,43.1248,43.115,43.115,43.135,43.115,111
2024-04-08 19:37:00,3102,43.1107,43.115,43.105,43.115,43.105,52
2024-04-08 19:38:00,4800,43.0982,43.105,43.095,43.105,43.09,69
2024-04-08 19:39:00,11040,43.0795,43.09,43.075,43.09,43.07,127
2024-04-08 19:40:00,18397,43.0707,43.075,43.075,43.09,43.045,198
2024-04-08 19:41:00,10784,43.0777,43.075,43.08,43.085,43.07,117
2024-04-08 19:42:00,2473,43.0748,43.075,43.075,43.08,43.07,42
2024-04-08 19:43:00,12616,43.0744,43.075,43.075,43.087,43.055,177
2024-04-08 19:44:00,3568,43.0706,43.075,43.06,43.075,43.06,67
2024-04-08 19:45:00,13985,43.0759,43.065,43.1,43.1,43.055,184
2024-04-08 19:46:00,14104,43.1236,43.1,43.145,43.145,43.1,160
2024-04-08 19:47:00,13838,43.1665,43.145,43.195,43.195,43.144,183
2024-04-08 19:48:00,13976,43.1941,43.195,43.195,43.2,43.19,158
2024-04-08 19:49:00,16569,43.2002,43.195,43.2,43.21,43.1925,231
2024-04-08 19:50:00,26554,43.1694,43.2,43.18,43.2,43.14,335
2024-04-08 19:51:00,22445,43.178,43.18,43.17,43.19,43.17,247
2024-04-08 19:52:00,37839,43.1752,43.16,43.235,43.24,43.13,401
2024-04-08 19:53:00,28365,43.2296,43.24,43.235,43.24,43.21,294
2024-04-08 19:54:00,23373,43.2446,43.23,43.26,43.26,43.23,270
2024-04-08 19:55:00,57895,43.2326,43.26,43.21,43.27,43.21,491
2024-04-08 19:56:00,48496,43.2061,43.21,43.23,43.23,43.19,351
2024-04-08 19:57:00,66795,43.1977,43.225,43.205,43.225,43.18,506
2024-04-08 19:58:00,69110,43.1993,43.205,43.175,43.22,43.175,538
2024-04-08 19:59:00,205015,43.1722,43.18,43.15,43.2,43.12,1497
2024-04-08 20:00:00,10200,43.14,43.14,43.14,43.14,43.14,16
2024-04-08 20:20:00,134,43.14,43.14,43.14,43.14,43.14,1
