t,v,vw,o,c,h,l,n
2023-11-27 14:30:00,16386,10.789,10.79,10.7858,10.795,10.7858,9
2023-11-27 14:31:00,3300,10.7957,10.7968,10.7905,10.8,10.7905,3
2023-11-27 14:32:00,1301,10.7948,10.79,10.7978,10.7978,10.79,3
2023-11-27 14:33:00,1083,10.7885,10.79,10.7842,10.79,10.7842,5
2023-11-27 14:35:00,2201,10.7988,10.8,10.7966,10.8,10.79,15
2023-11-27 14:37:00,800,10.8,10.8,10.8,10.8,10.8,1
2023-11-27 14:38:00,2750,10.8049,10.805,10.8046,10.805,10.8046,4
2023-11-27 14:39:00,301,10.8033,10.8,10.81,10.81,10.8,3
2023-11-27 14:40:00,2600,10.8011,10.8011,10.8011,10.8011,10.8011,1
2023-11-27 14:41:00,3366,10.81,10.81,10.81,10.81,10.81,16
2023-11-27 14:43:00,6367,10.8141,10.82,10.805,10.82,10.805,27
2023-11-27 14:44:00,4000,10.8032,10.8,10.805,10.805,10.8,5
2023-11-27 14:46:00,100,10.805,10.805,10.805,10.805,10.805,1
2023-11-27 14:47:00,200,10.8025,10.8,10.805,10.805,10.8,2
2023-11-27 14:48:00,448,10.8099,10.8099,10.8099,10.8099,10.8099,1
2023-11-27 14:50:00,2600,10.801,10.801,10.801,10.801,10.801,2
2023-11-27 14:59:00,338,10.807,10.81,10.805,10.81,10.805,3
2023-11-27 15:00:00,1872,10.8103,10.81,10.8101,10.815,10.81,8
2023-11-27 15:02:00,700,10.8101,10.8101,10.8101,10.8101,10.8101,1
2023-11-27 15:08:00,1010,10.819,10.815,10.82,10.82,10.815,5
2023-11-27 15:10:00,100,10.82,10.82,10.82,10.82,10.82,1
2023-11-27 15:12:00,200,10.82,10.82,10.82,10.82,10.82,2
2023-11-27 15:13:00,1100,10.81,10.81,10.81,10.81,10.81,11
2023-11-27 15:14:00,510,10.82,10.82,10.82,10.82,10.82,1
2023-11-27 15:15:00,2559,10.82,10.82,10.82,10.82,10.82,9
2023-11-27 15:16:00,900,10.83,10.83,10.83,10.83,10.83,1
2023-11-27 15:17:00,800,10.8218,10.8213,10.825,10.825,10.8213,2
2023-11-27 15:18:00,700,10.83,10.83,10.83,10.83,10.83,1
2023-11-27 15:19:00,100,10.825,10.825,10.825,10.825,10.825,1
2023-11-27 15:20:00,2950,10.8287,10.8235,10.825,10.83,10.8235,14
2023-11-27 15:21:00,3671,10.8192,10.82,10.82,10.82,10.82,7
2023-11-27 15:22:00,900,10.8199,10.8199,10.82,10.82,10.8199,3
2023-11-27 15:23:00,100,10.82,10.82,10.82,10.82,10.82,1
2023-11-27 15:24:00,100,10.82,10.82,10.82,10.82,10.82,1
2023-11-27 15:25:00,2100,10.8176,10.815,10.82,10.82,10.815,15
2023-11-27 15:26:00,1300,10.827,10.83,10.8232,10.83,10.8232,9
2023-11-27 15:27:00,100,10.83,10.83,10.83,10.83,10.83,1
2023-11-27 15:28:00,100,10.83,10.83,10.83,10.83,10.83,1
2023-11-27 15:30:00,101,10.83,10.83,10.83,10.83,10.83,2
2023-11-27 15:31:00,2500,10.8233,10.825,10.822,10.825,10.822,4
2023-11-27 15:32:00,100,10.825,10.825,10.825,10.825,10.825,1
2023-11-27 15:33:00,16749,10.8304,10.83,10.831,10.84,10.825,38
2023-11-27 15:34:00,4030,10.8302,10.8325,10.83,10.8325,10.83,13
2023-11-27 15:35:00,2955,10.8304,10.83,10.8301,10.84,10.83,12
2023-11-27 15:38:00,2595,10.835,10.83,10.835,10.84,10.83,5
2023-11-27 15:39:00,100,10.83,10.83,10.83,10.83,10.83,1
2023-11-27 15:40:00,100,10.8312,10.8312,10.8312,10.8312,10.8312,1
2023-11-27 15:41:00,3890,10.8347,10.835,10.83,10.835,10.83,3
2023-11-27 15:43:00,100,10.83,10.83,10.83,10.83,10.83,1
2023-11-27 15:44:00,900,10.8317,10.835,10.83,10.835,10.83,8
2023-11-27 15:45:00,20890,10.8297,10.8301,10.825,10.8301,10.825,34
2023-11-27 15:46:00,1200,10.825,10.825,10.825,10.825,10.825,7
2023-11-27 15:47:00,800,10.825,10.825,10.825,10.825,10.825,5
2023-11-27 15:48:00,4500,10.8251,10.825,10.825,10.83,10.825,12
2023-11-27 15:49:00,204,10.825,10.825,10.825,10.825,10.825,3
2023-11-27 15:51:00,719,10.8249,10.825,10.825,10.825,10.825,3
2023-11-27 15:52:00,100,10.825,10.825,10.825,10.825,10.825,1
2023-11-27 15:53:00,1174,10.825,10.825,10.825,10.825,10.825,11
2023-11-27 15:54:00,2700,10.8231,10.825,10.825,10.825,10.82,9
2023-11-27 15:55:00,7801,10.8243,10.825,10.825,10.825,10.8229,30
2023-11-27 15:56:00,100,10.825,10.825,10.825,10.825,10.825,1
2023-11-27 15:57:00,10449,10.8208,10.82,10.815,10.822,10.815,16
2023-11-27 15:58:00,700,10.815,10.815,10.815,10.815,10.815,5
2023-11-27 15:59:00,700,10.815,10.815,10.815,10.815,10.815,4
2023-11-27 16:00:00,1400,10.8149,10.815,10.8146,10.815,10.8146,11
2023-11-27 16:01:00,700,10.815,10.815,10.815,10.815,10.815,4
2023-11-27 16:02:00,300,10.815,10.815,10.815,10.815,10.815,2
2023-11-27 16:03:00,300,10.815,10.815,10.815,10.815,10.815,2
2023-11-27 16:05:00,600,10.815,10.815,10.815,10.815,10.815,4
2023-11-27 16:06:00,2326,10.8151,10.8101,10.815,10.8189,10.8101,8
2023-11-27 16:07:00,1120,10.8155,10.815,10.82,10.82,10.815,6
2023-11-27 16:08:00,300,10.815,10.815,10.815,10.815,10.815,1
2023-11-27 16:09:00,100,10.82,10.82,10.82,10.82,10.82,1
2023-11-27 16:10:00,619,10.8165,10.815,10.8173,10.82,10.815,4
2023-11-27 16:11:00,300,10.815,10.815,10.815,10.815,10.815,1
2023-11-27 16:12:00,763,10.815,10.815,10.815,10.815,10.815,2
2023-11-27 16:13:00,636,10.8158,10.818,10.815,10.818,10.815,5
2023-11-27 16:15:00,400,10.8185,10.815,10.819,10.82,10.815,4
2023-11-27 16:16:00,100,10.815,10.815,10.815,10.815,10.815,1
2023-11-27 16:18:00,1606,10.815,10.815,10.815,10.815,10.815,3
2023-11-27 16:19:00,100,10.815,10.815,10.815,10.815,10.815,1
2023-11-27 16:20:00,1400,10.815,10.815,10.815,10.815,10.815,14
2023-11-27 16:21:00,1400,10.8154,10.815,10.815,10.815,10.815,13
2023-11-27 16:22:00,100,10.815,10.815,10.815,10.815,10.815,1
2023-11-27 16:23:00,2095,10.8136,10.8106,10.815,10.815,10.81,16
2023-11-27 16:24:00,1635,10.815,10.815,10.815,10.815,10.815,8
2023-11-27 16:25:00,8900,10.8197,10.8199,10.815,10.82,10.815,8
2023-11-27 16:26:00,2600,10.8198,10.8198,10.82,10.82,10.8198,2
2023-11-27 16:27:00,6678,10.82,10.815,10.83,10.83,10.815,18
2023-11-27 16:28:00,15046,10.8195,10.82,10.8197,10.82,10.815,57
2023-11-27 16:29:00,6683,10.8197,10.8199,10.82,10.82,10.815,14
2023-11-27 16:30:00,4094,10.8152,10.815,10.815,10.82,10.8106,12
2023-11-27 16:31:00,512,10.82,10.82,10.82,10.82,10.82,6
2023-11-27 16:32:00,3691,10.8185,10.82,10.815,10.82,10.81,17
2023-11-27 16:33:00,2900,10.8198,10.82,10.815,10.82,10.815,5
2023-11-27 16:34:00,500,10.82,10.82,10.82,10.82,10.82,4
2023-11-27 16:35:00,1200,10.815,10.815,10.815,10.815,10.815,10
2023-11-27 16:36:00,700,10.815,10.815,10.815,10.815,10.815,6
2023-11-27 16:37:00,800,10.815,10.815,10.815,10.815,10.815,7
2023-11-27 16:38:00,1700,10.815,10.815,10.815,10.815,10.815,9
2023-11-27 16:39:00,7466,10.8134,10.815,10.815,10.815,10.81,26
2023-11-27 16:40:00,800,10.8155,10.815,10.8141,10.8199,10.8141,4
2023-11-27 16:41:00,3700,10.8124,10.815,10.81,10.815,10.81,16
2023-11-27 16:42:00,314,10.8148,10.815,10.815,10.815,10.815,4
2023-11-27 16:43:00,776,10.8134,10.815,10.81,10.815,10.81,2
2023-11-27 16:44:00,100,10.815,10.815,10.815,10.815,10.815,1
2023-11-27 16:45:00,857,10.815,10.815,10.815,10.815,10.815,3
2023-11-27 16:46:00,4939,10.8115,10.815,10.81,10.8162,10.81,19
2023-11-27 16:47:00,6722,10.8176,10.8185,10.81,10.8185,10.81,8
2023-11-27 16:48:00,167,10.815,10.815,10.815,10.815,10.815,1
2023-11-27 16:49:00,401,10.816,10.8162,10.8162,10.8162,10.8162,2
2023-11-27 16:50:00,1145,10.8174,10.815,10.8193,10.8193,10.815,2
2023-11-27 16:52:00,377,10.813,10.8165,10.81,10.8165,10.81,4
2023-11-27 16:53:00,222,10.8104,10.81,10.81,10.81,10.81,3
2023-11-27 16:54:00,706,10.8129,10.81,10.81,10.815,10.81,5
2023-11-27 16:55:00,2812,10.8141,10.81,10.8101,10.815,10.81,11
2023-11-27 16:56:00,1502,10.8143,10.815,10.815,10.815,10.81,15
2023-11-27 16:58:00,3800,10.815,10.815,10.815,10.815,10.815,16
2023-11-27 16:59:00,3498,10.815,10.815,10.815,10.815,10.815,24
2023-11-27 17:00:00,503,10.815,10.815,10.815,10.815,10.815,6
2023-11-27 17:01:00,1500,10.815,10.815,10.815,10.815,10.815,15
2023-11-27 17:02:00,600,10.8142,10.815,10.81,10.815,10.81,4
2023-11-27 17:03:00,24448,10.8199,10.815,10.8234,10.8246,10.815,32
2023-11-27 17:04:00,100,10.82,10.82,10.82,10.82,10.82,1
2023-11-27 17:08:00,376,10.8201,10.8201,10.8201,10.8201,10.8201,1
2023-11-27 17:11:00,400,10.825,10.825,10.825,10.825,10.825,4
2023-11-27 17:12:00,800,10.82,10.82,10.82,10.82,10.82,4
2023-11-27 17:13:00,200,10.82,10.82,10.82,10.82,10.82,2
2023-11-27 17:14:00,300,10.82,10.82,10.82,10.82,10.82,3
2023-11-27 17:15:00,300,10.82,10.82,10.82,10.82,10.82,3
2023-11-27 17:16:00,200,10.82,10.82,10.82,10.82,10.82,2
2023-11-27 17:17:00,200,10.82,10.82,10.82,10.82,10.82,2
2023-11-27 17:18:00,1629,10.8202,10.82,10.82,10.8202,10.82,4
2023-11-27 17:19:00,3143,10.821,10.82,10.82,10.825,10.82,5
2023-11-27 17:20:00,3650,10.8234,10.82,10.825,10.825,10.82,34
2023-11-27 17:21:00,2800,10.8246,10.82,10.825,10.825,10.82,12
2023-11-27 17:22:00,3000,10.8283,10.825,10.83,10.83,10.825,2
2023-11-27 17:23:00,800,10.825,10.825,10.825,10.825,10.825,2
2023-11-27 17:24:00,1500,10.825,10.825,10.825,10.825,10.825,5
2023-11-27 17:26:00,14100,10.8232,10.825,10.82,10.825,10.82,72
2023-11-27 17:27:00,12356,10.818,10.82,10.815,10.82,10.81,60
2023-11-27 17:28:00,636,10.813,10.815,10.8147,10.815,10.81,5
2023-11-27 17:29:00,2454,10.8133,10.815,10.815,10.815,10.8127,5
2023-11-27 17:30:00,2800,10.815,10.815,10.815,10.815,10.815,9
2023-11-27 17:31:00,8341,10.8135,10.81,10.815,10.815,10.81,43
2023-11-27 17:32:00,376,10.815,10.815,10.815,10.815,10.815,3
2023-11-27 17:33:00,728,10.8148,10.815,10.815,10.815,10.815,7
2023-11-27 17:34:00,700,10.815,10.815,10.815,10.815,10.815,3
2023-11-27 17:35:00,1936,10.8118,10.811,10.8133,10.8133,10.81,10
2023-11-27 17:37:00,900,10.8185,10.8185,10.8185,10.8185,10.8185,1
2023-11-27 17:40:00,1006,10.8145,10.815,10.81,10.815,10.81,2
2023-11-27 17:41:00,1300,10.81,10.81,10.81,10.81,10.81,4
2023-11-27 17:42:00,400,10.81,10.81,10.81,10.81,10.81,4
2023-11-27 17:43:00,500,10.811,10.81,10.81,10.815,10.81,5
2023-11-27 17:44:00,600,10.81,10.81,10.81,10.81,10.81,6
2023-11-27 17:45:00,400,10.81,10.81,10.81,10.81,10.81,4
2023-11-27 17:46:00,5050,10.8148,10.81,10.81,10.815,10.81,26
2023-11-27 17:47:00,2560,10.8148,10.815,10.815,10.815,10.81,15
2023-11-27 17:48:00,400,10.815,10.815,10.815,10.815,10.815,4
2023-11-27 17:49:00,300,10.815,10.815,10.815,10.815,10.815,2
2023-11-27 17:50:00,2100,10.8155,10.815,10.815,10.82,10.815,8
2023-11-27 17:51:00,3990,10.815,10.815,10.815,10.815,10.815,7
2023-11-27 17:52:00,300,10.815,10.815,10.815,10.815,10.815,2
2023-11-27 17:53:00,21039,10.8202,10.811,10.825,10.825,10.811,27
2023-11-27 17:54:00,101,10.825,10.825,10.825,10.825,10.825,2
2023-11-27 17:55:00,250,10.8216,10.82,10.82,10.82,10.82,2
2023-11-27 17:56:00,500,10.827,10.8299,10.825,10.8299,10.825,3
2023-11-27 17:57:00,300,10.825,10.825,10.825,10.825,10.825,3
2023-11-27 18:00:00,300,10.82,10.82,10.82,10.82,10.82,3
2023-11-27 18:01:00,400,10.82,10.82,10.82,10.82,10.82,4
2023-11-27 18:02:00,1890,10.8245,10.82,10.825,10.83,10.82,17
2023-11-27 18:03:00,1455,10.8255,10.825,10.825,10.83,10.825,12
2023-11-27 18:05:00,1390,10.825,10.825,10.825,10.825,10.825,1
2023-11-27 18:06:00,100,10.82,10.82,10.82,10.82,10.82,1
2023-11-27 18:07:00,300,10.82,10.82,10.82,10.82,10.82,3
2023-11-27 18:08:00,400,10.82,10.82,10.82,10.82,10.82,4
2023-11-27 18:09:00,400,10.82,10.82,10.82,10.82,10.82,4
2023-11-27 18:10:00,500,10.82,10.82,10.82,10.82,10.82,5
2023-11-27 18:11:00,400,10.82,10.82,10.82,10.82,10.82,4
2023-11-27 18:12:00,300,10.82,10.82,10.82,10.82,10.82,3
2023-11-27 18:13:00,312,10.82,10.82,10.82,10.82,10.82,4
2023-11-27 18:14:00,946,10.8202,10.82,10.82,10.82,10.82,6
2023-11-27 18:15:00,200,10.82,10.82,10.82,10.82,10.82,2
2023-11-27 18:16:00,100,10.82,10.82,10.82,10.82,10.82,1
2023-11-27 18:17:00,661,10.8235,10.82,10.825,10.825,10.82,4
2023-11-27 18:18:00,100,10.82,10.82,10.82,10.82,10.82,1
2023-11-27 18:19:00,202,10.82,10.82,10.82,10.82,10.82,3
2023-11-27 18:20:00,100,10.82,10.82,10.82,10.82,10.82,1
2023-11-27 18:21:00,2680,10.8225,10.8243,10.82,10.8243,10.82,4
2023-11-27 18:23:00,115,10.82,10.82,10.82,10.82,10.82,2
2023-11-27 18:24:00,100,10.82,10.82,10.82,10.82,10.82,1
2023-11-27 18:25:00,100,10.82,10.82,10.82,10.82,10.82,1
2023-11-27 18:26:00,100,10.82,10.82,10.82,10.82,10.82,1
2023-11-27 18:27:00,100,10.82,10.82,10.82,10.82,10.82,1
2023-11-27 18:28:00,100,10.82,10.82,10.82,10.82,10.82,1
2023-11-27 18:29:00,100,10.82,10.82,10.82,10.82,10.82,1
2023-11-27 18:30:00,196,10.8223,10.82,10.82,10.82,10.82,2
2023-11-27 18:31:00,12990,10.8286,10.82,10.825,10.83,10.82,35
2023-11-27 18:32:00,100,10.82,10.82,10.82,10.82,10.82,1
2023-11-27 18:33:00,7097,10.8201,10.82,10.8201,10.8201,10.82,2
2023-11-27 18:35:00,839,10.8242,10.8278,10.82,10.8278,10.82,4
2023-11-27 18:36:00,400,10.8212,10.82,10.82,10.825,10.82,4
2023-11-27 18:37:00,1300,10.8242,10.825,10.82,10.825,10.82,4
2023-11-27 18:38:00,300,10.82,10.82,10.82,10.82,10.82,3
2023-11-27 18:39:00,400,10.82,10.82,10.82,10.82,10.82,4
2023-11-27 18:40:00,1300,10.82,10.82,10.82,10.82,10.82,5
2023-11-27 18:41:00,400,10.82,10.82,10.82,10.82,10.82,3
2023-11-27 18:42:00,2908,10.824,10.82,10.82,10.825,10.82,6
2023-11-27 18:43:00,540,10.82,10.82,10.82,10.82,10.82,5
2023-11-27 18:44:00,200,10.82,10.82,10.82,10.82,10.82,2
2023-11-27 18:45:00,500,10.82,10.82,10.82,10.82,10.82,3
2023-11-27 18:46:00,1200,10.8233,10.82,10.824,10.824,10.82,3
2023-11-27 18:47:00,600,10.82,10.82,10.82,10.82,10.82,4
2023-11-27 18:48:00,200,10.82,10.82,10.82,10.82,10.82,2
2023-11-27 18:49:00,200,10.82,10.82,10.82,10.82,10.82,2
2023-11-27 18:50:00,500,10.82,10.82,10.82,10.82,10.82,3
2023-11-27 18:51:00,200,10.82,10.82,10.82,10.82,10.82,2
2023-11-27 18:52:00,3255,10.8197,10.82,10.81,10.82,10.81,11
2023-11-27 18:53:00,310,10.8101,10.81,10.81,10.81,10.81,4
2023-11-27 18:54:00,345,10.8111,10.81,10.81,10.81,10.81,4
2023-11-27 18:55:00,243,10.8114,10.81,10.81,10.81,10.81,3
2023-11-27 18:56:00,200,10.81,10.81,10.81,10.81,10.81,2
2023-11-27 18:57:00,200,10.81,10.81,10.81,10.81,10.81,2
2023-11-27 18:58:00,600,10.8133,10.815,10.81,10.815,10.81,3
2023-11-27 18:59:00,1248,10.8166,10.813,10.81,10.82,10.81,6
2023-11-27 19:00:00,899,10.8129,10.81,10.81,10.8147,10.81,6
2023-11-27 19:01:00,2717,10.8104,10.81,10.82,10.82,10.81,6
2023-11-27 19:02:00,200,10.81,10.81,10.81,10.81,10.81,2
2023-11-27 19:03:00,200,10.81,10.81,10.81,10.81,10.81,2
2023-11-27 19:04:00,300,10.81,10.81,10.81,10.81,10.81,3
2023-11-27 19:05:00,3568,10.81,10.81,10.81,10.8101,10.81,16
2023-11-27 19:06:00,1388,10.81,10.81,10.81,10.8101,10.81,7
2023-11-27 19:07:00,1567,10.8101,10.81,10.81,10.8102,10.81,6
2023-11-27 19:08:00,17125,10.8186,10.81,10.815,10.82,10.81,75
2023-11-27 19:09:00,18086,10.8103,10.815,10.805,10.82,10.805,55
2023-11-27 19:10:00,2652,10.8069,10.8075,10.805,10.8075,10.805,3
2023-11-27 19:11:00,1081,10.8069,10.805,10.805,10.81,10.805,19
2023-11-27 19:12:00,3233,10.8062,10.805,10.805,10.81,10.805,17
2023-11-27 19:13:00,1700,10.8047,10.8005,10.805,10.805,10.8005,8
2023-11-27 19:16:00,100,10.805,10.805,10.805,10.805,10.805,1
2023-11-27 19:17:00,300,10.8033,10.805,10.8,10.805,10.8,2
2023-11-27 19:18:00,300,10.8,10.8,10.8,10.8,10.8,3
2023-11-27 19:19:00,200,10.8,10.8,10.8,10.8,10.8,2
2023-11-27 19:20:00,400,10.8,10.8,10.8,10.8,10.8,4
2023-11-27 19:21:00,800,10.8,10.8,10.8,10.8,10.8,8
2023-11-27 19:22:00,17350,10.8,10.8,10.8,10.8003,10.8,42
2023-11-27 19:23:00,3124,10.8,10.8,10.8,10.8,10.8,18
2023-11-27 19:24:00,21169,10.7929,10.8005,10.795,10.8005,10.79,40
2023-11-27 19:25:00,1100,10.7941,10.795,10.79,10.795,10.79,6
2023-11-27 19:26:00,2280,10.79,10.79,10.79,10.7902,10.79,14
2023-11-27 19:27:00,200,10.79,10.79,10.79,10.79,10.79,2
2023-11-27 19:28:00,2500,10.79,10.79,10.79,10.79,10.79,5
2023-11-27 19:29:00,597,10.79,10.79,10.79,10.79,10.79,5
2023-11-27 19:30:00,508,10.79,10.79,10.79,10.79,10.79,3
2023-11-27 19:31:00,54987,10.7878,10.79,10.7886,10.7901,10.78,174
2023-11-27 19:32:00,6895,10.7886,10.785,10.785,10.7898,10.78,10
2023-11-27 19:33:00,1200,10.7867,10.79,10.785,10.79,10.785,12
2023-11-27 19:34:00,764,10.7819,10.785,10.7824,10.785,10.78,4
2023-11-27 19:35:00,988,10.785,10.785,10.785,10.785,10.785,1
2023-11-27 19:36:00,13346,10.7807,10.781,10.78,10.79,10.78,25
2023-11-27 19:38:00,3859,10.7852,10.78,10.7884,10.7885,10.78,21
2023-11-27 19:39:00,100,10.78,10.78,10.78,10.78,10.78,1
2023-11-27 19:40:00,800,10.783,10.78,10.78,10.7848,10.78,4
2023-11-27 19:41:00,3732,10.7797,10.78,10.7784,10.7825,10.775,17
2023-11-27 19:42:00,1654,10.7755,10.775,10.775,10.78,10.77,19
2023-11-27 19:43:00,783,10.7731,10.775,10.775,10.775,10.77,6
2023-11-27 19:44:00,8605,10.7745,10.775,10.78,10.78,10.77,10
2023-11-27 19:45:00,1302,10.7704,10.775,10.77,10.775,10.77,6
2023-11-27 19:46:00,10600,10.7786,10.77,10.775,10.779,10.77,8
2023-11-27 19:47:00,300,10.7717,10.77,10.775,10.775,10.77,3
2023-11-27 19:48:00,850,10.7739,10.775,10.7705,10.775,10.7705,4
2023-11-27 19:49:00,600,10.7748,10.775,10.77,10.778,10.77,4
2023-11-27 19:50:00,700,10.7744,10.77,10.775,10.7778,10.77,6
2023-11-27 19:51:00,1226,10.772,10.77,10.7701,10.775,10.77,12
2023-11-27 19:52:00,300,10.77,10.77,10.77,10.77,10.77,3
2023-11-27 19:53:00,1116,10.7716,10.77,10.775,10.775,10.77,6
2023-11-27 19:54:00,100,10.77,10.77,10.77,10.77,10.77,1
2023-11-27 19:55:00,300,10.7717,10.775,10.77,10.775,10.77,3
2023-11-27 19:56:00,300,10.77,10.77,10.77,10.77,10.77,3
2023-11-27 19:57:00,300,10.77,10.77,10.77,10.77,10.77,3
2023-11-27 19:58:00,300,10.77,10.77,10.77,10.77,10.77,3
2023-11-27 19:59:00,1678,10.7709,10.77,10.77,10.775,10.77,9
2023-11-27 20:00:00,5383,10.7772,10.78,10.775,10.78,10.7701,32
2023-11-27 20:01:00,5770,10.7799,10.775,10.78,10.78,10.775,2
2023-11-27 20:02:00,3000,10.7777,10.779,10.775,10.779,10.7706,12
2023-11-27 20:03:00,400,10.7774,10.7799,10.775,10.7799,10.775,3
2023-11-27 20:04:00,471,10.775,10.775,10.775,10.775,10.775,4
2023-11-27 20:05:00,726,10.775,10.775,10.775,10.775,10.775,9
2023-11-27 20:06:00,378,10.7761,10.775,10.7786,10.7786,10.775,4
2023-11-27 20:07:00,200,10.7775,10.775,10.78,10.78,10.775,2
2023-11-27 20:08:00,800,10.7762,10.775,10.775,10.78,10.775,8
2023-11-27 20:09:00,200,10.775,10.775,10.775,10.775,10.775,2
2023-11-27 20:10:00,9081,10.775,10.775,10.775,10.775,10.775,10
2023-11-27 20:11:00,200,10.775,10.775,10.775,10.775,10.775,2
2023-11-27 20:12:00,3452,10.7762,10.775,10.775,10.7799,10.775,13
2023-11-27 20:13:00,8829,10.7779,10.7783,10.7705,10.7783,10.7705,8
2023-11-27 20:16:00,100,10.775,10.775,10.775,10.775,10.775,1
2023-11-27 20:17:00,532,10.7709,10.77,10.77,10.77,10.77,5
2023-11-27 20:18:00,580,10.7767,10.775,10.775,10.7786,10.7745,5
2023-11-27 20:19:00,200,10.7725,10.775,10.77,10.775,10.77,2
2023-11-27 20:20:00,337,10.77,10.77,10.77,10.77,10.77,4
2023-11-27 20:21:00,300,10.77,10.77,10.77,10.77,10.77,3
2023-11-27 20:22:00,805,10.7706,10.77,10.775,10.775,10.77,7
2023-11-27 20:23:00,516,10.77,10.77,10.77,10.77,10.77,5
2023-11-27 20:24:00,300,10.7717,10.775,10.77,10.775,10.77,3
2023-11-27 20:25:00,300,10.77,10.77,10.77,10.77,10.77,3
2023-11-27 20:26:00,833,10.77,10.77,10.77,10.77,10.77,6
2023-11-27 20:27:00,4021,10.7775,10.77,10.77,10.7781,10.77,4
2023-11-27 20:28:00,2421,10.7785,10.77,10.77,10.78,10.77,7
2023-11-27 20:29:00,800,10.7744,10.77,10.775,10.78,10.77,7
2023-11-27 20:30:00,300,10.7717,10.775,10.77,10.775,10.77,3
2023-11-27 20:31:00,988,10.77,10.77,10.77,10.77,10.77,7
2023-11-27 20:32:00,400,10.77,10.77,10.77,10.77,10.77,4
2023-11-27 20:33:00,400,10.7713,10.77,10.77,10.775,10.77,4
2023-11-27 20:34:00,3146,10.7733,10.77,10.77,10.775,10.77,11
2023-11-27 20:35:00,400,10.77,10.77,10.77,10.77,10.77,4
2023-11-27 20:36:00,10580,10.7709,10.77,10.77,10.775,10.77,12
2023-11-27 20:37:00,3616,10.7701,10.77,10.775,10.775,10.77,25
2023-11-27 20:38:00,3246,10.7739,10.7701,10.77,10.775,10.77,7
2023-11-27 20:39:00,601,10.7725,10.77,10.77,10.78,10.77,6
2023-11-27 20:40:00,2437,10.77,10.77,10.77,10.7701,10.77,12
2023-11-27 20:41:00,500,10.771,10.77,10.77,10.775,10.77,5
2023-11-27 20:42:00,400,10.7713,10.77,10.775,10.775,10.77,4
2023-11-27 20:43:00,1598,10.771,10.77,10.77,10.772,10.77,9
2023-11-27 20:44:00,3149,10.7713,10.77,10.77,10.7765,10.77,7
2023-11-27 20:45:00,876,10.7706,10.77,10.77,10.775,10.77,10
2023-11-27 20:46:00,1257,10.7704,10.77,10.77,10.775,10.77,8
2023-11-27 20:47:00,800,10.7706,10.77,10.77,10.775,10.77,8
2023-11-27 20:48:00,1479,10.7707,10.77,10.775,10.775,10.77,10
2023-11-27 20:49:00,1000,10.7715,10.77,10.775,10.775,10.77,9
2023-11-27 20:50:00,700,10.77,10.77,10.77,10.77,10.77,7
2023-11-27 20:51:00,5010,10.7707,10.77,10.77,10.775,10.77,10
2023-11-27 20:52:00,1688,10.7715,10.77,10.77,10.775,10.77,14
2023-11-27 20:53:00,800,10.7713,10.77,10.77,10.775,10.77,8
2023-11-27 20:54:00,1419,10.7707,10.77,10.77,10.775,10.77,10
2023-11-27 20:55:00,2800,10.77,10.77,10.77,10.7701,10.77,16
2023-11-27 20:56:00,3400,10.7771,10.77,10.77,10.7788,10.77,9
2023-11-27 20:57:00,2037,10.7712,10.77,10.775,10.775,10.77,10
2023-11-27 20:58:00,3749,10.77,10.77,10.77,10.7702,10.77,21
2023-11-27 20:59:00,8146,10.7685,10.77,10.76,10.78,10.76,35
2023-11-28 14:30:00,24716,10.76,10.76,10.76,10.76,10.76,8
2023-11-28 14:31:00,205,10.7684,10.7684,10.7684,10.7684,10.7684,1
2023-11-28 14:32:00,1701,10.7691,10.76,10.77,10.77,10.76,3
2023-11-28 14:33:00,2649,10.773,10.771,10.78,10.78,10.771,3
2023-11-28 14:35:00,200,10.77,10.77,10.77,10.77,10.77,2
2023-11-28 14:36:00,100,10.77,10.77,10.77,10.77,10.77,1
2023-11-28 14:37:00,4700,10.7793,10.7793,10.78,10.78,10.7793,3
2023-11-28 14:39:00,900,10.78,10.78,10.78,10.78,10.78,3
2023-11-28 14:40:00,6684,10.7797,10.7831,10.77,10.7831,10.77,13
2023-11-28 14:41:00,2131,10.77,10.77,10.7701,10.7701,10.77,15
2023-11-28 14:43:00,100,10.76,10.76,10.76,10.76,10.76,1
2023-11-28 14:44:00,9581,10.7602,10.765,10.76,10.765,10.76,27
2023-11-28 14:45:00,400,10.76,10.76,10.76,10.76,10.76,4
2023-11-28 14:47:00,300,10.7612,10.7635,10.76,10.7635,10.76,2
2023-11-28 14:48:00,6964,10.7697,10.765,10.77,10.77,10.765,26
2023-11-28 14:49:00,3470,10.7709,10.775,10.77,10.775,10.77,25
2023-11-28 14:50:00,4706,10.7699,10.77,10.7699,10.77,10.7699,10
2023-11-28 14:51:00,5001,10.7681,10.77,10.77,10.77,10.765,8
2023-11-28 14:52:00,200,10.765,10.765,10.765,10.765,10.765,2
2023-11-28 14:53:00,121,10.7641,10.765,10.765,10.765,10.765,2
2023-11-28 14:54:00,2495,10.7668,10.7643,10.77,10.77,10.7643,2
2023-11-28 14:56:00,200,10.77,10.77,10.77,10.77,10.77,1
2023-11-28 14:59:00,1300,10.77,10.77,10.77,10.77,10.77,2
2023-11-28 15:00:00,100,10.765,10.765,10.765,10.765,10.765,1
2023-11-28 15:01:00,1924,10.7697,10.7697,10.77,10.77,10.7697,3
2023-11-28 15:02:00,6200,10.762,10.7601,10.77,10.77,10.7601,4
2023-11-28 15:03:00,2977,10.7689,10.77,10.77,10.78,10.7626,8
2023-11-28 15:04:00,100,10.775,10.775,10.775,10.775,10.775,1
2023-11-28 15:06:00,294,10.7783,10.775,10.78,10.78,10.775,3
2023-11-28 15:07:00,3214,10.773,10.773,10.773,10.773,10.773,1
2023-11-28 15:10:00,1204,10.775,10.775,10.775,10.775,10.775,1
2023-11-28 15:11:00,12424,10.7801,10.78,10.7825,10.7825,10.775,20
2023-11-28 15:12:00,1700,10.784,10.785,10.7826,10.785,10.7826,2
2023-11-28 15:14:00,200,10.7875,10.79,10.785,10.79,10.785,2
2023-11-28 15:15:00,200,10.79,10.79,10.79,10.79,10.79,2
2023-11-28 15:20:00,100,10.79,10.79,10.79,10.79,10.79,1
2023-11-28 15:21:00,18509,10.7795,10.785,10.7745,10.79,10.7745,50
2023-11-28 15:22:00,183,10.78,10.78,10.78,10.78,10.78,2
2023-11-28 15:24:00,200,10.785,10.785,10.785,10.785,10.785,2
2023-11-28 15:25:00,1502,10.785,10.7852,10.785,10.7852,10.785,2
2023-11-28 15:31:00,217,10.785,10.785,10.785,10.785,10.785,1
2023-11-28 15:35:00,3618,10.7801,10.78,10.78,10.785,10.78,21
2023-11-28 15:37:00,2486,10.7785,10.779,10.775,10.779,10.775,4
2023-11-28 15:38:00,3297,10.7786,10.78,10.775,10.78,10.77,14
2023-11-28 15:40:00,1950,10.7833,10.78,10.7899,10.79,10.78,6
2023-11-28 15:41:00,1446,10.787,10.782,10.789,10.789,10.782,3
2023-11-28 15:43:00,100,10.79,10.79,10.79,10.79,10.79,1
2023-11-28 15:45:00,3141,10.7894,10.7894,10.79,10.79,10.7894,3
2023-11-28 15:47:00,100,10.7894,10.7894,10.7894,10.7894,10.7894,1
2023-11-28 15:48:00,312,10.7818,10.78,10.785,10.785,10.78,4
2023-11-28 15:49:00,21630,10.7806,10.785,10.7895,10.79,10.77,70
2023-11-28 15:51:00,266,10.7835,10.7845,10.7845,10.7845,10.7845,3
2023-11-28 15:54:00,616,10.7883,10.79,10.785,10.79,10.785,3
2023-11-28 15:55:00,1230,10.785,10.785,10.785,10.785,10.785,1
2023-11-28 15:58:00,508,10.786,10.785,10.79,10.79,10.785,6
2023-11-28 16:04:00,200,10.79,10.79,10.79,10.79,10.79,2
2023-11-28 16:09:00,6200,10.7909,10.79,10.8,10.8,10.79,22
2023-11-28 16:10:00,700,10.795,10.795,10.795,10.795,10.795,1
2023-11-28 16:11:00,1308,10.795,10.795,10.795,10.795,10.795,1
2023-11-28 16:13:00,5400,10.8015,10.8,10.81,10.81,10.8,12
2023-11-28 16:14:00,2800,10.8068,10.805,10.81,10.81,10.805,5
2023-11-28 16:16:00,200,10.8,10.8,10.8,10.8,10.8,1
2023-11-28 16:18:00,985,10.8084,10.8088,10.805,10.8088,10.805,2
2023-11-28 16:19:00,10500,10.8112,10.805,10.81,10.82,10.805,34
2023-11-28 16:20:00,1600,10.8126,10.8111,10.814,10.814,10.8111,2
2023-11-28 16:21:00,10200,10.8199,10.82,10.815,10.82,10.815,2
2023-11-28 16:22:00,300,10.82,10.82,10.82,10.82,10.82,1
2023-11-28 16:24:00,1000,10.8165,10.8165,10.8165,10.8165,10.8165,1
2023-11-28 16:25:00,4400,10.815,10.815,10.815,10.815,10.815,4
2023-11-28 16:26:00,4000,10.81,10.81,10.81,10.81,10.81,1
2023-11-28 16:30:00,2200,10.8177,10.82,10.8172,10.82,10.8172,5
2023-11-28 16:31:00,6009,10.8202,10.8195,10.83,10.83,10.8195,15
2023-11-28 16:32:00,11346,10.8178,10.825,10.815,10.825,10.815,23
2023-11-28 16:33:00,100,10.8194,10.8194,10.8194,10.8194,10.8194,1
2023-11-28 16:34:00,1943,10.82,10.82,10.82,10.82,10.82,4
2023-11-28 16:37:00,2203,10.8218,10.8237,10.8201,10.8237,10.8201,2
2023-11-28 16:44:00,5190,10.8221,10.8221,10.8221,10.8221,10.8221,1
2023-11-28 16:45:00,2405,10.8256,10.825,10.825,10.8299,10.825,6
2023-11-28 16:49:00,184,10.8298,10.8298,10.8298,10.8298,10.8298,1
2023-11-28 16:51:00,100,10.8295,10.8295,10.8295,10.8295,10.8295,1
2023-11-28 16:55:00,1600,10.83,10.83,10.83,10.83,10.83,1
2023-11-28 16:56:00,1561,10.823,10.821,10.826,10.826,10.821,2
2023-11-28 16:57:00,2050,10.825,10.825,10.825,10.825,10.825,2
2023-11-28 16:59:00,500,10.828,10.83,10.83,10.83,10.825,6
2023-11-28 17:03:00,1200,10.825,10.825,10.825,10.825,10.825,8
2023-11-28 17:05:00,5466,10.8202,10.82,10.82,10.825,10.82,5
2023-11-28 17:06:00,11501,10.8198,10.82,10.82,10.82,10.815,43
2023-11-28 17:08:00,1600,10.815,10.815,10.815,10.815,10.815,1
2023-11-28 17:09:00,10300,10.8233,10.82,10.825,10.83,10.82,22
2023-11-28 17:10:00,7000,10.8269,10.825,10.82,10.83,10.82,35
2023-11-28 17:11:00,1100,10.8264,10.825,10.8265,10.8265,10.825,2
2023-11-28 17:12:00,100,10.825,10.825,10.825,10.825,10.825,1
2023-11-28 17:13:00,222,10.8249,10.8249,10.8249,10.8249,10.8249,1
2023-11-28 17:14:00,7910,10.8294,10.825,10.8277,10.83,10.825,24
2023-11-28 17:16:00,100,10.8295,10.8295,10.8295,10.8295,10.8295,1
2023-11-28 17:18:00,1700,10.82,10.82,10.82,10.82,10.82,1
2023-11-28 17:20:00,200,10.825,10.825,10.825,10.825,10.825,2
2023-11-28 17:24:00,2125,10.8261,10.825,10.83,10.83,10.825,6
2023-11-28 17:25:00,812,10.8256,10.825,10.83,10.83,10.825,8
2023-11-28 17:27:00,500,10.825,10.825,10.825,10.825,10.825,2
2023-11-28 17:28:00,2310,10.8201,10.82,10.82,10.82,10.82,2
2023-11-28 17:29:00,100,10.83,10.83,10.83,10.83,10.83,1
2023-11-28 17:30:00,210,10.825,10.825,10.825,10.825,10.825,3
2023-11-28 17:32:00,100,10.825,10.825,10.825,10.825,10.825,1
2023-11-28 17:36:00,5991,10.8206,10.825,10.8201,10.825,10.82,16
2023-11-28 17:37:00,11143,10.8196,10.82,10.82,10.82,10.815,27
2023-11-28 17:38:00,510,10.8169,10.8195,10.815,10.82,10.815,3
2023-11-28 17:42:00,973,10.82,10.82,10.82,10.82,10.82,1
2023-11-28 17:43:00,100,10.81,10.81,10.81,10.81,10.81,1
2023-11-28 17:44:00,8700,10.8179,10.815,10.815,10.8199,10.815,13
2023-11-28 17:52:00,502,10.82,10.82,10.82,10.82,10.82,2
2023-11-28 17:53:00,100,10.8199,10.8199,10.8199,10.8199,10.8199,1
2023-11-28 17:55:00,9030,10.8192,10.815,10.825,10.8295,10.815,33
2023-11-28 17:57:00,100,10.8299,10.8299,10.8299,10.8299,10.8299,1
2023-11-28 17:59:00,2600,10.8286,10.825,10.825,10.8297,10.825,6
2023-11-28 18:01:00,102,10.8251,10.825,10.825,10.825,10.825,2
2023-11-28 18:02:00,9692,10.8121,10.82,10.81,10.82,10.81,16
2023-11-28 18:07:00,1900,10.8142,10.815,10.81,10.815,10.81,10
2023-11-28 18:08:00,2400,10.81,10.81,10.81,10.81,10.81,10
2023-11-28 18:09:00,100,10.805,10.805,10.805,10.805,10.805,1
2023-11-28 18:13:00,4749,10.8018,10.8087,10.8,10.8087,10.8,25
2023-11-28 18:14:00,1000,10.7984,10.7998,10.7962,10.7998,10.7962,2
2023-11-28 18:15:00,400,10.7965,10.798,10.795,10.798,10.795,3
2023-11-28 18:16:00,100,10.795,10.795,10.795,10.795,10.795,1
2023-11-28 18:17:00,10200,10.7902,10.7901,10.795,10.795,10.7901,3
2023-11-28 18:18:00,402,10.795,10.795,10.795,10.795,10.795,6
2023-11-28 18:20:00,7406,10.7997,10.795,10.8,10.8,10.795,37
2023-11-28 18:21:00,480,10.8012,10.795,10.8049,10.8049,10.795,3
2023-11-28 18:23:00,100,10.805,10.805,10.805,10.805,10.805,1
2023-11-28 18:26:00,100,10.805,10.805,10.805,10.805,10.805,1
2023-11-28 18:27:00,300,10.805,10.805,10.805,10.805,10.805,3
2023-11-28 18:28:00,200,10.805,10.805,10.805,10.805,10.805,2
2023-11-28 18:33:00,5650,10.8015,10.8015,10.8015,10.8015,10.8015,1
2023-11-28 18:34:00,100,10.805,10.805,10.805,10.805,10.805,1
2023-11-28 18:36:00,100,10.805,10.805,10.805,10.805,10.805,1
2023-11-28 18:37:00,4836,10.8037,10.805,10.805,10.81,10.8,11
2023-11-28 18:38:00,1018,10.8078,10.8079,10.8079,10.8079,10.8079,2
2023-11-28 18:40:00,900,10.8061,10.81,10.805,10.81,10.805,9
2023-11-28 18:42:00,2683,10.8086,10.805,10.81,10.81,10.805,29
2023-11-28 18:43:00,7369,10.8105,10.81,10.815,10.815,10.81,14
2023-11-28 18:45:00,138,10.8148,10.815,10.815,10.815,10.815,2
2023-11-28 18:48:00,3191,10.8152,10.815,10.815,10.82,10.815,6
2023-11-28 18:49:00,1730,10.8165,10.815,10.82,10.82,10.815,13
2023-11-28 18:50:00,600,10.815,10.815,10.815,10.815,10.815,2
2023-11-28 18:53:00,100,10.815,10.815,10.815,10.815,10.815,1
2023-11-28 18:55:00,13330,10.8191,10.8199,10.82,10.82,10.8142,14
2023-11-28 18:56:00,5402,10.8199,10.815,10.82,10.82,10.815,22
2023-11-28 18:59:00,100,10.825,10.825,10.825,10.825,10.825,1
2023-11-28 19:03:00,100,10.825,10.825,10.825,10.825,10.825,1
2023-11-28 19:05:00,100,10.825,10.825,10.825,10.825,10.825,1
2023-11-28 19:10:00,100,10.825,10.825,10.825,10.825,10.825,1
2023-11-28 19:11:00,100,10.825,10.825,10.825,10.825,10.825,1
2023-11-28 19:13:00,866,10.825,10.825,10.825,10.825,10.825,3
2023-11-28 19:16:00,5100,10.825,10.825,10.825,10.825,10.825,7
2023-11-28 19:17:00,1168,10.8229,10.825,10.825,10.825,10.8201,4
2023-11-28 19:18:00,391,10.8263,10.825,10.825,10.83,10.825,5
2023-11-28 19:24:00,4427,10.8283,10.825,10.825,10.8292,10.825,11
2023-11-28 19:25:00,10126,10.8295,10.825,10.83,10.83,10.825,19
2023-11-28 19:28:00,2200,10.8295,10.83,10.8295,10.83,10.8295,4
2023-11-28 19:33:00,1209,10.8222,10.825,10.8217,10.825,10.8217,3
2023-11-28 19:35:00,4321,10.8226,10.828,10.8219,10.83,10.8219,5
2023-11-28 19:36:00,936,10.8259,10.825,10.825,10.83,10.825,12
2023-11-28 19:37:00,5332,10.8237,10.825,10.825,10.825,10.8235,3
2023-11-28 19:38:00,13056,10.8205,10.825,10.82,10.825,10.82,49
2023-11-28 19:39:00,507,10.8164,10.815,10.8185,10.8185,10.815,3
2023-11-28 19:40:00,924,10.8155,10.82,10.815,10.82,10.815,10
2023-11-28 19:42:00,3000,10.8156,10.82,10.815,10.82,10.815,3
2023-11-28 19:43:00,653,10.8142,10.81,10.815,10.815,10.81,8
2023-11-28 19:46:00,504,10.81,10.81,10.81,10.81,10.81,1
2023-11-28 19:47:00,920,10.8137,10.815,10.8144,10.815,10.81,6
2023-11-28 19:48:00,800,10.8174,10.82,10.815,10.82,10.815,5
2023-11-28 19:49:00,601,10.815,10.815,10.815,10.815,10.815,8
2023-11-28 19:50:00,100,10.82,10.82,10.82,10.82,10.82,1
2023-11-28 19:51:00,18637,10.8199,10.815,10.82,10.82,10.815,38
2023-11-28 19:52:00,1403,10.82,10.82,10.82,10.82,10.82,4
2023-11-28 19:53:00,194,10.825,10.825,10.825,10.825,10.825,1
2023-11-28 19:56:00,2050,10.8267,10.825,10.825,10.83,10.825,5
2023-11-28 19:58:00,400,10.827,10.827,10.827,10.827,10.827,1
2023-11-28 19:59:00,400,10.8225,10.82,10.83,10.83,10.82,3
2023-11-28 20:00:00,561,10.825,10.825,10.825,10.825,10.825,6
2023-11-28 20:01:00,100,10.825,10.825,10.825,10.825,10.825,1
2023-11-28 20:02:00,430,10.829,10.83,10.827,10.83,10.827,5
2023-11-28 20:03:00,100,10.825,10.825,10.825,10.825,10.825,1
2023-11-28 20:04:00,300,10.825,10.825,10.825,10.825,10.825,1
2023-11-28 20:05:00,200,10.825,10.825,10.825,10.825,10.825,2
2023-11-28 20:06:00,350,10.825,10.825,10.825,10.825,10.825,2
2023-11-28 20:07:00,719,10.825,10.825,10.825,10.825,10.825,9
2023-11-28 20:08:00,400,10.825,10.825,10.825,10.825,10.825,2
2023-11-28 20:09:00,100,10.825,10.825,10.825,10.825,10.825,1
2023-11-28 20:10:00,500,10.825,10.825,10.825,10.825,10.825,3
2023-11-28 20:11:00,987,10.823,10.82,10.825,10.83,10.82,6
2023-11-28 20:12:00,200,10.825,10.825,10.825,10.825,10.825,1
2023-11-28 20:13:00,367,10.8249,10.825,10.825,10.825,10.825,3
2023-11-28 20:14:00,3173,10.8241,10.825,10.82,10.825,10.82,5
2023-11-28 20:15:00,200,10.8225,10.82,10.825,10.825,10.82,2
2023-11-28 20:16:00,70466,10.8197,10.82,10.82,10.83,10.81,176
2023-11-28 20:17:00,137,10.825,10.825,10.825,10.825,10.825,2
2023-11-28 20:19:00,1216,10.825,10.825,10.825,10.825,10.825,7
2023-11-28 20:20:00,1910,10.822,10.8214,10.825,10.825,10.8214,2
2023-11-28 20:21:00,6316,10.8293,10.83,10.825,10.83,10.825,21
2023-11-28 20:22:00,344,10.828,10.83,10.825,10.83,10.825,5
2023-11-28 20:23:00,485,10.825,10.825,10.825,10.825,10.825,5
2023-11-28 20:24:00,712,10.8242,10.83,10.8215,10.83,10.8215,3
2023-11-28 20:25:00,100,10.825,10.825,10.825,10.825,10.825,1
2023-11-28 20:26:00,1229,10.825,10.825,10.825,10.825,10.825,6
2023-11-28 20:27:00,900,10.8261,10.83,10.825,10.83,10.825,4
2023-11-28 20:28:00,6616,10.8287,10.825,10.825,10.83,10.825,30
2023-11-28 20:29:00,470,10.825,10.825,10.825,10.825,10.825,4
2023-11-28 20:30:00,3900,10.8295,10.825,10.83,10.83,10.825,8
2023-11-28 20:32:00,11172,10.8296,10.83,10.835,10.835,10.82,35
2023-11-28 20:34:00,2457,10.8393,10.835,10.835,10.84,10.835,17
2023-11-28 20:35:00,1900,10.8397,10.835,10.84,10.84,10.835,8
2023-11-28 20:36:00,900,10.8378,10.84,10.835,10.84,10.835,8
2023-11-28 20:37:00,6630,10.8383,10.835,10.835,10.84,10.835,35
2023-11-28 20:38:00,378,10.835,10.835,10.835,10.835,10.835,5
2023-11-28 20:39:00,300,10.835,10.835,10.835,10.835,10.835,2
2023-11-28 20:40:00,302,10.835,10.835,10.835,10.835,10.835,3
2023-11-28 20:41:00,687,10.8386,10.84,10.84,10.84,10.84,4
2023-11-28 20:42:00,700,10.8376,10.835,10.835,10.84,10.835,8
2023-11-28 20:43:00,400,10.835,10.835,10.835,10.835,10.835,2
2023-11-28 20:44:00,2221,10.8346,10.835,10.835,10.835,10.8315,6
2023-11-28 20:45:00,1333,10.8349,10.835,10.835,10.835,10.835,16
2023-11-28 20:46:00,23411,10.8309,10.8316,10.83,10.835,10.83,25
2023-11-28 20:47:00,400,10.83,10.83,10.83,10.83,10.83,2
2023-11-28 20:48:00,4778,10.8305,10.83,10.83,10.8317,10.83,39
2023-11-28 20:49:00,2525,10.83,10.83,10.83,10.83,10.83,9
2023-11-28 20:50:00,3185,10.8327,10.835,10.835,10.835,10.83,8
2023-11-28 20:51:00,1027,10.8342,10.835,10.83,10.84,10.83,10
2023-11-28 20:52:00,2434,10.8342,10.835,10.835,10.835,10.83,9
2023-11-28 20:53:00,701,10.8323,10.835,10.83,10.835,10.83,4
2023-11-28 20:55:00,1628,10.8359,10.835,10.835,10.84,10.83,18
2023-11-28 20:56:00,963,10.8352,10.835,10.835,10.835,10.835,10
2023-11-28 20:57:00,5481,10.8367,10.835,10.835,10.84,10.835,52
2023-11-28 20:58:00,1888,10.836,10.835,10.835,10.84,10.83,22
2023-11-28 20:59:00,13703,10.8356,10.835,10.835,10.84,10.835,65
2023-11-29 12:48:00,102,10.8698,10.87,10.87,10.87,10.87,2
2023-11-29 14:30:00,37175,10.8611,10.86,10.87,10.87,10.84,23
2023-11-29 14:31:00,3369,10.882,10.87,10.89,10.89,10.87,18
2023-11-29 14:32:00,101,10.8901,10.89,10.89,10.89,10.89,2
2023-11-29 14:33:00,10860,10.9,10.8987,10.9,10.9,10.8987,8
2023-11-29 14:34:00,1451,10.9098,10.91,10.905,10.915,10.905,13
2023-11-29 14:35:00,1200,10.9112,10.915,10.9111,10.915,10.91,4
2023-11-29 14:36:00,400,10.915,10.915,10.915,10.915,10.915,4
2023-11-29 14:37:00,6548,10.9187,10.9154,10.92,10.92,10.915,14
2023-11-29 14:38:00,9700,10.9108,10.915,10.9,10.915,10.9,24
2023-11-29 14:39:00,500,10.91,10.91,10.91,10.91,10.91,5
2023-11-29 14:43:00,2163,10.9001,10.9,10.9,10.9,10.9,8
2023-11-29 14:44:00,7769,10.9005,10.9,10.9,10.905,10.9,35
2023-11-29 14:45:00,26759,10.908,10.905,10.915,10.92,10.9,78
2023-11-29 14:46:00,4496,10.9133,10.9101,10.915,10.915,10.9101,4
2023-11-29 14:47:00,728,10.9164,10.915,10.92,10.92,10.915,6
2023-11-29 14:48:00,786,10.9156,10.915,10.915,10.92,10.915,7
2023-11-29 14:49:00,558,10.915,10.915,10.915,10.915,10.915,3
2023-11-29 14:50:00,1052,10.915,10.915,10.915,10.915,10.915,5
2023-11-29 14:51:00,32997,10.9204,10.915,10.93,10.93,10.915,33
2023-11-29 14:52:00,5045,10.9352,10.939,10.94,10.94,10.93,6
2023-11-29 14:53:00,2299,10.9381,10.94,10.94,10.94,10.935,11
2023-11-29 14:55:00,525,10.95,10.95,10.95,10.95,10.95,5
2023-11-29 14:56:00,1082,10.95,10.95,10.95,10.95,10.95,6
2023-11-29 14:57:00,138,10.9496,10.95,10.95,10.95,10.95,3
2023-11-29 15:00:00,250,10.945,10.945,10.945,10.945,10.945,1
2023-11-29 15:05:00,700,10.9493,10.945,10.95,10.95,10.945,2
2023-11-29 15:06:00,5866,10.949,10.945,10.9497,10.9497,10.945,3
2023-11-29 15:07:00,4200,10.9451,10.945,10.95,10.95,10.945,3
2023-11-29 15:09:00,5832,10.9492,10.9453,10.945,10.9499,10.945,4
2023-11-29 15:10:00,3250,10.9405,10.945,10.94,10.945,10.94,24
2023-11-29 15:11:00,4079,10.9388,10.94,10.935,10.94,10.935,22
2023-11-29 15:12:00,5932,10.9393,10.94,10.933,10.94,10.933,31
2023-11-29 15:13:00,610,10.9343,10.935,10.93,10.94,10.93,5
2023-11-29 15:15:00,700,10.9315,10.9315,10.9315,10.9315,10.9315,1
2023-11-29 15:16:00,100,10.935,10.935,10.935,10.935,10.935,1
2023-11-29 15:17:00,1739,10.9343,10.94,10.94,10.94,10.9301,7
2023-11-29 15:20:00,300,10.9374,10.94,10.9322,10.94,10.9322,3
2023-11-29 15:21:00,500,10.9374,10.935,10.94,10.94,10.935,3
2023-11-29 15:24:00,4167,10.9315,10.93,10.935,10.935,10.93,27
2023-11-29 15:25:00,140,10.935,10.935,10.935,10.935,10.935,1
2023-11-29 15:26:00,205,10.935,10.935,10.935,10.935,10.935,2
2023-11-29 15:28:00,3000,10.94,10.94,10.94,10.94,10.94,3
2023-11-29 15:31:00,1505,10.9367,10.94,10.93,10.94,10.93,5
2023-11-29 15:32:00,200,10.9375,10.94,10.935,10.94,10.935,2
2023-11-29 15:33:00,200,10.94,10.94,10.94,10.94,10.94,2
2023-11-29 15:34:00,700,10.9382,10.94,10.94,10.94,10.935,5
2023-11-29 15:36:00,3600,10.9324,10.935,10.93,10.94,10.93,25
2023-11-29 15:37:00,601,10.935,10.935,10.935,10.935,10.935,4
2023-11-29 15:38:00,2608,10.9303,10.9303,10.9301,10.9303,10.93,4
2023-11-29 15:39:00,8404,10.9264,10.93,10.922,10.93,10.922,24
2023-11-29 15:40:00,3363,10.9253,10.93,10.925,10.93,10.925,19
2023-11-29 15:41:00,500,10.9225,10.925,10.92,10.925,10.92,4
2023-11-29 15:42:00,1000,10.925,10.925,10.925,10.925,10.925,8
2023-11-29 15:43:00,900,10.925,10.925,10.925,10.925,10.925,5
2023-11-29 15:44:00,257,10.925,10.925,10.925,10.925,10.925,4
2023-11-29 15:45:00,1688,10.9246,10.925,10.925,10.9278,10.9201,9
2023-11-29 15:46:00,300,10.925,10.925,10.925,10.925,10.925,2
2023-11-29 15:47:00,500,10.921,10.925,10.92,10.925,10.92,4
2023-11-29 15:48:00,16366,10.9279,10.925,10.925,10.93,10.925,73
2023-11-29 15:49:00,900,10.9278,10.93,10.925,10.93,10.925,5
2023-11-29 15:50:00,300,10.9283,10.925,10.93,10.93,10.925,2
2023-11-29 15:51:00,670,10.925,10.925,10.925,10.925,10.925,4
2023-11-29 15:52:00,4976,10.9314,10.93,10.935,10.94,10.9231,23
2023-11-29 15:57:00,8400,10.935,10.935,10.935,10.935,10.935,2
2023-11-29 15:58:00,249,10.935,10.935,10.935,10.935,10.935,3
2023-11-29 15:59:00,1350,10.9327,10.9339,10.935,10.935,10.93,6
2023-11-29 16:00:00,2800,10.9336,10.93,10.93,10.935,10.93,6
2023-11-29 16:01:00,609,10.93,10.93,10.93,10.93,10.93,4
2023-11-29 16:02:00,1708,10.93,10.93,10.93,10.93,10.93,7
2023-11-29 16:03:00,400,10.9288,10.93,10.93,10.93,10.93,5
2023-11-29 16:04:00,5100,10.9298,10.9299,10.925,10.9299,10.925,2
2023-11-29 16:06:00,3351,10.9279,10.925,10.9214,10.9298,10.9214,3
2023-11-29 16:09:00,2768,10.927,10.92,10.9278,10.9278,10.92,4
2023-11-29 16:10:00,179,10.9278,10.93,10.93,10.93,10.93,2
2023-11-29 16:11:00,100,10.925,10.925,10.925,10.925,10.925,1
2023-11-29 16:12:00,1830,10.925,10.925,10.925,10.925,10.925,2
2023-11-29 16:14:00,14797,10.9208,10.925,10.92,10.925,10.92,41
2023-11-29 16:15:00,1603,10.92,10.92,10.92,10.92,10.92,4
2023-11-29 16:16:00,2707,10.91,10.91,10.91,10.91,10.91,3
2023-11-29 16:17:00,400,10.91,10.91,10.91,10.91,10.91,2
2023-11-29 16:18:00,13300,10.9026,10.9,10.905,10.905,10.9,8
2023-11-29 16:19:00,2200,10.9024,10.9066,10.9,10.9066,10.9,4
2023-11-29 16:20:00,1059,10.9005,10.9,10.905,10.905,10.9,2
2023-11-29 16:21:00,1000,10.9045,10.9,10.905,10.905,10.9,8
2023-11-29 16:22:00,100,10.905,10.905,10.905,10.905,10.905,1
2023-11-29 16:24:00,7575,10.9004,10.905,10.9,10.905,10.9,15
2023-11-29 16:25:00,400,10.905,10.905,10.905,10.905,10.905,1
2023-11-29 16:26:00,15088,10.9091,10.905,10.91,10.91,10.905,46
2023-11-29 16:30:00,100,10.915,10.915,10.915,10.915,10.915,1
2023-11-29 16:31:00,403,10.9114,10.9102,10.915,10.915,10.9102,2
2023-11-29 16:33:00,6307,10.9179,10.915,10.915,10.92,10.915,33
2023-11-29 16:34:00,2110,10.9194,10.915,10.92,10.92,10.915,7
2023-11-29 16:35:00,200,10.92,10.92,10.92,10.92,10.92,2
2023-11-29 16:36:00,761,10.9157,10.92,10.915,10.92,10.915,2
2023-11-29 16:37:00,7884,10.921,10.92,10.93,10.93,10.92,29
2023-11-29 16:38:00,16402,10.9299,10.925,10.93,10.93,10.925,46
2023-11-29 16:39:00,5802,10.9303,10.93,10.935,10.935,10.93,18
2023-11-29 16:40:00,4200,10.9381,10.935,10.9317,10.9397,10.9317,3
2023-11-29 16:41:00,800,10.94,10.94,10.94,10.94,10.94,1
2023-11-29 16:43:00,1038,10.9388,10.9388,10.9388,10.9388,10.9388,1
2023-11-29 16:47:00,200,10.94,10.94,10.94,10.94,10.94,2
2023-11-29 16:50:00,7075,10.9315,10.9314,10.935,10.935,10.9314,3
2023-11-29 16:51:00,201,10.935,10.935,10.935,10.935,10.935,3
2023-11-29 16:53:00,120,10.935,10.935,10.935,10.935,10.935,2
2023-11-29 16:54:00,1039,10.9394,10.9399,10.937,10.9399,10.937,2
2023-11-29 16:59:00,2000,10.94,10.94,10.94,10.94,10.94,1
2023-11-29 17:00:00,4536,10.9397,10.9399,10.935,10.9399,10.935,3
2023-11-29 17:03:00,5400,10.9304,10.93,10.935,10.935,10.93,5
2023-11-29 17:06:00,100,10.94,10.94,10.94,10.94,10.94,1
2023-11-29 17:08:00,600,10.94,10.94,10.94,10.94,10.94,2
2023-11-29 17:11:00,100,10.94,10.94,10.94,10.94,10.94,1
2023-11-29 17:12:00,3510,10.9352,10.935,10.94,10.94,10.935,4
2023-11-29 17:14:00,5101,10.9325,10.935,10.9384,10.9384,10.93,5
2023-11-29 17:15:00,200,10.9301,10.9301,10.9301,10.9301,10.9301,1
2023-11-29 17:16:00,14643,10.937,10.93,10.95,10.95,10.93,26
2023-11-29 17:17:00,2401,10.9499,10.9499,10.95,10.95,10.9499,3
2023-11-29 17:18:00,3556,10.9484,10.9498,10.95,10.95,10.9415,3
2023-11-29 17:19:00,400,10.9475,10.945,10.95,10.95,10.945,4
2023-11-29 17:22:00,100,10.95,10.95,10.95,10.95,10.95,1
2023-11-29 17:23:00,100,10.95,10.95,10.95,10.95,10.95,1
2023-11-29 17:26:00,5500,10.9403,10.94,10.945,10.95,10.94,3
2023-11-29 17:29:00,750,10.9407,10.945,10.9401,10.945,10.9401,3
2023-11-29 17:30:00,1300,10.9409,10.9401,10.95,10.95,10.9401,2
2023-11-29 17:31:00,6290,10.9497,10.95,10.945,10.95,10.945,4
2023-11-29 17:39:00,8725,10.9501,10.95,10.955,10.955,10.95,13
2023-11-29 17:40:00,1716,10.9556,10.96,10.96,10.96,10.955,6
2023-11-29 17:42:00,618,10.96,10.96,10.96,10.96,10.96,2
2023-11-29 17:43:00,1957,10.959,10.9589,10.96,10.96,10.9589,4
2023-11-29 17:44:00,100,10.96,10.96,10.96,10.96,10.96,1
2023-11-29 17:46:00,2246,10.96,10.96,10.96,10.96,10.96,1
2023-11-29 17:48:00,3892,10.9551,10.955,10.96,10.96,10.955,3
2023-11-29 17:50:00,100,10.96,10.96,10.96,10.96,10.96,1
2023-11-29 17:52:00,5500,10.9552,10.96,10.955,10.96,10.955,4
2023-11-29 17:53:00,400,10.9582,10.955,10.959,10.96,10.955,3
2023-11-29 17:54:00,5342,10.9612,10.96,10.97,10.97,10.96,14
2023-11-29 17:56:00,9700,10.9601,10.96,10.965,10.965,10.96,4
2023-11-29 17:57:00,100,10.965,10.965,10.965,10.965,10.965,1
2023-11-29 17:58:00,200,10.965,10.965,10.965,10.965,10.965,2
2023-11-29 17:59:00,2185,10.9698,10.9698,10.9699,10.9699,10.9698,5
2023-11-29 18:00:00,100,10.965,10.965,10.965,10.965,10.965,1
2023-11-29 18:01:00,928,10.9684,10.9682,10.97,10.97,10.9682,2
2023-11-29 18:02:00,100,10.97,10.97,10.97,10.97,10.97,1
2023-11-29 18:04:00,472,10.9661,10.965,10.97,10.97,10.965,5
2023-11-29 18:05:00,4315,10.9716,10.97,10.98,10.98,10.97,17
2023-11-29 18:06:00,200,10.98,10.98,10.98,10.98,10.98,2
2023-11-29 18:08:00,1646,10.9717,10.97,10.975,10.979,10.97,8
2023-11-29 18:10:00,200,10.97,10.97,10.97,10.97,10.97,1
2023-11-29 18:11:00,7584,10.9701,10.9701,10.97,10.9701,10.97,8
2023-11-29 18:16:00,11460,10.97,10.97,10.965,10.97,10.965,31
2023-11-29 18:17:00,8946,10.9616,10.965,10.9615,10.965,10.9615,4
2023-11-29 18:20:00,817,10.965,10.965,10.965,10.965,10.965,5
2023-11-29 18:22:00,500,10.965,10.965,10.965,10.965,10.965,2
2023-11-29 18:23:00,400,10.9699,10.9699,10.9699,10.9699,10.9698,4
2023-11-29 18:27:00,1028,10.97,10.97,10.97,10.97,10.97,1
2023-11-29 18:28:00,5500,10.9654,10.97,10.965,10.97,10.965,15
2023-11-29 18:31:00,547,10.969,10.969,10.969,10.969,10.969,1
2023-11-29 18:33:00,300,10.965,10.965,10.965,10.965,10.965,3
2023-11-29 18:34:00,600,10.965,10.965,10.965,10.965,10.965,6
2023-11-29 18:35:00,100,10.965,10.965,10.965,10.965,10.965,1
2023-11-29 18:36:00,100,10.97,10.97,10.97,10.97,10.97,1
2023-11-29 18:37:00,5420,10.9703,10.9699,10.979,10.979,10.9699,18
2023-11-29 18:38:00,100,10.979,10.979,10.979,10.979,10.979,1
2023-11-29 18:39:00,193,10.975,10.975,10.975,10.975,10.975,1
2023-11-29 18:41:00,2825,10.9743,10.9743,10.9743,10.9743,10.9743,1
2023-11-29 18:43:00,2708,10.9803,10.98,10.988,10.988,10.98,9
2023-11-29 18:46:00,702,10.9899,10.9899,10.9899,10.9899,10.9899,2
2023-11-29 18:47:00,100,10.99,10.99,10.99,10.99,10.99,1
2023-11-29 18:48:00,4000,10.9851,10.99,10.985,10.99,10.985,23
2023-11-29 18:51:00,7600,10.9866,10.9866,10.985,10.9866,10.985,4
2023-11-29 18:52:00,100,10.985,10.985,10.985,10.985,10.985,1
2023-11-29 18:53:00,200,10.985,10.985,10.985,10.985,10.985,2
2023-11-29 18:55:00,5039,10.985,10.985,10.985,10.985,10.985,15
2023-11-29 18:56:00,9861,10.9862,10.985,10.985,10.9899,10.98,32
2023-11-29 18:58:00,7001,10.9806,10.985,10.98,10.985,10.98,6
2023-11-29 19:00:00,203,10.9888,10.9889,10.9889,10.9889,10.9889,4
2023-11-29 19:02:00,1102,10.9891,10.98,10.99,10.99,10.98,4
2023-11-29 19:03:00,17858,10.9794,10.98,10.975,10.98,10.97,51
2023-11-29 19:04:00,3455,10.97,10.97,10.97,10.97,10.97,1
2023-11-29 19:05:00,14643,10.9799,10.98,10.982,10.982,10.975,63
2023-11-29 19:06:00,8528,10.9798,10.975,10.981,10.985,10.975,33
2023-11-29 19:07:00,1500,10.985,10.985,10.985,10.985,10.985,1
2023-11-29 19:08:00,4018,10.9855,10.98,10.99,10.99,10.98,15
2023-11-29 19:09:00,4595,10.99,10.99,10.99,10.99,10.99,25
2023-11-29 19:10:00,8149,10.9968,10.99,11.0,11.0,10.99,27
2023-11-29 19:11:00,287,10.9985,11.0,11.0,11.0,11.0,3
2023-11-29 19:12:00,2459,10.9991,10.995,10.995,11.0,10.995,11
2023-11-29 19:13:00,11350,10.9999,11.0,10.996,11.0,10.996,21
2023-11-29 19:14:00,9717,11.0,11.0,11.0,11.0,11.0,27
2023-11-29 19:15:00,6955,11.0045,11.0,11.01,11.01,11.0,28
2023-11-29 19:17:00,133,11.0062,11.005,11.005,11.005,11.005,2
2023-11-29 19:18:00,4135,11.0056,11.0033,11.0088,11.0088,11.0033,2
2023-11-29 19:20:00,939,11.005,11.005,11.005,11.005,11.005,6
2023-11-29 19:26:00,3405,11.0099,11.0099,11.0099,11.0099,11.0099,1
2023-11-29 19:27:00,1561,11.01,11.01,11.01,11.01,11.01,6
2023-11-29 19:29:00,2811,11.0016,11.005,11.001,11.005,11.001,4
2023-11-29 19:30:00,13223,11.0082,11.009,11.005,11.01,11.0,12
2023-11-29 19:31:00,100,11.005,11.005,11.005,11.005,11.005,1
2023-11-29 19:32:00,10257,11.0013,11.0011,11.005,11.005,11.0011,5
2023-11-29 19:33:00,14600,11.0009,11.005,10.995,11.005,10.995,46
2023-11-29 19:35:00,100,10.995,10.995,10.995,10.995,10.995,1
2023-11-29 19:36:00,8159,10.9909,10.9909,10.9909,10.9909,10.9909,1
2023-11-29 19:39:00,4700,10.9937,10.9943,10.9903,10.9943,10.9903,2
2023-11-29 19:40:00,200,10.995,10.995,10.995,10.995,10.995,1
2023-11-29 19:44:00,2583,10.9928,10.9925,11.0,11.0,10.9925,2
2023-11-29 19:45:00,114,10.995,10.995,10.995,10.995,10.995,2
2023-11-29 19:46:00,201,10.995,10.995,10.995,10.995,10.995,3
2023-11-29 19:47:00,7650,10.9925,10.9901,10.995,11.0,10.9901,5
2023-11-29 19:48:00,2846,10.9951,10.995,10.995,10.995,10.995,24
2023-11-29 19:49:00,200,10.995,10.995,10.995,10.995,10.995,2
2023-11-29 19:50:00,1320,10.995,10.995,10.995,10.995,10.995,9
2023-11-29 19:54:00,100,10.995,10.995,10.995,10.995,10.995,1
2023-11-29 19:56:00,293,10.9934,10.995,10.995,10.995,10.995,2
2023-11-29 19:57:00,351,11.0,11.0,11.0,11.0,11.0,1
2023-11-29 19:58:00,15848,10.9989,10.995,10.995,11.0,10.995,62
2023-11-29 19:59:00,2142,11.0024,11.0,11.01,11.01,11.0,16
2023-11-29 20:01:00,6821,11.0002,11.0,11.005,11.005,11.0,5
2023-11-29 20:03:00,200,11.005,11.005,11.005,11.005,11.005,1
2023-11-29 20:04:00,2090,11.0089,11.005,11.005,11.01,11.005,6
2023-11-29 20:05:00,3255,11.0006,11.005,11.0002,11.005,11.0002,3
2023-11-29 20:06:00,516,11.0057,11.005,11.005,11.005,11.005,7
2023-11-29 20:07:00,1200,11.005,11.005,11.005,11.005,11.005,3
2023-11-29 20:08:00,200,11.005,11.005,11.005,11.005,11.005,1
2023-11-29 20:09:00,5451,11.0068,11.005,11.0099,11.0099,11.005,2
2023-11-29 20:10:00,220,11.005,11.005,11.005,11.005,11.005,2
2023-11-29 20:11:00,100,11.005,11.005,11.005,11.005,11.005,1
2023-11-29 20:12:00,2329,11.0082,11.005,11.0,11.01,11.0,8
2023-11-29 20:13:00,12738,10.9987,11.0001,10.99,11.0001,10.99,38
2023-11-29 20:15:00,2419,10.9893,10.99,10.985,10.99,10.985,9
2023-11-29 20:16:00,467,10.9852,10.985,10.985,10.985,10.985,4
2023-11-29 20:17:00,800,10.985,10.985,10.985,10.985,10.985,7
2023-11-29 20:18:00,779,10.9835,10.985,10.985,10.985,10.9825,4
2023-11-29 20:19:00,100,10.985,10.985,10.985,10.985,10.985,1
2023-11-29 20:24:00,100,10.985,10.985,10.985,10.985,10.985,1
2023-11-29 20:25:00,7777,10.9892,10.9862,10.99,10.99,10.985,31
2023-11-29 20:26:00,9086,10.9952,10.995,10.995,10.9992,10.99,7
2023-11-29 20:27:00,200,10.995,10.995,10.995,10.995,10.995,2
2023-11-29 20:28:00,3500,10.9998,10.9998,10.9998,10.9998,10.9998,1
2023-11-29 20:29:00,100,10.995,10.995,10.995,10.995,10.995,1
2023-11-29 20:30:00,828,10.9972,10.9975,10.995,10.9975,10.995,2
2023-11-29 20:32:00,100,10.995,10.995,10.995,10.995,10.995,1
2023-11-29 20:33:00,967,10.99,10.99,10.99,10.99,10.99,1
2023-11-29 20:35:00,4266,10.9984,10.995,10.9999,11.0,10.995,31
2023-11-29 20:37:00,1397,10.9987,10.998,11.0,11.0,10.995,5
2023-11-29 20:38:00,301,10.995,10.995,10.995,10.995,10.995,4
2023-11-29 20:39:00,100,10.995,10.995,10.995,10.995,10.995,1
2023-11-29 20:40:00,500,10.995,10.995,10.995,10.995,10.995,5
2023-11-29 20:42:00,420,10.995,10.995,10.995,10.995,10.995,5
2023-11-29 20:43:00,300,10.995,10.995,10.995,10.995,10.995,3
2023-11-29 20:44:00,3453,10.9916,10.9915,10.995,10.995,10.9915,2
2023-11-29 20:45:00,2783,10.9937,10.9918,10.995,10.995,10.9918,8
2023-11-29 20:46:00,8299,10.999,10.9999,10.995,10.9999,10.995,18
2023-11-29 20:47:00,656,10.9951,10.995,10.9949,10.995,10.9949,9
2023-11-29 20:49:00,600,10.9931,10.995,10.99,10.995,10.99,6
2023-11-29 20:50:00,8654,10.9883,10.99,10.985,10.99,10.98,37
2023-11-29 20:51:00,900,10.985,10.985,10.985,10.985,10.985,5
2023-11-29 20:52:00,1482,10.9827,10.9815,10.985,10.985,10.9815,4
2023-11-29 20:54:00,11900,10.9808,10.985,10.9801,10.985,10.9801,18
2023-11-29 20:55:00,1102,10.9841,10.985,10.985,10.985,10.98,13
2023-11-29 20:56:00,4339,10.9855,10.985,10.9859,10.99,10.985,17
2023-11-29 20:58:00,500,10.985,10.985,10.985,10.985,10.985,5
2023-11-29 20:59:00,29548,10.9827,10.9828,10.98,10.99,10.975,127
2023-11-30 14:00:00,20453,10.9503,10.95,10.96,10.96,10.95,12
2023-11-30 14:01:00,100,10.96,10.96,10.96,10.96,10.96,1
2023-11-30 14:02:00,882,10.9521,10.96,10.95,10.96,10.95,2
2023-11-30 14:07:00,100,10.95,10.95,10.95,10.95,10.95,1
2023-11-30 14:15:00,100,10.94,10.94,10.94,10.94,10.94,1
2023-11-30 14:16:00,612,10.9452,10.94,10.95,10.95,10.94,4
2023-11-30 14:30:00,18235,10.95,10.95,10.95,10.95,10.95,3
2023-11-30 14:31:00,2010,10.9497,10.955,10.94,10.955,10.94,20
2023-11-30 14:32:00,9186,10.9357,10.94,10.92,10.95,10.92,45
2023-11-30 14:33:00,101,10.93,10.93,10.93,10.93,10.93,2
2023-11-30 14:34:00,1905,10.9394,10.9383,10.945,10.945,10.93,15
2023-11-30 14:36:00,123,10.9459,10.945,10.945,10.945,10.945,3
2023-11-30 14:37:00,4433,10.9317,10.94,10.93,10.94,10.93,12
2023-11-30 14:38:00,25668,10.927,10.9301,10.92,10.9301,10.915,71
2023-11-30 14:39:00,3412,10.92,10.92,10.9187,10.925,10.91,17
2023-11-30 14:40:00,1223,10.9138,10.91,10.91,10.915,10.91,6
2023-11-30 14:41:00,16087,10.9283,10.91,10.94,10.94,10.91,50
2023-11-30 14:42:00,10783,10.9178,10.93,10.915,10.93,10.91,43
2023-11-30 14:43:00,8175,10.9109,10.9137,10.91,10.92,10.91,15
2023-11-30 14:44:00,1514,10.9107,10.91,10.92,10.92,10.91,12
2023-11-30 14:45:00,1399,10.9209,10.915,10.925,10.93,10.915,13
2023-11-30 14:46:00,689,10.9259,10.925,10.925,10.93,10.925,11
2023-11-30 14:47:00,586,10.9261,10.925,10.93,10.93,10.925,4
2023-11-30 14:48:00,4737,10.9394,10.93,10.94,10.94,10.93,32
2023-11-30 14:49:00,718,10.9257,10.925,10.9288,10.9288,10.925,4
2023-11-30 14:51:00,464,10.9289,10.93,10.93,10.93,10.93,5
2023-11-30 14:52:00,4629,10.9355,10.93,10.94,10.94,10.93,10
2023-11-30 14:53:00,7557,10.9399,10.94,10.938,10.945,10.938,24
2023-11-30 14:54:00,210,10.9426,10.94,10.945,10.945,10.94,3
2023-11-30 14:57:00,4045,10.9482,10.95,10.9401,10.95,10.9401,21
2023-11-30 14:58:00,1283,10.9521,10.95,10.9532,10.9532,10.95,6
2023-11-30 14:59:00,2092,10.9536,10.9579,10.95,10.9579,10.95,8
2023-11-30 15:00:00,3093,10.94,10.94,10.94,10.94,10.94,9
2023-11-30 15:01:00,6690,10.9504,10.945,10.95,10.955,10.945,37
2023-11-30 15:03:00,1400,10.94,10.94,10.94,10.94,10.94,6
2023-11-30 15:04:00,8974,10.9408,10.94,10.95,10.95,10.94,38
2023-11-30 15:05:00,13601,10.941,10.94,10.945,10.945,10.94,48
2023-11-30 15:06:00,200,10.94,10.94,10.94,10.94,10.94,2
2023-11-30 15:07:00,300,10.94,10.94,10.94,10.94,10.94,4
2023-11-30 15:08:00,437,10.9427,10.94,10.945,10.945,10.94,4
2023-11-30 15:12:00,1100,10.9459,10.945,10.945,10.95,10.94,10
2023-11-30 15:15:00,400,10.9445,10.9443,10.945,10.945,10.9443,2
2023-11-30 15:19:00,607,10.9415,10.9415,10.9415,10.9415,10.9415,1
2023-11-30 15:20:00,40998,10.9498,10.945,10.95,10.955,10.945,179
2023-11-30 15:21:00,27875,10.95,10.95,10.94,10.955,10.94,102
2023-11-30 15:22:00,39774,10.9498,10.94,10.945,10.955,10.94,116
2023-11-30 15:23:00,19092,10.9499,10.945,10.945,10.955,10.945,84
2023-11-30 15:29:00,12265,10.9481,10.945,10.95,10.95,10.94,57
2023-11-30 15:30:00,28405,10.9501,10.95,10.95,10.955,10.945,116
2023-11-30 15:32:00,1445,10.95,10.95,10.95,10.95,10.95,8
2023-11-30 15:33:00,1100,10.95,10.95,10.95,10.95,10.95,6
2023-11-30 15:34:00,1500,10.95,10.95,10.95,10.95,10.95,11
2023-11-30 15:35:00,500,10.95,10.95,10.95,10.95,10.95,1
2023-11-30 15:37:00,12362,10.9467,10.95,10.95,10.95,10.945,35
2023-11-30 15:38:00,11308,10.9455,10.95,10.945,10.95,10.94,59
2023-11-30 15:39:00,19986,10.9371,10.94,10.925,10.945,10.925,81
2023-11-30 15:40:00,253,10.9202,10.9202,10.9202,10.9202,10.9202,1
2023-11-30 15:41:00,12969,10.9244,10.93,10.93,10.93,10.92,39
2023-11-30 15:42:00,20086,10.9308,10.93,10.935,10.94,10.93,70
2023-11-30 15:43:00,26739,10.9399,10.935,10.945,10.945,10.935,82
2023-11-30 15:44:00,500,10.945,10.945,10.945,10.945,10.945,5
2023-11-30 15:47:00,193,10.94,10.94,10.94,10.94,10.94,2
2023-11-30 15:48:00,707,10.94,10.94,10.94,10.94,10.94,9
2023-11-30 15:49:00,640,10.945,10.945,10.945,10.945,10.945,4
2023-11-30 15:50:00,11974,10.9431,10.9421,10.945,10.9485,10.94,8
2023-11-30 15:51:00,304,10.9434,10.94,10.945,10.945,10.94,3
2023-11-30 15:52:00,3789,10.9438,10.945,10.945,10.945,10.94,9
2023-11-30 15:56:00,1000,10.9495,10.95,10.945,10.95,10.945,2
2023-11-30 15:57:00,673,10.9459,10.9465,10.945,10.9465,10.945,4
2023-11-30 15:59:00,600,10.9491,10.95,10.9489,10.95,10.9489,3
2023-11-30 16:00:00,44967,10.9502,10.95,10.95,10.955,10.945,172
2023-11-30 16:01:00,1100,10.9591,10.96,10.96,10.96,10.955,8
2023-11-30 16:02:00,2600,10.9562,10.96,10.955,10.96,10.955,4
2023-11-30 16:04:00,630,10.955,10.955,10.955,10.955,10.955,5
2023-11-30 16:05:00,448,10.953,10.953,10.953,10.953,10.953,1
2023-11-30 16:06:00,528,10.9556,10.9574,10.955,10.9574,10.955,5
2023-11-30 16:09:00,1678,10.955,10.955,10.955,10.955,10.955,7
2023-11-30 16:11:00,942,10.955,10.955,10.955,10.955,10.955,2
2023-11-30 16:13:00,3500,10.9505,10.9505,10.9505,10.9505,10.9505,1
2023-11-30 16:14:00,4650,10.9589,10.959,10.955,10.959,10.955,2
2023-11-30 16:17:00,5400,10.95,10.95,10.95,10.95,10.95,5
2023-11-30 16:19:00,300,10.95,10.95,10.95,10.95,10.95,3
2023-11-30 16:20:00,12595,10.9501,10.95,10.9526,10.9526,10.95,63
2023-11-30 16:21:00,200,10.95,10.95,10.95,10.95,10.95,2
2023-11-30 16:25:00,900,10.9562,10.955,10.955,10.9571,10.955,4
2023-11-30 16:26:00,750,10.9501,10.9501,10.9501,10.9501,10.9501,1
2023-11-30 16:29:00,200,10.955,10.955,10.955,10.955,10.955,2
2023-11-30 16:30:00,845,10.9546,10.955,10.955,10.955,10.955,2
2023-11-30 16:31:00,1708,10.955,10.955,10.955,10.955,10.955,3
2023-11-30 16:33:00,1396,10.9531,10.9533,10.95,10.9533,10.95,2
2023-11-30 16:34:00,100,10.9579,10.9579,10.9579,10.9579,10.9579,1
2023-11-30 16:36:00,3712,10.95,10.95,10.95,10.95,10.95,41
2023-11-30 16:38:00,1000,10.9599,10.9599,10.9599,10.9599,10.9599,1
2023-11-30 16:39:00,708,10.95,10.95,10.95,10.95,10.95,6
2023-11-30 16:42:00,1200,10.95,10.95,10.95,10.95,10.95,8
2023-11-30 16:43:00,100,10.95,10.95,10.95,10.95,10.95,1
2023-11-30 16:45:00,207,10.9528,10.955,10.95,10.955,10.95,3
2023-11-30 16:46:00,13357,10.9499,10.955,10.945,10.955,10.945,31
2023-11-30 16:47:00,150,10.945,10.945,10.945,10.945,10.945,1
2023-11-30 16:49:00,2500,10.9401,10.9401,10.9401,10.9401,10.9401,1
2023-11-30 16:51:00,559,10.9409,10.94,10.945,10.945,10.94,4
2023-11-30 16:52:00,3651,10.9478,10.945,10.95,10.95,10.945,24
2023-11-30 16:58:00,7333,10.9432,10.94,10.9464,10.9464,10.94,26
2023-11-30 16:59:00,1742,10.9401,10.9401,10.9401,10.9401,10.9401,1
2023-11-30 17:00:00,4038,10.94,10.94,10.94,10.9402,10.94,16
2023-11-30 17:01:00,6360,10.9398,10.94,10.94,10.94,10.935,14
2023-11-30 17:02:00,603,10.94,10.94,10.94,10.94,10.94,7
2023-11-30 17:03:00,4500,10.9403,10.94,10.945,10.945,10.94,19
2023-11-30 17:04:00,6671,10.9496,10.94,10.94,10.95,10.94,4
2023-11-30 17:05:00,4440,10.9474,10.945,10.945,10.95,10.94,6
2023-11-30 17:06:00,2028,10.9417,10.943,10.94,10.943,10.94,6
2023-11-30 17:07:00,300,10.94,10.94,10.94,10.94,10.94,3
2023-11-30 17:08:00,300,10.94,10.94,10.94,10.94,10.94,3
2023-11-30 17:09:00,3787,10.9377,10.94,10.935,10.94,10.93,11
2023-11-30 17:10:00,300,10.93,10.93,10.93,10.93,10.93,3
2023-11-30 17:11:00,200,10.93,10.93,10.93,10.93,10.93,2
2023-11-30 17:12:00,3400,10.9295,10.93,10.925,10.93,10.92,9
2023-11-30 17:13:00,800,10.925,10.925,10.925,10.925,10.925,6
2023-11-30 17:14:00,400,10.9238,10.925,10.925,10.925,10.92,4
2023-11-30 17:15:00,200,10.925,10.925,10.925,10.925,10.925,2
2023-11-30 17:16:00,450,10.9209,10.92,10.92,10.92,10.92,5
2023-11-30 17:17:00,400,10.92,10.92,10.92,10.92,10.92,4
2023-11-30 17:18:00,900,10.92,10.92,10.92,10.92,10.92,6
2023-11-30 17:19:00,11937,10.9198,10.92,10.92,10.9201,10.915,35
2023-11-30 17:20:00,1700,10.9159,10.9191,10.915,10.9191,10.91,7
2023-11-30 17:21:00,200,10.92,10.92,10.92,10.92,10.92,2
2023-11-30 17:22:00,5400,10.917,10.915,10.915,10.92,10.915,6
2023-11-30 17:23:00,1300,10.9162,10.915,10.9166,10.9166,10.915,3
2023-11-30 17:24:00,13525,10.9179,10.92,10.9198,10.92,10.91,17
2023-11-30 17:25:00,3400,10.9171,10.915,10.92,10.92,10.915,6
2023-11-30 17:26:00,1200,10.9195,10.92,10.92,10.92,10.9193,4
2023-11-30 17:27:00,200,10.92,10.92,10.92,10.92,10.92,2
2023-11-30 17:28:00,6006,10.919,10.915,10.9199,10.92,10.915,4
2023-11-30 17:29:00,300,10.915,10.915,10.915,10.915,10.915,3
2023-11-30 17:30:00,500,10.919,10.915,10.92,10.92,10.915,5
2023-11-30 17:31:00,7700,10.92,10.92,10.92,10.92,10.92,7
2023-11-30 17:32:00,300,10.92,10.92,10.92,10.92,10.92,3
2023-11-30 17:33:00,10637,10.9198,10.915,10.92,10.92,10.915,8
2023-11-30 17:34:00,400,10.9163,10.915,10.915,10.92,10.915,4
2023-11-30 17:35:00,400,10.9188,10.915,10.92,10.92,10.915,4
2023-11-30 17:36:00,200,10.9175,10.915,10.92,10.92,10.915,2
2023-11-30 17:37:00,408,10.9181,10.915,10.92,10.92,10.915,4
2023-11-30 17:38:00,52163,10.9059,10.92,10.9,10.92,10.895,177
2023-11-30 17:39:00,1700,10.8983,10.8964,10.9,10.9,10.8964,3
2023-11-30 17:40:00,1500,10.8979,10.8954,10.9,10.9,10.8954,3
2023-11-30 17:41:00,19359,10.9003,10.8948,10.9,10.905,10.8948,50
2023-11-30 17:42:00,5478,10.9084,10.91,10.9,10.91,10.9,2
2023-11-30 17:43:00,3580,10.9074,10.9,10.91,10.91,10.9,28
2023-11-30 17:44:00,3000,10.91,10.91,10.91,10.91,10.91,1
2023-11-30 17:45:00,200,10.9,10.9,10.9,10.9,10.9,2
2023-11-30 17:46:00,600,10.9025,10.905,10.9,10.905,10.9,4
2023-11-30 17:47:00,4200,10.9076,10.9,10.908,10.908,10.9,3
2023-11-30 17:48:00,3550,10.9016,10.9,10.9,10.9032,10.9,17
2023-11-30 17:49:00,1487,10.9004,10.9,10.9,10.9011,10.9,9
2023-11-30 17:50:00,23592,10.9128,10.9,10.9103,10.92,10.9,61
2023-11-30 17:51:00,1288,10.9111,10.912,10.915,10.915,10.91,7
2023-11-30 17:52:00,900,10.9103,10.91,10.91,10.911,10.91,5
2023-11-30 17:53:00,200,10.91,10.91,10.91,10.91,10.91,2
2023-11-30 17:54:00,300,10.91,10.91,10.91,10.91,10.91,3
2023-11-30 17:55:00,300,10.91,10.91,10.91,10.91,10.91,3
2023-11-30 17:56:00,1276,10.91,10.91,10.91,10.9101,10.91,9
2023-11-30 17:57:00,200,10.91,10.91,10.91,10.91,10.91,2
2023-11-30 17:58:00,900,10.91,10.91,10.91,10.91,10.91,5
2023-11-30 17:59:00,800,10.91,10.91,10.91,10.9101,10.91,5
2023-11-30 18:00:00,200,10.91,10.91,10.91,10.91,10.91,2
2023-11-30 18:01:00,300,10.91,10.91,10.91,10.91,10.91,3
2023-11-30 18:02:00,950,10.9116,10.91,10.91,10.912,10.91,3
2023-11-30 18:03:00,400,10.91,10.91,10.91,10.91,10.91,4
2023-11-30 18:04:00,300,10.91,10.91,10.91,10.91,10.91,3
2023-11-30 18:05:00,200,10.91,10.91,10.91,10.91,10.91,2
2023-11-30 18:06:00,1666,10.9125,10.91,10.91,10.9128,10.91,3
2023-11-30 18:07:00,400,10.91,10.91,10.91,10.91,10.91,4
2023-11-30 18:08:00,13135,10.9026,10.91,10.905,10.91,10.9,23
2023-11-30 18:09:00,500,10.901,10.905,10.9,10.905,10.9,5
2023-11-30 18:10:00,300,10.908,10.908,10.908,10.908,10.908,1
2023-11-30 18:11:00,100,10.9,10.9,10.9,10.9,10.9,1
2023-11-30 18:12:00,400,10.905,10.905,10.905,10.905,10.905,4
2023-11-30 18:13:00,1108,10.905,10.905,10.9,10.91,10.9,12
2023-11-30 18:15:00,418,10.905,10.905,10.9,10.91,10.9,5
2023-11-30 18:16:00,200,10.9025,10.9,10.905,10.905,10.9,2
2023-11-30 18:17:00,300,10.9033,10.905,10.9,10.905,10.9,3
2023-11-30 18:18:00,4500,10.9086,10.905,10.91,10.91,10.905,22
2023-11-30 18:20:00,300,10.9033,10.905,10.905,10.905,10.9,3
2023-11-30 18:21:00,200,10.905,10.905,10.905,10.905,10.905,2
2023-11-30 18:22:00,200,10.9025,10.9,10.905,10.905,10.9,2
2023-11-30 18:23:00,200,10.905,10.905,10.905,10.905,10.905,2
2023-11-30 18:24:00,3465,10.9046,10.9,10.9,10.905,10.9,4
2023-11-30 18:25:00,300,10.9,10.9,10.9,10.9,10.9,3
2023-11-30 18:26:00,100,10.9,10.9,10.9,10.9,10.9,1
2023-11-30 18:27:00,300,10.9,10.9,10.9,10.9,10.9,3
2023-11-30 18:28:00,4200,10.9,10.9,10.9001,10.9001,10.9,15
2023-11-30 18:29:00,2000,10.9,10.9,10.9,10.9,10.9,13
2023-11-30 18:30:00,300,10.9,10.9,10.9,10.9,10.9,3
2023-11-30 18:31:00,310,10.9,10.9,10.9,10.9,10.9,4
2023-11-30 18:32:00,5227,10.896,10.9,10.895,10.9,10.895,10
2023-11-30 18:36:00,100,10.895,10.895,10.895,10.895,10.895,1
2023-11-30 18:37:00,300,10.895,10.895,10.895,10.895,10.895,3
2023-11-30 18:38:00,3931,10.8998,10.895,10.9,10.9,10.895,45
2023-11-30 18:39:00,800,10.9,10.9,10.9,10.9,10.9,8
2023-11-30 18:40:00,7644,10.8925,10.8979,10.9,10.9,10.8915,7
2023-11-30 18:41:00,800,10.8945,10.8944,10.895,10.895,10.8944,4
2023-11-30 18:43:00,1957,10.8966,10.895,10.8967,10.8967,10.895,2
2023-11-30 18:44:00,206,10.895,10.895,10.895,10.895,10.895,2
2023-11-30 18:50:00,938,10.8905,10.89,10.89,10.89,10.89,4
2023-11-30 18:52:00,717,10.8922,10.89,10.89,10.895,10.89,6
2023-11-30 18:53:00,400,10.8925,10.895,10.89,10.895,10.89,4
2023-11-30 18:54:00,977,10.8944,10.89,10.89,10.895,10.89,10
2023-11-30 18:55:00,200,10.895,10.895,10.895,10.895,10.895,2
2023-11-30 18:56:00,500,10.894,10.895,10.895,10.895,10.89,5
2023-11-30 18:57:00,348,10.8936,10.89,10.895,10.895,10.89,3
2023-11-30 18:58:00,813,10.895,10.895,10.895,10.895,10.895,8
2023-11-30 18:59:00,2400,10.8991,10.895,10.895,10.8999,10.895,5
2023-11-30 19:00:00,300,10.8933,10.895,10.89,10.895,10.89,3
2023-11-30 19:01:00,300,10.895,10.895,10.895,10.895,10.895,3
2023-11-30 19:02:00,300,10.895,10.895,10.895,10.895,10.895,3
2023-11-30 19:03:00,300,10.8933,10.895,10.89,10.895,10.89,3
2023-11-30 19:04:00,300,10.8933,10.895,10.89,10.895,10.89,3
2023-11-30 19:05:00,300,10.89,10.89,10.89,10.89,10.89,3
2023-11-30 19:06:00,6794,10.897,10.89,10.9,10.9,10.89,40
2023-11-30 19:07:00,3500,10.9004,10.9,10.905,10.91,10.9,13
2023-11-30 19:08:00,100,10.9,10.9,10.9,10.9,10.9,1
2023-11-30 19:09:00,200,10.9,10.9,10.9,10.9,10.9,2
2023-11-30 19:10:00,305,10.9,10.9,10.9,10.9,10.9,4
2023-11-30 19:11:00,400,10.9012,10.9,10.9,10.905,10.9,4
2023-11-30 19:12:00,300,10.9017,10.9,10.9,10.905,10.9,3
2023-11-30 19:13:00,201,10.9025,10.905,10.9,10.905,10.9,3
2023-11-30 19:14:00,500,10.9034,10.9061,10.9,10.9061,10.9,4
2023-11-30 19:15:00,303,10.9001,10.9,10.9,10.9,10.9,4
2023-11-30 19:16:00,400,10.9001,10.9001,10.9,10.9001,10.9,3
2023-11-30 19:17:00,300,10.9,10.9,10.9,10.9,10.9,3
2023-11-30 19:18:00,200,10.9,10.9,10.9,10.9,10.9,2
2023-11-30 19:19:00,1091,10.9064,10.9,10.905,10.9087,10.9,5
2023-11-30 19:20:00,300,10.9033,10.905,10.9,10.905,10.9,3
2023-11-30 19:21:00,100,10.9,10.9,10.9,10.9,10.9,1
2023-11-30 19:22:00,6900,10.9085,10.9,10.905,10.91,10.9,7
2023-11-30 19:23:00,300,10.9017,10.9,10.9,10.905,10.9,3
2023-11-30 19:24:00,200,10.9,10.9,10.9,10.9,10.9,2
2023-11-30 19:25:00,300,10.9,10.9,10.9,10.9,10.9,3
2023-11-30 19:26:00,200,10.9,10.9,10.9,10.9,10.9,2
2023-11-30 19:27:00,500,10.9,10.9,10.9,10.9,10.9,5
2023-11-30 19:28:00,7691,10.9071,10.905,10.91,10.91,10.905,35
2023-11-30 19:29:00,4171,10.9096,10.905,10.91,10.91,10.905,16
2023-11-30 19:30:00,400,10.915,10.915,10.915,10.915,10.915,1
2023-11-30 19:31:00,5353,10.9101,10.9114,10.9101,10.9114,10.91,5
2023-11-30 19:32:00,200,10.915,10.915,10.915,10.915,10.915,2
2023-11-30 19:33:00,448,10.9117,10.91,10.91,10.915,10.91,4
2023-11-30 19:34:00,300,10.9117,10.915,10.91,10.915,10.91,3
2023-11-30 19:35:00,200,10.9125,10.915,10.91,10.915,10.91,2
2023-11-30 19:36:00,1994,10.9143,10.91,10.915,10.9171,10.91,10
2023-11-30 19:37:00,10200,10.9198,10.91,10.92,10.92,10.91,3
2023-11-30 19:38:00,1037,10.9127,10.91,10.9119,10.915,10.91,5
2023-11-30 19:39:00,200,10.9125,10.91,10.915,10.915,10.91,2
2023-11-30 19:40:00,300,10.9117,10.91,10.915,10.915,10.91,3
2023-11-30 19:41:00,200,10.915,10.915,10.915,10.915,10.915,2
2023-11-30 19:42:00,12050,10.9149,10.91,10.91,10.915,10.91,8
2023-11-30 19:43:00,340,10.915,10.915,10.915,10.915,10.915,6
2023-11-30 19:44:00,300,10.91,10.91,10.91,10.91,10.91,3
2023-11-30 19:45:00,395,10.9125,10.91,10.91,10.915,10.91,3
2023-11-30 19:46:00,300,10.91,10.91,10.91,10.91,10.91,3
2023-11-30 19:47:00,1875,10.9194,10.92,10.915,10.92,10.915,12
2023-11-30 19:48:00,100,10.915,10.915,10.915,10.915,10.915,1
2023-11-30 19:49:00,200,10.91,10.91,10.91,10.91,10.91,2
2023-11-30 19:50:00,588,10.9122,10.9148,10.91,10.9148,10.91,5
2023-11-30 19:51:00,356,10.9122,10.915,10.91,10.915,10.91,3
2023-11-30 19:52:00,200,10.91,10.91,10.91,10.91,10.91,2
2023-11-30 19:53:00,444,10.9132,10.91,10.91,10.9199,10.91,4
2023-11-30 19:54:00,632,10.911,10.91,10.91,10.915,10.91,6
2023-11-30 19:55:00,554,10.91,10.91,10.91,10.91,10.91,6
2023-11-30 19:56:00,434,10.9107,10.91,10.91,10.91,10.91,5
2023-11-30 19:57:00,576,10.9125,10.9199,10.91,10.9199,10.91,6
2023-11-30 19:58:00,200,10.91,10.91,10.91,10.91,10.91,3
2023-11-30 19:59:00,1945,10.9109,10.91,10.915,10.915,10.91,13
2023-11-30 20:00:00,676,10.9142,10.915,10.91,10.9199,10.91,7
2023-11-30 20:01:00,673,10.9149,10.91,10.91,10.92,10.91,7
2023-11-30 20:02:00,6066,10.9086,10.91,10.9,10.91,10.9,26
2023-11-30 20:03:00,1876,10.9085,10.905,10.91,10.91,10.905,13
2023-11-30 20:04:00,1129,10.9068,10.9,10.905,10.91,10.9,9
2023-11-30 20:05:00,5550,10.9098,10.905,10.91,10.91,10.905,21
2023-11-30 20:06:00,1011,10.908,10.905,10.905,10.91,10.905,17
2023-11-30 20:07:00,3023,10.9095,10.91,10.9077,10.91,10.9057,35
2023-11-30 20:08:00,383,10.9061,10.9077,10.905,10.9077,10.905,4
2023-11-30 20:09:00,200,10.905,10.905,10.905,10.905,10.905,2
2023-11-30 20:10:00,653,10.9071,10.908,10.905,10.908,10.905,3
2023-11-30 20:11:00,3547,10.9065,10.905,10.908,10.908,10.9011,5
2023-11-30 20:12:00,3553,10.9031,10.905,10.9001,10.905,10.9001,19
2023-11-30 20:13:00,9748,10.9088,10.905,10.91,10.91,10.9011,38
2023-11-30 20:14:00,500,10.9121,10.9114,10.915,10.915,10.9114,2
2023-11-30 20:15:00,953,10.9107,10.9102,10.91,10.915,10.91,3
2023-11-30 20:16:00,200,10.915,10.915,10.915,10.915,10.915,1
2023-11-30 20:17:00,250,10.915,10.915,10.915,10.915,10.915,3
2023-11-30 20:18:00,300,10.9117,10.91,10.915,10.915,10.91,3
2023-11-30 20:19:00,300,10.91,10.91,10.91,10.91,10.91,3
2023-11-30 20:20:00,300,10.91,10.91,10.91,10.91,10.91,3
2023-11-30 20:21:00,2200,10.91,10.91,10.91,10.91,10.91,9
2023-11-30 20:22:00,3796,10.9145,10.91,10.91,10.92,10.91,8
2023-11-30 20:23:00,367,10.9101,10.91,10.91,10.91,10.91,5
2023-11-30 20:24:00,2400,10.91,10.91,10.91,10.91,10.91,8
2023-11-30 20:25:00,500,10.9,10.9,10.9,10.9,10.9,3
2023-11-30 20:26:00,400,10.9025,10.9,10.905,10.905,10.9,4
2023-11-30 20:27:00,200,10.9025,10.905,10.9,10.905,10.9,2
2023-11-30 20:28:00,400,10.9025,10.905,10.9,10.905,10.9,4
2023-11-30 20:29:00,7733,10.9001,10.905,10.9,10.905,10.9,23
2023-11-30 20:30:00,419,10.9024,10.905,10.9,10.905,10.9,5
2023-11-30 20:31:00,3800,10.9046,10.905,10.9,10.9082,10.9,10
2023-11-30 20:32:00,6853,10.9048,10.9,10.905,10.905,10.9,6
2023-11-30 20:33:00,3100,10.9042,10.9,10.9,10.905,10.9,7
2023-11-30 20:34:00,2800,10.9063,10.905,10.9,10.9072,10.9,6
2023-11-30 20:35:00,900,10.9022,10.9,10.9,10.905,10.9,9
2023-11-30 20:36:00,300,10.9,10.9,10.9,10.9,10.9,3
2023-11-30 20:37:00,800,10.9019,10.9,10.9,10.905,10.9,5
2023-11-30 20:38:00,500,10.906,10.9,10.905,10.91,10.9,5
2023-11-30 20:39:00,1200,10.9021,10.905,10.9001,10.905,10.9,8
2023-11-30 20:40:00,8202,10.9093,10.905,10.91,10.91,10.905,47
2023-11-30 20:41:00,443,10.9055,10.905,10.905,10.905,10.905,5
2023-11-30 20:42:00,157,10.905,10.905,10.905,10.905,10.905,1
2023-11-30 20:43:00,3507,10.9046,10.905,10.9026,10.91,10.9026,20
2023-11-30 20:44:00,2318,10.9068,10.905,10.9078,10.9078,10.905,7
2023-11-30 20:45:00,1150,10.905,10.9,10.91,10.91,10.9,10
2023-11-30 20:46:00,3171,10.9055,10.907,10.905,10.907,10.905,9
2023-11-30 20:47:00,2753,10.9064,10.905,10.9076,10.91,10.9,18
2023-11-30 20:48:00,1333,10.9049,10.905,10.905,10.905,10.905,11
2023-11-30 20:49:00,3625,10.9068,10.905,10.9057,10.91,10.9047,31
2023-11-30 20:50:00,6079,10.9087,10.91,10.905,10.91,10.905,51
2023-11-30 20:51:00,6992,10.914,10.905,10.92,10.92,10.905,53
2023-11-30 20:52:00,4707,10.9165,10.915,10.915,10.92,10.9101,27
2023-11-30 20:53:00,5787,10.9195,10.915,10.92,10.92,10.915,27
2023-11-30 20:54:00,10920,10.9187,10.915,10.92,10.92,10.9147,52
2023-11-30 20:55:00,6325,10.9168,10.92,10.91,10.92,10.91,52
2023-11-30 20:56:00,5801,10.9177,10.92,10.92,10.92,10.91,61
2023-11-30 20:57:00,14057,10.9171,10.915,10.915,10.92,10.91,81
2023-11-30 20:58:00,20397,10.9196,10.915,10.925,10.925,10.915,73
2023-11-30 20:59:00,18210,10.9283,10.93,10.935,10.935,10.925,123
2023-12-01 14:30:00,60874,10.99,10.99,10.9858,10.99,10.9858,10
2023-12-01 14:31:00,2188,10.9926,10.9881,11.0,11.0,10.9881,11
2023-12-01 14:32:00,11362,10.9703,11.0,10.96,11.0,10.95,58
2023-12-01 14:33:00,5660,10.9711,10.97,10.98,10.98,10.9677,22
2023-12-01 14:34:00,1614,10.9816,10.9759,10.99,10.99,10.9759,10
2023-12-01 14:35:00,1032,10.9899,10.9835,10.9901,10.995,10.9835,7
2023-12-01 14:36:00,3180,10.9998,11.0,10.9998,11.0,10.9998,27
2023-12-01 14:37:00,2960,11.004,11.005,11.005,11.005,11.0,19
2023-12-01 14:38:00,193,11.0072,11.0093,11.0093,11.0093,11.0093,3
2023-12-01 14:39:00,253,11.006,11.005,11.005,11.005,11.005,3
2023-12-01 14:40:00,253,11.0083,11.01,11.01,11.01,11.01,3
2023-12-01 14:41:00,16788,11.0109,11.005,11.01,11.025,11.005,52
2023-12-01 14:42:00,2178,11.0106,11.02,11.0099,11.02,11.0099,15
2023-12-01 14:43:00,1994,11.0093,11.005,11.01,11.01,11.005,13
2023-12-01 14:44:00,1354,11.0101,11.0111,11.01,11.0111,11.01,7
2023-12-01 14:45:00,5221,11.0187,11.015,11.02,11.025,11.01,24
2023-12-01 14:46:00,10804,11.0225,11.025,11.02,11.03,11.02,52
2023-12-01 14:47:00,5699,11.0298,11.02,11.03,11.0314,11.02,21
2023-12-01 14:48:00,5925,11.0303,11.03,11.03,11.04,11.025,37
2023-12-01 14:49:00,1342,11.034,11.0335,11.0349,11.0349,11.0335,5
2023-12-01 14:50:00,910,11.03,11.03,11.025,11.03,11.025,10
2023-12-01 14:51:00,800,11.0264,11.025,11.0286,11.0286,11.025,6
2023-12-01 14:52:00,1331,11.025,11.025,11.025,11.025,11.025,4
2023-12-01 14:53:00,15236,11.0262,11.0279,11.024,11.03,11.024,4
2023-12-01 14:54:00,1316,11.0256,11.0299,11.03,11.03,11.02,10
2023-12-01 14:56:00,2524,11.028,11.025,11.03,11.03,11.025,3
2023-12-01 14:57:00,159,11.03,11.03,11.03,11.03,11.03,2
2023-12-01 14:58:00,8767,11.0318,11.03,11.04,11.04,11.03,22
2023-12-01 14:59:00,1726,11.0303,11.03,11.03,11.0309,11.03,15
2023-12-01 15:00:00,26348,11.0519,11.04,11.05,11.07,11.03,101
2023-12-01 15:01:00,3510,11.0619,11.06,11.07,11.07,11.06,20
2023-12-01 15:02:00,10300,11.0784,11.07,11.09,11.09,11.07,32
2023-12-01 15:03:00,708,11.0866,11.085,11.0846,11.09,11.0846,9
2023-12-01 15:04:00,201,11.089,11.0881,11.09,11.09,11.0881,3
2023-12-01 15:05:00,4668,11.0804,11.09,11.085,11.09,11.08,8
2023-12-01 15:06:00,700,11.0793,11.08,11.08,11.08,11.075,5
2023-12-01 15:07:00,1605,11.0816,11.08,11.085,11.085,11.08,17
2023-12-01 15:08:00,691,11.086,11.0899,11.085,11.0899,11.08,5
2023-12-01 15:10:00,6660,11.0798,11.085,11.0799,11.085,11.075,33
2023-12-01 15:11:00,580,11.08,11.08,11.08,11.08,11.08,7
2023-12-01 15:12:00,800,11.0794,11.08,11.0752,11.08,11.0752,2
2023-12-01 15:13:00,3426,11.08,11.08,11.08,11.08,11.08,9
2023-12-01 15:14:00,1760,11.08,11.08,11.08,11.08,11.08,12
2023-12-01 15:15:00,2000,11.0769,11.0769,11.0769,11.0769,11.0769,1
2023-12-01 15:16:00,29293,11.0783,11.075,11.08,11.08,11.07,24
2023-12-01 15:17:00,360,11.0756,11.08,11.08,11.08,11.0701,3
2023-12-01 15:18:00,100,11.075,11.075,11.075,11.075,11.075,1
2023-12-01 15:19:00,156,11.0768,11.0768,11.0768,11.0768,11.0768,1
2023-12-01 15:21:00,5480,11.0805,11.08,11.0834,11.09,11.0774,21
2023-12-01 15:22:00,29953,11.081,11.085,11.085,11.09,11.08,58
2023-12-01 15:23:00,1194,11.0842,11.085,11.0822,11.085,11.08,11
2023-12-01 15:24:00,300,11.085,11.085,11.085,11.085,11.085,3
2023-12-01 15:25:00,622,11.0834,11.0821,11.08,11.085,11.08,9
2023-12-01 15:26:00,1677,11.0805,11.08,11.07,11.085,11.07,15
2023-12-01 15:27:00,200,11.0725,11.07,11.07,11.07,11.07,3
2023-12-01 15:28:00,1570,11.0697,11.07,11.07,11.07,11.07,8
2023-12-01 15:29:00,6900,11.0631,11.065,11.07,11.07,11.06,18
2023-12-01 15:32:00,1483,11.0784,11.0784,11.0784,11.0784,11.0784,1
2023-12-01 15:33:00,135,11.0799,11.08,11.08,11.08,11.08,2
2023-12-01 15:34:00,8103,11.0803,11.078,11.08,11.085,11.078,45
2023-12-01 15:35:00,3159,11.0797,11.08,11.0797,11.08,11.0797,3
2023-12-01 15:37:00,3000,11.0798,11.0798,11.0798,11.0798,11.0798,1
2023-12-01 15:38:00,217,11.0783,11.08,11.08,11.08,11.08,4
2023-12-01 15:41:00,740,11.071,11.07,11.0702,11.075,11.07,7
2023-12-01 15:42:00,10735,11.0679,11.07,11.0601,11.07,11.0601,20
2023-12-01 15:44:00,1301,11.07,11.07,11.07,11.07,11.07,4
2023-12-01 15:46:00,3300,11.074,11.08,11.0701,11.08,11.0701,8
2023-12-01 15:47:00,6000,11.0713,11.0713,11.0713,11.0713,11.0713,1
2023-12-01 15:48:00,19467,11.0821,11.0785,11.085,11.09,11.075,27
2023-12-01 15:49:00,4030,11.09,11.09,11.09,11.09,11.09,7
2023-12-01 15:51:00,242,11.0943,11.1,11.1,11.1,11.1,3
2023-12-01 15:55:00,6207,11.0911,11.0914,11.0912,11.095,11.09,28
2023-12-01 15:56:00,5895,11.0909,11.0911,11.09,11.095,11.09,28
2023-12-01 15:58:00,800,11.0949,11.095,11.0999,11.0999,11.09,4
2023-12-01 16:00:00,2927,11.0857,11.09,11.08,11.09,11.07,14
2023-12-01 16:01:00,3845,11.0833,11.08,11.0901,11.0907,11.0775,17
2023-12-01 16:02:00,28933,11.0987,11.0906,11.091,11.11,11.09,70
2023-12-01 16:03:00,3173,11.0955,11.0907,11.09,11.1008,11.09,20
2023-12-01 16:04:00,2786,11.0941,11.1001,11.09,11.1001,11.09,6
2023-12-01 16:05:00,911,11.0903,11.09,11.09,11.0912,11.09,8
2023-12-01 16:06:00,100,11.0847,11.0847,11.0847,11.0847,11.0847,1
2023-12-01 16:07:00,300,11.0867,11.08,11.09,11.09,11.08,3
2023-12-01 16:08:00,1217,11.0932,11.095,11.0905,11.095,11.0905,9
2023-12-01 16:09:00,3570,11.0915,11.0901,11.1,11.1,11.0901,2
2023-12-01 16:10:00,400,11.0995,11.098,11.1,11.1,11.098,4
2023-12-01 16:13:00,3592,11.1002,11.1002,11.1002,11.1002,11.1002,1
2023-12-01 16:16:00,100,11.1,11.1,11.1,11.1,11.1,1
2023-12-01 16:19:00,100,11.1,11.1,11.1,11.1,11.1,1
2023-12-01 16:21:00,1450,11.1,11.1,11.1,11.1,11.1,1
2023-12-01 16:22:00,5505,11.0904,11.0946,11.09,11.0946,11.09,15
2023-12-01 16:23:00,100,11.08,11.08,11.08,11.08,11.08,1
2023-12-01 16:24:00,2286,11.0845,11.0826,11.09,11.09,11.0826,6
2023-12-01 16:25:00,523,11.0894,11.085,11.095,11.095,11.085,4
2023-12-01 16:26:00,715,11.095,11.095,11.095,11.095,11.095,1
2023-12-01 16:27:00,500,11.0989,11.0989,11.0989,11.0989,11.0989,1
2023-12-01 16:28:00,102,11.1,11.1,11.1,11.1,11.1,2
2023-12-01 16:29:00,395,11.0991,11.098,11.1,11.1,11.098,4
2023-12-01 16:30:00,191,11.095,11.095,11.095,11.095,11.095,4
2023-12-01 16:31:00,2100,11.0915,11.095,11.0913,11.095,11.0913,2
2023-12-01 16:32:00,269,11.095,11.095,11.095,11.095,11.095,2
2023-12-01 16:33:00,1201,11.0995,11.0993,11.1,11.1,11.0993,4
2023-12-01 16:34:00,1521,11.0926,11.099,11.0916,11.099,11.0916,3
2023-12-01 16:35:00,800,11.0963,11.1,11.09,11.1,11.09,5
2023-12-01 16:37:00,1644,11.0898,11.09,11.085,11.09,11.085,7
2023-12-01 16:39:00,2700,11.0889,11.0889,11.0889,11.0889,11.0889,1
2023-12-01 16:40:00,200,11.0825,11.08,11.085,11.085,11.08,2
2023-12-01 16:42:00,565,11.0821,11.0821,11.0821,11.0821,11.0821,1
2023-12-01 16:44:00,1298,11.0861,11.089,11.09,11.09,11.0824,6
2023-12-01 16:49:00,2250,11.0894,11.0894,11.0894,11.0894,11.0894,2
2023-12-01 16:50:00,2065,11.0886,11.0899,11.085,11.0899,11.085,6
2023-12-01 16:51:00,100,11.09,11.09,11.09,11.09,11.09,1
2023-12-01 16:52:00,400,11.0885,11.088,11.09,11.09,11.088,2
2023-12-01 16:53:00,228,11.081,11.081,11.081,11.081,11.081,3
2023-12-01 16:55:00,100,11.09,11.09,11.09,11.09,11.09,1
2023-12-01 16:57:00,1106,11.0886,11.09,11.0899,11.09,11.085,5
2023-12-01 16:58:00,114,11.0895,11.09,11.09,11.09,11.09,2
2023-12-01 16:59:00,382,11.0863,11.09,11.085,11.09,11.085,2
2023-12-01 17:00:00,1714,11.0848,11.085,11.0846,11.085,11.0846,2
2023-12-01 17:04:00,830,11.0876,11.0876,11.0876,11.0876,11.0876,1
2023-12-01 17:06:00,5522,11.0812,11.0812,11.0812,11.0812,11.0812,1
2023-12-01 17:07:00,17921,11.0812,11.085,11.07,11.085,11.07,63
2023-12-01 17:09:00,300,11.0717,11.075,11.07,11.075,11.07,4
2023-12-01 17:13:00,400,11.0732,11.07,11.0743,11.0743,11.07,2
2023-12-01 17:15:00,1600,11.0723,11.0715,11.0779,11.0779,11.0715,2
2023-12-01 17:16:00,440,11.0705,11.07,11.07,11.07,11.07,2
2023-12-01 17:17:00,200,11.07,11.07,11.07,11.07,11.07,2
2023-12-01 17:18:00,4800,11.0719,11.075,11.0686,11.075,11.065,7
2023-12-01 17:19:00,5220,11.058,11.06,11.05,11.06,11.05,13
2023-12-01 17:20:00,200,11.055,11.055,11.055,11.055,11.055,2
2023-12-01 17:21:00,120,11.0517,11.05,11.05,11.05,11.05,2
2023-12-01 17:24:00,100,11.05,11.05,11.05,11.05,11.05,1
2023-12-01 17:25:00,1485,11.055,11.055,11.055,11.055,11.055,4
2023-12-01 17:29:00,100,11.05,11.05,11.05,11.05,11.05,1
2023-12-01 17:30:00,100,11.05,11.05,11.05,11.05,11.05,1
2023-12-01 17:31:00,15033,11.0414,11.05,11.045,11.05,11.04,16
2023-12-01 17:33:00,6818,11.0398,11.04,11.045,11.0479,11.03,32
2023-12-01 17:34:00,120,11.04,11.04,11.04,11.04,11.04,2
2023-12-01 17:37:00,100,11.03,11.03,11.03,11.03,11.03,1
2023-12-01 17:41:00,3700,11.0403,11.035,11.045,11.045,11.035,10
2023-12-01 17:42:00,130,11.0488,11.05,11.05,11.05,11.05,2
2023-12-01 17:43:00,2939,11.0498,11.045,11.05,11.05,11.045,6
2023-12-01 17:44:00,1800,11.05,11.05,11.05,11.05,11.05,8
2023-12-01 17:46:00,100,11.06,11.06,11.06,11.06,11.06,1
2023-12-01 17:47:00,5800,11.0643,11.06,11.06,11.07,11.06,16
2023-12-01 17:50:00,5226,11.0687,11.065,11.065,11.0699,11.065,6
2023-12-01 17:51:00,530,11.0678,11.07,11.065,11.07,11.065,6
2023-12-01 17:53:00,5500,11.0691,11.0691,11.0691,11.0691,11.0691,1
2023-12-01 17:54:00,100,11.065,11.065,11.065,11.065,11.065,1
2023-12-01 17:55:00,6029,11.07,11.065,11.075,11.075,11.065,19
2023-12-01 17:57:00,126,11.071,11.07,11.07,11.07,11.07,4
2023-12-01 18:00:00,2260,11.07,11.07,11.07,11.07,11.07,5
2023-12-01 18:02:00,1708,11.072,11.07,11.0725,11.0747,11.07,12
2023-12-01 18:03:00,2902,11.0761,11.07,11.08,11.08,11.07,19
2023-12-01 18:06:00,212,11.075,11.075,11.075,11.075,11.075,3
2023-12-01 18:07:00,2750,11.0726,11.0723,11.075,11.075,11.0723,5
2023-12-01 18:08:00,300,11.0767,11.08,11.075,11.08,11.075,3
2023-12-01 18:10:00,177,11.08,11.08,11.08,11.08,11.08,1
2023-12-01 18:11:00,5100,11.0793,11.08,11.0793,11.08,11.0793,3
2023-12-01 18:14:00,1600,11.07,11.07,11.07,11.07,11.07,1
2023-12-01 18:15:00,100,11.07,11.07,11.07,11.07,11.07,1
2023-12-01 18:16:00,1600,11.0714,11.0712,11.075,11.075,11.0712,2
2023-12-01 18:17:00,103,11.075,11.075,11.075,11.075,11.075,2
2023-12-01 18:19:00,100,11.07,11.07,11.07,11.07,11.07,1
2023-12-01 18:20:00,551,11.07,11.07,11.07,11.07,11.07,2
2023-12-01 18:21:00,100,11.08,11.08,11.08,11.08,11.08,1
2023-12-01 18:22:00,100,11.075,11.075,11.075,11.075,11.075,1
2023-12-01 18:23:00,4551,11.0796,11.07,11.075,11.08,11.07,5
2023-12-01 18:24:00,100,11.075,11.075,11.075,11.075,11.075,1
2023-12-01 18:25:00,100,11.075,11.075,11.075,11.075,11.075,1
2023-12-01 18:27:00,100,11.07,11.07,11.07,11.07,11.07,1
2023-12-01 18:28:00,639,11.0745,11.0745,11.0745,11.0745,11.0745,1
2023-12-01 18:30:00,1337,11.0746,11.0746,11.0746,11.0746,11.0746,1
2023-12-01 18:31:00,100,11.07,11.07,11.07,11.07,11.07,1
2023-12-01 18:34:00,100,11.075,11.075,11.075,11.075,11.075,1
2023-12-01 18:35:00,271,11.0746,11.075,11.0743,11.075,11.0743,2
2023-12-01 18:36:00,200,11.0725,11.07,11.075,11.075,11.07,2
2023-12-01 18:38:00,9453,11.071,11.075,11.07,11.075,11.07,38
2023-12-01 18:40:00,875,11.07,11.07,11.07,11.07,11.07,1
2023-12-01 18:41:00,100,11.07,11.07,11.07,11.07,11.07,1
2023-12-01 18:43:00,910,11.0701,11.07,11.07,11.07,11.07,3
2023-12-01 18:44:00,18682,11.0695,11.07,11.07,11.07,11.06,72
2023-12-01 18:45:00,18865,11.0702,11.07,11.07,11.075,11.065,77
2023-12-01 18:46:00,2894,11.0621,11.065,11.07,11.07,11.0601,7
2023-12-01 18:47:00,7423,11.0616,11.0613,11.065,11.07,11.0613,6
2023-12-01 18:48:00,9776,11.0593,11.06,11.055,11.06,11.055,47
2023-12-01 18:49:00,1656,11.0578,11.06,11.055,11.06,11.055,12
2023-12-01 18:50:00,3600,11.0529,11.055,11.0515,11.06,11.05,8
2023-12-01 18:51:00,110,11.055,11.055,11.055,11.055,11.055,2
2023-12-01 18:52:00,464,11.056,11.056,11.056,11.056,11.056,2
2023-12-01 18:55:00,4000,11.0599,11.0599,11.0599,11.0599,11.0599,2
2023-12-01 18:56:00,323,11.055,11.055,11.055,11.055,11.055,1
2023-12-01 18:57:00,2700,11.0589,11.0589,11.0589,11.0589,11.0589,1
2023-12-01 18:58:00,354,11.0562,11.06,11.0513,11.06,11.0513,3
2023-12-01 18:59:00,100,11.05,11.05,11.05,11.05,11.05,1
2023-12-01 19:00:00,100,11.05,11.05,11.05,11.05,11.05,1
2023-12-01 19:02:00,1169,11.0546,11.05,11.055,11.055,11.05,3
2023-12-01 19:03:00,150,11.055,11.055,11.055,11.055,11.055,1
2023-12-01 19:04:00,900,11.055,11.05,11.055,11.06,11.05,7
2023-12-01 19:05:00,1019,11.0516,11.0516,11.0516,11.0516,11.0516,1
2023-12-01 19:07:00,1170,11.05,11.05,11.05,11.05,11.05,1
2023-12-01 19:12:00,300,11.0533,11.05,11.055,11.055,11.05,3
2023-12-01 19:14:00,4767,11.0575,11.055,11.0587,11.0587,11.055,13
2023-12-01 19:15:00,15904,11.0571,11.0586,11.06,11.06,11.0523,26
2023-12-01 19:16:00,3150,11.0648,11.065,11.065,11.065,11.06,18
2023-12-01 19:17:00,9990,11.0683,11.0687,11.07,11.07,11.065,24
2023-12-01 19:18:00,1220,11.0668,11.065,11.0675,11.0675,11.065,4
2023-12-01 19:19:00,100,11.07,11.07,11.07,11.07,11.07,1
2023-12-01 19:20:00,2340,11.0676,11.068,11.065,11.068,11.065,4
2023-12-01 19:21:00,2314,11.0702,11.07,11.075,11.075,11.07,8
2023-12-01 19:22:00,2880,11.0776,11.075,11.0797,11.0797,11.075,3
2023-12-01 19:24:00,250,11.0753,11.0721,11.08,11.08,11.0721,2
2023-12-01 19:25:00,1100,11.075,11.075,11.075,11.075,11.075,4
2023-12-01 19:26:00,121,11.0759,11.0759,11.0759,11.0759,11.0759,2
2023-12-01 19:27:00,620,11.074,11.075,11.075,11.075,11.0721,7
2023-12-01 19:28:00,800,11.0753,11.075,11.0755,11.0755,11.075,5
2023-12-01 19:29:00,100,11.075,11.075,11.075,11.075,11.075,1
2023-12-01 19:30:00,210,11.075,11.075,11.075,11.075,11.075,3
2023-12-01 19:31:00,100,11.075,11.075,11.075,11.075,11.075,1
2023-12-01 19:34:00,200,11.0712,11.0712,11.0712,11.0712,11.0712,1
2023-12-01 19:35:00,100,11.075,11.075,11.075,11.075,11.075,1
2023-12-01 19:36:00,2196,11.075,11.075,11.075,11.075,11.075,2
2023-12-01 19:37:00,1590,11.0703,11.0703,11.0703,11.0703,11.0703,1
2023-12-01 19:38:00,1982,11.0701,11.07,11.07,11.07,11.07,5
2023-12-01 19:39:00,2254,11.07,11.07,11.07,11.07,11.07,1
2023-12-01 19:42:00,448,11.07,11.07,11.0701,11.0701,11.07,5
2023-12-01 19:43:00,400,11.08,11.08,11.08,11.08,11.08,1
2023-12-01 19:45:00,11700,11.0789,11.075,11.07,11.079,11.07,4
2023-12-01 19:46:00,3258,11.0653,11.07,11.06,11.0701,11.06,11
2023-12-01 19:47:00,4589,11.06,11.06,11.06,11.0601,11.06,18
2023-12-01 19:48:00,440,11.055,11.055,11.055,11.055,11.055,5
2023-12-01 19:49:00,6200,11.0516,11.0588,11.055,11.0588,11.0501,5
2023-12-01 19:50:00,9806,11.0597,11.06,11.07,11.07,11.055,21
2023-12-01 19:51:00,6835,11.0655,11.065,11.065,11.068,11.06,7
2023-12-01 19:52:00,5900,11.0697,11.065,11.07,11.07,11.065,18
2023-12-01 19:53:00,3100,11.07,11.07,11.07,11.07,11.07,5
2023-12-01 19:56:00,2179,11.0655,11.068,11.06,11.068,11.06,4
2023-12-01 19:57:00,570,11.0683,11.0679,11.07,11.07,11.0679,2
2023-12-01 19:58:00,2410,11.07,11.07,11.07,11.07,11.07,14
2023-12-01 19:59:00,10200,11.071,11.08,11.07,11.08,11.07,24
2023-12-01 20:00:00,3037,11.0744,11.075,11.075,11.075,11.07,9
2023-12-01 20:01:00,5250,11.0745,11.075,11.0731,11.075,11.0731,2
2023-12-01 20:02:00,449,11.073,11.0711,11.075,11.075,11.0711,4
2023-12-01 20:03:00,118,11.0758,11.075,11.075,11.075,11.075,2
2023-12-01 20:04:00,139,11.075,11.075,11.075,11.075,11.075,3
2023-12-01 20:05:00,120,11.075,11.075,11.075,11.075,11.075,2
2023-12-01 20:06:00,493,11.0704,11.07,11.07,11.07,11.07,6
2023-12-01 20:07:00,207,11.0701,11.07,11.07,11.07,11.07,2
2023-12-01 20:08:00,17441,11.0796,11.075,11.085,11.09,11.075,56
2023-12-01 20:09:00,130,11.0862,11.085,11.085,11.085,11.085,2
2023-12-01 20:10:00,901,11.0839,11.0831,11.09,11.09,11.0831,3
2023-12-01 20:11:00,8955,11.0903,11.09,11.0914,11.095,11.089,27
2023-12-01 20:12:00,100,11.095,11.095,11.095,11.095,11.095,1
2023-12-01 20:13:00,664,11.0935,11.095,11.09,11.095,11.09,6
2023-12-01 20:14:00,325,11.0966,11.1,11.095,11.1,11.095,3
2023-12-01 20:15:00,136,11.095,11.095,11.095,11.095,11.095,2
2023-12-01 20:16:00,1861,11.0934,11.095,11.095,11.095,11.093,4
2023-12-01 20:17:00,234,11.0972,11.095,11.1,11.1,11.095,5
2023-12-01 20:18:00,11543,11.091,11.092,11.095,11.095,11.0901,6
2023-12-01 20:19:00,13581,11.0907,11.095,11.08,11.095,11.08,68
2023-12-01 20:20:00,233,11.0807,11.08,11.08,11.08,11.08,2
2023-12-01 20:22:00,337,11.0805,11.08,11.08,11.08,11.08,3
2023-12-01 20:23:00,205,11.08,11.08,11.08,11.08,11.08,2
2023-12-01 20:25:00,13914,11.0749,11.08,11.07,11.08,11.07,25
2023-12-01 20:26:00,11830,11.0694,11.07,11.065,11.07,11.065,27
2023-12-01 20:27:00,772,11.0661,11.0684,11.065,11.0684,11.065,6
2023-12-01 20:28:00,4169,11.0676,11.065,11.065,11.07,11.065,46
2023-12-01 20:29:00,331,11.065,11.065,11.065,11.065,11.065,6
2023-12-01 20:30:00,300,11.065,11.065,11.065,11.065,11.065,2
2023-12-01 20:31:00,100,11.065,11.065,11.065,11.065,11.065,1
2023-12-01 20:32:00,24470,11.0603,11.065,11.06,11.065,11.06,128
2023-12-01 20:33:00,5372,11.06,11.06,11.06,11.06,11.06,18
2023-12-01 20:34:00,600,11.06,11.06,11.06,11.06,11.06,2
2023-12-01 20:35:00,820,11.06,11.06,11.06,11.06,11.06,7
2023-12-01 20:36:00,300,11.06,11.06,11.06,11.06,11.06,3
2023-12-01 20:38:00,4182,11.06,11.06,11.06,11.06,11.06,11
2023-12-01 20:39:00,300,11.06,11.06,11.06,11.06,11.06,3
2023-12-01 20:40:00,100,11.06,11.06,11.06,11.06,11.06,1
2023-12-01 20:41:00,100,11.06,11.06,11.06,11.06,11.06,1
2023-12-01 20:42:00,11220,11.0602,11.06,11.06,11.065,11.06,35
2023-12-01 20:43:00,1100,11.0659,11.0665,11.0665,11.0665,11.0665,2
2023-12-01 20:44:00,467,11.06,11.06,11.06,11.06,11.06,4
2023-12-01 20:45:00,13748,11.06,11.06,11.06,11.0615,11.06,43
2023-12-01 20:46:00,7701,11.06,11.06,11.06,11.06,11.06,33
2023-12-01 20:47:00,2731,11.06,11.06,11.06,11.06,11.06,7
2023-12-01 20:48:00,100,11.065,11.065,11.065,11.065,11.065,1
2023-12-01 20:49:00,9819,11.0618,11.065,11.0617,11.065,11.0617,5
2023-12-01 20:50:00,1600,11.065,11.065,11.065,11.065,11.065,5
2023-12-01 20:51:00,1010,11.065,11.065,11.065,11.065,11.065,7
2023-12-01 20:52:00,10204,11.0616,11.065,11.065,11.065,11.06,31
2023-12-01 20:53:00,18010,11.0659,11.06,11.065,11.07,11.06,57
2023-12-01 20:54:00,550,11.0653,11.065,11.065,11.065,11.065,5
2023-12-01 20:55:00,200,11.065,11.065,11.065,11.065,11.065,1
2023-12-01 20:56:00,1873,11.062,11.065,11.065,11.065,11.06,13
2023-12-01 20:58:00,1176,11.069,11.065,11.065,11.07,11.065,10
2023-12-01 20:59:00,20139,11.0652,11.06,11.06,11.07,11.06,64
