t,v,vw,o,c,h,l,n
2023-06-26 12:21:00,400,26.11,26.11,26.11,26.11,26.11,2
2023-06-26 12:35:00,1000,26.15,26.15,26.15,26.15,26.15,2
2023-06-26 13:30:00,12974,26.006,26.01,26.13,26.13,25.95,23
2023-06-26 13:31:00,201,26.0144,26.015,26.015,26.015,26.015,4
2023-06-26 13:32:00,1971,26.1725,26.1,26.34,26.34,26.1,49
2023-06-26 13:33:00,1841,26.3959,26.39,26.4,26.4,26.39,25
2023-06-26 13:34:00,355,26.3848,26.365,26.365,26.365,26.365,9
2023-06-26 13:35:00,2550,26.3272,26.35,26.34,26.37,26.285,53
2023-06-26 13:36:00,922,26.3922,26.37,26.42,26.42,26.37,21
2023-06-26 13:37:00,345,26.6655,26.66,26.7,26.7,26.66,20
2023-06-26 13:38:00,5329,26.717,26.7,26.95,26.95,26.64,80
2023-06-26 13:39:00,333,26.8638,26.86,26.88,26.88,26.86,12
2023-06-26 13:40:00,3894,26.9298,26.89,27.01,27.03,26.88,87
2023-06-26 13:41:00,772,27.058,27.05,27.045,27.06,27.045,22
2023-06-26 13:42:00,5825,27.0287,27.0,27.01,27.0499,26.99,46
2023-06-26 13:43:00,744,27.0671,27.05,27.05,27.05,27.05,25
2023-06-26 13:44:00,1189,27.0102,27.01,27.01,27.02,27.01,39
2023-06-26 13:45:00,660,26.9636,26.99,26.95,26.99,26.95,20
2023-06-26 13:46:00,1185,26.9747,26.93,27.02,27.02,26.93,32
2023-06-26 13:47:00,439,27.0326,27.04,27.04,27.04,27.04,19
2023-06-26 13:48:00,629,26.9574,26.95,26.95,26.95,26.94,25
2023-06-26 13:49:00,372,26.9847,26.98,26.98,26.98,26.98,8
2023-06-26 13:50:00,242,26.8998,26.89,26.89,26.89,26.89,12
2023-06-26 13:51:00,4928,27.0383,27.0,27.05,27.07,27.0,61
2023-06-26 13:52:00,3982,26.9751,27.03,26.87,27.03,26.87,82
2023-06-26 13:53:00,716,26.7939,26.825,26.805,26.825,26.7715,12
2023-06-26 13:54:00,414,26.7746,26.75,26.77,26.77,26.75,14
2023-06-26 13:55:00,1696,26.7321,26.75,26.74,26.75,26.71,29
2023-06-26 13:56:00,1137,26.743,26.745,26.71,26.745,26.7,25
2023-06-26 13:57:00,2839,26.8009,26.745,26.85,26.85,26.73,70
2023-06-26 13:58:00,421,26.8385,26.88,26.88,26.88,26.88,11
2023-06-26 14:00:00,489,26.8652,26.91,26.8919,26.91,26.8919,25
2023-06-26 14:02:00,4135,26.7725,26.79,26.73,26.79,26.72,73
2023-06-26 14:03:00,3142,26.7167,26.73,26.68,26.73,26.68,71
2023-06-26 14:04:00,503,26.6544,26.64,26.646,26.646,26.64,20
2023-06-26 14:05:00,1308,26.647,26.64,26.65,26.665,26.64,42
2023-06-26 14:06:00,107,26.5522,26.55,26.55,26.55,26.55,3
2023-06-26 14:07:00,1774,26.5444,26.53,26.53,26.53,26.53,24
2023-06-26 14:08:00,610,26.6765,26.5498,26.5498,26.5498,26.5498,4
2023-06-26 14:09:00,990,26.5724,26.57,26.57,26.57,26.57,10
2023-06-26 14:10:00,1236,26.5667,26.56,26.57,26.57,26.56,31
2023-06-26 14:13:00,1836,26.6476,26.63,26.68,26.68,26.63,59
2023-06-26 14:14:00,1522,26.7084,26.67,26.78,26.78,26.67,38
2023-06-26 14:19:00,1508,26.6852,26.68,26.71,26.71,26.68,47
2023-06-26 14:20:00,6141,26.655,26.68,26.635,26.68,26.61,98
2023-06-26 14:21:00,340,26.5909,26.63,26.63,26.63,26.63,15
2023-06-26 14:22:00,1761,26.5142,26.555,26.51,26.555,26.5,28
2023-06-26 14:24:00,859,26.4968,26.47,26.52,26.52,26.47,16
2023-06-26 14:25:00,1784,26.5212,26.51,26.5,26.53,26.5,29
2023-06-26 14:26:00,694,26.4989,26.5,26.5,26.5,26.5,23
2023-06-26 14:27:00,1592,26.5198,26.47,26.54,26.54,26.47,33
2023-06-26 14:30:00,1204,26.5646,26.54,26.6,26.6,26.54,32
2023-06-26 14:31:00,552,26.597,26.6,26.61,26.61,26.6,13
2023-06-26 14:32:00,3391,26.5511,26.61,26.54,26.61,26.54,73
2023-06-26 14:33:00,2264,26.5198,26.555,26.5,26.555,26.48,39
2023-06-26 14:34:00,1377,26.5639,26.53,26.63,26.63,26.53,26
2023-06-26 14:35:00,381,26.6453,26.63,26.675,26.675,26.63,11
2023-06-26 14:36:00,110,26.6218,26.625,26.625,26.625,26.625,2
2023-06-26 14:38:00,129,26.61,26.61,26.61,26.61,26.61,2
2023-06-26 14:40:00,459,26.6037,26.58,26.64,26.64,26.58,17
2023-06-26 14:41:00,4811,26.5912,26.64,26.59,26.64,26.57,61
2023-06-26 14:42:00,973,26.5848,26.57,26.58,26.6,26.57,23
2023-06-26 14:43:00,518,26.5789,26.58,26.58,26.58,26.58,11
2023-06-26 14:44:00,653,26.6049,26.61,26.61,26.61,26.6,20
2023-06-26 14:45:00,2603,26.6672,26.63,26.73,26.73,26.63,48
2023-06-26 14:46:00,142,26.7157,26.74,26.74,26.74,26.74,4
2023-06-26 14:47:00,692,26.7444,26.74,26.75,26.75,26.74,13
2023-06-26 14:48:00,4001,26.7007,26.71,26.66,26.715,26.66,102
2023-06-26 14:49:00,2291,26.6084,26.65,26.61,26.65,26.59,67
2023-06-26 14:50:00,233,26.6053,26.595,26.6,26.6,26.595,4
2023-06-26 14:51:00,111,26.6104,26.61,26.61,26.61,26.61,4
2023-06-26 14:53:00,998,26.6064,26.6,26.59,26.6,26.59,25
2023-06-26 14:54:00,157,26.5918,26.59,26.59,26.59,26.59,4
2023-06-26 14:55:00,621,26.5872,26.59,26.595,26.595,26.59,9
2023-06-26 14:56:00,405,26.5909,26.59,26.59,26.59,26.59,11
2023-06-26 14:57:00,857,26.6096,26.6225,26.59,26.6225,26.59,10
2023-06-26 14:58:00,2813,26.6547,26.62,26.7,26.7,26.62,56
2023-06-26 14:59:00,964,26.7355,26.71,26.75,26.75,26.71,15
2023-06-26 15:00:00,504,26.7787,26.77,26.78,26.78,26.77,10
2023-06-26 15:01:00,300,26.8,26.8,26.8,26.8,26.8,2
2023-06-26 15:02:00,2355,26.8014,26.8,26.8,26.81,26.8,45
2023-06-26 15:03:00,1176,26.8241,26.8,26.83,26.84,26.8,19
2023-06-26 15:04:00,511,26.8099,26.81,26.81,26.81,26.81,11
2023-06-26 15:05:00,4369,26.771,26.8,26.715,26.8,26.715,95
2023-06-26 15:06:00,1233,26.7635,26.75,26.77,26.78,26.75,26
2023-06-26 15:07:00,718,26.758,26.76,26.7462,26.76,26.7462,12
2023-06-26 15:08:00,1356,26.7241,26.74,26.7,26.74,26.7,32
2023-06-26 15:10:00,804,26.7204,26.69,26.725,26.74,26.69,23
2023-06-26 15:11:00,777,26.7502,26.74,26.76,26.76,26.74,13
2023-06-26 15:12:00,720,26.7633,26.77,26.75,26.77,26.75,23
2023-06-26 15:14:00,599,26.776,26.78,26.78,26.78,26.78,22
2023-06-26 15:15:00,3609,26.7691,26.79,26.75,26.79,26.75,102
2023-06-26 15:16:00,913,26.7363,26.75,26.73,26.75,26.73,20
2023-06-26 15:17:00,1225,26.7064,26.72,26.69,26.72,26.69,34
2023-06-26 15:18:00,788,26.6078,26.6,26.6,26.6,26.6,25
2023-06-26 15:19:00,1734,26.6393,26.605,26.66,26.66,26.605,39
2023-06-26 15:21:00,3140,26.606,26.66,26.6,26.66,26.58,61
2023-06-26 15:22:00,900,26.6157,26.62,26.62,26.63,26.62,20
2023-06-26 15:23:00,276,26.6385,26.64,26.64,26.64,26.64,9
2023-06-26 15:24:00,324,26.6293,26.63,26.63,26.63,26.63,7
2023-06-26 15:25:00,392,26.6394,26.66,26.66,26.66,26.66,11
2023-06-26 15:26:00,2621,26.67,26.66,26.68,26.69,26.64,46
2023-06-26 15:27:00,612,26.6635,26.68,26.64,26.68,26.64,24
2023-06-26 15:30:00,1763,26.6163,26.63,26.62,26.64,26.6,69
2023-06-26 15:33:00,8482,26.6753,26.615,26.68,26.7,26.615,51
2023-06-26 15:34:00,772,26.6566,26.665,26.64,26.665,26.64,24
2023-06-26 15:35:00,880,26.6387,26.63,26.64,26.64,26.63,11
2023-06-26 15:36:00,553,26.649,26.64,26.64,26.64,26.64,10
2023-06-26 15:39:00,947,26.6277,26.64,26.62,26.64,26.62,20
2023-06-26 15:41:00,385,26.6143,26.6065,26.6065,26.6065,26.6065,27
2023-06-26 15:43:00,385,26.6146,26.6,26.62,26.62,26.6,10
2023-06-26 15:44:00,1007,26.6089,26.61,26.62,26.62,26.6,21
2023-06-26 15:45:00,1270,26.6532,26.64,26.675,26.675,26.64,27
2023-06-26 15:46:00,919,26.6969,26.7,26.7,26.7,26.7,23
2023-06-26 15:47:00,2635,26.6833,26.71,26.67,26.715,26.66,66
2023-06-26 15:49:00,1112,26.6188,26.6,26.6,26.6,26.6,30
2023-06-26 15:50:00,222,26.6291,26.61,26.61,26.61,26.61,4
2023-06-26 15:53:00,135,26.6113,26.61,26.61,26.61,26.61,5
2023-06-26 15:55:00,3447,26.5771,26.6,26.59,26.6,26.56,68
2023-06-26 15:56:00,106,26.5806,26.58,26.58,26.58,26.58,2
2023-06-26 15:57:00,661,26.5993,26.6,26.61,26.61,26.6,15
2023-06-26 16:00:00,1215,26.5953,26.615,26.59,26.615,26.59,34
2023-06-26 16:01:00,497,26.5905,26.59,26.59,26.59,26.59,12
2023-06-26 16:02:00,2259,26.5727,26.59,26.54,26.59,26.54,42
2023-06-26 16:03:00,500,26.4885,26.5,26.5,26.5,26.5,19
2023-06-26 16:04:00,602,26.4843,26.49,26.49,26.49,26.49,15
2023-06-26 16:05:00,755,26.4715,26.485,26.465,26.485,26.46,20
2023-06-26 16:06:00,489,26.4754,26.465,26.465,26.465,26.465,10
2023-06-26 16:07:00,748,26.4252,26.425,26.4,26.425,26.39,21
2023-06-26 16:08:00,502,26.3894,26.38,26.385,26.385,26.38,9
2023-06-26 16:09:00,447,26.375,26.36,26.39,26.39,26.36,9
2023-06-26 16:10:00,3447,26.3232,26.36,26.32,26.36,26.3,38
2023-06-26 16:11:00,432,26.3832,26.325,26.325,26.325,26.325,11
2023-06-26 16:12:00,415,26.3867,26.38,26.39,26.39,26.38,9
2023-06-26 16:13:00,3526,26.3991,26.4,26.37,26.41,26.37,56
2023-06-26 16:14:00,1229,26.4374,26.42,26.45,26.45,26.42,24
2023-06-26 16:15:00,269,26.4263,26.42,26.43,26.43,26.42,4
2023-06-26 16:16:00,2369,26.4179,26.42,26.4,26.43,26.4,42
2023-06-26 16:18:00,1504,26.36,26.37,26.33,26.39,26.33,42
2023-06-26 16:19:00,293,26.2923,26.3,26.3,26.3,26.3,6
2023-06-26 16:21:00,1768,26.3301,26.31,26.32,26.33,26.29,32
2023-06-26 16:22:00,1791,26.3398,26.3,26.37,26.37,26.3,28
2023-06-26 16:23:00,991,26.3726,26.37,26.38,26.38,26.37,18
2023-06-26 16:24:00,345,26.3223,26.31,26.31,26.31,26.31,12
2023-06-26 16:26:00,339,26.231,26.23,26.23,26.23,26.23,20
2023-06-26 16:30:00,1492,26.0692,26.1,26.03,26.1,26.03,31
2023-06-26 16:32:00,194,25.9817,25.99,25.99,25.99,25.99,6
2023-06-26 16:33:00,1215,25.9725,25.97,25.99,25.99,25.97,34
2023-06-26 16:34:00,192,25.9829,25.98,25.98,25.98,25.98,13
2023-06-26 16:35:00,640,25.9923,25.99,25.99,26.0,25.99,10
2023-06-26 16:36:00,1400,26.0234,26.01,26.03,26.03,26.01,29
2023-06-26 16:37:00,381,25.9905,25.99,25.99,25.99,25.99,2
2023-06-26 16:38:00,733,26.0001,26.0,25.988,26.0,25.988,20
2023-06-26 16:40:00,408,26.0,26.0,26.0,26.0,26.0,4
2023-06-26 16:41:00,602,25.9827,25.98,25.98,25.98,25.98,13
2023-06-26 16:42:00,1038,25.958,25.98,25.935,25.98,25.93,20
2023-06-26 16:44:00,262,25.935,25.935,25.935,25.935,25.935,3
2023-06-26 16:45:00,1238,25.8915,25.91,25.86,25.91,25.86,49
2023-06-26 16:46:00,907,25.8977,25.88,25.9,25.9,25.88,19
2023-06-26 16:47:00,749,25.9194,25.92,25.92,25.92,25.92,14
2023-06-26 16:48:00,843,25.9308,25.93,25.94,25.94,25.9285,16
2023-06-26 16:49:00,7003,25.9064,25.93,25.9,25.96,25.845,118
2023-06-26 16:50:00,657,25.9042,25.91,25.9,25.91,25.9,16
2023-06-26 16:51:00,124,25.9102,25.91,25.91,25.91,25.91,3
2023-06-26 16:52:00,104,25.8859,25.885,25.885,25.885,25.885,3
2023-06-26 16:53:00,651,25.8761,25.885,25.865,25.885,25.865,9
2023-06-26 16:54:00,1373,25.8318,25.84,25.83,25.85,25.82,22
2023-06-26 16:55:00,5149,25.7851,25.8,25.7801,25.82,25.7801,32
2023-06-26 16:56:00,2777,25.7666,25.78,25.76,25.8,25.74,46
2023-06-26 16:57:00,895,25.7862,25.78,25.775,25.78,25.775,15
2023-06-26 16:58:00,1007,25.7954,25.79,25.81,25.81,25.79,26
2023-06-26 16:59:00,1786,25.8198,25.81,25.825,25.83,25.8,32
2023-06-26 17:00:00,796,25.8279,25.8141,25.84,25.84,25.8141,13
2023-06-26 17:01:00,527,25.8281,25.84,25.84,25.84,25.84,8
2023-06-26 17:02:00,4234,25.8394,25.83,25.87,25.87,25.83,35
2023-06-26 17:03:00,1546,25.8983,25.8999,25.885,25.8999,25.885,23
2023-06-26 17:04:00,636,25.8722,25.87,25.88,25.88,25.87,16
2023-06-26 17:06:00,201,25.875,25.88,25.88,25.88,25.88,5
2023-06-26 17:07:00,1205,25.8991,25.89,25.9,25.9,25.89,21
2023-06-26 17:08:00,1993,25.8776,25.92,25.89,25.92,25.8618,17
2023-06-26 17:09:00,440,25.8944,25.89,25.91,25.91,25.89,8
2023-06-26 17:10:00,1228,25.8829,25.885,25.8826,25.885,25.8826,12
2023-06-26 17:11:00,1107,25.9049,25.91,25.885,25.91,25.885,28
2023-06-26 17:13:00,5907,25.8293,25.86,25.77,25.885,25.765,95
2023-06-26 17:14:00,1893,25.7323,25.75,25.72,25.75,25.71,35
2023-06-26 17:15:00,497,25.7056,25.6911,25.7062,25.71,25.6911,8
2023-06-26 17:16:00,364,25.7113,25.71,25.71,25.71,25.71,11
2023-06-26 17:17:00,4827,25.6935,25.71,25.62,25.71,25.62,62
2023-06-26 17:18:00,900,25.6363,25.62,25.68,25.68,25.62,15
2023-06-26 17:19:00,2348,25.6371,25.62,25.66,25.66,25.6,52
2023-06-26 17:20:00,1980,25.6562,25.67,25.64,25.67,25.64,59
2023-06-26 17:21:00,4733,25.701,25.67,25.7,25.73,25.67,69
2023-06-26 17:22:00,2589,25.7421,25.72,25.79,25.79,25.72,39
2023-06-26 17:23:00,260,25.7468,25.78,25.78,25.78,25.78,7
2023-06-26 17:24:00,480,25.7637,25.75,25.75,25.75,25.75,18
2023-06-26 17:25:00,619,25.7339,25.74,25.73,25.74,25.73,18
2023-06-26 17:26:00,954,25.7389,25.74,25.74,25.74,25.735,18
2023-06-26 17:27:00,1950,25.7501,25.735,25.76,25.77,25.735,30
2023-06-26 17:28:00,1253,25.7653,25.78,25.765,25.78,25.76,15
2023-06-26 17:29:00,257,25.765,25.765,25.765,25.765,25.765,11
2023-06-26 17:30:00,1524,25.7245,25.7716,25.67,25.7716,25.67,35
2023-06-26 17:32:00,358,25.6468,25.635,25.635,25.635,25.635,11
2023-06-26 17:33:00,1429,25.6101,25.6111,25.6,25.6111,25.6,14
2023-06-26 17:34:00,791,25.5974,25.6,25.59,25.6,25.59,25
2023-06-26 17:36:00,1178,25.5622,25.57,25.5751,25.5751,25.55,23
2023-06-26 17:37:00,135,25.5514,25.55,25.55,25.55,25.55,9
2023-06-26 17:38:00,1155,25.5748,25.56,25.55,25.56,25.55,26
2023-06-26 17:39:00,290,25.5449,25.55,25.55,25.55,25.55,9
2023-06-26 17:40:00,1464,25.5643,25.55,25.58,25.58,25.55,34
2023-06-26 17:42:00,171,25.5499,25.55,25.55,25.55,25.55,11
2023-06-26 17:43:00,3367,25.4825,25.5511,25.45,25.5511,25.44,82
2023-06-26 17:44:00,218,25.427,25.435,25.435,25.435,25.435,12
2023-06-26 17:45:00,2264,25.4532,25.44,25.47,25.47,25.44,45
2023-06-26 17:46:00,1252,25.482,25.48,25.49,25.49,25.47,25
2023-06-26 17:49:00,3352,25.4975,25.5,25.48,25.5,25.48,63
2023-06-26 17:50:00,6131,25.4864,25.51,25.475,25.51,25.45,96
2023-06-26 17:51:00,2903,25.4655,25.48,25.43,25.5,25.425,47
2023-06-26 17:52:00,524,25.4487,25.43,25.43,25.43,25.43,11
2023-06-26 17:53:00,1913,25.4492,25.43,25.46,25.46,25.43,51
2023-06-26 17:54:00,1156,25.4406,25.45,25.435,25.45,25.435,32
2023-06-26 17:55:00,1570,25.436,25.43,25.44,25.45,25.43,41
2023-06-26 17:56:00,223,25.4341,25.435,25.4325,25.435,25.4325,3
2023-06-26 17:57:00,13682,25.3778,25.42,25.39,25.42,25.3,216
2023-06-26 17:58:00,9103,25.3898,25.39,25.39,25.41,25.36,127
2023-06-26 18:00:00,289,25.3895,25.39,25.39,25.39,25.39,10
2023-06-26 18:01:00,2126,25.3831,25.39,25.39,25.39,25.37,47
2023-06-26 18:02:00,654,25.3881,25.395,25.395,25.395,25.395,14
2023-06-26 18:04:00,2056,25.3909,25.41,25.39,25.41,25.39,42
2023-06-26 18:05:00,1639,25.3229,25.345,25.315,25.345,25.315,42
2023-06-26 18:06:00,235,25.3128,25.315,25.315,25.315,25.315,4
2023-06-26 18:07:00,4175,25.3179,25.3001,25.38,25.38,25.3001,45
2023-06-26 18:08:00,3540,25.3762,25.38,25.33,25.395,25.325,72
2023-06-26 18:09:00,710,25.3245,25.3499,25.31,25.3499,25.3,15
2023-06-26 18:10:00,715,25.3241,25.32,25.33,25.33,25.32,27
2023-06-26 18:11:00,724,25.3407,25.35,25.34,25.35,25.34,35
2023-06-26 18:12:00,1349,25.3296,25.34,25.3209,25.34,25.31,33
2023-06-26 18:13:00,413,25.3134,25.32,25.3109,25.32,25.3109,5
2023-06-26 18:14:00,3046,25.32,25.33,25.31,25.33,25.31,58
2023-06-26 18:15:00,1147,25.2947,25.3,25.28,25.3,25.28,30
2023-06-26 18:16:00,1189,25.2919,25.29,25.295,25.295,25.29,24
2023-06-26 18:17:00,1253,25.3192,25.32,25.32,25.32,25.32,17
2023-06-26 18:18:00,797,25.3058,25.3,25.31,25.31,25.3,31
2023-06-26 18:19:00,1178,25.3376,25.32,25.33,25.34,25.32,24
2023-06-26 18:20:00,2407,25.3781,25.36,25.38,25.4,25.36,40
2023-06-26 18:21:00,2146,25.3808,25.38,25.37,25.395,25.37,41
2023-06-26 18:22:00,152,25.3801,25.38,25.38,25.38,25.38,4
2023-06-26 18:23:00,226,25.3697,25.37,25.37,25.37,25.37,9
2023-06-26 18:24:00,403,25.3687,25.37,25.37,25.37,25.37,27
2023-06-26 18:25:00,1166,25.3753,25.369,25.4,25.4,25.369,25
2023-06-26 18:26:00,1265,25.3666,25.39,25.36,25.39,25.36,34
2023-06-26 18:27:00,749,25.3699,25.36,25.37,25.37,25.36,17
2023-06-26 18:28:00,1080,25.3816,25.38,25.4,25.4,25.38,24
2023-06-26 18:29:00,430,25.3877,25.39,25.39,25.39,25.39,9
2023-06-26 18:30:00,1242,25.3886,25.39,25.38,25.4,25.38,38
2023-06-26 18:31:00,12129,25.3935,25.36,25.4,25.42,25.36,153
2023-06-26 18:32:00,314,25.3802,25.375,25.375,25.375,25.375,6
2023-06-26 18:33:00,511,25.374,25.3739,25.3739,25.3739,25.3739,5
2023-06-26 18:34:00,2276,25.4015,25.39,25.41,25.415,25.39,37
2023-06-26 18:35:00,36388,25.414,25.405,25.4,25.49,25.38,269
2023-06-26 18:36:00,6587,25.3958,25.4,25.415,25.415,25.38,67
2023-06-26 18:37:00,544,25.4164,25.415,25.425,25.425,25.415,6
2023-06-26 18:38:00,840,25.4044,25.405,25.405,25.405,25.4025,8
2023-06-26 18:39:00,3826,25.3797,25.39,25.39,25.39,25.37,93
2023-06-26 18:40:00,4105,25.3856,25.385,25.38,25.39,25.375,59
2023-06-26 18:41:00,1254,25.3975,25.39,25.405,25.405,25.39,27
2023-06-26 18:42:00,1894,25.3829,25.405,25.37,25.405,25.37,43
2023-06-26 18:43:00,2509,25.3437,25.36,25.29,25.36,25.29,66
2023-06-26 18:44:00,1835,25.2697,25.28,25.255,25.2891,25.255,39
2023-06-26 18:45:00,6711,25.2553,25.26,25.31,25.31,25.245,78
2023-06-26 18:46:00,1038,25.3167,25.3,25.34,25.34,25.3,32
2023-06-26 18:47:00,2350,25.3922,25.39,25.385,25.4,25.38,32
2023-06-26 18:48:00,2292,25.3749,25.38,25.38,25.38,25.37,51
2023-06-26 18:49:00,2288,25.3691,25.38,25.36,25.38,25.36,47
2023-06-26 18:51:00,1418,25.3744,25.37,25.38,25.38,25.365,22
2023-06-26 18:52:00,2081,25.3869,25.38,25.39,25.4,25.3727,43
2023-06-26 18:53:00,1615,25.39,25.405,25.38,25.405,25.37,40
2023-06-26 18:54:00,1138,25.374,25.37,25.37,25.38,25.37,26
2023-06-26 18:55:00,768,25.3849,25.38,25.4,25.4,25.38,17
2023-06-26 18:56:00,1124,25.3881,25.4,25.4,25.4,25.4,14
2023-06-26 18:57:00,5506,25.3769,25.4,25.38,25.4,25.35,118
2023-06-26 18:58:00,1018,25.3616,25.36,25.38,25.38,25.36,30
2023-06-26 18:59:00,1147,25.3882,25.39,25.39,25.39,25.39,21
2023-06-26 19:00:00,1340,25.3912,25.4,25.39,25.4,25.39,29
2023-06-26 19:01:00,2867,25.3863,25.39,25.36,25.39,25.36,40
2023-06-26 19:03:00,1901,25.3884,25.37,25.395,25.41,25.37,36
2023-06-26 19:04:00,1295,25.3926,25.395,25.39,25.395,25.39,19
2023-06-26 19:05:00,4474,25.3868,25.38,25.37,25.4,25.37,66
2023-06-26 19:06:00,1631,25.3893,25.38,25.4,25.4,25.38,14
2023-06-26 19:07:00,769,25.3755,25.39,25.36,25.39,25.36,21
2023-06-26 19:08:00,2904,25.3541,25.37,25.345,25.37,25.34,61
2023-06-26 19:09:00,2752,25.3435,25.34,25.36,25.36,25.34,50
2023-06-26 19:10:00,2269,25.3588,25.35,25.36,25.37,25.35,31
2023-06-26 19:11:00,1996,25.346,25.37,25.34,25.37,25.33,45
2023-06-26 19:12:00,1826,25.3535,25.335,25.379,25.379,25.32,42
2023-06-26 19:13:00,2148,25.3883,25.39,25.38,25.41,25.36,51
2023-06-26 19:14:00,889,25.3834,25.39,25.37,25.39,25.37,11
2023-06-26 19:15:00,6276,25.3756,25.39,25.35,25.395,25.35,128
2023-06-26 19:16:00,762,25.3737,25.36,25.38,25.38,25.36,12
2023-06-26 19:17:00,5938,25.3863,25.38,25.395,25.4,25.365,80
2023-06-26 19:18:00,11906,25.3982,25.395,25.39,25.42,25.39,212
2023-06-26 19:19:00,2825,25.3925,25.395,25.4,25.4,25.37,45
2023-06-26 19:20:00,3968,25.3517,25.37,25.34,25.37,25.34,100
2023-06-26 19:21:00,3188,25.3801,25.37,25.35,25.4,25.35,52
2023-06-26 19:22:00,2031,25.3381,25.34,25.34,25.34,25.33,37
2023-06-26 19:23:00,1537,25.3131,25.32,25.2875,25.32,25.2875,43
2023-06-26 19:24:00,4438,25.2988,25.3,25.28,25.32,25.275,75
2023-06-26 19:25:00,1810,25.3128,25.3,25.33,25.33,25.3,27
2023-06-26 19:26:00,5313,25.3006,25.335,25.28,25.335,25.27,77
2023-06-26 19:27:00,3581,25.2488,25.3,25.2,25.3,25.2,89
2023-06-26 19:28:00,59375,25.2003,25.22,25.19,25.22,25.18,156
2023-06-26 19:29:00,6803,25.2237,25.19,25.305,25.31,25.19,106
2023-06-26 19:30:00,2553,25.3517,25.32,25.38,25.38,25.32,38
2023-06-26 19:31:00,2109,25.3799,25.38,25.415,25.415,25.365,43
2023-06-26 19:32:00,2926,25.3804,25.39,25.46,25.46,25.36,63
2023-06-26 19:33:00,1554,25.4532,25.44,25.48,25.48,25.435,22
2023-06-26 19:34:00,3459,25.4615,25.48,25.45,25.48,25.45,98
2023-06-26 19:35:00,1526,25.4792,25.44,25.53,25.55,25.44,40
2023-06-26 19:36:00,3242,25.5517,25.55,25.58,25.58,25.53,77
2023-06-26 19:37:00,1912,25.6269,25.57,25.65,25.65,25.57,38
2023-06-26 19:38:00,3586,25.6201,25.63,25.61,25.65,25.6,82
2023-06-26 19:39:00,2285,25.6442,25.62,25.67,25.67,25.62,44
2023-06-26 19:40:00,5809,25.7119,25.655,25.72,25.7564,25.6401,125
2023-06-26 19:41:00,2466,25.6721,25.65,25.675,25.7,25.65,17
2023-06-26 19:42:00,7014,25.649,25.7,25.65,25.7,25.64,91
2023-06-26 19:43:00,2397,25.5855,25.61,25.57,25.61,25.57,51
2023-06-26 19:44:00,1868,25.5464,25.565,25.55,25.565,25.52,51
2023-06-26 19:45:00,2353,25.5493,25.56,25.54,25.56,25.53,44
2023-06-26 19:46:00,4258,25.5041,25.5101,25.455,25.535,25.455,82
2023-06-26 19:47:00,2094,25.445,25.44,25.45,25.45,25.44,48
2023-06-26 19:48:00,2934,25.4756,25.47,25.4706,25.5,25.46,50
2023-06-26 19:49:00,6670,25.4651,25.5,25.431,25.5,25.431,102
2023-06-26 19:50:00,4049,25.4246,25.42,25.47,25.47,25.39,78
2023-06-26 19:51:00,3195,25.4604,25.47,25.45,25.48,25.42,39
2023-06-26 19:52:00,9396,25.4771,25.425,25.48,25.51,25.425,145
2023-06-26 19:53:00,6843,25.4699,25.47,25.4858,25.49,25.44,93
2023-06-26 19:54:00,14865,25.4265,25.47,25.41,25.47,25.38,297
2023-06-26 19:55:00,18449,25.352,25.405,25.32,25.405,25.31,302
2023-06-26 19:56:00,8243,25.3938,25.35,25.44,25.44,25.349,109
2023-06-26 19:57:00,10040,25.4029,25.425,25.39,25.44,25.37,184
2023-06-26 19:58:00,10993,25.4071,25.42,25.4,25.42,25.4,175
2023-06-26 19:59:00,10586,25.3969,25.4,25.4,25.42,25.38,156
2023-06-26 20:00:00,4974,25.4,25.4,25.4,25.4,25.4,11
2023-06-27 12:00:00,114,25.7207,25.72,25.72,25.72,25.72,4
2023-06-27 13:30:00,5238,25.6571,25.63,26.03,26.03,25.63,26
2023-06-27 13:31:00,100,25.91,25.91,25.91,25.91,25.91,1
2023-06-27 13:32:00,1280,25.8133,25.8045,25.865,25.875,25.8045,7
2023-06-27 13:33:00,1750,25.6863,25.65,25.785,25.785,25.65,30
2023-06-27 13:34:00,284,25.8023,25.785,25.9,25.9,25.785,13
2023-06-27 13:35:00,1283,25.7841,25.79,25.75,25.79,25.75,36
2023-06-27 13:36:00,3253,25.7756,25.74,25.87,25.87,25.74,59
2023-06-27 13:38:00,445,25.9339,25.97,25.97,25.97,25.9,15
2023-06-27 13:39:00,2076,25.9154,25.95,25.9055,25.95,25.9,27
2023-06-27 13:40:00,2911,25.9044,25.92,25.9,25.936,25.9,16
2023-06-27 13:42:00,2336,25.9679,25.895,25.96,25.98,25.895,47
2023-06-27 13:43:00,943,25.9743,26.04,26.02,26.04,25.913,19
2023-06-27 13:44:00,1973,26.008,26.03,25.99,26.04,25.95,43
2023-06-27 13:45:00,851,25.9423,25.95,25.895,25.955,25.895,15
2023-06-27 13:46:00,1594,25.9011,25.96,25.87,25.96,25.87,27
2023-06-27 13:47:00,476,25.8749,25.85,25.9036,25.9036,25.85,6
2023-06-27 13:48:00,105,25.7828,25.78,25.78,25.78,25.78,2
2023-06-27 13:49:00,534,25.8452,25.8,25.8,25.8,25.8,10
2023-06-27 13:50:00,997,25.7461,25.76,25.76,25.76,25.76,10
2023-06-27 13:51:00,963,25.766,25.76,25.82,25.82,25.7,17
2023-06-27 13:52:00,1887,25.8216,25.7,25.86,25.87,25.7,54
2023-06-27 13:53:00,1723,25.8845,25.9,25.91,25.91,25.89,56
2023-06-27 13:54:00,1674,25.8164,25.91,25.78,25.91,25.78,34
2023-06-27 13:55:00,1049,25.7696,25.78,25.735,25.78,25.735,30
2023-06-27 13:56:00,1267,25.8081,25.77,25.85,25.85,25.74,31
2023-06-27 13:57:00,1495,25.8593,25.805,25.88,25.88,25.805,40
2023-06-27 13:58:00,1246,25.8085,25.8,25.83,25.83,25.8,23
2023-06-27 13:59:00,913,25.8882,25.85,25.93,25.93,25.85,27
2023-06-27 14:00:00,2642,25.9528,25.95,25.97,25.97,25.95,31
2023-06-27 14:01:00,3355,25.9021,25.92,25.905,25.93,25.88,36
2023-06-27 14:03:00,4219,25.9738,25.97,25.97,26.0,25.95,63
2023-06-27 14:04:00,626,25.9442,25.94,25.94,25.94,25.94,16
2023-06-27 14:05:00,1248,25.95,25.97,25.905,25.98,25.89,34
2023-06-27 14:06:00,1498,25.8651,25.87,25.83,25.87,25.83,21
2023-06-27 14:07:00,2592,25.7595,25.79,25.7275,25.81,25.7275,28
2023-06-27 14:08:00,2282,25.8016,25.71,25.85,25.86,25.71,53
2023-06-27 14:09:00,135,25.857,25.86,25.86,25.86,25.86,4
2023-06-27 14:11:00,205,25.8802,25.88,25.88,25.88,25.88,4
2023-06-27 14:12:00,1214,25.8013,25.8643,25.79,25.8643,25.79,28
2023-06-27 14:13:00,1835,25.7532,25.75,25.78,25.78,25.7125,33
2023-06-27 14:14:00,1273,25.8111,25.8,25.81,25.81,25.8,39
2023-06-27 14:15:00,946,25.8846,25.87,25.9,25.9,25.87,18
2023-06-27 14:17:00,215,25.8507,25.84,25.84,25.84,25.84,10
2023-06-27 14:18:00,482,25.8587,25.84,25.84,25.84,25.84,22
2023-06-27 14:19:00,2128,25.8888,25.88,25.88,25.91,25.88,48
2023-06-27 14:20:00,1129,25.8698,25.88,25.86,25.88,25.86,25
2023-06-27 14:21:00,300,25.858,25.86,25.86,25.86,25.86,3
2023-06-27 14:22:00,289,25.8514,25.86,25.835,25.86,25.835,5
2023-06-27 14:23:00,1671,25.9063,25.9,25.945,25.945,25.9,37
2023-06-27 14:24:00,256,25.9582,25.945,25.945,25.945,25.945,8
2023-06-27 14:25:00,2470,25.9535,25.995,25.965,25.995,25.93,44
2023-06-27 14:26:00,547,25.9937,25.965,26.0001,26.0099,25.965,6
2023-06-27 14:27:00,873,26.007,26.01,26.01,26.02,26.01,18
2023-06-27 14:28:00,157,26.0157,26.01,26.01,26.01,26.01,6
2023-06-27 14:29:00,1479,25.9936,26.01,25.99,26.01,25.99,35
2023-06-27 14:30:00,106,25.9762,25.975,25.975,25.975,25.975,6
2023-06-27 14:31:00,1308,26.0189,26.04,26.015,26.04,26.015,29
2023-06-27 14:32:00,1620,25.9525,25.96,25.94,25.98,25.93,31
2023-06-27 14:33:00,1036,25.9159,25.88,25.94,25.94,25.88,22
2023-06-27 14:34:00,1663,25.9493,25.95,25.97,25.97,25.945,46
2023-06-27 14:35:00,107,25.9683,25.97,25.97,25.97,25.97,5
2023-06-27 14:36:00,243,25.949,25.94,25.94,25.94,25.94,7
2023-06-27 14:37:00,112,25.9391,25.94,25.94,25.94,25.94,6
2023-06-27 14:38:00,846,25.9619,25.97,25.97,25.97,25.96,28
2023-06-27 14:40:00,716,26.0044,26.0,26.01,26.01,26.0,21
2023-06-27 14:41:00,2625,25.9532,25.98,25.885,25.98,25.885,47
2023-06-27 14:42:00,560,25.8892,25.88,25.92,25.92,25.88,12
2023-06-27 14:43:00,326,25.8587,25.8,25.83,25.83,25.8,11
2023-06-27 14:44:00,483,25.8093,25.79,25.81,25.81,25.79,24
2023-06-27 14:45:00,137,25.8204,25.82,25.82,25.82,25.82,8
2023-06-27 14:46:00,459,25.8156,25.86,25.8,25.86,25.7853,10
2023-06-27 14:47:00,1116,25.7753,25.7734,25.79,25.79,25.7734,8
2023-06-27 14:48:00,796,25.8094,25.785,25.82,25.82,25.785,19
2023-06-27 14:49:00,1223,25.8612,25.815,25.87,25.87,25.815,30
2023-06-27 14:50:00,419,25.9053,25.91,25.91,25.91,25.91,21
2023-06-27 14:51:00,1806,25.947,25.98,25.97,25.98,25.93,31
2023-06-27 14:52:00,1570,25.9542,25.99,25.94,26.0,25.93,34
2023-06-27 14:53:00,333,25.9404,25.98,25.9,25.98,25.9,13
2023-06-27 14:54:00,2190,25.886,25.9,25.85,25.91,25.84,45
2023-06-27 14:55:00,268,25.8582,25.88,25.88,25.88,25.88,9
2023-06-27 14:56:00,1328,25.8143,25.8225,25.8,25.8225,25.78,33
2023-06-27 14:57:00,1517,25.8597,25.86,25.87,25.89,25.86,38
2023-06-27 14:58:00,237,25.8829,25.9,25.9,25.9,25.9,9
2023-06-27 14:59:00,343,25.8529,25.89,25.89,25.89,25.89,14
2023-06-27 15:00:00,233,25.8665,25.89,25.89,25.89,25.89,8
2023-06-27 15:01:00,2335,25.8079,25.87,25.82,25.87,25.795,32
2023-06-27 15:02:00,119,25.8484,25.85,25.85,25.85,25.85,9
2023-06-27 15:03:00,235,25.8455,25.835,25.835,25.835,25.835,7
2023-06-27 15:04:00,1454,25.7996,25.83,25.84,25.84,25.77,35
2023-06-27 15:05:00,1670,25.8487,25.85,25.89,25.89,25.8,37
2023-06-27 15:08:00,3188,25.7708,25.79,25.76,25.79,25.75,48
2023-06-27 15:09:00,2756,25.7975,25.745,25.85,25.85,25.745,61
2023-06-27 15:11:00,1280,25.8491,25.83,25.87,25.87,25.83,40
2023-06-27 15:12:00,1036,25.8951,25.89,25.89,25.9,25.885,22
2023-06-27 15:13:00,806,25.8824,25.89,25.89,25.89,25.89,23
2023-06-27 15:14:00,1314,25.9087,25.9,25.93,25.93,25.9,37
2023-06-27 15:15:00,598,25.9472,25.94,25.97,25.97,25.94,24
2023-06-27 15:16:00,474,25.9543,25.95,25.97,25.97,25.95,16
2023-06-27 15:17:00,905,25.9619,25.97,25.97,25.97,25.97,17
2023-06-27 15:18:00,1653,25.932,25.97,25.92,25.97,25.91,40
2023-06-27 15:19:00,2587,25.9027,25.89,25.91,25.91,25.89,61
2023-06-27 15:20:00,666,25.9483,25.96,25.96,25.96,25.96,38
2023-06-27 15:21:00,382,25.9598,25.97,25.97,25.97,25.97,34
2023-06-27 15:22:00,547,25.9552,25.955,25.962,25.962,25.955,9
2023-06-27 15:23:00,1144,25.9566,25.97,25.96,25.97,25.96,30
2023-06-27 15:24:00,513,25.9572,25.97,25.95,25.97,25.95,18
2023-06-27 15:25:00,2676,25.9378,25.93,25.95,25.955,25.93,65
2023-06-27 15:26:00,1134,25.9564,25.945,25.95,25.97,25.94,29
2023-06-27 15:27:00,603,25.9604,25.94,25.97,25.97,25.94,17
2023-06-27 15:28:00,902,25.9824,25.98,25.99,25.99,25.98,30
2023-06-27 15:29:00,1021,26.0031,25.995,26.02,26.02,25.995,26
2023-06-27 15:30:00,1003,25.9979,26.015,25.99,26.015,25.99,18
2023-06-27 15:31:00,819,25.9965,26.0,26.0,26.0,26.0,14
2023-06-27 15:33:00,1271,26.0015,26.02,26.0,26.02,26.0,33
2023-06-27 15:34:00,448,26.0117,26.01,26.01,26.01,26.01,17
2023-06-27 15:35:00,630,26.0126,26.02,26.02,26.02,26.02,25
2023-06-27 15:36:00,1347,26.0203,26.01,26.03,26.03,26.01,38
2023-06-27 15:37:00,2637,26.0179,26.05,26.0,26.05,25.97,63
2023-06-27 15:38:00,118,25.9992,26.0,26.0,26.0,26.0,5
2023-06-27 15:39:00,736,25.9984,25.985,26.01,26.01,25.985,12
2023-06-27 15:42:00,1271,26.0016,25.99,26.0,26.02,25.99,22
2023-06-27 15:43:00,137,26.0013,26.0,26.0,26.0,26.0,3
2023-06-27 15:45:00,3682,25.991,25.99,25.9675,26.0,25.9675,40
2023-06-27 15:46:00,774,25.982,25.985,25.985,25.985,25.98,8
2023-06-27 15:47:00,1381,25.9566,25.99,25.925,25.99,25.925,25
2023-06-27 15:48:00,311,25.911,25.915,25.91,25.915,25.91,5
2023-06-27 15:49:00,385,25.8999,25.8875,25.905,25.905,25.8875,14
2023-06-27 15:50:00,2508,25.9495,25.94,25.975,25.975,25.94,43
2023-06-27 15:51:00,190,25.9715,25.965,25.965,25.965,25.965,7
2023-06-27 15:52:00,1100,25.9534,25.96,25.95,25.96,25.95,25
2023-06-27 15:53:00,1616,25.941,25.96,25.93,25.96,25.93,39
2023-06-27 15:55:00,548,25.9385,25.925,25.925,25.925,25.925,14
2023-06-27 15:57:00,742,25.9207,25.925,25.91,25.925,25.91,11
2023-06-27 15:58:00,384,25.9224,25.92,25.92,25.92,25.92,8
2023-06-27 15:59:00,165,25.9216,25.925,25.925,25.925,25.925,5
2023-06-27 16:00:00,732,25.924,25.925,25.925,25.925,25.9175,8
2023-06-27 16:01:00,232,25.9144,25.9175,25.91,25.9175,25.91,5
2023-06-27 16:02:00,1182,25.9214,25.925,25.925,25.94,25.91,18
2023-06-27 16:03:00,3278,25.918,25.94,25.91,25.94,25.91,49
2023-06-27 16:04:00,2314,25.91,25.91,25.905,25.92,25.89,42
2023-06-27 16:07:00,101,25.9049,25.905,25.905,25.905,25.905,2
2023-06-27 16:08:00,4496,25.9139,25.92,25.885,25.93,25.885,95
2023-06-27 16:09:00,110,25.875,25.875,25.875,25.875,25.875,1
2023-06-27 16:10:00,676,25.8685,25.875,25.87,25.875,25.87,7
2023-06-27 16:11:00,1046,25.9065,25.9,25.9,25.92,25.9,43
2023-06-27 16:12:00,1246,25.8981,25.91,25.88,25.91,25.88,21
2023-06-27 16:13:00,171,25.9045,25.9,25.9,25.9,25.9,10
2023-06-27 16:15:00,412,25.902,25.9006,25.9006,25.9006,25.9006,4
2023-06-27 16:16:00,337,25.9017,25.9086,25.9,25.9086,25.895,8
2023-06-27 16:17:00,1033,25.8951,25.89,25.9,25.9,25.89,14
2023-06-27 16:18:00,397,25.8975,25.89,25.9,25.9,25.89,8
2023-06-27 16:19:00,1183,25.9167,25.895,25.92,25.93,25.895,36
2023-06-27 16:22:00,335,25.9288,25.925,25.925,25.925,25.925,15
2023-06-27 16:24:00,1054,25.9445,25.93,25.945,25.96,25.93,37
2023-06-27 16:25:00,440,25.9539,25.945,25.95,25.95,25.945,8
2023-06-27 16:26:00,513,25.9526,25.97,25.946,25.97,25.946,8
2023-06-27 16:27:00,602,25.9431,25.945,25.945,25.945,25.945,13
2023-06-27 16:29:00,801,25.9297,25.92,25.95,25.95,25.92,5
2023-06-27 16:30:00,405,25.943,25.935,25.95,25.95,25.935,4
2023-06-27 16:31:00,4362,25.9733,25.935,26.01,26.01,25.935,65
2023-06-27 16:32:00,1991,26.0106,26.01,26.01,26.02,26.01,33
2023-06-27 16:33:00,302,26.02,26.02,26.02,26.02,26.02,3
2023-06-27 16:34:00,783,26.0151,26.015,26.015,26.015,26.015,14
2023-06-27 16:35:00,112,26.0105,26.01,26.01,26.01,26.01,3
2023-06-27 16:36:00,219,26.0045,26.015,25.995,26.015,25.995,3
2023-06-27 16:38:00,305,26.0044,26.015,26.015,26.015,26.015,9
2023-06-27 16:39:00,2533,25.9741,25.995,25.92,25.995,25.92,58
2023-06-27 16:40:00,400,25.9125,25.92,25.91,25.92,25.91,6
2023-06-27 16:41:00,174,25.9145,25.9,25.9,25.9,25.9,5
2023-06-27 16:42:00,300,25.91,25.92,25.91,25.92,25.9,3
2023-06-27 16:43:00,1857,25.9264,25.92,25.935,25.94,25.9,27
2023-06-27 16:44:00,669,25.955,25.95,25.95,25.95,25.95,32
2023-06-27 16:45:00,719,25.9744,25.97,25.97,25.97,25.97,22
2023-06-27 16:46:00,1147,26.0195,26.0,26.04,26.04,26.0,38
2023-06-27 16:47:00,189,26.0401,26.04,26.04,26.04,26.04,12
2023-06-27 16:49:00,2598,26.082,26.06,26.1,26.13,26.06,54
2023-06-27 16:50:00,501,26.1093,26.1,26.1,26.1,26.1,19
2023-06-27 16:52:00,1125,26.1352,26.14,26.14,26.14,26.14,23
2023-06-27 16:54:00,102,26.1105,26.11,26.11,26.11,26.11,3
2023-06-27 16:55:00,463,26.1075,26.1,26.1,26.1,26.1,12
2023-06-27 16:57:00,550,26.0582,26.06,26.06,26.06,26.06,20
2023-06-27 16:59:00,1638,26.0223,26.01,26.0,26.03,26.0,29
2023-06-27 17:00:00,229,25.9726,25.97,25.97,25.97,25.97,5
2023-06-27 17:03:00,470,25.9235,25.94,25.92,25.94,25.92,18
2023-06-27 17:04:00,300,25.925,25.925,25.925,25.925,25.925,2
2023-06-27 17:05:00,417,25.931,25.925,25.925,25.925,25.925,11
2023-06-27 17:07:00,366,25.9211,25.92,25.92,25.92,25.92,6
2023-06-27 17:08:00,192,25.93,25.93,25.93,25.93,25.93,6
2023-06-27 17:10:00,313,25.9229,25.93,25.93,25.93,25.93,12
2023-06-27 17:12:00,4409,25.9051,25.91,25.9,25.91,25.895,70
2023-06-27 17:13:00,2093,25.9097,25.9,25.9,25.92,25.9,54
2023-06-27 17:14:00,384,25.9396,25.94,25.94,25.94,25.94,14
2023-06-27 17:16:00,268,25.9549,25.955,25.955,25.955,25.955,9
2023-06-27 17:17:00,474,25.9589,25.97,25.97,25.97,25.97,13
2023-06-27 17:19:00,343,25.9747,25.975,25.975,25.975,25.975,14
2023-06-27 17:20:00,1133,25.9914,25.975,25.99,25.99,25.975,27
2023-06-27 17:21:00,395,25.9928,26.0,26.0,26.0,26.0,12
2023-06-27 17:22:00,399,26.0179,26.01,26.03,26.03,26.01,11
2023-06-27 17:23:00,739,26.0332,26.04,26.025,26.04,26.025,16
2023-06-27 17:26:00,215,26.04,26.04,26.04,26.04,26.04,3
2023-06-27 17:27:00,128,26.0352,26.035,26.035,26.035,26.035,6
2023-06-27 17:28:00,410,26.0251,26.01,26.035,26.035,26.01,3
2023-06-27 17:29:00,518,26.0231,26.01,26.01,26.01,26.01,11
2023-06-27 17:30:00,774,26.0283,26.035,26.015,26.035,26.01,9
2023-06-27 17:32:00,244,26.0349,26.035,26.035,26.035,26.035,6
2023-06-27 17:33:00,1002,26.0591,26.06,26.06,26.06,26.06,28
2023-06-27 17:34:00,1327,26.0753,26.07,26.09,26.09,26.07,24
2023-06-27 17:35:00,813,26.0889,26.09,26.1,26.1,26.09,28
2023-06-27 17:36:00,4091,26.0813,26.1,26.05,26.115,26.03,70
2023-06-27 17:37:00,600,26.0282,26.02,26.015,26.02,26.015,7
2023-06-27 17:38:00,364,26.0154,26.015,26.015,26.015,26.015,15
2023-06-27 17:39:00,1658,26.0367,26.015,26.055,26.09,26.015,37
2023-06-27 17:41:00,633,26.0443,26.05,26.0389,26.05,26.0389,7
2023-06-27 17:42:00,637,26.0207,26.04,26.02,26.04,26.01,8
2023-06-27 17:43:00,245,26.0289,26.02,26.035,26.035,26.02,3
2023-06-27 17:44:00,259,26.0391,26.04,26.04,26.04,26.04,5
2023-06-27 17:45:00,1977,26.0637,26.06,26.06,26.08,26.06,52
2023-06-27 17:46:00,1874,26.0333,26.05,26.02,26.05,26.02,33
2023-06-27 17:47:00,497,26.0241,26.02,26.01,26.02,26.01,10
2023-06-27 17:49:00,614,26.0354,26.035,26.035,26.035,26.035,17
2023-06-27 17:50:00,1406,26.009,26.03,25.99,26.03,25.99,31
2023-06-27 17:51:00,2368,26.0229,26.01,26.05,26.05,26.01,46
2023-06-27 17:52:00,366,26.0485,26.05,26.05,26.05,26.05,4
2023-06-27 17:53:00,1039,26.0559,26.06,26.06,26.06,26.06,24
2023-06-27 17:54:00,1239,26.0862,26.07,26.1059,26.1059,26.06,37
2023-06-27 17:55:00,1167,26.1173,26.11,26.14,26.14,26.11,34
2023-06-27 17:56:00,975,26.1411,26.14,26.15,26.15,26.14,27
2023-06-27 17:57:00,1532,26.1543,26.16,26.155,26.16,26.15,28
2023-06-27 17:58:00,764,26.1562,26.17,26.155,26.17,26.155,14
2023-06-27 17:59:00,355,26.1692,26.17,26.17,26.17,26.17,14
2023-06-27 18:00:00,2361,26.2506,26.17,26.3,26.31,26.17,53
2023-06-27 18:01:00,1790,26.2838,26.305,26.275,26.305,26.27,32
2023-06-27 18:02:00,1029,26.2605,26.275,26.25,26.275,26.25,22
2023-06-27 18:03:00,172,26.271,26.28,26.28,26.28,26.28,9
2023-06-27 18:04:00,1765,26.244,26.255,26.24,26.255,26.22,36
2023-06-27 18:08:00,1084,26.2213,26.24,26.21,26.24,26.21,26
2023-06-27 18:09:00,1279,26.1679,26.19,26.155,26.19,26.155,34
2023-06-27 18:12:00,213,26.1381,26.125,26.15,26.15,26.125,6
2023-06-27 18:14:00,852,26.1534,26.125,26.17,26.17,26.12,9
2023-06-27 18:15:00,403,26.1507,26.13,26.17,26.17,26.13,12
2023-06-27 18:16:00,2053,26.156,26.19,26.14,26.19,26.13,67
2023-06-27 18:17:00,431,26.1147,26.135,26.08,26.135,26.08,13
2023-06-27 18:19:00,700,26.1455,26.12,26.16,26.16,26.12,19
2023-06-27 18:22:00,111,26.0934,26.09,26.09,26.09,26.09,6
2023-06-27 18:23:00,698,26.1129,26.12,26.12,26.12,26.1,16
2023-06-27 18:24:00,467,26.1266,26.12,26.1,26.15,26.1,10
2023-06-27 18:25:00,2238,26.122,26.09,26.13,26.14,26.09,58
2023-06-27 18:26:00,523,26.1362,26.13,26.14,26.15,26.13,9
2023-06-27 18:28:00,324,26.1357,26.135,26.135,26.135,26.135,7
2023-06-27 18:29:00,440,26.1201,26.12,26.12,26.12,26.12,12
2023-06-27 18:30:00,761,26.13,26.125,26.14,26.14,26.125,18
2023-06-27 18:31:00,285,26.125,26.125,26.125,26.125,26.125,7
2023-06-27 18:32:00,2026,26.1125,26.13,26.115,26.13,26.1,54
2023-06-27 18:34:00,375,26.1101,26.11,26.11,26.11,26.11,11
2023-06-27 18:36:00,1173,26.1184,26.11,26.12,26.12,26.11,34
2023-06-27 18:37:00,743,26.1327,26.13,26.1323,26.14,26.13,16
2023-06-27 18:38:00,1468,26.1586,26.16,26.2,26.2,26.16,59
2023-06-27 18:39:00,2568,26.1862,26.19,26.165,26.19,26.165,44
2023-06-27 18:40:00,596,26.1622,26.165,26.165,26.165,26.15,13
2023-06-27 18:42:00,1387,26.1484,26.15,26.14,26.15,26.14,26
2023-06-27 18:43:00,430,26.1486,26.15,26.15,26.15,26.15,14
2023-06-27 18:44:00,404,26.1448,26.145,26.15,26.15,26.145,14
2023-06-27 18:45:00,1096,26.1266,26.13,26.12,26.13,26.12,17
2023-06-27 18:46:00,340,26.11,26.11,26.11,26.11,26.11,12
2023-06-27 18:47:00,1797,26.128,26.11,26.14,26.14,26.11,42
2023-06-27 18:48:00,526,26.1407,26.14,26.14,26.14,26.14,7
2023-06-27 18:49:00,1319,26.1376,26.15,26.14,26.15,26.13,26
2023-06-27 18:50:00,226,26.1352,26.12,26.12,26.12,26.12,10
2023-06-27 18:51:00,668,26.1595,26.16,26.16,26.16,26.16,19
2023-06-27 18:52:00,529,26.1594,26.165,26.165,26.165,26.15,14
2023-06-27 18:53:00,208,26.1712,26.17,26.17,26.17,26.17,6
2023-06-27 18:55:00,1969,26.163,26.165,26.15,26.17,26.15,54
2023-06-27 18:57:00,512,26.1303,26.11,26.11,26.11,26.11,10
2023-06-27 18:58:00,642,26.1052,26.13,26.08,26.13,26.08,17
2023-06-27 18:59:00,2205,26.1449,26.13,26.16,26.16,26.13,51
2023-06-27 19:01:00,1861,26.1675,26.15,26.19,26.19,26.15,49
2023-06-27 19:02:00,905,26.1724,26.19,26.17,26.19,26.17,16
2023-06-27 19:03:00,608,26.1624,26.17,26.16,26.17,26.16,15
2023-06-27 19:04:00,1207,26.1783,26.165,26.2,26.2,26.165,40
2023-06-27 19:06:00,1148,26.1828,26.195,26.195,26.195,26.18,19
2023-06-27 19:07:00,596,26.1666,26.17,26.15,26.17,26.15,12
2023-06-27 19:09:00,667,26.1595,26.175,26.13,26.175,26.13,15
2023-06-27 19:10:00,371,26.1321,26.13,26.13,26.13,26.13,7
2023-06-27 19:11:00,473,26.1156,26.12,26.11,26.12,26.11,15
2023-06-27 19:12:00,1165,26.0959,26.1,26.08,26.1,26.08,27
2023-06-27 19:13:00,523,26.1054,26.105,26.105,26.105,26.105,17
2023-06-27 19:14:00,184,26.1,26.1,26.1,26.1,26.1,4
2023-06-27 19:15:00,2450,26.1439,26.12,26.19,26.2,26.12,58
2023-06-27 19:16:00,1683,26.1742,26.19,26.17,26.19,26.165,24
2023-06-27 19:17:00,263,26.1524,26.15,26.15,26.15,26.15,9
2023-06-27 19:18:00,749,26.1859,26.19,26.19,26.19,26.19,20
2023-06-27 19:19:00,791,26.1786,26.18,26.185,26.185,26.18,21
2023-06-27 19:21:00,834,26.1849,26.18,26.185,26.2,26.18,27
2023-06-27 19:22:00,307,26.1841,26.185,26.185,26.185,26.185,8
2023-06-27 19:23:00,3888,26.193,26.2,26.16,26.22,26.16,90
2023-06-27 19:24:00,1727,26.1742,26.16,26.19,26.19,26.155,52
2023-06-27 19:25:00,592,26.1794,26.18,26.18,26.18,26.18,19
2023-06-27 19:26:00,210,26.1904,26.19,26.19,26.19,26.19,11
2023-06-27 19:27:00,490,26.2154,26.23,26.23,26.23,26.23,25
2023-06-27 19:28:00,1399,26.2491,26.23,26.27,26.27,26.23,36
2023-06-27 19:29:00,2488,26.2407,26.265,26.235,26.265,26.21,43
2023-06-27 19:30:00,1478,26.2258,26.21,26.24,26.24,26.21,21
2023-06-27 19:31:00,347,26.2199,26.21,26.21,26.21,26.21,16
2023-06-27 19:32:00,1343,26.1775,26.19,26.15,26.2,26.15,39
2023-06-27 19:33:00,277,26.1627,26.16,26.16,26.16,26.16,12
2023-06-27 19:34:00,1333,26.1427,26.15,26.135,26.15,26.135,29
2023-06-27 19:35:00,1136,26.1274,26.13,26.11,26.13,26.105,18
2023-06-27 19:36:00,331,26.1414,26.1446,26.1446,26.1446,26.1446,4
2023-06-27 19:37:00,2617,26.1509,26.13,26.17,26.17,26.13,77
2023-06-27 19:38:00,279,26.169,26.17,26.17,26.17,26.17,8
2023-06-27 19:39:00,2430,26.1838,26.19,26.19,26.19,26.17,55
2023-06-27 19:40:00,250,26.1693,26.17,26.17,26.17,26.17,6
2023-06-27 19:41:00,3642,26.1465,26.165,26.13,26.165,26.13,69
2023-06-27 19:42:00,2611,26.1414,26.13,26.142,26.16,26.13,51
2023-06-27 19:43:00,920,26.1447,26.1268,26.135,26.135,26.1268,8
2023-06-27 19:44:00,3967,26.1524,26.15,26.15,26.17,26.135,69
2023-06-27 19:45:00,1236,26.1579,26.15,26.16,26.16,26.15,32
2023-06-27 19:46:00,832,26.1397,26.14,26.14,26.14,26.14,22
2023-06-27 19:47:00,1673,26.1485,26.15,26.14,26.16,26.14,38
2023-06-27 19:48:00,3108,26.1283,26.12,26.15,26.15,26.11,63
2023-06-27 19:49:00,1609,26.1629,26.14,26.17,26.1821,26.14,39
2023-06-27 19:50:00,2825,26.1615,26.16,26.16,26.175,26.15,49
2023-06-27 19:51:00,1848,26.1579,26.15,26.15,26.17,26.15,44
2023-06-27 19:52:00,5808,26.1448,26.165,26.14,26.165,26.135,91
2023-06-27 19:53:00,3500,26.1532,26.15,26.16,26.16,26.145,77
2023-06-27 19:54:00,2407,26.1589,26.16,26.16,26.17,26.15,62
2023-06-27 19:55:00,10065,26.1609,26.18,26.16,26.18,26.15,178
2023-06-27 19:56:00,4229,26.1463,26.14,26.145,26.15,26.14,87
2023-06-27 19:57:00,9526,26.1447,26.15,26.145,26.15,26.14,150
2023-06-27 19:58:00,5136,26.1634,26.145,26.17,26.18,26.145,102
2023-06-27 19:59:00,10085,26.1865,26.18,26.23,26.23,26.17,200
2023-06-27 20:00:00,608,26.2068,26.22,26.14,26.22,26.14,6
2023-06-27 20:46:00,179,26.4265,26.4265,26.4265,26.4265,26.4265,1
2023-06-28 13:30:00,21062,26.3387,26.2,26.67,26.67,26.2,122
2023-06-28 13:32:00,20326,26.5105,26.5025,26.53,26.565,26.465,55
2023-06-28 13:33:00,1504,26.4825,26.485,26.48,26.53,26.48,27
2023-06-28 13:34:00,1391,26.3652,26.35,26.43,26.43,26.275,30
2023-06-28 13:35:00,813,26.4711,26.375,26.4,26.52,26.375,16
2023-06-28 13:36:00,101,26.394,26.395,26.395,26.395,26.395,2
2023-06-28 13:37:00,2540,26.4924,26.52,26.51,26.56,26.3715,48
2023-06-28 13:39:00,362,26.604,26.59,26.59,26.61,26.59,6
2023-06-28 13:40:00,161,26.6582,26.62,26.62,26.62,26.62,6
2023-06-28 13:41:00,354,26.7306,26.72,26.72,26.72,26.72,4
2023-06-28 13:42:00,556,26.7325,26.725,26.71,26.74,26.71,6
2023-06-28 13:43:00,181,26.7121,26.705,26.705,26.705,26.705,3
2023-06-28 13:44:00,1508,26.7775,26.7899,26.7127,26.7899,26.7127,8
2023-06-28 13:46:00,137,26.705,26.705,26.705,26.705,26.705,3
2023-06-28 13:47:00,565,26.783,26.79,26.79,26.79,26.75,21
2023-06-28 13:48:00,515,26.942,26.87,26.98,26.98,26.87,12
2023-06-28 13:49:00,759,26.8914,26.9,26.88,26.9,26.84,36
2023-06-28 13:50:00,1530,26.8053,26.83,26.82,26.83,26.76,31
2023-06-28 13:51:00,3408,26.9321,26.89,26.95,26.95,26.88,34
2023-06-28 13:52:00,2149,26.9783,26.94,26.98,26.98,26.94,33
2023-06-28 13:53:00,988,26.963,26.95,26.965,26.99,26.95,23
2023-06-28 13:56:00,801,27.0386,27.03,27.04,27.06,27.02,15
2023-06-28 13:57:00,1018,27.022,27.04,27.0,27.04,27.0,25
2023-06-28 13:58:00,209,26.9856,26.9401,27.03,27.03,26.9401,4
2023-06-28 13:59:00,653,26.9705,26.97,26.97,26.98,26.97,23
2023-06-28 14:00:00,228,26.9672,26.97,26.97,26.97,26.97,16
2023-06-28 14:01:00,778,26.9538,26.988,26.97,26.988,26.92,21
2023-06-28 14:02:00,1266,26.9093,26.91,26.925,26.935,26.9,20
2023-06-28 14:03:00,1002,26.8528,26.89,26.8268,26.89,26.8268,19
2023-06-28 14:04:00,125,26.8492,26.85,26.85,26.85,26.85,6
2023-06-28 14:06:00,421,26.8061,26.7782,26.7782,26.7782,26.7782,7
2023-06-28 14:07:00,280,26.8189,26.815,26.84,26.84,26.815,6
2023-06-28 14:09:00,1541,26.805,26.805,26.805,26.805,26.805,4
2023-06-28 14:10:00,1946,26.9269,26.88,26.94,26.96,26.88,36
2023-06-28 14:11:00,191,26.9761,26.98,26.98,26.98,26.98,7
2023-06-28 14:12:00,345,26.8807,26.875,26.875,26.875,26.875,21
2023-06-28 14:13:00,543,26.8755,26.87,26.87,26.87,26.87,13
2023-06-28 14:14:00,519,26.9206,26.92,26.88,26.92,26.88,16
2023-06-28 14:15:00,731,26.986,26.97,26.97,27.0,26.97,17
2023-06-28 14:16:00,1120,27.0381,27.02,27.02,27.07,27.02,21
2023-06-28 14:17:00,115,27.053,27.055,27.055,27.055,27.055,5
2023-06-28 14:18:00,2353,27.0072,27.01,27.0,27.01,27.0,50
2023-06-28 14:19:00,335,27.0344,27.025,27.05,27.05,27.025,7
2023-06-28 14:21:00,1057,27.0677,27.06,27.1,27.1,27.06,24
2023-06-28 14:22:00,841,27.0807,27.07,27.1,27.1,27.07,25
2023-06-28 14:23:00,2530,27.0908,27.1,27.115,27.115,27.08,52
2023-06-28 14:24:00,1506,27.1359,27.13,27.14,27.15,27.11,35
2023-06-28 14:25:00,985,27.1229,27.15,27.12,27.15,27.11,23
2023-06-28 14:26:00,4988,27.1304,27.1,27.16,27.19,27.1,105
2023-06-28 14:27:00,457,27.1817,27.18,27.195,27.195,27.18,12
2023-06-28 14:28:00,5736,27.2519,27.21,27.24,27.26,27.21,88
2023-06-28 14:29:00,1346,27.2689,27.26,27.3,27.3,27.26,31
2023-06-28 14:30:00,1429,27.3286,27.33,27.37,27.37,27.3,30
2023-06-28 14:31:00,2079,27.3603,27.37,27.395,27.4,27.33,33
2023-06-28 14:32:00,2030,27.3549,27.3201,27.39,27.4,27.3201,46
2023-06-28 14:33:00,1573,27.3741,27.4,27.35,27.4,27.35,52
2023-06-28 14:34:00,967,27.3853,27.35,27.41,27.41,27.35,27
2023-06-28 14:36:00,3679,27.3929,27.42,27.39,27.435,27.37,74
2023-06-28 14:37:00,941,27.4179,27.41,27.43,27.43,27.41,29
2023-06-28 14:38:00,1433,27.4352,27.43,27.44,27.46,27.42,40
2023-06-28 14:39:00,973,27.4821,27.48,27.485,27.49,27.48,27
2023-06-28 14:40:00,3834,27.5326,27.49,27.61,27.61,27.49,80
2023-06-28 14:41:00,852,27.6102,27.6,27.63,27.645,27.59,22
2023-06-28 14:42:00,1340,27.6871,27.66,27.7,27.7,27.66,30
2023-06-28 14:43:00,4431,27.6421,27.685,27.6438,27.685,27.61,91
2023-06-28 14:44:00,1676,27.594,27.62,27.57,27.62,27.57,37
2023-06-28 14:45:00,1270,27.5314,27.56,27.525,27.56,27.52,27
2023-06-28 14:46:00,743,27.5572,27.5585,27.55,27.56,27.55,14
2023-06-28 14:47:00,885,27.5451,27.555,27.51,27.555,27.51,24
2023-06-28 14:50:00,1235,27.5736,27.56,27.575,27.59,27.56,40
2023-06-28 14:51:00,568,27.5669,27.575,27.6092,27.6092,27.57,17
2023-06-28 14:52:00,1332,27.5788,27.57,27.575,27.59,27.54,33
2023-06-28 14:53:00,357,27.6136,27.62,27.615,27.62,27.615,7
2023-06-28 14:54:00,1876,27.6115,27.62,27.605,27.62,27.6,32
2023-06-28 14:55:00,10890,27.5094,27.57,27.44,27.58,27.425,139
2023-06-28 14:56:00,300,27.4367,27.43,27.44,27.44,27.43,4
2023-06-28 14:57:00,103,27.445,27.445,27.445,27.445,27.445,4
2023-06-28 14:58:00,1748,27.4409,27.4383,27.46,27.47,27.4383,6
2023-06-28 14:59:00,5916,27.4919,27.47,27.5,27.52,27.468,112
2023-06-28 15:00:00,1850,27.4982,27.48,27.5,27.51,27.48,30
2023-06-28 15:01:00,1235,27.4808,27.5,27.47,27.5,27.46,21
2023-06-28 15:02:00,4879,27.4802,27.45,27.46,27.5,27.44,79
2023-06-28 15:03:00,2525,27.3758,27.44,27.34,27.44,27.34,34
2023-06-28 15:04:00,204,27.3922,27.39,27.395,27.395,27.39,5
2023-06-28 15:05:00,2908,27.3612,27.405,27.365,27.405,27.31,35
2023-06-28 15:06:00,3765,27.3501,27.385,27.4,27.4,27.31,71
2023-06-28 15:07:00,196,27.3722,27.38,27.38,27.38,27.38,6
2023-06-28 15:08:00,2134,27.3224,27.38,27.3,27.38,27.3,54
2023-06-28 15:09:00,1854,27.2798,27.315,27.23,27.315,27.23,31
2023-06-28 15:10:00,802,27.2929,27.29,27.295,27.32,27.29,26
2023-06-28 15:11:00,1224,27.3526,27.31,27.39,27.39,27.31,38
2023-06-28 15:12:00,802,27.3908,27.4,27.39,27.4,27.38,23
2023-06-28 15:13:00,313,27.3788,27.38,27.375,27.38,27.375,4
2023-06-28 15:14:00,1746,27.3818,27.41,27.365,27.41,27.36,59
2023-06-28 15:15:00,253,27.3538,27.35,27.355,27.355,27.35,7
2023-06-28 15:17:00,336,27.3476,27.355,27.36,27.36,27.321,9
2023-06-28 15:18:00,1648,27.4365,27.4,27.46,27.46,27.4,52
2023-06-28 15:19:00,9960,27.4804,27.457,27.49,27.5,27.457,113
2023-06-28 15:20:00,214,27.4841,27.49,27.48,27.49,27.48,7
2023-06-28 15:22:00,5474,27.4993,27.49,27.5,27.51,27.49,91
2023-06-28 15:23:00,3356,27.4876,27.5,27.5,27.51,27.47,74
2023-06-28 15:24:00,4426,27.5572,27.5,27.63,27.63,27.5,125
2023-06-28 15:25:00,525,27.6428,27.635,27.65,27.65,27.635,10
2023-06-28 15:26:00,4339,27.6671,27.66,27.68,27.68,27.64,78
2023-06-28 15:27:00,2051,27.6682,27.69,27.65,27.7,27.65,38
2023-06-28 15:28:00,2774,27.7092,27.64,27.72,27.73,27.64,56
2023-06-28 15:29:00,1318,27.747,27.76,27.74,27.76,27.7391,19
2023-06-28 15:30:00,651,27.7667,27.74,27.8,27.8,27.74,28
2023-06-28 15:31:00,677,27.8314,27.84,27.8094,27.84,27.8094,21
2023-06-28 15:32:00,305,27.8283,27.825,27.85,27.85,27.8094,5
2023-06-28 15:33:00,1060,27.8326,27.85,27.8152,27.85,27.8152,25
2023-06-28 15:34:00,496,27.8463,27.865,27.85,27.865,27.85,16
2023-06-28 15:35:00,220,27.8568,27.87,27.87,27.87,27.87,5
2023-06-28 15:36:00,200,27.8675,27.87,27.865,27.87,27.865,2
2023-06-28 15:37:00,270,27.8607,27.85,27.8685,27.8685,27.85,7
2023-06-28 15:38:00,152,27.8381,27.8315,27.8315,27.8315,27.8315,10
2023-06-28 15:39:00,2428,27.8493,27.87,27.835,27.87,27.83,56
2023-06-28 15:40:00,1682,27.8977,27.85,27.9231,27.9231,27.85,44
2023-06-28 15:41:00,296,27.9508,27.96,27.9385,27.96,27.9385,9
2023-06-28 15:42:00,4175,28.0176,27.97,28.07,28.07,27.97,66
2023-06-28 15:43:00,1429,28.0456,28.04,28.0101,28.07,28.0101,32
2023-06-28 15:44:00,1045,28.0317,28.0342,28.01,28.04,28.01,22
2023-06-28 15:45:00,1502,28.0236,28.0,28.06,28.06,28.0,21
2023-06-28 15:46:00,1930,28.1088,28.055,28.125,28.14,28.055,33
2023-06-28 15:47:00,1417,28.1071,28.12,28.09,28.12,28.09,38
2023-06-28 15:49:00,4301,28.1606,28.13,28.16,28.19,28.1136,66
2023-06-28 15:50:00,881,28.1751,28.15,28.19,28.19,28.15,32
2023-06-28 15:51:00,2243,28.1645,28.185,28.11,28.1901,28.11,32
2023-06-28 15:52:00,465,28.1142,28.1,28.135,28.135,28.1,16
2023-06-28 15:53:00,1050,28.1294,28.135,28.12,28.14,28.12,23
2023-06-28 15:54:00,476,28.1165,28.11,28.1199,28.1199,28.11,14
2023-06-28 15:55:00,230,28.1277,28.13,28.13,28.13,28.13,11
2023-06-28 15:56:00,1916,28.1811,28.14,28.19,28.19,28.14,41
2023-06-28 15:57:00,541,28.2246,28.22,28.24,28.24,28.1901,14
2023-06-28 15:58:00,213,28.2287,28.23,28.23,28.23,28.23,5
2023-06-28 15:59:00,1774,28.1988,28.25,28.2137,28.25,28.1455,43
2023-06-28 16:00:00,799,28.2148,28.21,28.215,28.22,28.21,43
2023-06-28 16:01:00,2728,28.1491,28.16,28.135,28.16,28.12,47
2023-06-28 16:02:00,840,28.1559,28.12,28.21,28.21,28.12,25
2023-06-28 16:03:00,583,28.2108,28.21,28.22,28.22,28.2,14
2023-06-28 16:04:00,2398,28.2216,28.19,28.2299,28.2299,28.19,31
2023-06-28 16:05:00,493,28.2467,28.24,28.25,28.25,28.24,6
2023-06-28 16:06:00,5462,28.2276,28.235,28.21,28.25,28.175,96
2023-06-28 16:07:00,1544,28.2331,28.2,28.25,28.255,28.2,34
2023-06-28 16:08:00,2452,28.2249,28.25,28.23,28.25,28.2,77
2023-06-28 16:09:00,1148,28.2128,28.23,28.2,28.23,28.2,33
2023-06-28 16:10:00,2278,28.2344,28.22,28.2201,28.25,28.22,45
2023-06-28 16:11:00,3484,28.2257,28.26,28.2,28.26,28.19,95
2023-06-28 16:12:00,3091,28.215,28.189,28.25,28.26,28.17,53
2023-06-28 16:13:00,288,28.2517,28.25,28.255,28.255,28.25,7
2023-06-28 16:14:00,527,28.2587,28.25,28.255,28.27,28.25,6
2023-06-28 16:15:00,3200,28.2865,28.25,28.34,28.34,28.25,87
2023-06-28 16:16:00,1870,28.3113,28.31,28.31,28.32,28.31,33
2023-06-28 16:17:00,433,28.3335,28.31,28.31,28.31,28.31,14
2023-06-28 16:18:00,976,28.3436,28.35,28.335,28.35,28.33,13
2023-06-28 16:19:00,1489,28.3649,28.35,28.36,28.37,28.33,28
2023-06-28 16:20:00,3323,28.4001,28.395,28.35,28.43,28.34,84
2023-06-28 16:21:00,3726,28.3289,28.3301,28.32,28.3301,28.32,21
2023-06-28 16:22:00,804,28.3424,28.34,28.36,28.36,28.34,21
2023-06-28 16:23:00,4234,28.4227,28.38,28.46,28.46,28.37,75
2023-06-28 16:24:00,8662,28.4863,28.48,28.5,28.52,28.46,103
2023-06-28 16:25:00,6889,28.5062,28.49,28.52,28.53,28.48,93
2023-06-28 16:26:00,9972,28.5191,28.52,28.5225,28.54,28.5,146
2023-06-28 16:27:00,5668,28.4895,28.52,28.415,28.52,28.415,71
2023-06-28 16:28:00,2014,28.4246,28.41,28.375,28.45,28.375,44
2023-06-28 16:29:00,756,28.3357,28.3297,28.32,28.3297,28.32,12
2023-06-28 16:30:00,835,28.2351,28.25,28.2015,28.255,28.2015,19
2023-06-28 16:31:00,1227,28.2534,28.23,28.2361,28.26,28.23,25
2023-06-28 16:32:00,12426,28.2809,28.2,28.37,28.4099,28.2,132
2023-06-28 16:33:00,345,28.3486,28.34,28.35,28.35,28.34,10
2023-06-28 16:34:00,2608,28.395,28.36,28.38,28.44,28.36,44
2023-06-28 16:35:00,1036,28.3957,28.3801,28.415,28.4325,28.3801,5
2023-06-28 16:36:00,1150,28.365,28.38,28.33,28.38,28.33,21
2023-06-28 16:37:00,698,28.2938,28.33,28.24,28.33,28.24,16
2023-06-28 16:38:00,145,28.2127,28.2,28.2,28.2,28.2,3
2023-06-28 16:39:00,2760,28.2549,28.28,28.17,28.28,28.17,26
2023-06-28 16:40:00,2791,28.1898,28.18,28.18,28.21,28.18,49
2023-06-28 16:41:00,1827,28.2205,28.21,28.21,28.25,28.21,25
2023-06-28 16:42:00,9196,28.19,28.19,28.19,28.19,28.19,6
2023-06-28 16:43:00,3786,28.1458,28.17,28.15,28.17,28.14,46
2023-06-28 16:44:00,1468,28.1107,28.125,28.125,28.125,28.101,27
2023-06-28 16:45:00,229,28.1249,28.125,28.125,28.125,28.125,3
2023-06-28 16:46:00,728,28.121,28.125,28.125,28.1375,28.1,17
2023-06-28 16:47:00,374,28.1246,28.125,28.125,28.125,28.125,8
2023-06-28 16:48:00,768,28.0927,28.085,28.07,28.1,28.07,16
2023-06-28 16:49:00,4705,28.0229,28.1,27.98,28.1,27.98,55
2023-06-28 16:50:00,222,27.9728,27.97,27.97,27.97,27.97,8
2023-06-28 16:51:00,789,27.9717,27.97,27.97,27.975,27.97,19
2023-06-28 16:52:00,916,27.9761,27.975,27.975,27.9775,27.975,10
2023-06-28 16:53:00,1651,27.9459,27.975,27.94,27.975,27.92,33
2023-06-28 16:54:00,1015,27.8826,27.9,27.84,27.9,27.84,16
2023-06-28 16:55:00,2995,27.9232,27.93,27.935,27.94,27.88,62
2023-06-28 16:56:00,3800,27.9225,27.95,27.95,27.95,27.9201,3
2023-06-28 16:57:00,2351,27.9773,27.98,27.975,27.99,27.96,46
2023-06-28 16:58:00,2854,27.9944,28.0,27.99,28.0,27.97,55
2023-06-28 16:59:00,9758,28.017,28.0,28.03,28.04,27.98,114
2023-06-28 17:00:00,3218,28.0243,28.03,28.03,28.035,28.01,50
2023-06-28 17:01:00,6224,28.0919,28.03,28.105,28.13,28.03,133
2023-06-28 17:02:00,36187,28.0926,28.11,28.08,28.14,28.08,72
2023-06-28 17:03:00,1900,28.1035,28.1,28.09,28.125,28.09,29
2023-06-28 17:04:00,669,28.1233,28.1281,28.14,28.14,28.09,13
2023-06-28 17:05:00,1856,28.136,28.14,28.11,28.15,28.11,38
2023-06-28 17:06:00,1118,28.0796,28.12,28.06,28.12,28.06,25
2023-06-28 17:07:00,2724,28.0049,28.06,27.9555,28.06,27.9555,28
2023-06-28 17:08:00,403,27.9796,27.985,27.985,27.985,27.985,3
2023-06-28 17:09:00,543,27.9504,27.95,27.95,27.95,27.95,14
2023-06-28 17:10:00,1615,27.8963,27.92,27.89,27.92,27.84,15
2023-06-28 17:11:00,884,27.9172,27.935,27.8869,27.935,27.8869,17
2023-06-28 17:12:00,443,27.8784,27.88,27.87,27.88,27.87,12
2023-06-28 17:13:00,611,27.8675,27.87,27.865,27.87,27.865,11
2023-06-28 17:14:00,5344,27.8281,27.83,27.835,27.8511,27.81,74
2023-06-28 17:15:00,1692,27.8531,27.835,27.865,27.865,27.835,28
2023-06-28 17:16:00,1482,27.8997,27.89,27.92,27.92,27.89,31
2023-06-28 17:17:00,2434,27.8732,27.9,27.845,27.9,27.845,34
2023-06-28 17:18:00,1249,27.8789,27.87,27.86,27.89,27.86,26
2023-06-28 17:19:00,227,27.8733,27.88,27.88,27.88,27.88,7
2023-06-28 17:21:00,457,27.8769,27.875,27.8999,27.8999,27.875,5
2023-06-28 17:22:00,493,27.8698,27.85,27.875,27.875,27.85,9
2023-06-28 17:23:00,542,27.875,27.875,27.875,27.875,27.875,9
2023-06-28 17:24:00,4397,27.8942,27.875,27.91,27.91,27.875,83
2023-06-28 17:25:00,1811,27.9471,27.915,28.01,28.01,27.915,57
2023-06-28 17:26:00,6788,28.0134,28.01,28.08,28.08,27.99,158
2023-06-28 17:27:00,2149,28.1368,28.11,28.13,28.15,28.11,42
2023-06-28 17:28:00,2293,28.0932,28.11,28.075,28.11,28.075,40
2023-06-28 17:29:00,412,28.0619,28.05,28.05,28.05,28.05,6
2023-06-28 17:30:00,240,28.0427,28.03,28.055,28.055,28.03,8
2023-06-28 17:31:00,1754,28.0485,28.055,28.06,28.06,28.05,18
2023-06-28 17:32:00,3527,28.0726,28.09,27.97,28.12,27.97,92
2023-06-28 17:33:00,1574,28.0034,28.01,28.02,28.02,27.97,34
2023-06-28 17:34:00,1103,27.9979,28.015,27.99,28.015,27.99,8
2023-06-28 17:35:00,3709,28.0062,27.99,28.01,28.02,27.99,66
2023-06-28 17:36:00,466,28.0042,28.0,28.015,28.015,28.0,17
2023-06-28 17:37:00,985,28.0036,28.0,28.01,28.01,28.0,23
2023-06-28 17:38:00,3079,27.9701,28.0,27.945,28.0,27.94,73
2023-06-28 17:39:00,811,27.9371,27.93,27.945,27.945,27.93,10
2023-06-28 17:40:00,1919,27.9204,27.94,27.92,27.94,27.9,53
2023-06-28 17:41:00,5123,27.9357,27.93,27.99,28.0,27.91,63
2023-06-28 17:42:00,1419,27.9754,27.99,27.97,27.99,27.97,11
2023-06-28 17:43:00,2402,28.0018,27.985,27.995,28.015,27.985,52
2023-06-28 17:45:00,2542,28.0176,28.01,28.045,28.045,28.0,77
2023-06-28 17:46:00,2096,28.0273,28.03,28.02,28.035,28.02,38
2023-06-28 17:47:00,2221,28.0086,28.03,27.99,28.03,27.99,41
2023-06-28 17:48:00,981,27.9736,27.98,27.96,27.98,27.96,19
2023-06-28 17:49:00,4781,27.9442,27.94,27.95,27.96,27.92,108
2023-06-28 17:50:00,245,27.9452,27.945,27.945,27.945,27.945,9
2023-06-28 17:51:00,3061,27.9263,27.94,27.91,27.94,27.91,38
2023-06-28 17:52:00,1827,27.9151,27.92,27.895,27.92,27.895,42
2023-06-28 17:53:00,4196,27.9175,27.91,27.94,27.94,27.89,96
2023-06-28 17:54:00,211,27.9301,27.93,27.93,27.93,27.93,5
2023-06-28 17:55:00,5499,27.948,27.93,28.01,28.02,27.93,110
2023-06-28 17:56:00,4097,28.0175,28.01,28.0,28.03,28.0,85
2023-06-28 17:57:00,2231,27.9738,27.995,27.94,27.995,27.94,39
2023-06-28 17:58:00,1089,27.93,27.93,27.93,27.93,27.93,13
2023-06-28 17:59:00,646,27.9213,27.925,27.925,27.925,27.9,9
2023-06-28 18:00:00,2386,27.9868,27.96,28.025,28.03,27.93,49
2023-06-28 18:01:00,4619,28.0235,28.025,28.02,28.05,28.01,69
2023-06-28 18:02:00,3928,28.0105,28.01,28.015,28.03,28.0,47
2023-06-28 18:03:00,8952,28.0632,28.0125,28.09,28.1,28.0125,102
2023-06-28 18:04:00,9068,28.0922,28.08,28.19,28.19,28.07,77
2023-06-28 18:05:00,4670,28.1622,28.175,28.17,28.19,28.14,69
2023-06-28 18:06:00,3098,28.1626,28.17,28.17,28.17,28.15,35
2023-06-28 18:07:00,1892,28.1996,28.1725,28.225,28.255,28.17,42
2023-06-28 18:08:00,1084,28.2631,28.25,28.265,28.29,28.25,26
2023-06-28 18:09:00,3685,28.2845,28.24,28.27,28.305,28.24,54
2023-06-28 18:10:00,1165,28.2887,28.285,28.2938,28.3,28.285,25
2023-06-28 18:11:00,2186,28.2803,28.27,28.285,28.29,28.27,49
2023-06-28 18:12:00,689,28.2853,28.285,28.285,28.285,28.285,14
2023-06-28 18:14:00,9161,28.2492,28.285,28.28,28.285,28.22,175
2023-06-28 18:15:00,1821,28.2713,28.27,28.275,28.2885,28.265,28
2023-06-28 18:16:00,556,28.2767,28.275,28.275,28.275,28.275,8
2023-06-28 18:17:00,106,28.2752,28.275,28.275,28.275,28.275,3
2023-06-28 18:18:00,696,28.274,28.275,28.275,28.275,28.275,10
2023-06-28 18:19:00,1640,28.2509,28.25,28.25,28.25,28.25,36
2023-06-28 18:20:00,6804,28.2719,28.25,28.29,28.31,28.25,105
2023-06-28 18:21:00,466,28.2977,28.31,28.29,28.31,28.29,9
2023-06-28 18:22:00,3170,28.281,28.3,28.28,28.3,28.28,62
2023-06-28 18:23:00,377,28.2805,28.28,28.28,28.28,28.28,9
2023-06-28 18:24:00,3149,28.2647,28.27,28.26,28.27,28.26,58
2023-06-28 18:25:00,1171,28.2671,28.26,28.275,28.275,28.26,36
2023-06-28 18:26:00,1535,28.295,28.28,28.3,28.31,28.28,40
2023-06-28 18:27:00,599,28.2999,28.3,28.3,28.3,28.3,9
2023-06-28 18:28:00,2170,28.305,28.28,28.3,28.32,28.28,33
2023-06-28 18:29:00,617,28.2915,28.3,28.3,28.3,28.3,13
2023-06-28 18:30:00,1351,28.3056,28.3,28.32,28.32,28.3,25
2023-06-28 18:31:00,252,28.3041,28.3,28.3,28.3,28.3,10
2023-06-28 18:32:00,3991,28.2654,28.295,28.24,28.295,28.24,92
2023-06-28 18:33:00,712,28.2125,28.21,28.21,28.21,28.21,13
2023-06-28 18:34:00,2808,28.1971,28.22,28.135,28.22,28.135,54
2023-06-28 18:35:00,541,28.1325,28.13,28.13,28.14,28.13,9
2023-06-28 18:36:00,5140,28.149,28.1226,28.19,28.19,28.1226,111
2023-06-28 18:37:00,2256,28.1782,28.2,28.17,28.2,28.17,41
2023-06-28 18:38:00,443,28.1522,28.1505,28.1505,28.1505,28.1505,3
2023-06-28 18:39:00,10375,28.1651,28.15,28.18,28.21,28.145,120
2023-06-28 18:40:00,2105,28.1714,28.19,28.1675,28.19,28.16,52
2023-06-28 18:41:00,1599,28.1764,28.16,28.18,28.18,28.16,14
2023-06-28 18:42:00,1601,28.2068,28.17,28.24,28.24,28.17,28
2023-06-28 18:43:00,2204,28.2375,28.24,28.2343,28.26,28.225,32
2023-06-28 18:44:00,1239,28.2476,28.245,28.26,28.26,28.245,11
2023-06-28 18:45:00,578,28.236,28.2343,28.23,28.2343,28.23,8
2023-06-28 18:46:00,4814,28.2977,28.245,28.33,28.33,28.245,105
2023-06-28 18:47:00,4514,28.2989,28.33,28.25,28.33,28.25,70
2023-06-28 18:48:00,1194,28.2422,28.25,28.24,28.255,28.22,27
2023-06-28 18:50:00,370,28.2728,28.27,28.26,28.29,28.26,9
2023-06-28 18:51:00,746,28.2742,28.275,28.275,28.275,28.275,10
2023-06-28 18:52:00,490,28.2766,28.275,28.275,28.275,28.275,7
2023-06-28 18:53:00,4285,28.3382,28.275,28.36,28.38,28.275,101
2023-06-28 18:55:00,268,28.369,28.36,28.38,28.38,28.36,4
2023-06-28 18:56:00,9159,28.3458,28.365,28.33,28.38,28.32,117
2023-06-28 18:58:00,241,28.3278,28.325,28.325,28.325,28.325,5
2023-06-28 18:59:00,658,28.3293,28.325,28.33,28.33,28.325,16
2023-06-28 19:00:00,839,28.3321,28.34,28.335,28.34,28.32,15
2023-06-28 19:01:00,2300,28.3098,28.32,28.3,28.32,28.3,44
2023-06-28 19:02:00,2123,28.2901,28.285,28.29,28.3,28.27,48
2023-06-28 19:03:00,5261,28.3109,28.31,28.36,28.36,28.285,68
2023-06-28 19:04:00,5844,28.3398,28.35,28.33,28.37,28.32,86
2023-06-28 19:05:00,10306,28.3244,28.33,28.3,28.34,28.3,153
2023-06-28 19:06:00,1186,28.2892,28.29,28.29,28.29,28.29,24
2023-06-28 19:07:00,7820,28.1969,28.28,28.15,28.28,28.135,125
2023-06-28 19:08:00,5051,28.1977,28.16,28.21,28.23,28.16,66
2023-06-28 19:09:00,1716,28.2135,28.23,28.23,28.23,28.21,15
2023-06-28 19:10:00,1370,28.2127,28.21,28.23,28.23,28.21,21
2023-06-28 19:11:00,5100,28.1811,28.22,28.15,28.22,28.15,91
2023-06-28 19:13:00,918,28.1808,28.18,28.18,28.18,28.18,28
2023-06-28 19:15:00,3713,28.1779,28.18,28.18,28.19,28.16,77
2023-06-28 19:16:00,3264,28.1251,28.12,28.161,28.161,28.11,53
2023-06-28 19:17:00,6155,28.1642,28.155,28.17,28.18,28.15,52
2023-06-28 19:18:00,455,28.1683,28.165,28.165,28.165,28.165,11
2023-06-28 19:19:00,625,28.1644,28.17,28.165,28.17,28.165,18
2023-06-28 19:20:00,10861,28.2191,28.17,28.22,28.26,28.17,165
2023-06-28 19:21:00,2723,28.2079,28.22,28.21,28.22,28.2,38
2023-06-28 19:22:00,23950,28.1854,28.201,28.21,28.27,28.11,216
2023-06-28 19:23:00,754,28.2309,28.24,28.24,28.24,28.225,22
2023-06-28 19:24:00,2218,28.2005,28.23,28.18,28.23,28.18,30
2023-06-28 19:25:00,893,28.1696,28.16,28.17,28.2,28.16,19
2023-06-28 19:26:00,255,28.171,28.18,28.16,28.18,28.16,5
2023-06-28 19:27:00,1099,28.1642,28.18,28.17,28.18,28.155,20
2023-06-28 19:28:00,2269,28.1684,28.155,28.17,28.18,28.155,46
2023-06-28 19:29:00,3460,28.1448,28.15,28.14,28.15,28.13,70
2023-06-28 19:30:00,7649,28.1056,28.14,28.095,28.14,28.09,124
2023-06-28 19:31:00,3067,28.1191,28.105,28.135,28.14,28.105,57
2023-06-28 19:32:00,4311,28.1226,28.15,28.11,28.15,28.1,61
2023-06-28 19:33:00,1547,28.1213,28.11,28.11,28.1147,28.11,18
2023-06-28 19:34:00,2629,28.1077,28.09,28.13,28.13,28.09,34
2023-06-28 19:35:00,5518,28.1191,28.09,28.145,28.145,28.09,82
2023-06-28 19:36:00,5147,28.1398,28.145,28.15,28.16,28.12,108
2023-06-28 19:37:00,1497,28.1386,28.145,28.14,28.16,28.12,32
2023-06-28 19:38:00,2540,28.1197,28.12,28.1,28.13,28.1,55
2023-06-28 19:39:00,6478,28.1201,28.11,28.12,28.13,28.1,94
2023-06-28 19:40:00,7095,28.1144,28.12,28.105,28.13,28.095,123
2023-06-28 19:41:00,4957,28.1251,28.105,28.19,28.19,28.105,88
2023-06-28 19:42:00,1843,28.1853,28.195,28.18,28.195,28.18,20
2023-06-28 19:43:00,5439,28.2463,28.18,28.35,28.35,28.18,135
2023-06-28 19:44:00,5105,28.3466,28.355,28.3474,28.37,28.34,61
2023-06-28 19:45:00,6426,28.2882,28.345,28.27,28.345,28.27,114
2023-06-28 19:46:00,20374,28.18,28.27,28.155,28.27,28.12,288
2023-06-28 19:47:00,5204,28.1494,28.14,28.155,28.155,28.14,71
2023-06-28 19:48:00,11038,28.1152,28.15,28.145,28.155,28.1,162
2023-06-28 19:49:00,9677,28.1961,28.16,28.23,28.23,28.15,148
2023-06-28 19:50:00,12419,28.2765,28.22,28.29,28.3,28.22,242
2023-06-28 19:51:00,3737,28.3155,28.2878,28.35,28.35,28.285,109
2023-06-28 19:52:00,1299,28.3394,28.335,28.35,28.35,28.335,32
2023-06-28 19:53:00,15297,28.3934,28.3375,28.35,28.42,28.3375,259
2023-06-28 19:54:00,3096,28.3229,28.36,28.24,28.36,28.24,64
2023-06-28 19:55:00,15801,28.2415,28.24,28.22,28.3,28.2,211
2023-06-28 19:56:00,11668,28.2208,28.23,28.215,28.23,28.2,196
2023-06-28 19:57:00,5519,28.2079,28.205,28.21,28.21,28.2,127
2023-06-28 19:58:00,8661,28.2208,28.2103,28.225,28.23,28.21,173
2023-06-28 19:59:00,22599,28.2584,28.23,28.28,28.29,28.23,335
2023-06-28 20:00:00,237,28.28,28.28,28.28,28.28,28.28,3
2023-06-28 20:33:00,100,28.16,28.16,28.16,28.16,28.16,1
2023-06-28 21:52:00,250,28.19,28.19,28.19,28.19,28.19,1
2023-06-28 22:32:00,100,28.28,28.28,28.28,28.28,28.28,1
2023-06-28 23:27:00,500,28.4996,28.5,28.5,28.5,28.5,3
2023-06-29 12:11:00,100,28.5,28.5,28.5,28.5,28.5,1
2023-06-29 12:30:00,250,28.4998,28.5,28.5,28.5,28.5,3
2023-06-29 13:30:00,7973,28.3528,28.39,28.24,28.47,28.24,73
2023-06-29 13:31:00,1500,28.4187,28.465,28.41,28.49,28.37,35
2023-06-29 13:32:00,2112,28.2649,28.32,28.3,28.32,28.23,56
2023-06-29 13:33:00,3777,28.3237,28.31,28.345,28.41,28.31,61
2023-06-29 13:34:00,1918,28.3006,28.34,28.35,28.35,28.24,29
2023-06-29 13:35:00,1077,28.3657,28.36,28.37,28.37,28.36,28
2023-06-29 13:36:00,1307,28.4392,28.44,28.44,28.44,28.44,42
2023-06-29 13:37:00,2694,28.4957,28.5,28.5,28.5,28.5,51
2023-06-29 13:38:00,21729,28.7015,28.53,28.7,28.78,28.53,132
2023-06-29 13:39:00,671,28.731,28.725,28.72,28.725,28.72,11
2023-06-29 13:40:00,5225,28.8167,28.76,28.88,28.95,28.76,42
2023-06-29 13:41:00,569,28.9213,28.9399,28.9399,28.9399,28.9399,14
2023-06-29 13:42:00,202,28.8837,28.92,28.92,28.92,28.92,8
2023-06-29 13:43:00,12131,28.8298,28.85,28.73,28.89,28.73,108
2023-06-29 13:44:00,2824,28.697,28.71,28.73,28.73,28.6419,46
2023-06-29 13:45:00,4186,28.6989,28.69,28.63,28.77,28.607,59
2023-06-29 13:46:00,5800,28.749,28.5715,28.8,28.8,28.5715,107
2023-06-29 13:47:00,4683,28.777,28.78,28.81,28.82,28.72,82
2023-06-29 13:48:00,3997,28.9097,28.85,28.87,28.98,28.85,41
2023-06-29 13:49:00,2314,28.9063,28.87,28.93,28.93,28.87,12
2023-06-29 13:50:00,22864,29.0032,28.94,29.1,29.1,28.935,225
2023-06-29 13:51:00,6443,29.142,29.13,29.2,29.2062,29.08,91
2023-06-29 13:52:00,5517,29.2411,29.2,29.1299,29.3,29.1299,79
2023-06-29 13:53:00,2432,29.0987,29.145,29.0181,29.16,29.0181,33
2023-06-29 13:54:00,361,29.034,29.05,29.0325,29.05,29.0325,12
2023-06-29 13:55:00,1975,29.0512,29.0275,29.02,29.06,29.02,40
2023-06-29 13:56:00,692,29.0414,29.05,29.04,29.05,29.04,12
2023-06-29 13:57:00,927,29.0919,29.08,29.11,29.11,29.08,30
2023-06-29 13:58:00,1256,29.0657,29.09,29.04,29.09,29.04,35
2023-06-29 13:59:00,1222,28.9764,29.0,28.97,29.0,28.95,18
2023-06-29 14:00:00,1883,29.0173,28.965,29.045,29.05,28.965,38
2023-06-29 14:01:00,525,29.0379,29.04,29.04,29.04,29.04,15
2023-06-29 14:02:00,1032,29.0515,29.05,29.055,29.055,29.05,32
2023-06-29 14:03:00,2463,29.0229,29.04,29.04,29.04,29.0,68
2023-06-29 14:04:00,561,29.0155,29.02,29.01,29.02,29.01,9
2023-06-29 14:05:00,3210,29.031,29.02,29.03,29.08,29.0,52
2023-06-29 14:06:00,4341,29.0302,29.01,29.02,29.075,29.0,88
2023-06-29 14:07:00,6327,29.0032,28.99,28.995,29.04,28.97,81
2023-06-29 14:08:00,1341,28.9649,28.995,28.975,28.995,28.93,24
2023-06-29 14:09:00,7154,28.9395,28.94,28.935,28.97,28.91,106
2023-06-29 14:10:00,11240,28.9129,28.93,28.94,28.94,28.82,106
2023-06-29 14:11:00,2751,28.9476,28.95,28.945,28.975,28.9144,35
2023-06-29 14:12:00,12832,28.9512,28.95,28.91,28.99,28.91,56
2023-06-29 14:13:00,1538,28.9489,28.915,28.96,28.97,28.915,25
2023-06-29 14:14:00,3016,29.0378,28.985,29.095,29.1,28.985,44
2023-06-29 14:15:00,343,29.0855,29.12,29.12,29.12,29.12,16
2023-06-29 14:16:00,3286,29.1889,29.225,29.18,29.23,29.15,59
2023-06-29 14:17:00,6527,29.2351,29.175,29.289,29.289,29.14,70
2023-06-29 14:18:00,272,29.2406,29.24,29.24,29.24,29.24,12
2023-06-29 14:19:00,1314,29.2274,29.25,29.225,29.25,29.19,28
2023-06-29 14:20:00,997,29.2093,29.21,29.21,29.22,29.21,16
2023-06-29 14:21:00,7463,29.2674,29.215,29.265,29.305,29.215,107
2023-06-29 14:22:00,4938,29.1597,29.23,29.13,29.265,29.0801,63
2023-06-29 14:23:00,1373,29.107,29.11,29.115,29.115,29.105,25
2023-06-29 14:24:00,1286,29.0989,29.115,29.07,29.115,29.07,37
2023-06-29 14:25:00,1843,28.895,28.96,28.8255,28.985,28.8255,24
2023-06-29 14:26:00,1606,28.7651,28.8,28.75,28.8,28.72,35
2023-06-29 14:27:00,273,28.8891,28.73,28.73,28.73,28.73,10
2023-06-29 14:28:00,708,28.7122,28.725,28.725,28.725,28.68,15
2023-06-29 14:29:00,1450,28.7853,28.78,28.795,28.795,28.77,38
2023-06-29 14:30:00,2426,28.7858,28.8,28.73,28.86,28.73,52
2023-06-29 14:31:00,1330,28.7188,28.72,28.72,28.72,28.72,12
2023-06-29 14:32:00,856,28.7,28.7,28.7,28.7,28.7,12
2023-06-29 14:33:00,397,28.7025,28.7,28.705,28.705,28.7,8
2023-06-29 14:34:00,147,28.703,28.7,28.7,28.7,28.7,8
2023-06-29 14:35:00,319,28.71,28.705,28.705,28.705,28.705,8
2023-06-29 14:36:00,458,28.7058,28.705,28.705,28.705,28.705,13
2023-06-29 14:37:00,2772,28.6793,28.7,28.69,28.7,28.65,53
2023-06-29 14:38:00,671,28.6953,28.695,28.695,28.695,28.695,13
2023-06-29 14:39:00,493,28.6964,28.695,28.705,28.705,28.695,13
2023-06-29 14:40:00,500,28.7006,28.7,28.7,28.7,28.7,13
2023-06-29 14:41:00,1945,28.7329,28.7,28.81,28.81,28.695,41
2023-06-29 14:42:00,195,28.8206,28.82,28.82,28.82,28.82,11
2023-06-29 14:44:00,1670,28.8844,28.86,28.89,28.9,28.86,41
2023-06-29 14:45:00,1019,28.8968,28.897,28.897,28.897,28.897,7
2023-06-29 14:46:00,2083,28.7913,28.83,28.77,28.83,28.77,37
2023-06-29 14:47:00,3155,28.7536,28.75,28.75,28.755,28.75,11
2023-06-29 14:48:00,2681,28.725,28.745,28.72,28.79,28.7,52
2023-06-29 14:49:00,3372,28.7411,28.715,28.755,28.755,28.715,42
2023-06-29 14:50:00,473,28.7568,28.76,28.76,28.76,28.76,13
2023-06-29 14:51:00,2895,28.6931,28.75,28.68,28.75,28.65,56
2023-06-29 14:52:00,2917,28.6654,28.68,28.645,28.7,28.645,39
2023-06-29 14:53:00,1351,28.6569,28.645,28.63,28.675,28.63,41
2023-06-29 14:54:00,3032,28.5286,28.63,28.5,28.63,28.5,31
2023-06-29 14:55:00,2292,28.4603,28.5,28.44,28.5,28.44,28
2023-06-29 14:56:00,1805,28.4013,28.4,28.36,28.435,28.36,25
2023-06-29 14:57:00,1460,28.3676,28.35,28.375,28.375,28.35,19
2023-06-29 14:58:00,3232,28.4242,28.33,28.495,28.495,28.33,66
2023-06-29 14:59:00,619,28.495,28.495,28.495,28.495,28.495,5
2023-06-29 15:00:00,239,28.4942,28.49,28.49,28.49,28.49,12
2023-06-29 15:01:00,597,28.5315,28.5397,28.53,28.5397,28.53,13
2023-06-29 15:02:00,885,28.5031,28.51,28.54,28.54,28.495,18
2023-06-29 15:04:00,682,28.5006,28.5,28.5,28.5,28.5,10
2023-06-29 15:05:00,2845,28.5357,28.54,28.5125,28.55,28.5,87
2023-06-29 15:06:00,247,28.499,28.495,28.495,28.495,28.495,19
2023-06-29 15:07:00,170,28.4971,28.495,28.495,28.495,28.495,8
2023-06-29 15:08:00,189,28.5008,28.5,28.5,28.5,28.5,12
2023-06-29 15:09:00,2369,28.4485,28.48,28.41,28.48,28.39,49
2023-06-29 15:10:00,3718,28.3943,28.39,28.4,28.42,28.35,63
2023-06-29 15:11:00,1175,28.4139,28.4,28.38,28.43,28.38,29
2023-06-29 15:12:00,363,28.3939,28.405,28.38,28.405,28.38,12
2023-06-29 15:14:00,2224,28.3538,28.4,28.35,28.4,28.34,55
2023-06-29 15:15:00,1057,28.3159,28.33,28.315,28.33,28.315,23
2023-06-29 15:16:00,946,28.2835,28.28,28.28,28.3,28.28,27
2023-06-29 15:17:00,3938,28.2542,28.295,28.25,28.295,28.22,62
2023-06-29 15:18:00,4926,28.2648,28.25,28.265,28.28,28.25,84
2023-06-29 15:19:00,4653,28.2843,28.265,28.28,28.31,28.265,62
2023-06-29 15:20:00,6417,28.1873,28.27,28.24,28.27,28.14,91
2023-06-29 15:21:00,2182,28.256,28.24,28.24,28.27,28.21,42
2023-06-29 15:22:00,565,28.2401,28.24,28.24,28.24,28.24,6
2023-06-29 15:23:00,9213,28.2019,28.23,28.245,28.25,28.1801,50
2023-06-29 15:24:00,4455,28.2108,28.22,28.21,28.24,28.2,46
2023-06-29 15:25:00,4273,28.215,28.21,28.21,28.23,28.195,78
2023-06-29 15:26:00,166,28.2098,28.21,28.21,28.21,28.21,2
2023-06-29 15:27:00,2280,28.1682,28.17,28.19,28.19,28.13,45
2023-06-29 15:28:00,2310,28.1655,28.21,28.16,28.21,28.15,32
2023-06-29 15:29:00,708,28.1194,28.12,28.115,28.13,28.115,16
2023-06-29 15:30:00,8310,28.1114,28.1525,28.065,28.1525,28.06,102
2023-06-29 15:31:00,3357,28.0859,28.06,28.14,28.14,28.04,53
2023-06-29 15:32:00,1847,28.1532,28.16,28.15,28.1625,28.14,34
2023-06-29 15:33:00,2274,28.165,28.15,28.15,28.185,28.15,30
2023-06-29 15:34:00,3103,28.139,28.15,28.13,28.17,28.12,45
2023-06-29 15:35:00,2908,28.1175,28.11,28.12,28.12,28.11,19
2023-06-29 15:36:00,937,28.1091,28.125,28.12,28.125,28.1,20
2023-06-29 15:37:00,1646,28.0877,28.105,28.05,28.105,28.05,35
2023-06-29 15:38:00,528,28.0452,28.045,28.045,28.045,28.045,9
2023-06-29 15:39:00,3981,28.0509,28.07,28.02,28.08,28.02,52
2023-06-29 15:40:00,15289,27.997,28.02,27.935,28.03,27.935,77
2023-06-29 15:41:00,3480,27.9635,27.935,27.955,27.97,27.935,58
2023-06-29 15:42:00,14933,28.0204,27.955,28.085,28.1,27.955,171
2023-06-29 15:43:00,4837,28.086,28.085,28.09,28.095,28.085,26
2023-06-29 15:44:00,3992,28.0707,28.06,28.07,28.085,28.05,48
2023-06-29 15:45:00,6185,28.0851,28.07,28.1,28.11,28.07,69
2023-06-29 15:46:00,417,28.075,28.075,28.075,28.075,28.075,5
2023-06-29 15:47:00,2116,28.0747,28.075,28.07,28.075,28.07,22
2023-06-29 15:48:00,5915,28.0686,28.07,28.05,28.1,28.04,88
2023-06-29 15:49:00,2885,28.051,28.03,28.09,28.09,28.03,48
2023-06-29 15:50:00,758,28.0771,28.08,28.08,28.08,28.06,15
2023-06-29 15:51:00,516,28.0536,28.08,28.03,28.08,28.03,14
2023-06-29 15:52:00,6895,28.0173,28.015,28.03,28.03,27.98,90
2023-06-29 15:53:00,318,28.0236,28.005,28.005,28.005,28.005,7
2023-06-29 15:54:00,212,28.0098,28.01,28.01,28.01,28.01,7
2023-06-29 15:55:00,4959,27.9147,28.03,27.8,28.03,27.8,91
2023-06-29 15:56:00,490,27.7359,27.73,27.73,27.73,27.73,18
2023-06-29 15:57:00,2319,27.6522,27.69,27.58,27.69,27.58,38
2023-06-29 15:58:00,2596,27.5892,27.61,27.55,27.6116,27.54,27
2023-06-29 15:59:00,572,27.5562,27.56,27.55,27.56,27.55,21
2023-06-29 16:00:00,1587,27.5605,27.56,27.57,27.57,27.56,40
2023-06-29 16:01:00,2047,27.5173,27.54,27.45,27.55,27.45,41
2023-06-29 16:02:00,3106,27.5178,27.49,27.57,27.57,27.49,55
2023-06-29 16:03:00,5679,27.6037,27.57,27.615,27.62,27.54,68
2023-06-29 16:04:00,3811,27.6537,27.62,27.72,27.72,27.62,65
2023-06-29 16:05:00,1282,27.7754,27.715,27.8,27.8,27.715,38
2023-06-29 16:06:00,3840,27.7924,27.82,27.81,27.85,27.7401,53
2023-06-29 16:07:00,376,27.7901,27.775,27.79,27.79,27.775,7
2023-06-29 16:08:00,516,27.819,27.82,27.815,27.82,27.815,9
2023-06-29 16:09:00,2997,27.7697,27.835,27.735,27.835,27.735,44
2023-06-29 16:10:00,976,27.7721,27.76,27.805,27.805,27.76,26
2023-06-29 16:11:00,300,27.7702,27.76,27.76,27.76,27.76,11
2023-06-29 16:12:00,1102,27.7434,27.77,27.7,27.77,27.7,26
2023-06-29 16:13:00,469,27.7279,27.72,27.72,27.72,27.72,12
2023-06-29 16:14:00,231,27.7334,27.7,27.7,27.7,27.7,10
2023-06-29 16:15:00,108,27.7,27.7,27.7,27.7,27.7,2
2023-06-29 16:17:00,591,27.7653,27.75,27.78,27.78,27.75,18
2023-06-29 16:18:00,804,27.8308,27.81,27.825,27.84,27.81,25
2023-06-29 16:19:00,1372,27.793,27.86,27.74,27.86,27.74,42
2023-06-29 16:20:00,1019,27.7443,27.76,27.71,27.76,27.71,32
2023-06-29 16:22:00,1302,27.6802,27.6459,27.68,27.71,27.6459,30
2023-06-29 16:24:00,223,27.6909,27.7,27.7,27.7,27.7,8
2023-06-29 16:25:00,775,27.7192,27.72,27.73,27.73,27.72,26
2023-06-29 16:26:00,1726,27.781,27.76,27.8,27.8,27.76,40
2023-06-29 16:27:00,424,27.806,27.805,27.805,27.805,27.805,14
2023-06-29 16:28:00,1108,27.7985,27.81,27.79,27.81,27.79,43
2023-06-29 16:29:00,517,27.7593,27.76,27.76,27.76,27.76,17
2023-06-29 16:30:00,2265,27.7905,27.745,27.83,27.84,27.745,51
2023-06-29 16:31:00,2625,27.816,27.86,27.81,27.86,27.81,23
2023-06-29 16:32:00,162,27.8108,27.82,27.82,27.82,27.82,6
2023-06-29 16:33:00,798,27.8085,27.825,27.79,27.825,27.79,21
2023-06-29 16:35:00,1974,27.8131,27.76,27.85,27.85,27.76,42
2023-06-29 16:36:00,606,27.8396,27.85,27.85,27.85,27.85,27
2023-06-29 16:37:00,734,27.829,27.83,27.835,27.835,27.82,10
2023-06-29 16:38:00,754,27.8401,27.8275,27.84,27.84,27.8275,23
2023-06-29 16:39:00,732,27.8213,27.83,27.83,27.83,27.83,15
2023-06-29 16:40:00,405,27.8156,27.81,27.815,27.815,27.81,8
2023-06-29 16:41:00,281,27.8122,27.815,27.815,27.815,27.815,5
2023-06-29 16:42:00,294,27.818,27.815,27.815,27.815,27.815,9
2023-06-29 16:43:00,1308,27.8408,27.815,27.835,27.86,27.815,31
2023-06-29 16:44:00,1250,27.792,27.81,27.77,27.81,27.77,24
2023-06-29 16:45:00,813,27.7939,27.765,27.8,27.8,27.765,17
2023-06-29 16:46:00,238,27.7995,27.785,27.785,27.785,27.785,7
2023-06-29 16:47:00,390,27.792,27.785,27.785,27.8099,27.785,8
2023-06-29 16:48:00,1038,27.7693,27.76,27.785,27.785,27.76,21
2023-06-29 16:49:00,330,27.7901,27.8,27.81,27.81,27.8,8
2023-06-29 16:50:00,454,27.7567,27.76,27.76,27.76,27.76,14
2023-06-29 16:51:00,159,27.761,27.77,27.77,27.77,27.77,10
2023-06-29 16:53:00,163,27.7606,27.765,27.765,27.765,27.765,6
2023-06-29 16:54:00,1736,27.77,27.74,27.79,27.79,27.74,49
2023-06-29 16:55:00,256,27.7527,27.75,27.75,27.75,27.75,18
2023-06-29 16:57:00,1666,27.6925,27.72,27.66,27.72,27.66,46
2023-06-29 16:58:00,4483,27.6834,27.66,27.73,27.74,27.63,112
2023-06-29 16:59:00,271,27.71,27.71,27.71,27.71,27.71,3
2023-06-29 17:00:00,564,27.6844,27.69,27.72,27.72,27.6618,13
2023-06-29 17:01:00,894,27.7229,27.72,27.74,27.74,27.7053,18
2023-06-29 17:02:00,804,27.7254,27.74,27.715,27.74,27.71,18
2023-06-29 17:03:00,212,27.715,27.715,27.715,27.715,27.715,4
2023-06-29 17:04:00,3533,27.7031,27.7039,27.7,27.7039,27.69,16
2023-06-29 17:05:00,3014,27.6813,27.7,27.67,27.72,27.65,61
2023-06-29 17:06:00,1418,27.6978,27.7,27.71,27.71,27.7,27
2023-06-29 17:07:00,167,27.7133,27.715,27.715,27.715,27.715,13
2023-06-29 17:08:00,187,27.6744,27.675,27.675,27.675,27.675,5
2023-06-29 17:09:00,242,27.6779,27.68,27.68,27.68,27.68,7
2023-06-29 17:10:00,1155,27.6717,27.67,27.67,27.67,27.67,17
2023-06-29 17:11:00,4483,27.6657,27.66,27.665,27.69,27.65,62
2023-06-29 17:14:00,2543,27.71,27.69,27.7433,27.7433,27.69,56
2023-06-29 17:15:00,992,27.706,27.71,27.71,27.71,27.7,17
2023-06-29 17:16:00,284,27.6935,27.695,27.695,27.695,27.695,5
2023-06-29 17:18:00,318,27.6999,27.7,27.7,27.7,27.7,10
2023-06-29 17:19:00,2563,27.7433,27.72,27.76,27.76,27.72,50
2023-06-29 17:20:00,362,27.7601,27.76,27.76,27.76,27.76,18
2023-06-29 17:21:00,203,27.76,27.76,27.76,27.76,27.76,7
2023-06-29 17:22:00,215,27.76,27.76,27.76,27.76,27.76,7
2023-06-29 17:23:00,523,27.76,27.76,27.76,27.76,27.76,9
2023-06-29 17:24:00,274,27.76,27.76,27.76,27.76,27.76,10
2023-06-29 17:25:00,225,27.7601,27.76,27.76,27.76,27.76,13
2023-06-29 17:26:00,3260,27.7956,27.77,27.83,27.83,27.77,91
2023-06-29 17:27:00,534,27.8071,27.82,27.81,27.82,27.81,17
2023-06-29 17:29:00,270,27.8149,27.815,27.815,27.815,27.815,5
2023-06-29 17:30:00,2111,27.8559,27.83,27.885,27.885,27.83,48
2023-06-29 17:31:00,775,27.8884,27.885,27.885,27.8958,27.885,11
2023-06-29 17:32:00,4294,27.847,27.885,27.81,27.885,27.81,90
2023-06-29 17:33:00,1070,27.8042,27.82,27.8,27.82,27.795,15
2023-06-29 17:34:00,539,27.8295,27.83,27.83,27.83,27.83,12
2023-06-29 17:35:00,613,27.8365,27.84,27.835,27.84,27.835,17
2023-06-29 17:36:00,1539,27.8721,27.85,27.91,27.91,27.85,34
2023-06-29 17:37:00,614,27.8815,27.89,27.88,27.89,27.88,15
2023-06-29 17:38:00,2829,27.8202,27.87,27.74,27.87,27.74,55
2023-06-29 17:40:00,419,27.7377,27.72,27.7585,27.7585,27.72,9
2023-06-29 17:42:00,1790,27.7072,27.71,27.7,27.72,27.7,40
2023-06-29 17:43:00,4946,27.6937,27.64,27.79,27.79,27.59,90
2023-06-29 17:44:00,141,27.7848,27.785,27.785,27.785,27.785,4
2023-06-29 17:45:00,2507,27.7667,27.7602,27.75,27.8,27.75,31
2023-06-29 17:46:00,130,27.7587,27.76,27.76,27.76,27.76,7
2023-06-29 17:47:00,794,27.7346,27.75,27.7125,27.75,27.7125,16
2023-06-29 17:49:00,318,27.7293,27.7369,27.7369,27.7369,27.7369,11
2023-06-29 17:50:00,333,27.6994,27.695,27.7085,27.7085,27.695,10
2023-06-29 17:52:00,720,27.6843,27.685,27.685,27.685,27.685,14
2023-06-29 17:55:00,796,27.6794,27.68,27.685,27.685,27.68,22
2023-06-29 17:56:00,359,27.6752,27.68,27.68,27.68,27.68,6
2023-06-29 17:58:00,1164,27.6601,27.68,27.65,27.68,27.65,27
2023-06-29 17:59:00,3064,27.6728,27.68,27.65,27.68,27.65,61
2023-06-29 18:00:00,6902,27.6667,27.65,27.69,27.7,27.65,110
2023-06-29 18:01:00,619,27.6754,27.678,27.67,27.678,27.67,11
2023-06-29 18:02:00,863,27.6512,27.65,27.65,27.65,27.65,12
2023-06-29 18:03:00,960,27.6521,27.65,27.65,27.655,27.65,21
2023-06-29 18:04:00,202,27.6634,27.66,27.66,27.66,27.66,6
2023-06-29 18:05:00,214,27.66,27.66,27.66,27.66,27.66,3
2023-06-29 18:06:00,1294,27.65,27.65,27.65,27.67,27.63,28
2023-06-29 18:07:00,451,27.6383,27.645,27.645,27.645,27.645,17
2023-06-29 18:08:00,2306,27.5841,27.62,27.61,27.62,27.54,54
2023-06-29 18:09:00,7116,27.4841,27.555,27.38,27.57,27.38,111
2023-06-29 18:10:00,4138,27.3835,27.38,27.395,27.4,27.37,75
2023-06-29 18:11:00,436,27.3843,27.39,27.375,27.39,27.375,11
2023-06-29 18:12:00,2077,27.3552,27.385,27.34,27.385,27.34,45
2023-06-29 18:13:00,541,27.3507,27.36,27.345,27.36,27.345,10
2023-06-29 18:14:00,5225,27.3336,27.33,27.38,27.39,27.3,142
2023-06-29 18:15:00,291,27.3574,27.36,27.365,27.365,27.36,6
2023-06-29 18:16:00,508,27.3608,27.365,27.36,27.365,27.36,8
2023-06-29 18:18:00,2289,27.3762,27.3401,27.42,27.43,27.3401,29
2023-06-29 18:19:00,1026,27.439,27.45,27.435,27.45,27.42,17
2023-06-29 18:20:00,554,27.4506,27.44,27.46,27.46,27.44,27
2023-06-29 18:21:00,852,27.4808,27.47,27.49,27.49,27.47,20
2023-06-29 18:22:00,202,27.4241,27.4762,27.4762,27.4762,27.4762,3
2023-06-29 18:23:00,3676,27.4134,27.45,27.39,27.45,27.39,61
2023-06-29 18:25:00,1184,27.4016,27.405,27.4192,27.4192,27.37,14
2023-06-29 18:26:00,456,27.3988,27.4,27.4,27.4,27.4,14
2023-06-29 18:27:00,298,27.4011,27.405,27.405,27.405,27.405,13
2023-06-29 18:28:00,1476,27.3994,27.4,27.4,27.4,27.4,5
2023-06-29 18:29:00,1139,27.4147,27.4,27.42,27.42,27.4,34
2023-06-29 18:31:00,2138,27.4449,27.43,27.43,27.46,27.43,66
2023-06-29 18:32:00,1302,27.4183,27.42,27.4,27.4289,27.4,31
2023-06-29 18:33:00,1610,27.422,27.4,27.445,27.445,27.4,34
2023-06-29 18:34:00,14059,27.4087,27.445,27.4,27.445,27.39,51
2023-06-29 18:35:00,415,27.4149,27.415,27.415,27.415,27.415,7
2023-06-29 18:37:00,954,27.4095,27.415,27.4,27.415,27.4,30
2023-06-29 18:38:00,16536,27.3973,27.39,27.385,27.42,27.38,92
2023-06-29 18:39:00,875,27.3709,27.37,27.37,27.37,27.37,20
2023-06-29 18:40:00,3931,27.3916,27.37,27.46,27.46,27.36,80
2023-06-29 18:41:00,2224,27.5001,27.48,27.48,27.53,27.48,70
2023-06-29 18:43:00,552,27.5026,27.5,27.52,27.52,27.4946,10
2023-06-29 18:44:00,133,27.5118,27.5182,27.5182,27.5182,27.5182,5
2023-06-29 18:45:00,1855,27.5236,27.52,27.58,27.58,27.52,48
2023-06-29 18:46:00,1021,27.533,27.55,27.53,27.55,27.53,25
2023-06-29 18:47:00,541,27.5255,27.515,27.515,27.515,27.515,12
2023-06-29 18:48:00,559,27.5196,27.52,27.52,27.52,27.52,16
2023-06-29 18:49:00,605,27.5299,27.525,27.53,27.535,27.52,13
2023-06-29 18:51:00,785,27.5468,27.535,27.55,27.55,27.535,19
2023-06-29 18:52:00,1585,27.5659,27.545,27.5757,27.58,27.545,31
2023-06-29 18:53:00,1087,27.6046,27.59,27.625,27.625,27.59,25
2023-06-29 18:54:00,811,27.6106,27.62,27.605,27.62,27.605,25
2023-06-29 18:55:00,1131,27.6363,27.64,27.65,27.65,27.64,37
2023-06-29 18:57:00,490,27.6363,27.68,27.68,27.68,27.68,15
2023-06-29 18:59:00,1997,27.6748,27.69,27.655,27.69,27.655,63
2023-06-29 19:00:00,449,27.6748,27.67,27.67,27.67,27.67,16
2023-06-29 19:01:00,579,27.6578,27.66,27.655,27.66,27.655,17
2023-06-29 19:02:00,2684,27.6283,27.65,27.6,27.65,27.6,49
2023-06-29 19:04:00,412,27.6144,27.6,27.61,27.61,27.6,8
2023-06-29 19:05:00,805,27.617,27.61,27.62,27.62,27.61,31
2023-06-29 19:06:00,3177,27.6066,27.625,27.595,27.6257,27.58,37
2023-06-29 19:07:00,3132,27.6119,27.58,27.63,27.64,27.58,67
2023-06-29 19:08:00,11786,27.5954,27.625,27.56,27.625,27.54,69
2023-06-29 19:09:00,2768,27.5508,27.565,27.5401,27.565,27.53,35
2023-06-29 19:10:00,1412,27.5356,27.5399,27.525,27.5399,27.525,10
2023-06-29 19:11:00,3518,27.4959,27.51,27.49,27.51,27.48,70
2023-06-29 19:12:00,1250,27.4848,27.485,27.485,27.485,27.4847,7
2023-06-29 19:13:00,1531,27.4722,27.47,27.47,27.47,27.47,38
2023-06-29 19:14:00,1876,27.4915,27.47,27.49,27.505,27.47,29
2023-06-29 19:15:00,1697,27.525,27.495,27.56,27.56,27.495,32
2023-06-29 19:16:00,318,27.517,27.52,27.52,27.52,27.52,13
2023-06-29 19:17:00,2063,27.4227,27.47,27.4,27.47,27.4,42
2023-06-29 19:18:00,1200,27.4019,27.405,27.39,27.405,27.39,8
2023-06-29 19:19:00,7552,27.3734,27.39,27.35,27.4,27.34,101
2023-06-29 19:20:00,2419,27.3938,27.35,27.42,27.435,27.35,55
2023-06-29 19:21:00,727,27.4199,27.42,27.4,27.42,27.4,9
2023-06-29 19:22:00,1081,27.3904,27.4,27.4,27.4,27.385,19
2023-06-29 19:23:00,922,27.3637,27.3601,27.38,27.38,27.3601,7
2023-06-29 19:24:00,4235,27.4807,27.38,27.55,27.55,27.38,82
2023-06-29 19:26:00,150,27.514,27.535,27.535,27.535,27.535,6
2023-06-29 19:28:00,1430,27.5572,27.57,27.52,27.571,27.52,24
2023-06-29 19:29:00,282,27.5198,27.515,27.515,27.515,27.515,11
2023-06-29 19:30:00,2581,27.5434,27.54,27.53,27.56,27.53,32
2023-06-29 19:31:00,1653,27.5297,27.5501,27.55,27.5501,27.55,16
2023-06-29 19:32:00,235,27.5475,27.55,27.55,27.55,27.55,9
2023-06-29 19:33:00,925,27.5549,27.55,27.56,27.56,27.545,39
2023-06-29 19:34:00,2337,27.5427,27.55,27.51,27.555,27.51,43
2023-06-29 19:35:00,2909,27.548,27.52,27.555,27.57,27.52,62
2023-06-29 19:36:00,1307,27.5395,27.56,27.53,27.56,27.53,28
2023-06-29 19:38:00,330,27.5342,27.55,27.51,27.55,27.51,22
2023-06-29 19:39:00,3557,27.4819,27.52,27.46,27.52,27.45,83
2023-06-29 19:40:00,2651,27.4079,27.43,27.41,27.43,27.38,81
2023-06-29 19:41:00,2878,27.4075,27.41,27.42,27.42,27.395,58
2023-06-29 19:43:00,345,27.4266,27.43,27.43,27.43,27.43,8
2023-06-29 19:44:00,2479,27.3988,27.4,27.395,27.405,27.395,47
2023-06-29 19:45:00,1802,27.4042,27.41,27.395,27.41,27.395,43
2023-06-29 19:46:00,3124,27.3505,27.39,27.33,27.39,27.32,81
2023-06-29 19:47:00,929,27.3124,27.31,27.325,27.325,27.31,25
2023-06-29 19:48:00,4036,27.3353,27.34,27.33,27.35,27.32,92
2023-06-29 19:49:00,1207,27.3168,27.33,27.31,27.33,27.31,24
2023-06-29 19:50:00,15930,27.2961,27.3,27.33,27.33,27.27,269
2023-06-29 19:51:00,5527,27.3601,27.32,27.35,27.38,27.32,92
2023-06-29 19:52:00,6429,27.3299,27.34,27.36,27.36,27.31,97
2023-06-29 19:53:00,2365,27.3867,27.38,27.37,27.4,27.37,76
2023-06-29 19:54:00,4144,27.3865,27.38,27.41,27.42,27.37,139
2023-06-29 19:55:00,3086,27.4094,27.4154,27.43,27.43,27.39,91
2023-06-29 19:56:00,3720,27.41,27.425,27.42,27.425,27.4,71
2023-06-29 19:57:00,7317,27.396,27.425,27.39,27.425,27.38,157
2023-06-29 19:58:00,8320,27.4005,27.419,27.385,27.4299,27.38,202
2023-06-29 19:59:00,9954,27.3731,27.39,27.38,27.395,27.35,204
2023-06-29 20:00:00,832,27.38,27.38,27.38,27.38,27.38,3
2023-06-30 09:05:00,100,27.7,27.7,27.7,27.7,27.7,1
2023-06-30 13:04:00,400,28.49,28.49,28.49,28.49,28.49,1
2023-06-30 13:30:00,6762,27.5042,27.54,27.33,27.6519,27.32,41
2023-06-30 13:31:00,5084,27.3135,27.44,27.2463,27.46,27.17,88
2023-06-30 13:32:00,1526,27.2888,27.16,27.34,27.34,27.15,29
2023-06-30 13:33:00,951,27.4225,27.32,27.44,27.56,27.32,26
2023-06-30 13:34:00,346,27.3652,27.365,27.35,27.365,27.35,16
2023-06-30 13:35:00,579,27.4982,27.53,27.37,27.53,27.37,20
2023-06-30 13:36:00,102,27.3504,27.35,27.35,27.35,27.35,3
2023-06-30 13:37:00,172,27.3201,27.3225,27.3225,27.3225,27.3225,2
2023-06-30 13:39:00,612,27.6143,27.6471,27.46,27.6471,27.46,9
2023-06-30 13:40:00,3062,27.332,27.41,27.28,27.43,27.28,42
2023-06-30 13:41:00,3199,27.0805,27.2,27.03,27.2,27.03,48
2023-06-30 13:42:00,1714,27.058,27.03,27.14,27.14,27.0,32
2023-06-30 13:43:00,2169,27.1637,27.11,27.15,27.2,27.11,37
2023-06-30 13:44:00,6405,27.2417,27.15,27.265,27.3,27.15,66
2023-06-30 13:45:00,3488,27.406,27.33,27.385,27.4199,27.33,21
2023-06-30 13:46:00,373,27.3446,27.34,27.34,27.34,27.34,7
2023-06-30 13:47:00,1297,27.3892,27.34,27.3991,27.3991,27.34,10
2023-06-30 13:48:00,6643,27.239,27.345,27.2,27.345,27.2,77
2023-06-30 13:49:00,6864,27.2226,27.21,27.16,27.33,27.135,83
2023-06-30 13:50:00,427,27.1427,27.11,27.11,27.11,27.11,7
2023-06-30 13:51:00,1339,27.3509,27.27,27.4541,27.4541,27.27,34
2023-06-30 13:52:00,136,27.4222,27.45,27.45,27.45,27.45,5
2023-06-30 13:54:00,2707,27.202,27.275,27.14,27.32,27.14,38
2023-06-30 13:55:00,3007,27.0417,27.12,26.97,27.12,26.97,45
2023-06-30 13:56:00,1454,26.9301,26.95,26.88,27.02,26.88,28
2023-06-30 13:57:00,1684,26.9144,26.93,26.93,26.93,26.88,27
2023-06-30 13:58:00,708,26.8993,26.935,26.895,26.935,26.86,9
2023-06-30 13:59:00,1328,26.9127,26.9,26.92,26.93,26.9,13
2023-06-30 14:00:00,3679,26.8897,26.8812,26.86,26.91,26.86,48
2023-06-30 14:01:00,1542,26.9578,26.91,27.09,27.09,26.91,46
2023-06-30 14:03:00,1213,27.1571,27.16,27.175,27.22,27.145,25
2023-06-30 14:04:00,2325,27.1776,27.21,27.11,27.3,27.11,39
2023-06-30 14:05:00,1897,27.1578,27.14,27.19,27.19,27.1142,26
2023-06-30 14:06:00,788,27.2513,27.245,27.25,27.25,27.245,22
2023-06-30 14:07:00,501,27.2325,27.235,27.235,27.235,27.235,7
2023-06-30 14:08:00,1692,27.2019,27.235,27.19,27.29,27.17,45
2023-06-30 14:09:00,1839,27.2196,27.225,27.2,27.245,27.2,29
2023-06-30 14:10:00,1010,27.2107,27.16,27.22,27.22,27.16,16
2023-06-30 14:11:00,931,27.2862,27.25,27.3,27.3,27.25,32
2023-06-30 14:12:00,1909,27.3327,27.38,27.305,27.38,27.3,31
2023-06-30 14:13:00,836,27.2954,27.33,27.27,27.33,27.27,22
2023-06-30 14:14:00,738,27.2974,27.29,27.31,27.31,27.29,25
2023-06-30 14:15:00,262,27.294,27.28,27.28,27.28,27.28,13
2023-06-30 14:17:00,406,27.317,27.29,27.36,27.36,27.29,7
2023-06-30 14:18:00,355,27.3161,27.315,27.305,27.315,27.305,8
2023-06-30 14:19:00,1479,27.2609,27.25,27.265,27.29,27.23,22
2023-06-30 14:20:00,1697,27.2147,27.265,27.225,27.265,27.18,41
2023-06-30 14:21:00,742,27.2536,27.27,27.235,27.27,27.235,34
2023-06-30 14:22:00,1393,27.2923,27.3,27.29,27.3,27.285,32
2023-06-30 14:23:00,615,27.2515,27.275,27.26,27.275,27.26,15
2023-06-30 14:24:00,703,27.257,27.24,27.3,27.3,27.24,10
2023-06-30 14:26:00,1034,27.2692,27.2999,27.21,27.3,27.21,42
2023-06-30 14:27:00,3192,27.1523,27.19,27.11,27.19,27.06,50
2023-06-30 14:28:00,750,27.1496,27.09,27.15,27.15,27.09,17
2023-06-30 14:29:00,2592,27.128,27.13,27.22,27.22,27.06,70
2023-06-30 14:30:00,341,27.2271,27.22,27.22,27.22,27.22,17
2023-06-30 14:32:00,208,27.1865,27.185,27.185,27.185,27.185,7
2023-06-30 14:33:00,1073,27.2278,27.1215,27.265,27.265,27.1215,38
2023-06-30 14:34:00,480,27.1963,27.24,27.18,27.24,27.18,5
2023-06-30 14:35:00,419,27.241,27.28,27.2,27.28,27.2,6
2023-06-30 14:36:00,1124,27.1972,27.24,27.16,27.24,27.16,12
2023-06-30 14:37:00,166,27.1724,27.18,27.18,27.18,27.18,7
2023-06-30 14:40:00,8099,27.2211,27.2299,27.145,27.2299,27.11,23
2023-06-30 14:41:00,1351,27.1576,27.11,27.125,27.1883,27.11,21
2023-06-30 14:42:00,1679,27.164,27.12,27.18,27.193,27.1,13
2023-06-30 14:43:00,254,27.1716,27.155,27.19,27.19,27.155,5
2023-06-30 14:44:00,2024,27.1271,27.1,27.15,27.15,27.1,65
2023-06-30 14:45:00,555,27.1734,27.17,27.21,27.21,27.17,11
2023-06-30 14:46:00,3116,27.1283,27.17,27.16,27.2,27.0846,41
2023-06-30 14:48:00,693,27.1808,27.17,27.18,27.21,27.165,16
2023-06-30 14:49:00,299,27.1191,27.1,27.1,27.1,27.1,9
2023-06-30 14:50:00,863,27.0793,27.09,27.07,27.09,27.07,23
2023-06-30 14:51:00,284,27.0822,27.08,27.08,27.08,27.08,19
2023-06-30 14:52:00,305,27.0751,27.075,27.075,27.075,27.075,11
2023-06-30 14:53:00,5433,27.0393,27.07,27.0,27.07,27.0,51
2023-06-30 14:54:00,3685,27.0432,27.03,27.065,27.065,27.03,50
2023-06-30 14:56:00,1345,27.0189,27.01,27.03,27.03,27.01,23
2023-06-30 14:57:00,1037,26.9547,26.97,26.96,26.97,26.92,23
2023-06-30 14:58:00,2847,26.9005,26.93,26.89,26.93,26.87,24
2023-06-30 14:59:00,264,26.8905,26.89,26.89,26.89,26.89,13
2023-06-30 15:00:00,1710,26.9708,26.94,27.04,27.04,26.94,48
2023-06-30 15:01:00,724,27.0472,27.04,27.09,27.09,27.04,22
2023-06-30 15:02:00,1861,27.065,27.085,27.09,27.11,27.04,24
2023-06-30 15:03:00,207,27.0417,27.11,27.11,27.11,27.11,4
2023-06-30 15:04:00,414,27.0583,27.045,27.05,27.1,27.045,7
2023-06-30 15:06:00,3205,27.1267,27.11,27.19,27.19,27.07,81
2023-06-30 15:07:00,2220,27.1588,27.19,27.135,27.2,27.135,37
2023-06-30 15:08:00,233,27.1344,27.135,27.135,27.135,27.135,7
2023-06-30 15:09:00,10685,27.1671,27.14,27.275,27.28,27.13,115
2023-06-30 15:10:00,786,27.2692,27.275,27.28,27.28,27.2601,10
2023-06-30 15:11:00,1320,27.2875,27.3,27.275,27.32,27.275,32
2023-06-30 15:12:00,130,27.2994,27.3,27.3,27.3,27.3,3
2023-06-30 15:14:00,2223,27.2701,27.27,27.27,27.315,27.25,34
2023-06-30 15:15:00,364,27.2883,27.29,27.29,27.29,27.29,16
2023-06-30 15:18:00,910,27.3171,27.33,27.34,27.34,27.3,17
2023-06-30 15:19:00,1207,27.3327,27.295,27.34,27.34,27.295,27
2023-06-30 15:20:00,967,27.3711,27.37,27.385,27.39,27.37,29
2023-06-30 15:21:00,1422,27.384,27.4,27.37,27.4,27.37,46
2023-06-30 15:22:00,116,27.3593,27.36,27.36,27.36,27.36,7
2023-06-30 15:23:00,355,27.3773,27.39,27.36,27.39,27.36,16
2023-06-30 15:24:00,446,27.3565,27.35,27.36,27.36,27.35,16
2023-06-30 15:25:00,840,27.3651,27.36,27.37,27.37,27.36,21
2023-06-30 15:26:00,2176,27.324,27.35,27.32,27.36,27.305,71
2023-06-30 15:27:00,3403,27.2715,27.2501,27.3,27.33,27.2501,30
2023-06-30 15:28:00,657,27.2645,27.27,27.2867,27.2867,27.255,15
2023-06-30 15:29:00,1038,27.2468,27.25,27.25,27.25,27.24,16
2023-06-30 15:30:00,793,27.2244,27.245,27.22,27.245,27.22,17
2023-06-30 15:32:00,385,27.2325,27.23,27.23,27.23,27.23,27
2023-06-30 15:33:00,258,27.2595,27.27,27.26,27.27,27.26,9
2023-06-30 15:34:00,202,27.24,27.24,27.24,27.24,27.24,3
2023-06-30 15:36:00,1068,27.2099,27.21,27.21,27.21,27.21,25
2023-06-30 15:37:00,100,27.2299,27.2299,27.2299,27.2299,27.2299,1
2023-06-30 15:38:00,178,27.2102,27.21,27.21,27.21,27.21,5
2023-06-30 15:39:00,246,27.2041,27.195,27.195,27.195,27.195,11
2023-06-30 15:40:00,2424,27.1734,27.16,27.17,27.2,27.155,57
2023-06-30 15:41:00,245,27.1893,27.19,27.19,27.19,27.19,5
2023-06-30 15:42:00,1277,27.2379,27.22,27.28,27.28,27.22,39
2023-06-30 15:43:00,1959,27.283,27.28,27.3,27.3,27.2654,40
2023-06-30 15:44:00,479,27.3176,27.325,27.31,27.325,27.31,20
2023-06-30 15:45:00,1185,27.3259,27.335,27.31,27.335,27.31,30
2023-06-30 15:46:00,2391,27.3556,27.33,27.36,27.3717,27.33,40
2023-06-30 15:47:00,3563,27.3742,27.38,27.36,27.395,27.36,74
2023-06-30 15:48:00,395,27.3666,27.365,27.365,27.365,27.36,11
2023-06-30 15:49:00,1793,27.3454,27.36,27.36,27.36,27.32,44
2023-06-30 15:50:00,1273,27.3512,27.35,27.355,27.36,27.35,16
2023-06-30 15:51:00,606,27.3118,27.32,27.32,27.32,27.3,16
2023-06-30 15:52:00,1702,27.3024,27.32,27.295,27.32,27.295,52
2023-06-30 15:54:00,4218,27.3263,27.32,27.3481,27.3481,27.3,97
2023-06-30 15:55:00,1554,27.3084,27.3399,27.285,27.3399,27.285,23
2023-06-30 15:57:00,1042,27.2961,27.29,27.31,27.31,27.29,36
2023-06-30 15:58:00,727,27.3289,27.34,27.33,27.34,27.33,17
2023-06-30 15:59:00,677,27.3431,27.34,27.33,27.36,27.33,19
2023-06-30 16:00:00,1126,27.3398,27.34,27.335,27.36,27.32,21
2023-06-30 16:01:00,748,27.3718,27.36,27.4,27.4,27.36,24
2023-06-30 16:02:00,429,27.38,27.38,27.385,27.385,27.38,6
2023-06-30 16:03:00,435,27.3896,27.385,27.4,27.4,27.385,11
2023-06-30 16:04:00,649,27.4177,27.42,27.41,27.425,27.41,21
2023-06-30 16:05:00,2435,27.4485,27.44,27.485,27.485,27.44,60
2023-06-30 16:06:00,5169,27.4978,27.485,27.52,27.52,27.485,35
2023-06-30 16:07:00,1431,27.5389,27.52,27.53,27.555,27.52,36
2023-06-30 16:08:00,921,27.4937,27.49,27.49,27.495,27.49,21
2023-06-30 16:09:00,1936,27.456,27.46,27.44,27.46,27.44,15
2023-06-30 16:10:00,950,27.4597,27.45,27.46,27.47,27.45,23
2023-06-30 16:11:00,209,27.4678,27.465,27.465,27.465,27.465,8
2023-06-30 16:12:00,1999,27.4857,27.49,27.48,27.5,27.47,22
2023-06-30 16:13:00,564,27.4775,27.48,27.475,27.48,27.475,14
2023-06-30 16:14:00,1135,27.4629,27.46,27.47,27.47,27.46,19
2023-06-30 16:16:00,1090,27.461,27.46,27.46,27.47,27.46,11
2023-06-30 16:17:00,422,27.4631,27.465,27.465,27.465,27.46,6
2023-06-30 16:18:00,1033,27.44,27.43,27.44,27.44,27.43,29
2023-06-30 16:19:00,1034,27.4221,27.44,27.41,27.44,27.41,23
2023-06-30 16:20:00,369,27.4407,27.445,27.445,27.445,27.445,10
2023-06-30 16:21:00,541,27.4164,27.44,27.4,27.44,27.4,11
2023-06-30 16:22:00,628,27.4495,27.455,27.455,27.455,27.45,19
2023-06-30 16:23:00,336,27.478,27.48,27.48,27.48,27.48,8
2023-06-30 16:24:00,519,27.48,27.48,27.48,27.48,27.48,7
2023-06-30 16:25:00,209,27.4814,27.48,27.48,27.48,27.48,7
2023-06-30 16:26:00,1748,27.4774,27.475,27.485,27.485,27.47,33
2023-06-30 16:27:00,590,27.4703,27.485,27.45,27.485,27.45,9
2023-06-30 16:28:00,521,27.4366,27.45,27.45,27.45,27.4,5
2023-06-30 16:30:00,634,27.4551,27.46,27.47,27.47,27.46,19
2023-06-30 16:32:00,391,27.4656,27.47,27.465,27.47,27.46,11
2023-06-30 16:35:00,1089,27.5128,27.505,27.535,27.535,27.505,41
2023-06-30 16:36:00,525,27.5313,27.52,27.53,27.545,27.52,12
2023-06-30 16:37:00,188,27.5469,27.545,27.545,27.545,27.545,6
2023-06-30 16:38:00,6609,27.532,27.51,27.53,27.55,27.5,66
2023-06-30 16:39:00,1945,27.5149,27.54,27.475,27.54,27.475,24
2023-06-30 16:40:00,866,27.4687,27.455,27.495,27.495,27.455,15
2023-06-30 16:41:00,704,27.49,27.5,27.475,27.5,27.475,11
2023-06-30 16:43:00,803,27.4747,27.48,27.47,27.48,27.47,14
2023-06-30 16:44:00,596,27.4485,27.46,27.43,27.46,27.43,23
2023-06-30 16:45:00,723,27.4825,27.47,27.5,27.5,27.47,28
2023-06-30 16:46:00,110,27.4945,27.495,27.495,27.495,27.495,4
2023-06-30 16:47:00,2035,27.4849,27.49,27.48,27.49,27.48,47
2023-06-30 16:48:00,911,27.4762,27.478,27.47,27.478,27.47,4
2023-06-30 16:49:00,905,27.4368,27.445,27.42,27.445,27.42,20
2023-06-30 16:50:00,298,27.4334,27.435,27.435,27.435,27.435,5
2023-06-30 16:51:00,158,27.4272,27.43,27.43,27.43,27.43,5
2023-06-30 16:52:00,365,27.401,27.4016,27.4016,27.4016,27.4016,4
2023-06-30 16:53:00,1538,27.4097,27.435,27.37,27.435,27.37,19
2023-06-30 16:55:00,1038,27.3626,27.35,27.37,27.37,27.35,23
2023-06-30 16:56:00,470,27.3487,27.36,27.345,27.36,27.345,11
2023-06-30 16:58:00,1033,27.3675,27.36,27.38,27.39,27.36,32
2023-06-30 16:59:00,153,27.39,27.39,27.39,27.39,27.39,3
2023-06-30 17:00:00,1568,27.421,27.4,27.43,27.4549,27.4,38
2023-06-30 17:01:00,862,27.4064,27.43,27.39,27.43,27.39,16
2023-06-30 17:02:00,2093,27.3567,27.38,27.345,27.38,27.345,53
2023-06-30 17:04:00,751,27.384,27.38,27.4,27.4,27.38,21
2023-06-30 17:05:00,403,27.4216,27.42,27.42,27.42,27.42,11
2023-06-30 17:06:00,1004,27.4171,27.435,27.41,27.435,27.41,20
2023-06-30 17:07:00,512,27.4052,27.41,27.41,27.41,27.41,13
2023-06-30 17:08:00,176,27.4152,27.415,27.415,27.415,27.415,4
2023-06-30 17:09:00,119,27.4118,27.415,27.415,27.415,27.415,5
2023-06-30 17:11:00,218,27.415,27.415,27.415,27.415,27.415,8
2023-06-30 17:12:00,1581,27.4203,27.42,27.42,27.42,27.41,33
2023-06-30 17:13:00,438,27.4095,27.41,27.4,27.42,27.4,10
2023-06-30 17:14:00,163,27.405,27.405,27.405,27.405,27.405,1
2023-06-30 17:15:00,154,27.4184,27.42,27.42,27.42,27.42,4
2023-06-30 17:16:00,4987,27.4686,27.42,27.46,27.52,27.42,96
2023-06-30 17:17:00,891,27.4835,27.49,27.47,27.5,27.47,19
2023-06-30 17:18:00,1514,27.5179,27.48,27.54,27.54,27.48,29
2023-06-30 17:19:00,623,27.5374,27.53,27.54,27.54,27.53,10
2023-06-30 17:20:00,861,27.5551,27.54,27.56,27.57,27.54,25
2023-06-30 17:21:00,1791,27.5826,27.55,27.625,27.63,27.55,49
2023-06-30 17:22:00,1182,27.6343,27.63,27.63,27.64,27.63,26
2023-06-30 17:23:00,1083,27.6634,27.635,27.665,27.68,27.635,24
2023-06-30 17:24:00,2461,27.6466,27.68,27.6,27.68,27.6,59
2023-06-30 17:25:00,379,27.6401,27.64,27.65,27.65,27.64,12
2023-06-30 17:26:00,1346,27.6679,27.66,27.67,27.68,27.66,25
2023-06-30 17:27:00,703,27.6705,27.67,27.68,27.68,27.67,17
2023-06-30 17:28:00,2418,27.6489,27.66,27.655,27.66,27.63,42
2023-06-30 17:30:00,1379,27.6813,27.68,27.68,27.7,27.675,28
2023-06-30 17:31:00,525,27.6882,27.68,27.675,27.7,27.675,17
2023-06-30 17:32:00,325,27.6575,27.66,27.655,27.66,27.655,11
2023-06-30 17:33:00,354,27.6498,27.65,27.65,27.65,27.65,16
2023-06-30 17:34:00,532,27.6258,27.64,27.62,27.64,27.62,19
2023-06-30 17:35:00,576,27.6738,27.66,27.66,27.66,27.66,22
2023-06-30 17:37:00,984,27.6807,27.68,27.68,27.68,27.68,19
2023-06-30 17:38:00,897,27.6608,27.65,27.67,27.69,27.645,32
2023-06-30 17:39:00,1728,27.7032,27.705,27.69,27.71,27.69,31
2023-06-30 17:40:00,1037,27.743,27.74,27.765,27.765,27.74,44
2023-06-30 17:41:00,421,27.7525,27.75,27.75,27.75,27.75,13
2023-06-30 17:42:00,754,27.7393,27.75,27.74,27.75,27.74,19
2023-06-30 17:43:00,428,27.7391,27.74,27.74,27.74,27.74,9
2023-06-30 17:45:00,302,27.7402,27.745,27.73,27.745,27.73,10
2023-06-30 17:46:00,251,27.7448,27.745,27.745,27.745,27.745,10
2023-06-30 17:47:00,2089,27.7188,27.745,27.7,27.745,27.7,42
2023-06-30 17:48:00,3679,27.7012,27.7,27.69,27.72,27.68,71
2023-06-30 17:49:00,1937,27.6733,27.68,27.64,27.68,27.64,28
2023-06-30 17:50:00,1992,27.6855,27.66,27.69,27.7,27.66,35
2023-06-30 17:52:00,700,27.6695,27.67,27.67,27.67,27.66,9
2023-06-30 17:53:00,638,27.6415,27.64,27.64,27.64,27.64,20
2023-06-30 17:54:00,630,27.6383,27.65,27.63,27.65,27.63,24
2023-06-30 17:55:00,4032,27.6936,27.68,27.7027,27.71,27.65,73
2023-06-30 17:57:00,718,27.7089,27.71,27.71,27.71,27.71,15
2023-06-30 17:58:00,400,27.7071,27.71,27.71,27.71,27.71,8
2023-06-30 17:59:00,214,27.7147,27.72,27.72,27.72,27.72,5
2023-06-30 18:00:00,1043,27.7315,27.72,27.75,27.75,27.72,39
2023-06-30 18:01:00,517,27.7479,27.745,27.76,27.76,27.745,13
2023-06-30 18:02:00,2710,27.7383,27.745,27.73,27.745,27.73,53
2023-06-30 18:03:00,1231,27.7328,27.73,27.74,27.74,27.73,27
2023-06-30 18:05:00,158,27.7285,27.7227,27.7227,27.7227,27.7227,4
2023-06-30 18:06:00,3431,27.7065,27.735,27.69,27.735,27.68,45
2023-06-30 18:07:00,1041,27.6863,27.68,27.68,27.69,27.68,22
2023-06-30 18:08:00,1485,27.674,27.67,27.685,27.685,27.67,52
2023-06-30 18:09:00,254,27.6719,27.67,27.67,27.67,27.67,7
2023-06-30 18:10:00,1238,27.6611,27.67,27.635,27.675,27.635,32
2023-06-30 18:11:00,12282,27.6993,27.69,27.71,27.72,27.68,110
2023-06-30 18:12:00,1654,27.7002,27.72,27.69,27.72,27.69,24
2023-06-30 18:13:00,781,27.6898,27.7,27.68,27.7,27.68,12
2023-06-30 18:14:00,199,27.6904,27.69,27.69,27.69,27.69,4
2023-06-30 18:15:00,471,27.6764,27.675,27.675,27.675,27.675,13
2023-06-30 18:16:00,2651,27.6739,27.64,27.725,27.725,27.64,55
2023-06-30 18:17:00,2983,27.7369,27.725,27.73,27.75,27.725,70
2023-06-30 18:18:00,2438,27.7322,27.73,27.76,27.76,27.7211,29
2023-06-30 18:19:00,1088,27.7375,27.72,27.78,27.78,27.72,18
2023-06-30 18:20:00,459,27.7435,27.755,27.76,27.76,27.755,17
2023-06-30 18:21:00,1777,27.8109,27.79,27.83,27.85,27.79,29
2023-06-30 18:22:00,928,27.8475,27.835,27.86,27.86,27.83,31
2023-06-30 18:23:00,1083,27.8916,27.885,27.89,27.92,27.885,28
2023-06-30 18:24:00,3213,27.8972,27.9,27.89,27.91,27.89,57
2023-06-30 18:25:00,315,27.8956,27.89,27.895,27.895,27.89,5
2023-06-30 18:26:00,3519,27.9279,27.91,27.87,27.9576,27.87,64
2023-06-30 18:27:00,431,27.8733,27.8843,27.87,27.8843,27.87,11
2023-06-30 18:28:00,2855,27.8646,27.87,27.87,27.88,27.845,55
2023-06-30 18:29:00,397,27.8844,27.875,27.875,27.875,27.875,12
2023-06-30 18:30:00,3621,27.8972,27.91,27.895,27.91,27.89,51
2023-06-30 18:31:00,583,27.8967,27.88,27.901,27.901,27.88,11
2023-06-30 18:32:00,533,27.8938,27.9,27.88,27.9,27.88,12
2023-06-30 18:33:00,1530,27.9088,27.9,27.91,27.915,27.9,28
2023-06-30 18:34:00,2356,27.8947,27.91,27.885,27.91,27.885,38
2023-06-30 18:35:00,202,27.8778,27.88,27.88,27.88,27.88,8
2023-06-30 18:36:00,2526,27.9126,27.89,27.92,27.92,27.89,52
2023-06-30 18:37:00,1100,27.9164,27.92,27.92,27.925,27.9,23
2023-06-30 18:38:00,3741,27.8912,27.91,27.9,27.91,27.86,112
2023-06-30 18:40:00,731,27.9199,27.92,27.92,27.925,27.91,14
2023-06-30 18:41:00,1115,27.9351,27.9356,27.94,27.94,27.9356,10
2023-06-30 18:42:00,3601,27.9731,27.96,28.0,28.0,27.96,91
2023-06-30 18:43:00,1701,28.0126,28.01,28.02,28.025,28.0018,35
2023-06-30 18:44:00,3884,28.0106,28.02,28.05,28.05,27.985,83
2023-06-30 18:45:00,1528,28.0537,28.07,28.045,28.07,28.045,31
2023-06-30 18:46:00,3485,28.0449,28.045,28.03,28.09,28.03,58
2023-06-30 18:47:00,700,28.086,28.065,28.09,28.09,28.065,16
2023-06-30 18:48:00,699,28.103,28.1,28.1,28.1,28.1,46
2023-06-30 18:49:00,747,28.1246,28.12,28.13,28.13,28.12,25
2023-06-30 18:50:00,2597,28.1499,28.12,28.2,28.2,28.12,67
2023-06-30 18:51:00,2366,28.2239,28.2,28.255,28.26,28.2,54
2023-06-30 18:52:00,4201,28.2336,28.255,28.23,28.255,28.21,82
2023-06-30 18:53:00,483,28.2139,28.23,28.21,28.23,28.21,22
2023-06-30 18:54:00,851,28.1667,28.19,28.15,28.19,28.15,33
2023-06-30 18:55:00,1392,28.1897,28.15,28.21,28.21,28.14,59
2023-06-30 18:56:00,3130,28.2209,28.22,28.19,28.25,28.19,52
2023-06-30 18:57:00,1044,28.1969,28.18,28.25,28.25,28.18,35
2023-06-30 18:58:00,556,28.237,28.245,28.2699,28.2699,28.245,33
2023-06-30 18:59:00,1027,28.2608,28.27,28.29,28.29,28.27,37
2023-06-30 19:00:00,2359,28.2798,28.29,28.275,28.29,28.27,41
2023-06-30 19:01:00,1292,28.2519,28.275,28.245,28.275,28.2412,17
2023-06-30 19:02:00,2483,28.259,28.24,28.27,28.29,28.24,69
2023-06-30 19:04:00,2713,28.2429,28.28,28.23,28.28,28.23,62
2023-06-30 19:05:00,3150,28.2369,28.23,28.25,28.25,28.22,75
2023-06-30 19:06:00,3707,28.2011,28.25,28.16,28.25,28.14,65
2023-06-30 19:07:00,764,28.1974,28.185,28.21,28.21,28.185,25
2023-06-30 19:08:00,2535,28.2245,28.215,28.22,28.23,28.215,67
2023-06-30 19:09:00,523,28.2247,28.225,28.222,28.225,28.222,13
2023-06-30 19:10:00,5459,28.2521,28.24,28.25,28.275,28.236,116
2023-06-30 19:11:00,1921,28.2447,28.225,28.255,28.26,28.225,51
2023-06-30 19:12:00,1542,28.2794,28.27,28.29,28.295,28.268,42
2023-06-30 19:13:00,543,28.3121,28.31,28.31,28.31,28.31,23
2023-06-30 19:14:00,4301,28.3418,28.34,28.345,28.35,28.33,95
2023-06-30 19:15:00,806,28.3461,28.335,28.335,28.335,28.335,33
2023-06-30 19:16:00,3801,28.3425,28.36,28.33,28.365,28.3,92
2023-06-30 19:17:00,1206,28.3573,28.33,28.36,28.365,28.33,29
2023-06-30 19:18:00,422,28.3534,28.36,28.36,28.36,28.36,18
2023-06-30 19:19:00,2453,28.3543,28.36,28.315,28.36,28.315,40
2023-06-30 19:20:00,2655,28.3252,28.3,28.34,28.37,28.3,73
2023-06-30 19:21:00,2607,28.336,28.34,28.325,28.355,28.325,50
2023-06-30 19:22:00,547,28.336,28.335,28.34,28.34,28.335,17
2023-06-30 19:23:00,1253,28.3491,28.35,28.355,28.355,28.3402,29
2023-06-30 19:24:00,3847,28.3413,28.36,28.305,28.36,28.305,51
2023-06-30 19:25:00,8039,28.231,28.305,28.18,28.305,28.15,80
2023-06-30 19:26:00,1044,28.1644,28.13,28.175,28.175,28.13,30
2023-06-30 19:27:00,1645,28.2114,28.17,28.25,28.2575,28.17,46
2023-06-30 19:28:00,5310,28.2322,28.245,28.21,28.26,28.21,106
2023-06-30 19:29:00,1499,28.1668,28.165,28.17,28.17,28.15,36
2023-06-30 19:30:00,1318,28.1536,28.19,28.13,28.19,28.13,30
2023-06-30 19:31:00,892,28.1047,28.12,28.1,28.12,28.0846,15
2023-06-30 19:32:00,874,28.1168,28.09,28.13,28.13,28.09,22
2023-06-30 19:33:00,7706,28.12,28.11,28.14,28.14,28.105,125
2023-06-30 19:34:00,2147,28.1421,28.13,28.16,28.16,28.125,52
2023-06-30 19:35:00,2771,28.1655,28.16,28.155,28.175,28.155,62
2023-06-30 19:36:00,578,28.1471,28.145,28.145,28.16,28.145,18
2023-06-30 19:37:00,4746,28.146,28.145,28.13,28.18,28.12,99
2023-06-30 19:38:00,4496,28.1449,28.12,28.19,28.19,28.12,92
2023-06-30 19:39:00,3861,28.178,28.19,28.18,28.2,28.17,64
2023-06-30 19:40:00,4109,28.1815,28.18,28.185,28.2,28.18,49
2023-06-30 19:41:00,1643,28.1902,28.2,28.19,28.2,28.185,23
2023-06-30 19:42:00,3343,28.2052,28.19,28.23,28.24,28.18,88
2023-06-30 19:43:00,4228,28.2372,28.24,28.25,28.25,28.22,77
2023-06-30 19:44:00,5758,28.2109,28.25,28.165,28.25,28.165,100
2023-06-30 19:45:00,4601,28.1582,28.16,28.12,28.175,28.12,77
2023-06-30 19:46:00,11505,28.0729,28.12,28.055,28.14,28.03,92
2023-06-30 19:47:00,3027,28.0735,28.045,28.08,28.095,28.045,67
2023-06-30 19:48:00,3034,28.0878,28.08,28.08,28.09,28.07,53
2023-06-30 19:49:00,2510,28.1061,28.09,28.14,28.14,28.09,53
2023-06-30 19:50:00,13533,28.104,28.14,28.075,28.14,28.07,217
2023-06-30 19:51:00,14165,28.0439,28.075,28.02,28.075,28.02,258
2023-06-30 19:52:00,14513,28.0172,28.02,28.07,28.07,27.98,251
2023-06-30 19:53:00,9590,28.1168,28.08,28.19,28.19,28.08,186
2023-06-30 19:54:00,8574,28.2243,28.21,28.2223,28.24,28.2098,155
2023-06-30 19:55:00,9617,28.2021,28.22,28.19,28.25,28.18,215
2023-06-30 19:56:00,11518,28.2131,28.19,28.24,28.24,28.185,243
2023-06-30 19:57:00,11684,28.2312,28.235,28.24,28.24,28.22,206
2023-06-30 19:58:00,13632,28.2254,28.24,28.225,28.24,28.22,248
2023-06-30 19:59:00,33248,28.2076,28.23,28.16,28.24,28.16,477
2023-06-30 20:00:00,917,28.16,28.16,28.16,28.16,28.16,4
2023-06-30 20:02:00,1800,28.16,28.16,28.16,28.16,28.16,1
2023-07-03 13:30:00,9920,28.6567,28.64,28.82,28.85,28.27,121
2023-07-03 13:31:00,8685,29.0727,28.96,29.2,29.26,28.96,116
2023-07-03 13:32:00,4940,29.1962,29.16,29.19,29.2599,29.06,33
2023-07-03 13:33:00,3506,29.2972,29.2362,29.285,29.4,29.23,38
2023-07-03 13:34:00,6693,29.2189,29.41,29.18,29.41,29.13,94
2023-07-03 13:35:00,4334,29.196,29.16,29.24,29.24,29.16,18
2023-07-03 13:37:00,4211,29.3138,29.34,29.26,29.37,29.26,67
2023-07-03 13:38:00,1990,29.1166,29.23,29.095,29.23,29.06,43
2023-07-03 13:39:00,3714,29.0796,29.025,29.225,29.225,29.025,42
2023-07-03 13:40:00,1100,29.1103,29.17,29.09,29.1816,29.09,20
2023-07-03 13:41:00,3010,28.9432,29.02,28.96,29.02,28.76,54
2023-07-03 13:42:00,5507,28.961,28.88,29.04,29.04,28.88,77
2023-07-03 13:43:00,2709,29.0915,29.04,29.12,29.17,28.96,53
2023-07-03 13:44:00,418,29.0852,29.095,29.1,29.1,29.095,22
2023-07-03 13:45:00,435,29.0175,28.985,29.05,29.05,28.985,15
2023-07-03 13:46:00,1867,28.9334,28.985,28.92,28.985,28.88,47
2023-07-03 13:48:00,1010,28.9675,28.93,29.0,29.0,28.92,20
2023-07-03 13:49:00,1903,28.9028,28.915,28.88,28.915,28.85,25
2023-07-03 13:50:00,1933,28.9974,28.88,29.03,29.03,28.88,31
2023-07-03 13:51:00,1563,28.9015,28.98,28.76,28.98,28.76,41
2023-07-03 13:54:00,1726,28.653,28.8413,28.62,28.8413,28.59,52
2023-07-03 13:55:00,1533,28.6693,28.71,28.5906,28.71,28.5906,4
2023-07-03 13:56:00,3152,28.772,28.73,28.785,28.89,28.68,51
2023-07-03 13:57:00,581,28.9091,28.9,28.91,28.92,28.9,10
2023-07-03 13:58:00,3393,29.0086,28.98,29.07,29.07,28.925,42
2023-07-03 13:59:00,1624,28.9477,28.955,28.94,28.955,28.94,42
2023-07-03 14:00:00,467,28.9257,28.915,28.995,28.995,28.91,19
2023-07-03 14:01:00,692,28.9423,28.935,28.98,28.98,28.93,17
2023-07-03 14:02:00,746,28.9167,28.95,28.84,28.97,28.84,32
2023-07-03 14:03:00,804,28.7885,28.83,28.74,28.83,28.74,24
2023-07-03 14:04:00,13462,28.5514,28.66,28.775,28.775,28.5,99
2023-07-03 14:05:00,750,28.7792,28.78,28.81,28.81,28.78,20
2023-07-03 14:07:00,1251,28.6925,28.71,28.64,28.71,28.64,24
2023-07-03 14:08:00,1096,28.5814,28.63,28.54,28.63,28.54,27
2023-07-03 14:09:00,2197,28.5411,28.59,28.44,28.6,28.44,63
2023-07-03 14:10:00,1054,28.5661,28.55,28.55,28.58,28.55,51
2023-07-03 14:11:00,2627,28.6097,28.68,28.6,28.68,28.6,34
2023-07-03 14:12:00,1926,28.6235,28.63,28.64,28.65,28.535,49
2023-07-03 14:13:00,3708,28.6207,28.67,28.58,28.68,28.58,55
2023-07-03 14:14:00,1026,28.5476,28.6,28.53,28.6,28.53,23
2023-07-03 14:15:00,757,28.5953,28.55,28.65,28.65,28.55,29
2023-07-03 14:16:00,442,28.6578,28.655,28.68,28.68,28.65,12
2023-07-03 14:17:00,238,28.6561,28.655,28.655,28.655,28.655,7
2023-07-03 14:18:00,892,28.6287,28.66,28.61,28.66,28.61,19
2023-07-03 14:19:00,854,28.617,28.61,28.61,28.61,28.61,14
2023-07-03 14:21:00,459,28.6128,28.6096,28.6096,28.6096,28.6096,6
2023-07-03 14:22:00,2979,28.677,28.62,28.68,28.715,28.61,96
2023-07-03 14:23:00,401,28.7221,28.73,28.73,28.73,28.73,12
2023-07-03 14:24:00,418,28.7377,28.74,28.74,28.74,28.74,9
2023-07-03 14:25:00,2028,28.7001,28.7,28.66,28.72,28.66,77
2023-07-03 14:26:00,448,28.6223,28.64,28.61,28.64,28.61,14
2023-07-03 14:27:00,4230,28.5415,28.545,28.59,28.61,28.5,81
2023-07-03 14:28:00,345,28.5713,28.57,28.57,28.57,28.57,8
2023-07-03 14:29:00,1132,28.532,28.47,28.42,28.47,28.42,31
2023-07-03 14:32:00,2139,28.3457,28.37,28.245,28.37,28.245,45
2023-07-03 14:33:00,134,28.2655,28.27,28.27,28.27,28.27,8
2023-07-03 14:34:00,1333,28.2063,28.22,28.16,28.22,28.16,25
2023-07-03 14:35:00,716,28.1721,28.17,28.17,28.17,28.17,10
2023-07-03 14:37:00,1596,28.1287,28.17,28.08,28.19,28.08,43
2023-07-03 14:38:00,2428,28.1529,28.11,28.17,28.21,28.11,65
2023-07-03 14:40:00,685,28.1848,28.21,28.18,28.21,28.18,13
2023-07-03 14:41:00,1136,28.2117,28.19,28.205,28.23,28.19,27
2023-07-03 14:42:00,2335,28.2419,28.23,28.25,28.2736,28.23,47
2023-07-03 14:43:00,698,28.2563,28.2785,28.28,28.28,28.2785,12
2023-07-03 14:44:00,8214,28.3729,28.27,28.38,28.43,28.27,105
2023-07-03 14:45:00,1135,28.3801,28.4499,28.31,28.4499,28.31,20
2023-07-03 14:46:00,1288,28.2351,28.27,28.2,28.27,28.17,43
2023-07-03 14:47:00,272,28.1654,28.15,28.15,28.15,28.15,12
2023-07-03 14:48:00,498,28.1281,28.1253,28.12,28.1253,28.12,17
2023-07-03 14:49:00,1244,28.204,28.14,28.23,28.2927,28.14,38
2023-07-03 14:51:00,416,28.1555,28.15,28.15,28.15,28.15,20
2023-07-03 14:52:00,252,28.1419,28.16,28.16,28.16,28.16,15
2023-07-03 14:54:00,442,28.1241,28.11,28.15,28.15,28.11,12
2023-07-03 14:55:00,2588,28.1614,28.11,28.17,28.19,28.11,54
2023-07-03 14:56:00,2215,28.0833,28.13,28.06,28.13,28.06,44
2023-07-03 14:57:00,1573,28.0472,28.11,28.035,28.11,28.02,27
2023-07-03 14:58:00,3810,28.0681,28.03,28.07,28.11,28.0175,89
2023-07-03 14:59:00,686,28.0573,28.05,28.05,28.05,28.05,15
2023-07-03 15:00:00,3007,28.1048,28.08,28.15,28.17,28.05,74
2023-07-03 15:01:00,917,28.1942,28.2,28.2,28.2,28.2,16
2023-07-03 15:02:00,489,28.2065,28.22,28.2,28.22,28.195,11
2023-07-03 15:03:00,818,28.1745,28.205,28.15,28.205,28.15,31
2023-07-03 15:04:00,1112,28.1324,28.12,28.15,28.15,28.12,24
2023-07-03 15:05:00,2686,28.2101,28.17,28.235,28.265,28.17,70
2023-07-03 15:06:00,702,28.1797,28.19,28.18,28.19,28.18,31
2023-07-03 15:07:00,2732,28.1751,28.16,28.18,28.19,28.13,61
2023-07-03 15:09:00,1722,28.1545,28.15,28.16,28.18,28.15,26
2023-07-03 15:10:00,1245,28.1346,28.16,28.12,28.16,28.12,33
2023-07-03 15:11:00,3146,28.0821,28.09,28.07,28.12,28.06,111
2023-07-03 15:12:00,576,28.0695,28.05,28.07,28.07,28.05,12
2023-07-03 15:13:00,1153,28.0546,28.09,28.04,28.09,28.04,42
2023-07-03 15:14:00,765,28.0656,28.06,28.05,28.07,28.045,23
2023-07-03 15:15:00,4571,28.0008,28.01,28.015,28.015,27.98,84
2023-07-03 15:16:00,1231,27.9816,27.99,27.96,28.0,27.96,26
2023-07-03 15:17:00,114,27.9593,27.96,27.96,27.96,27.96,6
2023-07-03 15:19:00,786,27.969,27.98,27.965,27.98,27.96,27
2023-07-03 15:20:00,3122,27.9654,27.94,28.0,28.0,27.91,86
2023-07-03 15:21:00,1279,27.9965,28.0,27.995,28.0,27.995,23
2023-07-03 15:22:00,1258,28.0302,27.995,28.03,28.03,27.995,45
2023-07-03 15:23:00,579,28.0371,28.03,28.04,28.04,28.03,23
2023-07-03 15:24:00,2572,27.994,28.0,27.96,28.01,27.96,68
2023-07-03 15:25:00,2232,28.0207,28.01,28.0,28.05,27.995,43
2023-07-03 15:27:00,1397,27.9785,27.98,27.98,28.0,27.97,44
2023-07-03 15:29:00,1043,27.9922,28.0,27.99,28.0,27.99,21
2023-07-03 15:30:00,1108,27.9991,27.995,28.025,28.025,27.98,25
2023-07-03 15:31:00,651,27.9993,28.04,27.99,28.04,27.99,21
2023-07-03 15:32:00,1224,28.0264,28.0,28.04,28.04,28.0,40
2023-07-03 15:34:00,427,28.0633,28.08,28.06,28.08,28.06,14
2023-07-03 15:35:00,2368,28.051,28.05,28.08,28.08,28.03,59
2023-07-03 15:36:00,893,28.0322,28.04,28.03,28.04,28.03,23
2023-07-03 15:38:00,919,28.0109,28.02,28.0,28.02,28.0,27
2023-07-03 15:39:00,1490,28.0144,28.0,28.03,28.03,28.0,39
2023-07-03 15:40:00,1008,27.9968,28.02,28.0,28.02,27.99,30
2023-07-03 15:41:00,1532,28.0387,28.02,28.08,28.08,28.02,52
2023-07-03 15:42:00,322,28.0425,28.0401,28.0401,28.0401,28.0401,9
2023-07-03 15:44:00,558,28.0747,28.08,28.07,28.08,28.07,14
2023-07-03 15:45:00,535,28.0616,28.1,28.055,28.1,28.05,17
2023-07-03 15:46:00,934,28.0492,28.03,28.06,28.06,28.03,35
2023-07-03 15:47:00,937,28.0854,28.07,28.08,28.09,28.07,41
2023-07-03 15:48:00,703,28.0803,28.08,28.085,28.085,28.08,20
2023-07-03 15:50:00,444,28.064,28.07,28.06,28.07,28.06,16
2023-07-03 15:51:00,335,28.0281,28.03,28.03,28.03,28.03,17
2023-07-03 15:52:00,717,28.0419,28.04,28.04,28.04,28.035,25
2023-07-03 15:53:00,174,28.03,28.03,28.03,28.03,28.03,4
2023-07-03 15:55:00,1476,28.0055,28.02,28.01,28.02,28.0,46
2023-07-03 15:56:00,1904,27.9328,27.98,27.89,27.98,27.89,46
2023-07-03 15:57:00,1312,27.8936,27.91,27.88,27.92,27.88,23
2023-07-03 15:58:00,643,27.8687,27.86,27.87,27.88,27.86,18
2023-07-03 15:59:00,1648,27.8657,27.855,27.855,27.87,27.855,51
2023-07-03 16:00:00,1497,27.8126,27.82,27.8,27.8225,27.8,41
2023-07-03 16:01:00,281,27.8141,27.81,27.81,27.81,27.81,8
2023-07-03 16:02:00,895,27.8015,27.8,27.805,27.805,27.8,16
2023-07-03 16:03:00,2432,27.8093,27.815,27.805,27.815,27.79,46
2023-07-03 16:04:00,6259,27.8377,27.805,27.82,27.88,27.8,149
2023-07-03 16:05:00,231,27.796,27.805,27.7857,27.805,27.7857,4
2023-07-03 16:07:00,200,27.8144,27.8,27.8,27.8,27.8,2
2023-07-03 16:09:00,1831,27.7644,27.8,27.755,27.8,27.745,48
2023-07-03 16:10:00,204,27.7356,27.74,27.74,27.74,27.74,7
2023-07-03 16:11:00,2428,27.7285,27.74,27.705,27.75,27.705,44
2023-07-03 16:12:00,1181,27.6904,27.705,27.68,27.705,27.68,36
2023-07-03 16:13:00,532,27.6804,27.69,27.68,27.69,27.68,15
2023-07-03 16:14:00,808,27.6702,27.67,27.67,27.67,27.67,23
2023-07-03 16:15:00,2717,27.6278,27.66,27.625,27.66,27.62,31
2023-07-03 16:16:00,631,27.6167,27.6,27.62,27.63,27.6,24
2023-07-03 16:17:00,1714,27.6637,27.65,27.66,27.67,27.64,42
2023-07-03 16:18:00,1967,27.6741,27.65,27.685,27.685,27.65,49
2023-07-03 16:19:00,2392,27.6121,27.67,27.6,27.67,27.6,42
2023-07-03 16:20:00,1043,27.6071,27.595,27.63,27.63,27.57,28
2023-07-03 16:21:00,1021,27.6758,27.67,27.69,27.69,27.67,40
2023-07-03 16:23:00,875,27.6679,27.68,27.66,27.68,27.65,21
2023-07-03 16:24:00,138,27.6372,27.64,27.64,27.64,27.64,3
2023-07-03 16:25:00,3053,27.6792,27.64,27.71,27.71,27.64,76
2023-07-03 16:26:00,344,27.7048,27.715,27.715,27.715,27.715,13
2023-07-03 16:27:00,454,27.6836,27.69,27.69,27.69,27.69,12
2023-07-03 16:28:00,5951,27.727,27.69,27.705,27.78,27.69,111
2023-07-03 16:29:00,3263,27.7261,27.705,27.75,27.76,27.7,37
2023-07-03 16:30:00,1235,27.7019,27.74,27.68,27.74,27.68,26
2023-07-03 16:31:00,644,27.6522,27.65,27.65,27.65,27.65,15
2023-07-03 16:32:00,2238,27.6476,27.66,27.62,27.67,27.62,41
2023-07-03 16:33:00,228,27.651,27.6,27.6,27.6,27.6,4
2023-07-03 16:34:00,201,27.6001,27.6,27.6,27.6,27.6,6
2023-07-03 16:35:00,166,27.6,27.6,27.6,27.6,27.6,3
2023-07-03 16:36:00,227,27.5961,27.595,27.595,27.595,27.595,8
2023-07-03 16:37:00,1938,27.5927,27.58,27.59,27.595,27.57,40
2023-07-03 16:38:00,425,27.5887,27.59,27.59,27.59,27.59,14
2023-07-03 16:39:00,419,27.5895,27.59,27.59,27.59,27.59,10
2023-07-03 16:40:00,536,27.5827,27.58,27.58,27.58,27.58,25
2023-07-03 16:41:00,367,27.5885,27.59,27.59,27.59,27.59,17
2023-07-03 16:42:00,3720,27.5752,27.59,27.54,27.61,27.54,115
2023-07-03 16:43:00,2369,27.5313,27.53,27.54,27.54,27.515,46
2023-07-03 16:44:00,1513,27.508,27.53,27.49,27.53,27.49,40
2023-07-03 16:45:00,2745,27.5041,27.49,27.53,27.53,27.485,80
2023-07-03 16:46:00,2652,27.552,27.53,27.59,27.59,27.53,64
2023-07-03 16:47:00,2988,27.5448,27.57,27.55,27.6,27.53,67
2023-07-03 16:48:00,275,27.549,27.53,27.53,27.53,27.53,12
2023-07-03 16:49:00,4069,27.5057,27.5,27.51,27.515,27.5,107
2023-07-03 16:50:00,1014,27.5592,27.54,27.55,27.55,27.54,40
2023-07-03 16:51:00,600,27.56,27.56,27.56,27.56,27.56,17
2023-07-03 16:52:00,415,27.567,27.595,27.595,27.595,27.595,15
2023-07-03 16:53:00,2401,27.6278,27.62,27.64,27.64,27.62,62
2023-07-03 16:54:00,1129,27.6842,27.67,27.74,27.74,27.67,36
2023-07-03 16:55:00,3387,27.6978,27.71,27.68,27.73,27.68,75
2023-07-03 16:56:00,1143,27.6841,27.68,27.7,27.715,27.67,28
2023-07-03 16:57:00,3101,27.6936,27.71,27.7,27.71,27.68,79
2023-07-03 16:58:00,4799,27.6934,27.7,27.71,27.72,27.68,114
2023-07-03 16:59:00,14950,27.7401,27.69,27.75,27.77,27.69,180
2023-07-03 17:01:00,500,27.7,27.7,27.7,27.7,27.7,1
2023-07-03 17:02:00,500,27.7,27.7,27.7,27.7,27.7,1
