t,v,vw,o,c,h,l,n
2023-12-11 09:08:00,591.0,1.34,1.34,1.34,1.34,1.34,3
2023-12-11 09:28:00,162.0,1.35,1.35,1.35,1.35,1.35,1
2023-12-11 09:32:00,2000.0,1.35,1.35,1.35,1.35,1.35,1
2023-12-11 09:33:00,10000.0,1.3347,1.34,1.32,1.34,1.32,15
2023-12-11 10:51:00,2000.0,1.3205,1.33,1.32,1.33,1.32,4
2023-12-11 11:10:00,500.0,1.32,1.32,1.32,1.32,1.32,1
2023-12-11 11:28:00,1000.0,1.3271,1.325,1.33,1.33,1.325,2
2023-12-11 11:39:00,400.0,1.33,1.33,1.33,1.33,1.33,1
2023-12-11 11:42:00,150.0,1.33,1.33,1.33,1.33,1.33,1
2023-12-11 11:43:00,305.0,1.33,1.33,1.33,1.33,1.33,3
2023-12-11 11:44:00,110.0,1.33,1.33,1.33,1.33,1.33,1
2023-12-11 11:49:00,400.0,1.33,1.33,1.33,1.33,1.33,5
2023-12-11 11:56:00,100.0,1.33,1.33,1.33,1.33,1.33,1
2023-12-11 12:00:00,9136.0,1.3348,1.33,1.35,1.35,1.33,16
2023-12-11 12:01:00,200.0,1.35,1.35,1.35,1.35,1.35,2
2023-12-11 12:07:00,278.0,1.35,1.35,1.35,1.35,1.35,2
2023-12-11 12:26:00,110.0,1.35,1.35,1.35,1.35,1.35,2
2023-12-11 12:43:00,1026.0,1.35,1.35,1.35,1.35,1.35,3
2023-12-11 12:48:00,200.0,1.35,1.35,1.35,1.35,1.35,2
2023-12-11 13:00:00,33221.0,1.3535,1.35,1.36,1.36,1.34,28
2023-12-11 13:02:00,166.0,1.3549,1.35,1.35,1.35,1.35,4
2023-12-11 13:10:00,421.0,1.35,1.35,1.35,1.35,1.35,2
2023-12-11 13:15:00,1124.0,1.35,1.35,1.35,1.35,1.35,1
2023-12-11 13:21:00,7000.0,1.35,1.35,1.35,1.35,1.35,1
2023-12-11 13:22:00,2000.0,1.36,1.36,1.36,1.36,1.36,1
2023-12-11 13:26:00,1000.0,1.36,1.36,1.36,1.36,1.36,1
2023-12-11 13:28:00,100.0,1.36,1.36,1.36,1.36,1.36,1
2023-12-11 13:34:00,600.0,1.35,1.35,1.35,1.35,1.35,1
2023-12-11 13:48:00,1550.0,1.3565,1.36,1.35,1.36,1.35,4
2023-12-11 13:51:00,352.0,1.35,1.35,1.35,1.35,1.35,5
2023-12-11 13:55:00,2445.0,1.34,1.34,1.34,1.34,1.34,2
2023-12-11 14:00:00,1100.0,1.35,1.35,1.35,1.35,1.35,4
2023-12-11 14:01:00,2000.0,1.35,1.35,1.35,1.35,1.35,2
2023-12-11 14:04:00,1100.0,1.35,1.35,1.35,1.35,1.35,2
2023-12-11 14:05:00,100.0,1.35,1.35,1.35,1.35,1.35,1
2023-12-11 14:11:00,4002.0,1.35,1.35,1.35,1.35,1.35,3
2023-12-11 14:13:00,130.0,1.35,1.35,1.35,1.35,1.35,1
2023-12-11 14:18:00,3400.0,1.3501,1.3501,1.3501,1.3501,1.3501,1
2023-12-11 14:19:00,1621.0,1.35,1.35,1.35,1.35,1.35,3
2023-12-11 14:20:00,100.0,1.35,1.35,1.35,1.35,1.35,1
2023-12-11 14:21:00,300.0,1.35,1.35,1.35,1.35,1.35,1
2023-12-11 14:28:00,2000.0,1.35,1.35,1.35,1.35,1.35,2
2023-12-11 14:29:00,16995.0,1.35,1.35,1.35,1.35,1.35,12
2023-12-11 14:30:00,298489.0,1.3308,1.35,1.335,1.35,1.32,441
2023-12-11 14:31:00,14958.0,1.3339,1.33,1.335,1.3392,1.33,20
2023-12-11 14:32:00,171381.0,1.3292,1.3329,1.33,1.3365,1.32,262
2023-12-11 14:33:00,2504.0,1.3222,1.32,1.325,1.327,1.32,20
2023-12-11 14:34:00,13285.0,1.3272,1.3299,1.3299,1.33,1.32,39
2023-12-11 14:35:00,115343.0,1.3331,1.33,1.3493,1.35,1.325,129
2023-12-11 14:36:00,17639.0,1.3469,1.35,1.35,1.35,1.3401,56
2023-12-11 14:37:00,9605.0,1.3466,1.35,1.35,1.35,1.34,38
2023-12-11 14:38:00,11771.0,1.3478,1.35,1.35,1.35,1.3401,59
2023-12-11 14:39:00,184994.0,1.3393,1.35,1.34,1.35,1.33,230
2023-12-11 14:40:00,99340.0,1.34,1.34,1.3471,1.3471,1.33,150
2023-12-11 14:41:00,158080.0,1.3404,1.345,1.34,1.345,1.34,231
2023-12-11 14:42:00,137572.0,1.3408,1.34,1.34,1.345,1.34,168
2023-12-11 14:43:00,38838.0,1.3432,1.345,1.345,1.3497,1.34,85
2023-12-11 14:44:00,44927.0,1.3397,1.34,1.335,1.345,1.335,121
2023-12-11 14:45:00,98519.0,1.3392,1.34,1.35,1.35,1.33,132
2023-12-11 14:46:00,14616.0,1.3469,1.345,1.35,1.35,1.341,38
2023-12-11 14:47:00,12833.0,1.342,1.345,1.345,1.35,1.34,31
2023-12-11 14:48:00,13396.0,1.3461,1.3495,1.35,1.35,1.345,37
2023-12-11 14:49:00,1230.0,1.347,1.35,1.3495,1.35,1.345,19
2023-12-11 14:50:00,9939.0,1.3446,1.349,1.345,1.35,1.3401,50
2023-12-11 14:51:00,49287.0,1.3431,1.3418,1.3421,1.35,1.34,130
2023-12-11 14:52:00,240114.0,1.3502,1.35,1.35,1.36,1.3401,135
2023-12-11 14:53:00,6521.0,1.3572,1.3511,1.355,1.36,1.3511,28
2023-12-11 14:54:00,36264.0,1.3539,1.35,1.36,1.36,1.35,64
2023-12-11 14:55:00,24348.0,1.3544,1.35,1.358,1.36,1.35,41
2023-12-11 14:56:00,16631.0,1.3564,1.36,1.355,1.36,1.35,73
2023-12-11 14:57:00,22032.0,1.3533,1.36,1.36,1.36,1.3501,40
2023-12-11 14:58:00,3327.0,1.3553,1.36,1.36,1.36,1.35,25
2023-12-11 14:59:00,13334.0,1.3547,1.355,1.355,1.36,1.35,37
2023-12-11 15:00:00,12517.0,1.3564,1.3547,1.355,1.36,1.3516,31
2023-12-11 15:01:00,23324.0,1.3554,1.355,1.355,1.36,1.3501,71
2023-12-11 15:02:00,101145.0,1.3513,1.355,1.36,1.36,1.3501,53
2023-12-11 15:03:00,4063.0,1.3547,1.3501,1.36,1.36,1.3501,30
2023-12-11 15:04:00,152269.0,1.3533,1.36,1.355,1.36,1.35,217
2023-12-11 15:05:00,31951.0,1.3535,1.355,1.35,1.36,1.35,90
2023-12-11 15:06:00,39456.0,1.3552,1.35,1.35,1.36,1.35,76
2023-12-11 15:07:00,214016.0,1.3528,1.355,1.355,1.36,1.35,262
2023-12-11 15:08:00,44780.0,1.3575,1.3501,1.355,1.36,1.3501,145
2023-12-11 15:09:00,26668.0,1.3554,1.355,1.3598,1.36,1.3501,85
2023-12-11 15:10:00,129510.0,1.363,1.355,1.37,1.37,1.355,176
2023-12-11 15:11:00,5136.0,1.3692,1.37,1.37,1.37,1.3613,37
2023-12-11 15:12:00,7398.0,1.3649,1.3601,1.37,1.37,1.36,27
2023-12-11 15:13:00,24004.0,1.368,1.3605,1.3695,1.37,1.3605,68
2023-12-11 15:14:00,200171.0,1.3712,1.37,1.375,1.38,1.365,170
2023-12-11 15:15:00,252194.0,1.3739,1.37,1.37,1.38,1.37,232
2023-12-11 15:16:00,229294.0,1.3694,1.375,1.36,1.375,1.36,248
2023-12-11 15:17:00,31131.0,1.3686,1.365,1.365,1.37,1.365,65
2023-12-11 15:18:00,24826.0,1.3678,1.3617,1.37,1.37,1.3613,38
2023-12-11 15:19:00,3750.0,1.367,1.365,1.365,1.37,1.365,17
2023-12-11 15:20:00,47337.0,1.365,1.365,1.365,1.37,1.36,51
2023-12-11 15:21:00,14501.0,1.3685,1.365,1.3699,1.37,1.365,27
2023-12-11 15:22:00,2058.0,1.3683,1.37,1.365,1.37,1.365,25
2023-12-11 15:23:00,10885.0,1.3687,1.37,1.37,1.37,1.365,22
2023-12-11 15:24:00,40208.0,1.3655,1.3691,1.37,1.37,1.365,83
2023-12-11 15:25:00,30413.0,1.3667,1.37,1.365,1.37,1.3645,55
2023-12-11 15:26:00,6165.0,1.3675,1.37,1.37,1.37,1.3601,31
2023-12-11 15:27:00,3527.0,1.3671,1.37,1.365,1.37,1.365,32
2023-12-11 15:28:00,142102.0,1.3619,1.37,1.36,1.37,1.355,210
2023-12-11 15:29:00,107158.0,1.3517,1.355,1.3599,1.36,1.35,44
2023-12-11 15:30:00,37389.0,1.3578,1.355,1.36,1.36,1.3501,78
2023-12-11 15:31:00,16261.0,1.3527,1.355,1.35,1.36,1.35,19
2023-12-11 15:32:00,11967.0,1.3539,1.36,1.355,1.36,1.35,25
2023-12-11 15:33:00,19834.0,1.3574,1.355,1.355,1.36,1.35,38
2023-12-11 15:34:00,27603.0,1.3564,1.36,1.355,1.36,1.35,45
2023-12-11 15:35:00,15858.0,1.3566,1.355,1.36,1.36,1.355,41
2023-12-11 15:36:00,5066.0,1.3589,1.36,1.36,1.36,1.355,34
2023-12-11 15:37:00,18539.0,1.3555,1.36,1.355,1.36,1.35,82
2023-12-11 15:38:00,32272.0,1.3536,1.3516,1.36,1.36,1.35,64
2023-12-11 15:39:00,7285.0,1.3585,1.3583,1.36,1.36,1.355,33
2023-12-11 15:40:00,13119.0,1.356,1.36,1.3501,1.36,1.3501,42
2023-12-11 15:41:00,5094.0,1.356,1.36,1.36,1.36,1.3525,36
2023-12-11 15:42:00,13622.0,1.3555,1.3554,1.3582,1.36,1.35,60
2023-12-11 15:43:00,13277.0,1.356,1.36,1.36,1.36,1.355,37
2023-12-11 15:44:00,12193.0,1.3542,1.36,1.36,1.36,1.35,68
2023-12-11 15:45:00,8256.0,1.3579,1.36,1.355,1.36,1.3518,20
2023-12-11 15:46:00,1423.0,1.3563,1.355,1.3516,1.36,1.3516,13
2023-12-11 15:47:00,400.0,1.3589,1.36,1.36,1.36,1.36,3
2023-12-11 15:48:00,5404.0,1.3559,1.355,1.36,1.36,1.355,14
2023-12-11 15:49:00,5102.0,1.3578,1.36,1.36,1.36,1.3502,31
2023-12-11 15:50:00,8388.0,1.3576,1.36,1.36,1.36,1.355,28
2023-12-11 15:51:00,6441.0,1.3554,1.36,1.355,1.36,1.35,40
2023-12-11 15:52:00,19676.0,1.3544,1.36,1.36,1.36,1.3501,51
2023-12-11 15:53:00,6082.0,1.356,1.3545,1.3582,1.36,1.35,36
2023-12-11 15:54:00,3490.0,1.3574,1.36,1.355,1.36,1.355,24
2023-12-11 15:55:00,13902.0,1.3581,1.3571,1.355,1.36,1.355,37
2023-12-11 15:56:00,9459.0,1.3558,1.36,1.36,1.36,1.35,36
2023-12-11 15:57:00,10536.0,1.3588,1.36,1.36,1.36,1.355,37
2023-12-11 15:58:00,16117.0,1.3573,1.36,1.36,1.36,1.35,49
2023-12-11 15:59:00,123062.0,1.3601,1.355,1.365,1.37,1.355,125
2023-12-11 16:00:00,18687.0,1.3668,1.3648,1.37,1.37,1.36,34
2023-12-11 16:01:00,3840.0,1.3645,1.37,1.37,1.37,1.3619,18
2023-12-11 16:02:00,8065.0,1.3662,1.37,1.36,1.37,1.36,24
2023-12-11 16:03:00,123167.0,1.3703,1.37,1.38,1.38,1.365,140
2023-12-11 16:04:00,29013.0,1.3733,1.38,1.3799,1.38,1.3701,49
2023-12-11 16:05:00,12395.0,1.3737,1.38,1.38,1.38,1.37,39
2023-12-11 16:06:00,158790.0,1.3696,1.38,1.37,1.38,1.36,348
2023-12-11 16:07:00,3496.0,1.3632,1.365,1.365,1.37,1.36,16
2023-12-11 16:08:00,2031.0,1.3683,1.3682,1.37,1.37,1.365,10
2023-12-11 16:09:00,19558.0,1.3606,1.36,1.36,1.37,1.36,48
2023-12-11 16:10:00,37469.0,1.3606,1.36,1.36,1.37,1.36,41
2023-12-11 16:11:00,2438.0,1.3635,1.3627,1.365,1.37,1.36,18
2023-12-11 16:12:00,5265.0,1.3618,1.37,1.37,1.37,1.3603,13
2023-12-11 16:13:00,75642.0,1.3582,1.365,1.35,1.365,1.35,200
2023-12-11 16:14:00,30878.0,1.3583,1.355,1.36,1.36,1.355,78
2023-12-11 16:15:00,11578.0,1.3558,1.355,1.3565,1.3585,1.3547,30
2023-12-11 16:16:00,4986.0,1.3561,1.355,1.355,1.36,1.355,15
2023-12-11 16:17:00,3891.0,1.3558,1.36,1.355,1.36,1.355,15
2023-12-11 16:18:00,27340.0,1.3518,1.3511,1.355,1.3574,1.3511,16
2023-12-11 16:19:00,13908.0,1.3584,1.355,1.3599,1.36,1.355,29
2023-12-11 16:20:00,11588.0,1.3582,1.355,1.35,1.36,1.35,24
2023-12-11 16:21:00,35784.0,1.3577,1.3599,1.355,1.36,1.35,30
2023-12-11 16:22:00,16680.0,1.3584,1.355,1.355,1.36,1.35,34
2023-12-11 16:23:00,19979.0,1.3579,1.355,1.3556,1.36,1.355,36
2023-12-11 16:24:00,39603.0,1.359,1.36,1.36,1.36,1.355,31
2023-12-11 16:25:00,13302.0,1.3586,1.36,1.36,1.36,1.355,36
2023-12-11 16:26:00,4932.0,1.3559,1.36,1.36,1.36,1.3521,29
2023-12-11 16:27:00,2636.0,1.3594,1.36,1.36,1.36,1.355,26
2023-12-11 16:28:00,12944.0,1.3542,1.36,1.3599,1.36,1.35,42
2023-12-11 16:29:00,7538.0,1.3573,1.36,1.36,1.36,1.35,25
2023-12-11 16:30:00,12479.0,1.3593,1.36,1.36,1.36,1.355,29
2023-12-11 16:31:00,35483.0,1.3541,1.355,1.355,1.36,1.35,139
2023-12-11 16:32:00,36012.0,1.355,1.36,1.355,1.36,1.3501,111
2023-12-11 16:33:00,18328.0,1.3548,1.36,1.36,1.36,1.3501,114
2023-12-11 16:34:00,4139.0,1.359,1.36,1.36,1.36,1.355,20
2023-12-11 16:35:00,21910.0,1.3582,1.36,1.36,1.36,1.355,28
2023-12-11 16:36:00,24211.0,1.3583,1.36,1.36,1.36,1.355,43
2023-12-11 16:37:00,34771.0,1.3588,1.355,1.36,1.36,1.355,50
2023-12-11 16:38:00,58131.0,1.362,1.36,1.365,1.37,1.355,91
2023-12-11 16:39:00,42388.0,1.3651,1.365,1.37,1.37,1.36,55
2023-12-11 16:40:00,18779.0,1.3646,1.37,1.37,1.37,1.36,40
2023-12-11 16:41:00,8921.0,1.3687,1.37,1.37,1.37,1.365,13
2023-12-11 16:42:00,4003.0,1.3655,1.37,1.37,1.37,1.36,26
2023-12-11 16:43:00,14881.0,1.3653,1.37,1.37,1.37,1.36,68
2023-12-11 16:44:00,21003.0,1.3646,1.37,1.37,1.37,1.3601,36
2023-12-11 16:45:00,9422.0,1.3667,1.37,1.365,1.37,1.365,33
2023-12-11 16:46:00,3176.0,1.3658,1.365,1.37,1.37,1.365,22
2023-12-11 16:47:00,17604.0,1.369,1.37,1.37,1.37,1.365,32
2023-12-11 16:48:00,5223.0,1.3663,1.37,1.365,1.37,1.3649,17
2023-12-11 16:49:00,2966.0,1.3668,1.37,1.37,1.37,1.365,19
2023-12-11 16:50:00,5959.0,1.3647,1.37,1.3617,1.37,1.3605,33
2023-12-11 16:51:00,5813.0,1.3683,1.3649,1.37,1.37,1.36,32
2023-12-11 16:52:00,6982.0,1.3662,1.37,1.37,1.37,1.365,35
2023-12-11 16:53:00,1483.0,1.3691,1.37,1.37,1.37,1.365,21
2023-12-11 16:54:00,4285.0,1.3675,1.37,1.37,1.37,1.365,38
2023-12-11 16:55:00,6437.0,1.3689,1.37,1.37,1.37,1.365,32
2023-12-11 16:56:00,27940.0,1.3616,1.365,1.37,1.37,1.36,49
2023-12-11 16:57:00,7309.0,1.3656,1.37,1.37,1.37,1.3601,31
2023-12-11 16:58:00,4006.0,1.3667,1.37,1.365,1.37,1.365,24
2023-12-11 16:59:00,3984.0,1.3685,1.37,1.365,1.37,1.365,14
2023-12-11 17:00:00,11614.0,1.3634,1.37,1.365,1.37,1.36,24
2023-12-11 17:01:00,19574.0,1.3623,1.365,1.365,1.37,1.36,23
2023-12-11 17:02:00,8901.0,1.3681,1.37,1.37,1.37,1.3601,18
2023-12-11 17:03:00,883.0,1.3666,1.365,1.37,1.37,1.365,10
2023-12-11 17:04:00,3538.0,1.3681,1.37,1.365,1.37,1.365,29
2023-12-11 17:05:00,24151.0,1.3652,1.37,1.365,1.37,1.36,38
2023-12-11 17:06:00,7927.0,1.3663,1.37,1.37,1.37,1.365,26
2023-12-11 17:07:00,2952.0,1.3682,1.37,1.37,1.37,1.365,26
2023-12-11 17:08:00,163016.0,1.3654,1.37,1.37,1.37,1.365,43
2023-12-11 17:09:00,8443.0,1.3686,1.369,1.37,1.37,1.3619,31
2023-12-11 17:10:00,27789.0,1.3679,1.37,1.37,1.37,1.3604,47
2023-12-11 17:11:00,37493.0,1.3696,1.3685,1.37,1.37,1.365,49
2023-12-11 17:12:00,161925.0,1.3711,1.37,1.38,1.38,1.37,142
2023-12-11 17:13:00,12860.0,1.3759,1.38,1.38,1.38,1.3745,36
2023-12-11 17:14:00,2502.0,1.3794,1.38,1.38,1.38,1.3701,23
2023-12-11 17:15:00,13746.0,1.3757,1.38,1.38,1.38,1.37,39
2023-12-11 17:16:00,1808.0,1.3794,1.38,1.38,1.38,1.375,19
2023-12-11 17:17:00,17262.0,1.3762,1.38,1.38,1.38,1.37,30
2023-12-11 17:18:00,110694.0,1.3715,1.38,1.38,1.38,1.37,55
2023-12-11 17:19:00,2126.0,1.3768,1.375,1.3782,1.38,1.3716,9
2023-12-11 17:20:00,8378.0,1.3759,1.38,1.375,1.38,1.37,37
2023-12-11 17:21:00,6221.0,1.3762,1.38,1.38,1.38,1.375,21
2023-12-11 17:22:00,4336.0,1.3773,1.375,1.38,1.38,1.375,32
2023-12-11 17:23:00,5641.0,1.3761,1.38,1.375,1.38,1.3718,26
2023-12-11 17:24:00,74008.0,1.3742,1.375,1.375,1.38,1.37,156
2023-12-11 17:25:00,14934.0,1.374,1.375,1.38,1.38,1.37,45
2023-12-11 17:26:00,109495.0,1.3733,1.3716,1.38,1.38,1.37,96
2023-12-11 17:27:00,18433.0,1.3713,1.38,1.375,1.38,1.37,14
2023-12-11 17:28:00,20080.0,1.3744,1.3701,1.38,1.38,1.37,26
2023-12-11 17:29:00,5575.0,1.3752,1.38,1.38,1.38,1.375,15
2023-12-11 17:30:00,3434.0,1.3753,1.375,1.375,1.38,1.375,21
2023-12-11 17:31:00,6370.0,1.3769,1.375,1.38,1.38,1.37,45
2023-12-11 17:32:00,10045.0,1.3773,1.38,1.38,1.38,1.37,41
2023-12-11 17:33:00,2493.0,1.3777,1.375,1.38,1.38,1.3718,18
2023-12-11 17:34:00,24360.0,1.3783,1.3701,1.38,1.38,1.37,51
2023-12-11 17:35:00,5915.0,1.3756,1.375,1.375,1.38,1.375,24
2023-12-11 17:36:00,2930.0,1.3773,1.38,1.38,1.38,1.375,20
2023-12-11 17:37:00,15693.0,1.3794,1.3783,1.38,1.38,1.375,34
2023-12-11 17:38:00,2005.0,1.3783,1.38,1.38,1.38,1.375,19
2023-12-11 17:39:00,6209.0,1.3792,1.38,1.38,1.38,1.375,26
2023-12-11 17:40:00,14552.0,1.3786,1.3799,1.38,1.38,1.375,53
2023-12-11 17:41:00,6971.0,1.3768,1.38,1.38,1.38,1.375,46
2023-12-11 17:42:00,11329.0,1.3768,1.38,1.38,1.38,1.37,54
2023-12-11 17:43:00,9464.0,1.3747,1.38,1.375,1.38,1.37,29
2023-12-11 17:44:00,10585.0,1.3762,1.38,1.3701,1.38,1.3701,25
2023-12-11 17:45:00,3236.0,1.3764,1.375,1.38,1.38,1.37,23
2023-12-11 17:46:00,9600.0,1.3781,1.375,1.38,1.38,1.37,25
2023-12-11 17:47:00,8229.0,1.374,1.3718,1.375,1.38,1.3718,17
2023-12-11 17:48:00,1795.0,1.3787,1.38,1.38,1.38,1.375,12
2023-12-11 17:49:00,7750.0,1.3758,1.38,1.375,1.38,1.375,13
2023-12-11 17:50:00,11363.0,1.3723,1.38,1.38,1.38,1.37,28
2023-12-11 17:51:00,14739.0,1.3716,1.38,1.38,1.38,1.3701,25
2023-12-11 17:52:00,26092.0,1.3784,1.38,1.375,1.38,1.37,40
2023-12-11 17:53:00,5794.0,1.3762,1.375,1.38,1.38,1.3701,16
2023-12-11 17:54:00,17494.0,1.375,1.38,1.38,1.38,1.3718,50
2023-12-11 17:55:00,3432.0,1.3752,1.375,1.38,1.38,1.37,23
2023-12-11 17:56:00,14083.0,1.3747,1.38,1.38,1.38,1.3711,32
2023-12-11 17:57:00,16227.0,1.3727,1.38,1.38,1.38,1.3701,28
2023-12-11 17:58:00,15652.0,1.3739,1.38,1.38,1.38,1.3706,36
2023-12-11 17:59:00,7064.0,1.3757,1.38,1.38,1.38,1.3701,36
2023-12-11 18:00:00,154976.0,1.372,1.38,1.38,1.38,1.37,59
2023-12-11 18:01:00,15752.0,1.3772,1.375,1.375,1.38,1.3702,42
2023-12-11 18:02:00,27712.0,1.3723,1.375,1.38,1.38,1.37,46
2023-12-11 18:03:00,5158.0,1.3773,1.38,1.375,1.38,1.375,37
2023-12-11 18:04:00,9631.0,1.374,1.38,1.38,1.38,1.37,31
2023-12-11 18:05:00,9599.0,1.3792,1.38,1.38,1.38,1.375,24
2023-12-11 18:06:00,12060.0,1.3743,1.38,1.38,1.38,1.3724,29
2023-12-11 18:07:00,13951.0,1.3765,1.375,1.375,1.38,1.37,72
2023-12-11 18:08:00,8966.0,1.3771,1.375,1.375,1.38,1.375,44
2023-12-11 18:09:00,1189.0,1.3799,1.38,1.3799,1.38,1.3799,5
2023-12-11 18:10:00,336410.0,1.3719,1.375,1.38,1.38,1.365,486
2023-12-11 18:11:00,12681.0,1.3764,1.38,1.375,1.38,1.3701,34
2023-12-11 18:12:00,15695.0,1.3755,1.377,1.38,1.38,1.3718,25
2023-12-11 18:13:00,3777.0,1.3769,1.38,1.38,1.38,1.37,12
2023-12-11 18:14:00,9814.0,1.3764,1.37,1.38,1.38,1.37,19
2023-12-11 18:15:00,625.0,1.375,1.3701,1.38,1.38,1.3701,8
2023-12-11 18:16:00,825.0,1.3787,1.38,1.3781,1.38,1.3781,7
2023-12-11 18:17:00,12175.0,1.3725,1.3755,1.38,1.38,1.3701,22
2023-12-11 18:18:00,1372.0,1.3784,1.38,1.38,1.38,1.375,12
2023-12-11 18:19:00,2153.0,1.3777,1.38,1.38,1.38,1.3753,10
2023-12-11 18:20:00,943.0,1.3785,1.3797,1.38,1.38,1.3797,19
2023-12-11 18:21:00,4365.0,1.3764,1.38,1.38,1.38,1.375,39
2023-12-11 18:22:00,4738.0,1.3786,1.38,1.38,1.38,1.3701,30
2023-12-11 18:23:00,23107.0,1.3787,1.38,1.38,1.38,1.3701,50
2023-12-11 18:24:00,13571.0,1.3732,1.38,1.38,1.38,1.3701,29
2023-12-11 18:25:00,6922.0,1.3757,1.38,1.38,1.38,1.3703,26
2023-12-11 18:26:00,5922.0,1.375,1.38,1.38,1.38,1.372,33
2023-12-11 18:27:00,6146.0,1.3788,1.38,1.3781,1.38,1.3778,26
2023-12-11 18:28:00,4236.0,1.377,1.38,1.38,1.38,1.375,27
2023-12-11 18:29:00,3340.0,1.3789,1.38,1.38,1.38,1.375,31
2023-12-11 18:30:00,11593.0,1.3761,1.38,1.38,1.38,1.37,73
2023-12-11 18:31:00,18488.0,1.377,1.375,1.38,1.38,1.37,65
2023-12-11 18:32:00,3918.0,1.3748,1.37,1.38,1.38,1.37,34
2023-12-11 18:33:00,9576.0,1.3742,1.38,1.375,1.38,1.37,36
2023-12-11 18:34:00,11416.0,1.3768,1.38,1.38,1.38,1.37,28
2023-12-11 18:35:00,8268.0,1.3763,1.375,1.38,1.38,1.375,22
2023-12-11 18:36:00,2540.0,1.3771,1.375,1.3779,1.3781,1.375,17
2023-12-11 18:37:00,4630.0,1.3771,1.375,1.38,1.38,1.375,22
2023-12-11 18:38:00,7662.0,1.3793,1.375,1.38,1.38,1.375,19
2023-12-11 18:39:00,10562.0,1.3779,1.38,1.3717,1.38,1.3717,35
2023-12-11 18:40:00,5577.0,1.3798,1.38,1.38,1.38,1.375,25
2023-12-11 18:41:00,7028.0,1.3786,1.38,1.38,1.38,1.3706,28
2023-12-11 18:42:00,49961.0,1.3781,1.38,1.38,1.38,1.375,32
2023-12-11 18:43:00,15153.0,1.3722,1.38,1.38,1.38,1.37,28
2023-12-11 18:44:00,14079.0,1.3786,1.38,1.38,1.38,1.3728,31
2023-12-11 18:45:00,6262.0,1.3779,1.38,1.375,1.38,1.37,26
2023-12-11 18:46:00,2733.0,1.3794,1.38,1.38,1.38,1.375,22
2023-12-11 18:47:00,9991.0,1.3756,1.375,1.38,1.38,1.375,17
2023-12-11 18:48:00,4587.0,1.3775,1.38,1.38,1.38,1.37,30
2023-12-11 18:49:00,7291.0,1.3788,1.3799,1.38,1.38,1.37,36
2023-12-11 18:50:00,22041.0,1.3754,1.38,1.38,1.38,1.3725,44
2023-12-11 18:51:00,6624.0,1.3795,1.38,1.38,1.38,1.375,29
2023-12-11 18:52:00,17096.0,1.3741,1.38,1.38,1.38,1.37,33
2023-12-11 18:53:00,4563.0,1.3798,1.38,1.38,1.38,1.38,31
2023-12-11 18:54:00,12667.0,1.3756,1.375,1.38,1.38,1.372,35
2023-12-11 18:55:00,16148.0,1.3735,1.38,1.38,1.38,1.37,37
2023-12-11 18:56:00,15047.0,1.376,1.38,1.38,1.38,1.3701,47
2023-12-11 18:57:00,10654.0,1.3775,1.38,1.38,1.38,1.3701,41
2023-12-11 18:58:00,19917.0,1.3799,1.38,1.38,1.38,1.3799,49
2023-12-11 18:59:00,5589.0,1.3763,1.38,1.38,1.38,1.372,26
2023-12-11 19:00:00,10453.0,1.3799,1.38,1.38,1.38,1.3797,38
2023-12-11 19:01:00,6198.0,1.3751,1.38,1.38,1.38,1.3701,28
2023-12-11 19:02:00,15245.0,1.3761,1.38,1.38,1.38,1.37,51
2023-12-11 19:03:00,2823.0,1.3797,1.38,1.38,1.38,1.3748,26
2023-12-11 19:04:00,23450.0,1.3794,1.38,1.38,1.38,1.375,53
2023-12-11 19:05:00,16052.0,1.3778,1.38,1.38,1.38,1.3718,40
2023-12-11 19:06:00,11745.0,1.379,1.38,1.38,1.38,1.375,38
2023-12-11 19:07:00,9356.0,1.3756,1.38,1.38,1.38,1.37,30
2023-12-11 19:08:00,24900.0,1.3776,1.38,1.38,1.38,1.375,35
2023-12-11 19:09:00,73298.0,1.3721,1.38,1.38,1.38,1.37,48
2023-12-11 19:10:00,20256.0,1.3782,1.38,1.38,1.38,1.375,43
2023-12-11 19:11:00,6460.0,1.3777,1.38,1.38,1.38,1.3703,36
2023-12-11 19:12:00,8794.0,1.3762,1.38,1.37,1.38,1.37,37
2023-12-11 19:13:00,40881.0,1.3769,1.38,1.38,1.38,1.375,98
2023-12-11 19:14:00,12052.0,1.3753,1.38,1.375,1.38,1.37,40
2023-12-11 19:15:00,16745.0,1.3775,1.38,1.375,1.38,1.375,56
2023-12-11 19:16:00,51696.0,1.3709,1.3703,1.38,1.38,1.3701,38
2023-12-11 19:17:00,23540.0,1.3799,1.38,1.38,1.38,1.3701,40
2023-12-11 19:18:00,17829.0,1.3798,1.38,1.38,1.38,1.37,101
2023-12-11 19:19:00,24443.0,1.3753,1.38,1.375,1.38,1.37,78
2023-12-11 19:20:00,12149.0,1.3764,1.38,1.38,1.38,1.37,57
2023-12-11 19:21:00,25451.0,1.375,1.38,1.38,1.38,1.3701,41
2023-12-11 19:22:00,33315.0,1.3753,1.38,1.37,1.38,1.37,66
2023-12-11 19:23:00,24808.0,1.3752,1.3703,1.38,1.38,1.37,33
2023-12-11 19:24:00,50151.0,1.3746,1.38,1.38,1.38,1.372,38
2023-12-11 19:25:00,8550.0,1.3738,1.38,1.375,1.38,1.37,34
2023-12-11 19:26:00,5283.0,1.3766,1.375,1.38,1.38,1.375,18
2023-12-11 19:27:00,29572.0,1.3796,1.38,1.3798,1.38,1.375,44
2023-12-11 19:28:00,13454.0,1.3759,1.38,1.38,1.38,1.375,38
2023-12-11 19:29:00,32219.0,1.3754,1.375,1.38,1.38,1.375,59
2023-12-11 19:30:00,54780.0,1.3775,1.38,1.38,1.38,1.3701,132
2023-12-11 19:31:00,7266.0,1.3796,1.38,1.37,1.38,1.37,28
2023-12-11 19:32:00,5413.0,1.3792,1.375,1.375,1.38,1.375,37
2023-12-11 19:33:00,8687.0,1.3776,1.375,1.38,1.38,1.37,53
2023-12-11 19:34:00,11900.0,1.3785,1.38,1.38,1.38,1.3703,46
2023-12-11 19:35:00,44514.0,1.3754,1.38,1.38,1.38,1.37,60
2023-12-11 19:36:00,8947.0,1.3794,1.38,1.38,1.38,1.375,31
2023-12-11 19:37:00,2766.0,1.3786,1.38,1.38,1.38,1.375,17
2023-12-11 19:38:00,53642.0,1.3756,1.38,1.38,1.38,1.3702,105
2023-12-11 19:39:00,11575.0,1.3781,1.3774,1.38,1.38,1.3774,16
2023-12-11 19:40:00,20984.0,1.379,1.38,1.38,1.38,1.37,71
2023-12-11 19:41:00,3610.0,1.3785,1.38,1.38,1.38,1.37,31
2023-12-11 19:42:00,84382.0,1.3742,1.3799,1.375,1.38,1.37,186
2023-12-11 19:43:00,118695.0,1.3702,1.37,1.3605,1.375,1.3605,124
2023-12-11 19:44:00,7509.0,1.3683,1.37,1.37,1.37,1.3601,27
2023-12-11 19:45:00,3258.0,1.3705,1.365,1.365,1.37,1.365,18
2023-12-11 19:46:00,437.0,1.3666,1.365,1.37,1.37,1.365,6
2023-12-11 19:47:00,6794.0,1.3685,1.37,1.3681,1.37,1.3618,18
2023-12-11 19:48:00,2043.0,1.3694,1.3655,1.37,1.37,1.365,15
2023-12-11 19:49:00,19014.0,1.3628,1.3699,1.36,1.37,1.36,17
2023-12-11 19:50:00,402.0,1.3663,1.3601,1.37,1.37,1.3601,5
2023-12-11 19:51:00,666.0,1.3695,1.37,1.37,1.37,1.37,7
2023-12-11 19:52:00,1835.0,1.3687,1.37,1.365,1.37,1.3601,10
2023-12-11 19:53:00,7782.0,1.3697,1.37,1.37,1.37,1.365,42
2023-12-11 19:54:00,6442.0,1.3666,1.37,1.37,1.37,1.365,19
2023-12-11 19:55:00,10169.0,1.3684,1.37,1.37,1.37,1.365,31
2023-12-11 19:56:00,27413.0,1.3692,1.37,1.37,1.37,1.3618,76
2023-12-11 19:57:00,4878.0,1.3689,1.37,1.37,1.37,1.363,29
2023-12-11 19:58:00,40120.0,1.3621,1.37,1.37,1.37,1.36,48
2023-12-11 19:59:00,5615.0,1.3689,1.37,1.37,1.37,1.365,31
2023-12-11 20:00:00,62487.0,1.369,1.37,1.3699,1.37,1.36,80
2023-12-11 20:01:00,149100.0,1.3685,1.369,1.37,1.37,1.36,136
2023-12-11 20:02:00,19749.0,1.369,1.37,1.37,1.37,1.3657,60
2023-12-11 20:03:00,27098.0,1.3697,1.37,1.37,1.37,1.365,41
2023-12-11 20:04:00,13841.0,1.3645,1.37,1.37,1.37,1.3601,24
2023-12-11 20:05:00,10573.0,1.3671,1.37,1.37,1.37,1.36,46
2023-12-11 20:06:00,13721.0,1.37,1.37,1.37,1.37,1.37,34
2023-12-11 20:07:00,4681.0,1.3697,1.37,1.37,1.37,1.365,38
2023-12-11 20:08:00,7919.0,1.368,1.37,1.37,1.37,1.36,46
2023-12-11 20:09:00,5021.0,1.3699,1.37,1.37,1.37,1.3695,43
2023-12-11 20:10:00,6724.0,1.3699,1.37,1.37,1.37,1.37,40
2023-12-11 20:11:00,9946.0,1.3679,1.37,1.37,1.37,1.36,45
2023-12-11 20:12:00,8224.0,1.3683,1.37,1.37,1.37,1.365,46
2023-12-11 20:13:00,15502.0,1.3675,1.37,1.37,1.37,1.3612,62
2023-12-11 20:14:00,42457.0,1.367,1.3697,1.37,1.37,1.3601,98
2023-12-11 20:15:00,6140.0,1.3677,1.37,1.37,1.37,1.3601,33
2023-12-11 20:16:00,10311.0,1.3671,1.37,1.37,1.37,1.3601,30
2023-12-11 20:17:00,52057.0,1.3614,1.37,1.37,1.37,1.36,45
2023-12-11 20:18:00,4385.0,1.3682,1.37,1.37,1.37,1.365,35
2023-12-11 20:19:00,4743.0,1.3691,1.37,1.37,1.37,1.365,42
2023-12-11 20:20:00,4732.0,1.3697,1.37,1.37,1.37,1.37,33
2023-12-11 20:21:00,12292.0,1.3661,1.37,1.37,1.37,1.3625,69
2023-12-11 20:22:00,3590.0,1.3688,1.37,1.37,1.37,1.365,41
2023-12-11 20:23:00,4937.0,1.3681,1.365,1.37,1.37,1.365,47
2023-12-11 20:24:00,11368.0,1.3678,1.37,1.37,1.37,1.365,61
2023-12-11 20:25:00,7086.0,1.3675,1.37,1.37,1.37,1.3625,55
2023-12-11 20:26:00,10524.0,1.3688,1.37,1.37,1.37,1.3619,67
2023-12-11 20:27:00,62021.0,1.3659,1.37,1.37,1.37,1.3618,131
2023-12-11 20:28:00,36279.0,1.3664,1.365,1.37,1.37,1.3625,54
2023-12-11 20:29:00,445275.0,1.3543,1.365,1.35,1.37,1.3401,552
2023-12-11 20:30:00,25783.0,1.3466,1.345,1.3484,1.35,1.3425,45
2023-12-11 20:31:00,27348.0,1.3442,1.35,1.345,1.35,1.34,51
2023-12-11 20:32:00,37453.0,1.3476,1.35,1.35,1.35,1.3425,57
2023-12-11 20:33:00,40643.0,1.3475,1.35,1.35,1.35,1.34,41
2023-12-11 20:34:00,95153.0,1.348,1.35,1.35,1.35,1.34,76
2023-12-11 20:35:00,212888.0,1.3505,1.35,1.3514,1.355,1.345,193
2023-12-11 20:36:00,192749.0,1.3526,1.3501,1.35,1.36,1.35,149
2023-12-11 20:37:00,209450.0,1.3485,1.35,1.34,1.35,1.34,251
2023-12-11 20:38:00,24061.0,1.3402,1.34,1.34,1.3483,1.34,41
2023-12-11 20:39:00,22266.0,1.3416,1.3472,1.345,1.3483,1.34,54
2023-12-11 20:40:00,25186.0,1.3418,1.345,1.34,1.35,1.34,66
2023-12-11 20:41:00,10338.0,1.3434,1.345,1.345,1.35,1.34,34
2023-12-11 20:42:00,8772.0,1.3455,1.345,1.345,1.3499,1.34,37
2023-12-11 20:43:00,49822.0,1.3408,1.345,1.345,1.3482,1.34,90
2023-12-11 20:44:00,21637.0,1.3459,1.345,1.345,1.35,1.34,85
2023-12-11 20:45:00,35658.0,1.3458,1.345,1.35,1.35,1.3404,117
2023-12-11 20:46:00,34692.0,1.3462,1.35,1.348,1.35,1.3401,55
2023-12-11 20:47:00,18238.0,1.3473,1.35,1.35,1.35,1.34,70
2023-12-11 20:48:00,21542.0,1.3465,1.35,1.35,1.35,1.34,87
2023-12-11 20:49:00,22052.0,1.3464,1.3443,1.345,1.35,1.34,95
2023-12-11 20:50:00,66415.0,1.3478,1.345,1.35,1.35,1.3425,198
2023-12-11 20:51:00,114726.0,1.3496,1.35,1.35,1.35,1.3445,161
2023-12-11 20:52:00,29827.0,1.3494,1.35,1.35,1.35,1.3401,138
2023-12-11 20:53:00,29298.0,1.3479,1.35,1.35,1.35,1.34,126
2023-12-11 20:54:00,63025.0,1.3473,1.35,1.35,1.35,1.341,150
2023-12-11 20:55:00,106924.0,1.3475,1.345,1.35,1.35,1.34,246
2023-12-11 20:56:00,325553.0,1.3506,1.35,1.36,1.36,1.34,370
2023-12-11 20:57:00,111449.0,1.3561,1.355,1.36,1.36,1.355,265
2023-12-11 20:58:00,52468.0,1.3572,1.355,1.36,1.36,1.35,217
2023-12-11 20:59:00,227758.0,1.3549,1.36,1.35,1.36,1.35,502
2023-12-11 21:00:00,421.0,1.3576,1.35,1.36,1.36,1.35,2
2023-12-11 21:07:00,252.0,1.36,1.36,1.36,1.36,1.36,2
2023-12-11 21:12:00,601.0,1.35,1.35,1.35,1.35,1.35,1
2023-12-11 21:20:00,200.0,1.36,1.36,1.36,1.36,1.36,1
2023-12-11 21:30:00,7503.0,1.36,1.36,1.36,1.36,1.36,1
2023-12-11 21:34:00,250.0,1.35,1.35,1.35,1.35,1.35,1
2023-12-11 21:36:00,400.0,1.3599,1.3599,1.3599,1.3599,1.3599,1
2023-12-11 21:42:00,499.0,1.36,1.36,1.36,1.36,1.36,1
2023-12-11 21:45:00,268.0,1.3501,1.3501,1.3501,1.3501,1.3501,2
2023-12-11 21:59:00,3750.0,1.36,1.36,1.36,1.36,1.36,1
2023-12-11 22:14:00,500.0,1.35,1.35,1.35,1.35,1.35,1
2023-12-11 22:17:00,1000.0,1.35,1.35,1.35,1.35,1.35,1
2023-12-11 22:29:00,1500.0,1.36,1.36,1.36,1.36,1.36,1
2023-12-11 22:46:00,12215.0,1.3518,1.35,1.36,1.36,1.35,3
2023-12-11 23:11:00,974.0,1.35,1.35,1.35,1.35,1.35,1
2023-12-11 23:14:00,2391.0,1.3503,1.3503,1.3503,1.3503,1.3503,1
2023-12-11 23:21:00,526.0,1.36,1.36,1.36,1.36,1.36,1
2023-12-11 23:41:00,3000.0,1.35,1.35,1.35,1.35,1.35,1
2023-12-12 00:19:00,1391.0,1.35,1.35,1.35,1.35,1.35,2
2023-12-12 00:32:00,105.0,1.3448,1.345,1.345,1.345,1.345,2
2023-12-12 00:35:00,105.0,1.34,1.34,1.34,1.34,1.34,2
2023-12-12 00:36:00,3542.0,1.332,1.34,1.3305,1.34,1.33,6
2023-12-12 00:38:00,3295.0,1.34,1.34,1.34,1.34,1.34,1
2023-12-12 00:42:00,2099.0,1.34,1.34,1.34,1.34,1.34,2
2023-12-12 00:45:00,100.0,1.34,1.34,1.34,1.34,1.34,1
2023-12-12 00:47:00,100.0,1.34,1.34,1.34,1.34,1.34,1
2023-12-12 00:48:00,5004.0,1.34,1.34,1.34,1.34,1.34,3
2023-12-12 00:53:00,2774.0,1.3399,1.34,1.3398,1.34,1.3398,3
2023-12-12 00:56:00,3000.0,1.34,1.34,1.34,1.34,1.34,1
2023-12-12 00:57:00,2200.0,1.34,1.34,1.34,1.34,1.34,4
2023-12-12 00:59:00,500.0,1.34,1.34,1.34,1.34,1.34,1
2023-12-12 09:17:00,200.0,1.36,1.36,1.36,1.36,1.36,2
2023-12-12 09:38:00,100.0,1.37,1.37,1.37,1.37,1.37,1
2023-12-12 09:50:00,100.0,1.36,1.36,1.36,1.36,1.36,1
2023-12-12 09:59:00,256.0,1.36,1.36,1.36,1.36,1.36,1
2023-12-12 10:33:00,713.0,1.3744,1.38,1.37,1.38,1.37,8
2023-12-12 11:58:00,379.0,1.37,1.37,1.37,1.37,1.37,2
2023-12-12 12:00:00,830.0,1.3649,1.37,1.36,1.37,1.36,5
2023-12-12 12:02:00,100.0,1.36,1.36,1.36,1.36,1.36,1
2023-12-12 12:26:00,283.0,1.36,1.36,1.36,1.36,1.36,4
2023-12-12 12:54:00,2000.0,1.37,1.37,1.37,1.37,1.37,3
2023-12-12 12:56:00,899.0,1.37,1.37,1.37,1.37,1.37,3
2023-12-12 13:00:00,17974.0,1.3596,1.3598,1.36,1.37,1.35,27
2023-12-12 13:03:00,412.0,1.3699,1.3699,1.3699,1.3699,1.3699,3
2023-12-12 13:08:00,145.0,1.36,1.36,1.36,1.36,1.36,1
2023-12-12 13:09:00,343.0,1.37,1.37,1.37,1.37,1.37,1
2023-12-12 13:10:00,15000.0,1.37,1.37,1.37,1.37,1.37,2
2023-12-12 13:15:00,141.0,1.37,1.37,1.37,1.37,1.37,1
2023-12-12 13:16:00,500.0,1.3699,1.3699,1.3699,1.3699,1.3699,1
2023-12-12 13:20:00,520.0,1.36,1.36,1.36,1.36,1.36,1
2023-12-12 13:30:00,2904.0,1.37,1.37,1.37,1.37,1.37,6
2023-12-12 13:31:00,13000.0,1.3697,1.3697,1.3697,1.3697,1.3697,1
2023-12-12 13:32:00,566.0,1.36,1.36,1.36,1.36,1.36,3
2023-12-12 13:33:00,4066.0,1.3651,1.3601,1.37,1.37,1.3601,4
2023-12-12 13:34:00,1500.0,1.3613,1.36,1.36,1.37,1.36,4
2023-12-12 13:35:00,5248.0,1.36,1.36,1.36,1.36,1.36,10
2023-12-12 13:36:00,5000.0,1.35,1.35,1.35,1.35,1.35,1
2023-12-12 13:42:00,358.0,1.36,1.36,1.36,1.36,1.36,4
2023-12-12 13:45:00,574.0,1.3513,1.35,1.35,1.35,1.35,8
2023-12-12 13:46:00,1365.0,1.3508,1.36,1.35,1.36,1.35,7
2023-12-12 13:47:00,437.0,1.3457,1.35,1.35,1.35,1.35,5
2023-12-12 13:48:00,917.0,1.3411,1.34,1.35,1.35,1.34,4
2023-12-12 13:49:00,1027.0,1.3424,1.3409,1.34,1.35,1.34,9
2023-12-12 13:57:00,101.0,1.35,1.35,1.35,1.35,1.35,2
2023-12-12 13:58:00,21600.0,1.35,1.35,1.35,1.35,1.35,13
2023-12-12 14:03:00,12000.0,1.3483,1.35,1.34,1.35,1.34,3
2023-12-12 14:04:00,4037.0,1.336,1.34,1.33,1.34,1.33,7
2023-12-12 14:05:00,1200.0,1.33,1.33,1.33,1.33,1.33,1
2023-12-12 14:06:00,200.0,1.33,1.33,1.33,1.33,1.33,1
2023-12-12 14:10:00,1000.0,1.3399,1.3399,1.3399,1.3399,1.3399,1
2023-12-12 14:11:00,1200.0,1.34,1.34,1.34,1.34,1.34,1
2023-12-12 14:15:00,4000.0,1.34,1.34,1.3399,1.34,1.3399,3
2023-12-12 14:18:00,280.0,1.34,1.34,1.34,1.34,1.34,1
2023-12-12 14:19:00,2029.0,1.34,1.34,1.34,1.34,1.34,2
2023-12-12 14:21:00,1990.0,1.332,1.33,1.34,1.34,1.33,10
2023-12-12 14:24:00,1830.0,1.33,1.33,1.33,1.33,1.33,4
2023-12-12 14:25:00,5000.0,1.34,1.34,1.34,1.34,1.34,6
2023-12-12 14:27:00,3093.0,1.3301,1.33,1.33,1.33,1.33,28
2023-12-12 14:28:00,1145.0,1.3302,1.33,1.33,1.33,1.33,11
2023-12-12 14:29:00,200.0,1.3215,1.32,1.32,1.32,1.32,3
2023-12-12 14:30:00,253781.0,1.3281,1.33,1.325,1.335,1.32,154
2023-12-12 14:31:00,34102.0,1.3289,1.325,1.32,1.33,1.32,32
2023-12-12 14:32:00,161334.0,1.3205,1.3299,1.3155,1.33,1.31,86
2023-12-12 14:33:00,42118.0,1.3155,1.3101,1.3192,1.32,1.31,42
2023-12-12 14:34:00,30571.0,1.3162,1.31,1.315,1.32,1.31,61
2023-12-12 14:35:00,25266.0,1.312,1.31,1.312,1.32,1.31,45
2023-12-12 14:36:00,156712.0,1.3192,1.31,1.3281,1.3281,1.31,95
2023-12-12 14:37:00,69255.0,1.3186,1.32,1.3116,1.32,1.31,68
2023-12-12 14:38:00,7978.0,1.3155,1.315,1.315,1.3187,1.315,23
2023-12-12 14:39:00,10984.0,1.3117,1.3199,1.315,1.3199,1.31,17
2023-12-12 14:40:00,34948.0,1.3185,1.3125,1.3189,1.32,1.3125,42
2023-12-12 14:41:00,97170.0,1.3209,1.3189,1.325,1.33,1.3185,87
2023-12-12 14:42:00,82167.0,1.3189,1.3299,1.3183,1.3299,1.31,55
2023-12-12 14:43:00,40755.0,1.3109,1.315,1.31,1.32,1.31,34
2023-12-12 14:44:00,159374.0,1.3094,1.31,1.305,1.318,1.3,184
2023-12-12 14:45:00,94414.0,1.3098,1.31,1.315,1.3199,1.3,133
2023-12-12 14:46:00,65984.0,1.3169,1.315,1.315,1.32,1.31,49
2023-12-12 14:47:00,18248.0,1.3132,1.315,1.3183,1.3184,1.31,31
2023-12-12 14:48:00,32096.0,1.3189,1.318,1.31,1.32,1.31,54
2023-12-12 14:49:00,9507.0,1.3128,1.315,1.3101,1.32,1.3101,45
2023-12-12 14:50:00,2738.0,1.3151,1.315,1.3186,1.3195,1.31,20
2023-12-12 14:51:00,8817.0,1.3174,1.31,1.3107,1.3197,1.31,26
2023-12-12 14:52:00,15377.0,1.3122,1.315,1.315,1.32,1.31,53
2023-12-12 14:53:00,6298.0,1.3175,1.32,1.3181,1.32,1.3117,43
2023-12-12 14:54:00,45805.0,1.3191,1.315,1.3101,1.3199,1.3101,37
2023-12-12 14:55:00,4061.0,1.3176,1.32,1.315,1.32,1.31,30
2023-12-12 14:56:00,14977.0,1.3186,1.311,1.315,1.32,1.311,30
2023-12-12 14:57:00,44617.0,1.3148,1.315,1.315,1.32,1.31,40
2023-12-12 14:58:00,2327.0,1.3163,1.315,1.315,1.32,1.31,24
2023-12-12 14:59:00,27526.0,1.3165,1.32,1.32,1.32,1.3101,55
2023-12-12 15:00:00,179442.0,1.3103,1.315,1.31,1.3198,1.305,206
2023-12-12 15:01:00,37044.0,1.3083,1.31,1.305,1.31,1.305,69
2023-12-12 15:02:00,181316.0,1.311,1.31,1.315,1.32,1.305,163
2023-12-12 15:03:00,4636.0,1.3154,1.315,1.3199,1.3199,1.315,23
2023-12-12 15:04:00,2390.0,1.3151,1.31,1.32,1.32,1.31,23
2023-12-12 15:05:00,1932.0,1.3114,1.315,1.315,1.315,1.3102,19
2023-12-12 15:06:00,12463.0,1.3115,1.32,1.315,1.32,1.31,27
2023-12-12 15:07:00,7679.0,1.3195,1.315,1.315,1.3199,1.3105,15
2023-12-12 15:08:00,11343.0,1.311,1.315,1.315,1.315,1.31,22
2023-12-12 15:09:00,2700.0,1.315,1.315,1.315,1.315,1.315,18
2023-12-12 15:10:00,7890.0,1.3166,1.31,1.3137,1.32,1.31,29
2023-12-12 15:11:00,38639.0,1.3181,1.32,1.31,1.32,1.31,28
2023-12-12 15:12:00,2406.0,1.3154,1.32,1.315,1.32,1.31,25
2023-12-12 15:13:00,4590.0,1.3155,1.315,1.315,1.32,1.31,19
2023-12-12 15:14:00,2968.0,1.3157,1.315,1.32,1.32,1.31,23
2023-12-12 15:15:00,72209.0,1.3192,1.32,1.319,1.32,1.31,104
2023-12-12 15:16:00,54882.0,1.3205,1.32,1.3246,1.33,1.3185,88
2023-12-12 15:17:00,33344.0,1.3244,1.33,1.325,1.33,1.32,46
2023-12-12 15:18:00,22862.0,1.3228,1.325,1.325,1.33,1.3214,30
2023-12-12 15:19:00,7370.0,1.3251,1.325,1.33,1.33,1.325,23
2023-12-12 15:20:00,6064.0,1.3285,1.33,1.33,1.33,1.325,14
2023-12-12 15:21:00,15586.0,1.3283,1.325,1.325,1.33,1.325,10
2023-12-12 15:22:00,21681.0,1.3288,1.33,1.33,1.33,1.325,44
2023-12-12 15:23:00,22250.0,1.3285,1.33,1.33,1.33,1.3219,39
2023-12-12 15:24:00,2533.0,1.3287,1.33,1.33,1.33,1.325,16
2023-12-12 15:25:00,80942.0,1.3297,1.33,1.33,1.33,1.325,75
2023-12-12 15:26:00,76271.0,1.3297,1.3281,1.32,1.33,1.32,50
2023-12-12 15:27:00,9670.0,1.3279,1.33,1.33,1.33,1.32,24
2023-12-12 15:28:00,26584.0,1.327,1.33,1.325,1.33,1.325,28
2023-12-12 15:29:00,24291.0,1.3291,1.33,1.32,1.33,1.32,29
2023-12-12 15:30:00,35451.0,1.3279,1.32,1.33,1.33,1.32,67
2023-12-12 15:31:00,11657.0,1.3295,1.33,1.33,1.33,1.325,45
2023-12-12 15:32:00,3541.0,1.3284,1.33,1.33,1.33,1.3217,14
2023-12-12 15:33:00,45535.0,1.329,1.33,1.325,1.33,1.32,33
2023-12-12 15:34:00,14022.0,1.3261,1.3201,1.325,1.33,1.32,25
2023-12-12 15:35:00,16671.0,1.3235,1.3291,1.325,1.33,1.32,19
2023-12-12 15:36:00,39469.0,1.3294,1.33,1.3205,1.33,1.3205,99
2023-12-12 15:37:00,31865.0,1.3292,1.33,1.33,1.33,1.325,25
2023-12-12 15:38:00,3402.0,1.3266,1.3291,1.325,1.33,1.325,17
2023-12-12 15:39:00,12056.0,1.3271,1.325,1.33,1.33,1.325,24
2023-12-12 15:40:00,4037.0,1.3274,1.325,1.33,1.33,1.325,19
2023-12-12 15:41:00,7194.0,1.327,1.33,1.33,1.33,1.32,29
2023-12-12 15:42:00,1502.0,1.3271,1.325,1.32,1.33,1.32,9
2023-12-12 15:43:00,3283.0,1.3286,1.33,1.325,1.33,1.325,24
2023-12-12 15:44:00,50310.0,1.3245,1.325,1.33,1.33,1.32,57
2023-12-12 15:45:00,10394.0,1.3279,1.33,1.33,1.33,1.325,41
2023-12-12 15:46:00,6976.0,1.3295,1.325,1.325,1.33,1.325,20
2023-12-12 15:47:00,32386.0,1.3287,1.33,1.3291,1.33,1.325,39
2023-12-12 15:48:00,13075.0,1.3277,1.33,1.325,1.33,1.32,37
2023-12-12 15:49:00,17595.0,1.3255,1.325,1.3295,1.33,1.32,30
2023-12-12 15:50:00,30125.0,1.325,1.32,1.33,1.33,1.32,44
2023-12-12 15:51:00,6017.0,1.3235,1.3201,1.325,1.33,1.32,15
2023-12-12 15:52:00,14036.0,1.328,1.33,1.33,1.33,1.32,26
2023-12-12 15:53:00,1974.0,1.3256,1.325,1.33,1.33,1.325,31
2023-12-12 15:54:00,11464.0,1.3251,1.325,1.325,1.33,1.3201,31
2023-12-12 15:55:00,5627.0,1.3269,1.325,1.33,1.33,1.32,33
2023-12-12 15:56:00,3153.0,1.3257,1.325,1.325,1.33,1.325,23
2023-12-12 15:57:00,8992.0,1.3258,1.33,1.325,1.33,1.32,40
2023-12-12 15:58:00,9409.0,1.3279,1.325,1.325,1.33,1.325,31
2023-12-12 15:59:00,8991.0,1.3272,1.325,1.3203,1.33,1.32,60
2023-12-12 16:00:00,11399.0,1.3281,1.33,1.33,1.33,1.32,53
2023-12-12 16:01:00,20182.0,1.3279,1.33,1.325,1.33,1.32,57
2023-12-12 16:02:00,4427.0,1.3256,1.33,1.3299,1.33,1.325,26
2023-12-12 16:03:00,1527.0,1.3277,1.32,1.33,1.33,1.32,17
2023-12-12 16:04:00,7248.0,1.3255,1.33,1.33,1.33,1.325,28
2023-12-12 16:05:00,10863.0,1.3236,1.325,1.325,1.33,1.32,29
2023-12-12 16:06:00,3151.0,1.326,1.325,1.325,1.33,1.325,30
2023-12-12 16:07:00,27165.0,1.3233,1.3299,1.325,1.33,1.32,69
2023-12-12 16:08:00,8381.0,1.3255,1.33,1.33,1.33,1.3201,31
2023-12-12 16:09:00,10219.0,1.3251,1.3215,1.33,1.33,1.32,56
2023-12-12 16:10:00,10049.0,1.3255,1.325,1.33,1.33,1.32,60
2023-12-12 16:11:00,3132.0,1.3257,1.325,1.325,1.33,1.32,23
2023-12-12 16:12:00,28438.0,1.322,1.3287,1.33,1.33,1.32,42
2023-12-12 16:13:00,80502.0,1.329,1.33,1.33,1.33,1.325,32
2023-12-12 16:14:00,7599.0,1.3254,1.325,1.33,1.33,1.32,31
2023-12-12 16:15:00,14477.0,1.3257,1.33,1.33,1.33,1.325,41
2023-12-12 16:16:00,5088.0,1.3253,1.325,1.325,1.33,1.325,27
2023-12-12 16:17:00,5827.0,1.3287,1.33,1.33,1.33,1.325,30
2023-12-12 16:18:00,6949.0,1.3297,1.33,1.33,1.33,1.325,28
2023-12-12 16:19:00,3422.0,1.3253,1.325,1.33,1.33,1.322,18
2023-12-12 16:20:00,944.0,1.3261,1.325,1.325,1.33,1.3201,11
2023-12-12 16:21:00,9707.0,1.3252,1.325,1.325,1.33,1.32,37
2023-12-12 16:22:00,25558.0,1.3258,1.33,1.32,1.33,1.32,53
2023-12-12 16:23:00,10007.0,1.3269,1.3287,1.325,1.33,1.325,32
2023-12-12 16:24:00,3112.0,1.3255,1.325,1.325,1.33,1.32,17
2023-12-12 16:25:00,15421.0,1.3272,1.3281,1.325,1.33,1.32,28
2023-12-12 16:26:00,35081.0,1.3225,1.325,1.33,1.33,1.32,126
2023-12-12 16:27:00,2996.0,1.3255,1.325,1.33,1.33,1.325,22
2023-12-12 16:28:00,15697.0,1.3266,1.325,1.33,1.33,1.325,31
2023-12-12 16:29:00,16067.0,1.3235,1.3283,1.3299,1.33,1.3201,27
2023-12-12 16:30:00,2613.0,1.3231,1.32,1.33,1.33,1.32,25
2023-12-12 16:31:00,5943.0,1.3282,1.325,1.33,1.33,1.325,15
2023-12-12 16:32:00,902.0,1.3267,1.325,1.33,1.33,1.32,10
2023-12-12 16:33:00,10064.0,1.326,1.325,1.3284,1.33,1.32,42
2023-12-12 16:34:00,1416.0,1.3259,1.325,1.33,1.33,1.32,27
2023-12-12 16:35:00,2801.0,1.3253,1.33,1.325,1.33,1.325,14
2023-12-12 16:36:00,3619.0,1.325,1.325,1.325,1.33,1.32,28
2023-12-12 16:37:00,5811.0,1.3252,1.325,1.325,1.33,1.325,15
2023-12-12 16:38:00,5582.0,1.3267,1.325,1.325,1.33,1.32,26
2023-12-12 16:39:00,22959.0,1.3255,1.3299,1.325,1.33,1.32,35
2023-12-12 16:40:00,9377.0,1.3252,1.33,1.325,1.33,1.32,21
2023-12-12 16:41:00,3588.0,1.3271,1.33,1.328,1.33,1.325,11
2023-12-12 16:42:00,1514.0,1.3254,1.325,1.325,1.33,1.32,16
2023-12-12 16:43:00,2980.0,1.3257,1.3202,1.33,1.33,1.3202,25
2023-12-12 16:44:00,3583.0,1.3261,1.325,1.32,1.33,1.32,30
2023-12-12 16:45:00,21325.0,1.3243,1.33,1.325,1.33,1.32,59
2023-12-12 16:46:00,4770.0,1.3251,1.325,1.32,1.33,1.32,25
2023-12-12 16:47:00,9984.0,1.3257,1.33,1.33,1.33,1.325,43
2023-12-12 16:48:00,15691.0,1.3219,1.325,1.33,1.33,1.32,41
2023-12-12 16:49:00,5710.0,1.3254,1.325,1.325,1.33,1.32,39
2023-12-12 16:50:00,7552.0,1.3246,1.325,1.33,1.33,1.32,38
2023-12-12 16:51:00,291935.0,1.3299,1.325,1.3301,1.34,1.32,275
2023-12-12 16:52:00,41340.0,1.3349,1.336,1.335,1.3383,1.33,83
2023-12-12 16:53:00,68651.0,1.3334,1.34,1.335,1.34,1.33,163
2023-12-12 16:54:00,27146.0,1.3343,1.335,1.335,1.34,1.33,54
2023-12-12 16:55:00,13993.0,1.3361,1.34,1.335,1.34,1.33,54
2023-12-12 16:56:00,24614.0,1.3372,1.3362,1.335,1.34,1.3301,64
2023-12-12 16:57:00,18274.0,1.3344,1.335,1.34,1.34,1.33,52
2023-12-12 16:58:00,4708.0,1.3391,1.34,1.335,1.34,1.335,19
2023-12-12 16:59:00,6345.0,1.3384,1.34,1.335,1.34,1.335,17
2023-12-12 17:00:00,10354.0,1.3385,1.335,1.34,1.34,1.335,22
2023-12-12 17:01:00,14179.0,1.3391,1.335,1.34,1.34,1.335,30
2023-12-12 17:02:00,8245.0,1.3389,1.335,1.335,1.34,1.335,33
2023-12-12 17:03:00,16658.0,1.3321,1.3397,1.335,1.34,1.33,23
2023-12-12 17:04:00,4541.0,1.3357,1.335,1.335,1.34,1.335,14
2023-12-12 17:05:00,9341.0,1.337,1.34,1.335,1.34,1.335,19
2023-12-12 17:06:00,4131.0,1.337,1.335,1.335,1.34,1.335,30
2023-12-12 17:07:00,52632.0,1.333,1.34,1.335,1.34,1.33,89
2023-12-12 17:08:00,13185.0,1.3327,1.3301,1.34,1.34,1.33,27
2023-12-12 17:09:00,138537.0,1.3299,1.335,1.325,1.34,1.32,157
2023-12-12 17:10:00,22240.0,1.3273,1.325,1.33,1.33,1.325,35
2023-12-12 17:11:00,28619.0,1.3222,1.325,1.325,1.33,1.3202,16
2023-12-12 17:12:00,60901.0,1.3242,1.33,1.3216,1.33,1.3216,31
2023-12-12 17:13:00,164004.0,1.3293,1.3284,1.3285,1.33,1.325,138
2023-12-12 17:14:00,21597.0,1.33,1.33,1.33,1.33,1.33,39
2023-12-12 17:15:00,56691.0,1.3342,1.33,1.3336,1.34,1.33,73
2023-12-12 17:16:00,22061.0,1.337,1.3301,1.34,1.34,1.33,25
2023-12-12 17:17:00,11007.0,1.3396,1.34,1.335,1.34,1.335,16
2023-12-12 17:18:00,14922.0,1.3349,1.335,1.335,1.34,1.3325,20
2023-12-12 17:19:00,7381.0,1.3399,1.34,1.335,1.34,1.335,21
2023-12-12 17:20:00,11446.0,1.3377,1.34,1.34,1.34,1.335,23
2023-12-12 17:21:00,7632.0,1.3384,1.335,1.34,1.34,1.335,11
2023-12-12 17:22:00,4111.0,1.339,1.335,1.34,1.34,1.335,24
2023-12-12 17:23:00,9413.0,1.3388,1.335,1.33,1.34,1.33,39
2023-12-12 17:24:00,4117.0,1.3361,1.34,1.335,1.34,1.3301,33
2023-12-12 17:25:00,7537.0,1.3346,1.3345,1.34,1.34,1.33,15
2023-12-12 17:26:00,12192.0,1.3367,1.335,1.335,1.34,1.335,49
2023-12-12 17:27:00,470.0,1.3368,1.3399,1.335,1.34,1.33,4
2023-12-12 17:28:00,5248.0,1.3396,1.34,1.34,1.34,1.335,22
2023-12-12 17:29:00,2407.0,1.3385,1.3387,1.335,1.34,1.335,11
2023-12-12 17:30:00,14283.0,1.3365,1.335,1.335,1.34,1.33,27
2023-12-12 17:31:00,5414.0,1.3343,1.3346,1.335,1.3384,1.33,10
2023-12-12 17:32:00,1570.0,1.3367,1.34,1.34,1.34,1.335,9
2023-12-12 17:33:00,19933.0,1.3316,1.34,1.335,1.34,1.33,21
2023-12-12 17:34:00,6018.0,1.3381,1.34,1.34,1.34,1.335,18
2023-12-12 17:35:00,1754.0,1.337,1.335,1.34,1.34,1.33,11
2023-12-12 17:36:00,16133.0,1.3337,1.34,1.335,1.34,1.33,56
2023-12-12 17:37:00,4091.0,1.3374,1.34,1.335,1.34,1.335,25
2023-12-12 17:38:00,102576.0,1.3322,1.33,1.3399,1.34,1.33,163
2023-12-12 17:39:00,15338.0,1.3318,1.335,1.3306,1.34,1.33,55
2023-12-12 17:40:00,7695.0,1.3334,1.335,1.33,1.34,1.33,44
2023-12-12 17:41:00,10508.0,1.3364,1.3312,1.34,1.34,1.33,20
2023-12-12 17:42:00,3321.0,1.3374,1.335,1.34,1.34,1.335,14
2023-12-12 17:43:00,4240.0,1.3369,1.335,1.34,1.34,1.335,17
2023-12-12 17:44:00,2048.0,1.3358,1.335,1.3372,1.34,1.33,19
2023-12-12 17:45:00,120867.0,1.3394,1.335,1.335,1.34,1.335,110
2023-12-12 17:46:00,20234.0,1.3393,1.34,1.34,1.34,1.335,46
2023-12-12 17:47:00,205337.0,1.341,1.34,1.345,1.35,1.335,256
2023-12-12 17:48:00,59082.0,1.3492,1.35,1.345,1.35,1.345,26
2023-12-12 17:49:00,62698.0,1.3497,1.345,1.35,1.35,1.345,106
2023-12-12 17:50:00,35716.0,1.3483,1.3458,1.345,1.35,1.345,45
2023-12-12 17:51:00,145419.0,1.3516,1.35,1.355,1.36,1.3457,178
2023-12-12 17:52:00,6074.0,1.3552,1.36,1.355,1.36,1.3501,29
2023-12-12 17:53:00,9314.0,1.3537,1.355,1.355,1.36,1.355,31
2023-12-12 17:54:00,39240.0,1.352,1.355,1.355,1.36,1.35,54
2023-12-12 17:55:00,18835.0,1.353,1.355,1.355,1.36,1.35,41
2023-12-12 17:56:00,5773.0,1.3554,1.3598,1.355,1.36,1.3501,40
2023-12-12 17:57:00,4111.0,1.3568,1.355,1.355,1.36,1.355,23
2023-12-12 17:58:00,15333.0,1.359,1.355,1.36,1.36,1.355,49
2023-12-12 17:59:00,2929.0,1.3567,1.355,1.36,1.36,1.355,26
2023-12-12 18:00:00,8969.0,1.3589,1.3515,1.36,1.36,1.3515,23
2023-12-12 18:01:00,11647.0,1.3533,1.355,1.36,1.36,1.3515,9
2023-12-12 18:02:00,4376.0,1.3581,1.36,1.36,1.36,1.3503,31
2023-12-12 18:03:00,7035.0,1.3591,1.355,1.3595,1.36,1.355,28
2023-12-12 18:04:00,131110.0,1.3566,1.36,1.36,1.36,1.35,80
2023-12-12 18:05:00,97369.0,1.3609,1.3599,1.3601,1.37,1.3557,95
2023-12-12 18:06:00,48734.0,1.3618,1.365,1.365,1.37,1.36,91
2023-12-12 18:07:00,5478.0,1.3656,1.365,1.365,1.37,1.3645,37
2023-12-12 18:08:00,4514.0,1.3646,1.365,1.37,1.37,1.3601,22
2023-12-12 18:09:00,2832.0,1.3674,1.37,1.37,1.37,1.365,14
2023-12-12 18:10:00,7750.0,1.3699,1.37,1.365,1.37,1.365,14
2023-12-12 18:11:00,5100.0,1.3638,1.37,1.3616,1.37,1.3601,18
2023-12-12 18:12:00,9120.0,1.3634,1.3655,1.365,1.37,1.3601,14
2023-12-12 18:13:00,7717.0,1.367,1.3621,1.37,1.37,1.36,21
2023-12-12 18:14:00,12461.0,1.3662,1.37,1.365,1.37,1.3609,15
2023-12-12 18:15:00,7340.0,1.3699,1.37,1.365,1.37,1.365,9
2023-12-12 18:16:00,810.0,1.3681,1.365,1.3697,1.37,1.365,7
2023-12-12 18:17:00,6633.0,1.3695,1.37,1.37,1.37,1.365,22
2023-12-12 18:18:00,4005.0,1.3646,1.3607,1.3687,1.37,1.36,18
2023-12-12 18:19:00,11746.0,1.367,1.37,1.37,1.37,1.36,14
2023-12-12 18:20:00,5077.0,1.3667,1.365,1.365,1.37,1.365,21
2023-12-12 18:21:00,3370.0,1.3676,1.365,1.37,1.37,1.365,13
2023-12-12 18:22:00,6683.0,1.3688,1.37,1.37,1.37,1.365,26
2023-12-12 18:23:00,7650.0,1.3676,1.37,1.37,1.37,1.365,15
2023-12-12 18:24:00,25177.0,1.3688,1.3626,1.37,1.37,1.3626,11
2023-12-12 18:25:00,9969.0,1.3628,1.365,1.37,1.37,1.3601,20
2023-12-12 18:26:00,1506.0,1.369,1.365,1.37,1.37,1.365,14
2023-12-12 18:27:00,18878.0,1.3699,1.37,1.365,1.37,1.365,15
2023-12-12 18:28:00,3190.0,1.368,1.37,1.365,1.37,1.365,10
2023-12-12 18:29:00,12342.0,1.3691,1.37,1.37,1.37,1.365,20
2023-12-12 18:30:00,9974.0,1.3629,1.365,1.3647,1.37,1.36,35
2023-12-12 18:31:00,34591.0,1.3652,1.365,1.37,1.37,1.365,10
2023-12-12 18:32:00,36387.0,1.361,1.365,1.37,1.37,1.36,21
2023-12-12 18:33:00,2757.0,1.3698,1.37,1.365,1.37,1.365,8
2023-12-12 18:34:00,10284.0,1.368,1.37,1.36,1.37,1.36,20
2023-12-12 18:35:00,6576.0,1.3654,1.365,1.365,1.37,1.3618,24
2023-12-12 18:36:00,22343.0,1.3627,1.37,1.365,1.37,1.3619,21
2023-12-12 18:37:00,8458.0,1.366,1.37,1.37,1.37,1.3626,22
2023-12-12 18:38:00,680.0,1.366,1.365,1.365,1.365,1.365,10
2023-12-12 18:39:00,6316.0,1.3684,1.37,1.365,1.37,1.365,33
2023-12-12 18:40:00,11223.0,1.3667,1.365,1.37,1.37,1.365,20
2023-12-12 18:41:00,8884.0,1.3641,1.365,1.365,1.37,1.3601,26
2023-12-12 18:42:00,25618.0,1.3654,1.37,1.365,1.37,1.365,50
2023-12-12 18:43:00,105640.0,1.3607,1.365,1.36,1.37,1.355,184
2023-12-12 18:44:00,4385.0,1.3563,1.355,1.35,1.36,1.35,11
2023-12-12 18:45:00,12328.0,1.3545,1.355,1.35,1.355,1.35,28
2023-12-12 18:46:00,2280.0,1.3548,1.35,1.355,1.355,1.35,15
2023-12-12 18:47:00,14352.0,1.3532,1.355,1.3599,1.3599,1.35,17
2023-12-12 18:48:00,11855.0,1.3553,1.355,1.355,1.36,1.35,22
2023-12-12 18:49:00,5783.0,1.3535,1.3533,1.35,1.355,1.35,16
2023-12-12 18:50:00,12926.0,1.3569,1.355,1.355,1.36,1.35,21
2023-12-12 18:51:00,14614.0,1.3523,1.355,1.355,1.36,1.35,22
2023-12-12 18:52:00,2610.0,1.3557,1.355,1.355,1.36,1.35,7
2023-12-12 18:53:00,3532.0,1.3544,1.355,1.355,1.355,1.35,25
2023-12-12 18:54:00,8023.0,1.3521,1.35,1.36,1.36,1.35,25
2023-12-12 18:55:00,13775.0,1.3515,1.355,1.355,1.355,1.35,31
2023-12-12 18:56:00,14570.0,1.3516,1.35,1.355,1.3578,1.35,46
2023-12-12 18:57:00,4357.0,1.3554,1.355,1.35,1.36,1.35,32
2023-12-12 18:58:00,10994.0,1.3507,1.355,1.35,1.355,1.35,35
2023-12-12 18:59:00,27846.0,1.3537,1.35,1.35,1.36,1.35,77
2023-12-12 19:00:00,17241.0,1.353,1.36,1.3501,1.36,1.35,60
2023-12-12 19:01:00,9008.0,1.3536,1.3501,1.355,1.36,1.35,23
2023-12-12 19:02:00,4917.0,1.3521,1.35,1.355,1.355,1.35,30
2023-12-12 19:03:00,5867.0,1.3505,1.355,1.35,1.355,1.35,21
2023-12-12 19:04:00,28056.0,1.3531,1.35,1.35,1.36,1.35,53
2023-12-12 19:05:00,12987.0,1.355,1.355,1.3581,1.36,1.35,36
2023-12-12 19:06:00,6298.0,1.3521,1.36,1.35,1.36,1.35,22
2023-12-12 19:07:00,189105.0,1.3493,1.35,1.345,1.355,1.34,185
2023-12-12 19:08:00,8925.0,1.3417,1.34,1.34,1.345,1.34,11
2023-12-12 19:09:00,2815.0,1.3448,1.35,1.34,1.35,1.34,14
2023-12-12 19:10:00,4505.0,1.3441,1.34,1.34,1.345,1.34,20
2023-12-12 19:11:00,8107.0,1.3447,1.34,1.34,1.345,1.34,11
2023-12-12 19:12:00,3143.0,1.3458,1.34,1.34,1.35,1.34,12
2023-12-12 19:13:00,2775.0,1.3443,1.345,1.345,1.345,1.34,18
2023-12-12 19:14:00,44201.0,1.342,1.345,1.3499,1.3499,1.34,30
2023-12-12 19:15:00,13117.0,1.3456,1.345,1.34,1.35,1.34,51
2023-12-12 19:16:00,12855.0,1.3474,1.345,1.34,1.35,1.34,32
2023-12-12 19:17:00,12225.0,1.3453,1.345,1.345,1.35,1.34,55
2023-12-12 19:18:00,3303.0,1.3439,1.345,1.34,1.345,1.34,24
2023-12-12 19:19:00,2457.0,1.3449,1.34,1.3478,1.3499,1.34,18
2023-12-12 19:20:00,120745.0,1.3421,1.345,1.34,1.35,1.34,139
2023-12-12 19:21:00,8045.0,1.3432,1.34,1.345,1.35,1.34,27
2023-12-12 19:22:00,57968.0,1.349,1.345,1.35,1.35,1.34,76
2023-12-12 19:23:00,9844.0,1.3497,1.3499,1.35,1.35,1.345,16
2023-12-12 19:24:00,8729.0,1.3496,1.35,1.345,1.35,1.345,20
2023-12-12 19:25:00,4363.0,1.349,1.345,1.3452,1.35,1.345,20
2023-12-12 19:26:00,23009.0,1.3445,1.35,1.35,1.35,1.34,27
2023-12-12 19:27:00,13831.0,1.3484,1.34,1.3448,1.35,1.34,27
2023-12-12 19:28:00,3985.0,1.3469,1.35,1.345,1.35,1.34,14
2023-12-12 19:29:00,8550.0,1.3444,1.35,1.345,1.35,1.34,27
2023-12-12 19:30:00,3022.0,1.3455,1.34,1.345,1.35,1.34,24
2023-12-12 19:31:00,29315.0,1.3414,1.345,1.345,1.35,1.34,32
2023-12-12 19:32:00,15693.0,1.3467,1.345,1.3401,1.35,1.3401,25
2023-12-12 19:33:00,5421.0,1.3442,1.345,1.345,1.35,1.3402,15
2023-12-12 19:34:00,80992.0,1.3411,1.345,1.345,1.35,1.34,42
2023-12-12 19:35:00,27610.0,1.3485,1.345,1.345,1.35,1.34,30
2023-12-12 19:36:00,51144.0,1.3493,1.34,1.35,1.35,1.34,66
2023-12-12 19:37:00,3901.0,1.3469,1.345,1.345,1.35,1.345,17
2023-12-12 19:38:00,11507.0,1.3479,1.345,1.345,1.35,1.34,18
2023-12-12 19:39:00,7347.0,1.347,1.345,1.345,1.35,1.345,26
2023-12-12 19:40:00,6380.0,1.3483,1.345,1.345,1.35,1.3447,36
2023-12-12 19:41:00,8195.0,1.344,1.345,1.345,1.35,1.3418,23
2023-12-12 19:42:00,6817.0,1.3475,1.35,1.345,1.35,1.345,29
2023-12-12 19:43:00,23054.0,1.3459,1.345,1.35,1.35,1.345,22
2023-12-12 19:44:00,2934.0,1.346,1.345,1.345,1.35,1.34,24
2023-12-12 19:45:00,12776.0,1.3432,1.345,1.345,1.35,1.3401,23
2023-12-12 19:46:00,53299.0,1.3493,1.35,1.345,1.35,1.3401,68
2023-12-12 19:47:00,124779.0,1.3495,1.3499,1.35,1.35,1.345,85
2023-12-12 19:48:00,16218.0,1.3471,1.345,1.35,1.35,1.345,28
2023-12-12 19:49:00,30224.0,1.3493,1.3493,1.35,1.35,1.345,23
2023-12-12 19:50:00,15547.0,1.3494,1.3499,1.35,1.35,1.345,16
2023-12-12 19:51:00,18609.0,1.349,1.345,1.345,1.35,1.345,20
2023-12-12 19:52:00,6309.0,1.349,1.3499,1.345,1.35,1.345,9
2023-12-12 19:53:00,15100.0,1.3478,1.35,1.345,1.35,1.345,25
2023-12-12 19:54:00,8072.0,1.3479,1.345,1.35,1.35,1.345,15
2023-12-12 19:55:00,9160.0,1.349,1.35,1.345,1.35,1.345,19
2023-12-12 19:56:00,19366.0,1.3493,1.3439,1.349,1.35,1.3425,32
2023-12-12 19:57:00,15680.0,1.347,1.349,1.3499,1.35,1.34,25
2023-12-12 19:58:00,3843.0,1.3486,1.345,1.35,1.35,1.345,15
2023-12-12 19:59:00,3702.0,1.3491,1.345,1.35,1.35,1.345,22
2023-12-12 20:00:00,50624.0,1.3433,1.345,1.35,1.35,1.34,43
2023-12-12 20:01:00,16468.0,1.3454,1.34,1.3463,1.35,1.34,29
2023-12-12 20:02:00,17804.0,1.3479,1.345,1.35,1.35,1.345,25
2023-12-12 20:03:00,7267.0,1.3468,1.3465,1.345,1.35,1.3419,18
2023-12-12 20:04:00,16647.0,1.3481,1.35,1.34,1.35,1.34,38
2023-12-12 20:05:00,3422.0,1.3446,1.345,1.345,1.35,1.34,22
2023-12-12 20:06:00,3276.0,1.3471,1.345,1.35,1.35,1.34,18
2023-12-12 20:07:00,4312.0,1.3496,1.35,1.35,1.35,1.345,20
2023-12-12 20:08:00,8617.0,1.3473,1.345,1.345,1.35,1.34,24
2023-12-12 20:09:00,10261.0,1.3472,1.345,1.34,1.35,1.34,30
2023-12-12 20:10:00,23862.0,1.3451,1.35,1.35,1.35,1.34,30
2023-12-12 20:11:00,71189.0,1.3452,1.345,1.345,1.35,1.34,106
2023-12-12 20:12:00,12215.0,1.3463,1.34,1.34,1.35,1.34,52
2023-12-12 20:13:00,5799.0,1.3443,1.345,1.345,1.345,1.34,27
2023-12-12 20:14:00,10834.0,1.3455,1.345,1.34,1.35,1.34,50
2023-12-12 20:15:00,15885.0,1.3437,1.34,1.35,1.35,1.34,33
2023-12-12 20:16:00,28081.0,1.3404,1.345,1.34,1.35,1.34,71
2023-12-12 20:17:00,1264.0,1.3426,1.34,1.34,1.35,1.34,11
2023-12-12 20:18:00,12507.0,1.3451,1.345,1.34,1.35,1.34,15
2023-12-12 20:19:00,2208.0,1.3416,1.34,1.345,1.345,1.34,17
2023-12-12 20:20:00,7523.0,1.3426,1.345,1.34,1.345,1.34,28
2023-12-12 20:21:00,3042.0,1.3445,1.34,1.345,1.3499,1.34,24
2023-12-12 20:22:00,7723.0,1.3451,1.34,1.34,1.35,1.34,43
2023-12-12 20:23:00,6845.0,1.3425,1.345,1.345,1.345,1.34,28
2023-12-12 20:24:00,16134.0,1.3415,1.34,1.34,1.345,1.34,66
2023-12-12 20:25:00,6292.0,1.3417,1.34,1.345,1.345,1.34,39
2023-12-12 20:26:00,6797.0,1.3451,1.3479,1.345,1.35,1.34,39
2023-12-12 20:27:00,159904.0,1.3401,1.34,1.34,1.345,1.34,25
2023-12-12 20:28:00,8577.0,1.3461,1.34,1.345,1.35,1.34,29
2023-12-12 20:29:00,13507.0,1.3466,1.345,1.345,1.35,1.34,31
2023-12-12 20:30:00,7737.0,1.3455,1.345,1.345,1.35,1.34,37
2023-12-12 20:31:00,3941.0,1.3435,1.34,1.34,1.345,1.34,26
2023-12-12 20:32:00,4370.0,1.3415,1.345,1.34,1.345,1.34,41
2023-12-12 20:33:00,36048.0,1.3405,1.3403,1.34,1.35,1.34,61
2023-12-12 20:34:00,11069.0,1.342,1.35,1.3483,1.35,1.34,53
2023-12-12 20:35:00,8751.0,1.3411,1.34,1.345,1.35,1.34,56
2023-12-12 20:36:00,15961.0,1.3416,1.34,1.34,1.35,1.34,67
2023-12-12 20:37:00,19992.0,1.3446,1.34,1.34,1.35,1.34,51
2023-12-12 20:38:00,175512.0,1.3395,1.34,1.335,1.3442,1.335,165
2023-12-12 20:39:00,4042.0,1.3341,1.335,1.335,1.335,1.33,18
2023-12-12 20:40:00,44803.0,1.3307,1.335,1.33,1.3382,1.33,90
2023-12-12 20:41:00,3802.0,1.3316,1.33,1.335,1.3379,1.33,32
2023-12-12 20:42:00,217075.0,1.3305,1.33,1.33,1.34,1.33,457
2023-12-12 20:43:00,76474.0,1.3305,1.33,1.33,1.34,1.33,158
2023-12-12 20:44:00,50730.0,1.3306,1.33,1.33,1.3393,1.33,84
2023-12-12 20:45:00,126623.0,1.3271,1.33,1.32,1.331,1.32,174
2023-12-12 20:46:00,88737.0,1.3207,1.32,1.32,1.328,1.32,117
2023-12-12 20:47:00,69960.0,1.321,1.325,1.32,1.33,1.32,264
2023-12-12 20:48:00,20912.0,1.323,1.32,1.33,1.33,1.32,42
2023-12-12 20:49:00,33055.0,1.3225,1.32,1.3208,1.33,1.32,51
2023-12-12 20:50:00,14141.0,1.3226,1.32,1.32,1.325,1.32,136
2023-12-12 20:51:00,10646.0,1.3231,1.3203,1.32,1.325,1.32,49
2023-12-12 20:52:00,39998.0,1.3258,1.3299,1.325,1.33,1.32,89
2023-12-12 20:53:00,40317.0,1.322,1.325,1.325,1.33,1.32,84
2023-12-12 20:54:00,75296.0,1.3215,1.325,1.3257,1.3282,1.32,121
2023-12-12 20:55:00,33752.0,1.3243,1.325,1.32,1.33,1.32,138
2023-12-12 20:56:00,135540.0,1.3222,1.325,1.325,1.33,1.32,249
2023-12-12 20:57:00,53946.0,1.3248,1.325,1.325,1.33,1.32,187
2023-12-12 20:58:00,61091.0,1.3218,1.3215,1.32,1.33,1.32,139
2023-12-12 20:59:00,114224.0,1.3213,1.32,1.32,1.33,1.32,316
2023-12-12 21:01:00,225.0,1.33,1.33,1.33,1.33,1.33,3
2023-12-12 21:03:00,615.0,1.33,1.33,1.33,1.33,1.33,2
2023-12-12 21:11:00,510.0,1.33,1.33,1.33,1.33,1.33,2
2023-12-12 21:25:00,500.0,1.32,1.32,1.32,1.32,1.32,7
2023-12-12 21:32:00,500.0,1.32,1.32,1.32,1.32,1.32,1
2023-12-12 21:34:00,5000.0,1.33,1.33,1.33,1.33,1.33,1
2023-12-12 21:39:00,500.0,1.33,1.33,1.33,1.33,1.33,1
2023-12-12 22:04:00,145.0,1.33,1.33,1.33,1.33,1.33,1
2023-12-12 22:06:00,8195.0,1.32,1.32,1.32,1.32,1.32,2
2023-12-12 22:07:00,100.0,1.33,1.33,1.33,1.33,1.33,1
2023-12-12 22:20:00,130.0,1.32,1.32,1.32,1.32,1.32,1
2023-12-12 22:28:00,160.0,1.33,1.33,1.33,1.33,1.33,3
2023-12-12 22:32:00,1200.0,1.32,1.32,1.32,1.32,1.32,1
2023-12-12 22:41:00,200.0,1.33,1.33,1.33,1.33,1.33,1
2023-12-12 22:50:00,425.0,1.32,1.32,1.32,1.32,1.32,3
2023-12-12 22:59:00,1662.0,1.32,1.32,1.32,1.32,1.32,1
2023-12-12 23:02:00,300.0,1.33,1.33,1.33,1.33,1.33,1
2023-12-12 23:04:00,200.0,1.3299,1.3299,1.3299,1.3299,1.3299,1
2023-12-12 23:14:00,10000.0,1.33,1.33,1.33,1.33,1.33,2
2023-12-12 23:15:00,8158.0,1.33,1.33,1.33,1.33,1.33,4
2023-12-12 23:16:00,2877.0,1.33,1.33,1.33,1.33,1.33,4
2023-12-12 23:39:00,200.0,1.3397,1.3397,1.3397,1.3397,1.3397,1
2023-12-12 23:48:00,2500.0,1.33,1.33,1.33,1.33,1.33,5
2023-12-12 23:50:00,2000.0,1.33,1.33,1.33,1.33,1.33,1
2023-12-12 23:53:00,365.0,1.3242,1.33,1.32,1.33,1.32,3
2023-12-12 23:56:00,970.0,1.3203,1.3203,1.3203,1.3203,1.3203,1
2023-12-13 00:05:00,230.0,1.3271,1.3299,1.325,1.3299,1.325,3
2023-12-13 00:08:00,100.0,1.33,1.33,1.33,1.33,1.33,1
2023-12-13 00:12:00,300.0,1.32,1.32,1.32,1.32,1.32,1
2023-12-13 00:21:00,751.0,1.33,1.33,1.33,1.33,1.33,1
2023-12-13 00:23:00,409.0,1.32,1.32,1.32,1.32,1.32,1
2023-12-13 00:25:00,125.0,1.3299,1.3299,1.3299,1.3299,1.3299,1
2023-12-13 00:52:00,2100.0,1.32,1.32,1.32,1.32,1.32,3
2023-12-13 00:54:00,500.0,1.3298,1.3298,1.3298,1.3298,1.3298,1
2023-12-13 00:56:00,177.0,1.33,1.33,1.33,1.33,1.33,4
2023-12-13 00:57:00,179.0,1.33,1.33,1.33,1.33,1.33,1
2023-12-13 00:59:00,825.0,1.32,1.32,1.32,1.32,1.32,2
2023-12-13 10:19:00,117.0,1.34,1.34,1.34,1.34,1.34,1
2023-12-13 10:22:00,3000.0,1.3486,1.35,1.35,1.35,1.345,8
2023-12-13 10:38:00,101.0,1.35,1.35,1.35,1.35,1.35,2
2023-12-13 12:00:00,1015.0,1.3479,1.35,1.35,1.35,1.34,5
2023-12-13 12:01:00,5000.0,1.3554,1.35,1.36,1.36,1.35,13
2023-12-13 12:02:00,150.0,1.3467,1.35,1.35,1.35,1.35,2
2023-12-13 12:03:00,600.0,1.35,1.35,1.35,1.35,1.35,1
2023-12-13 12:07:00,400.0,1.35,1.35,1.35,1.35,1.35,1
2023-12-13 12:12:00,201.0,1.35,1.35,1.35,1.35,1.35,3
2023-12-13 12:18:00,1700.0,1.35,1.35,1.35,1.35,1.35,3
2023-12-13 12:23:00,273.0,1.3404,1.34,1.34,1.34,1.34,4
2023-12-13 12:48:00,600.0,1.34,1.34,1.34,1.34,1.34,2
2023-12-13 12:56:00,12000.0,1.354,1.35,1.36,1.36,1.35,20
2023-12-13 12:57:00,200.0,1.35,1.35,1.35,1.35,1.35,2
2023-12-13 13:00:00,44487.0,1.3501,1.35,1.36,1.36,1.34,59
2023-12-13 13:01:00,1609.0,1.3531,1.3501,1.35,1.36,1.35,12
2023-12-13 13:02:00,1357.0,1.35,1.35,1.35,1.35,1.35,8
2023-12-13 13:03:00,1653.0,1.35,1.35,1.35,1.35,1.35,1
2023-12-13 13:05:00,1000.0,1.35,1.35,1.35,1.35,1.35,1
2023-12-13 13:08:00,2092.0,1.3401,1.3401,1.3401,1.3401,1.3401,2
2023-12-13 13:09:00,4000.0,1.34,1.34,1.34,1.34,1.34,2
2023-12-13 13:10:00,2748.0,1.34,1.34,1.34,1.34,1.34,7
2023-12-13 13:11:00,257.0,1.3397,1.3397,1.3397,1.3397,1.3397,3
2023-12-13 13:12:00,3500.0,1.3314,1.34,1.33,1.34,1.33,19
2023-12-13 13:15:00,1138.0,1.34,1.3399,1.34,1.34,1.3399,3
2023-12-13 13:17:00,152.0,1.3374,1.34,1.34,1.34,1.34,2
2023-12-13 13:27:00,300.0,1.34,1.34,1.34,1.34,1.34,1
2023-12-13 13:33:00,131.0,1.34,1.34,1.34,1.34,1.34,3
2023-12-13 13:37:00,1911.0,1.34,1.34,1.34,1.34,1.34,3
2023-12-13 13:39:00,5107.0,1.35,1.35,1.35,1.35,1.35,5
2023-12-13 13:41:00,7550.0,1.35,1.35,1.35,1.35,1.35,3
2023-12-13 13:42:00,578.0,1.34,1.34,1.34,1.34,1.34,2
2023-12-13 13:43:00,510.0,1.3497,1.35,1.35,1.35,1.35,3
2023-12-13 13:44:00,537.0,1.3489,1.3492,1.3492,1.3492,1.3492,3
2023-12-13 13:53:00,316.0,1.35,1.35,1.35,1.35,1.35,1
2023-12-13 13:54:00,1030.0,1.3499,1.3499,1.3499,1.3499,1.3499,2
2023-12-13 13:57:00,500.0,1.35,1.35,1.35,1.35,1.35,1
2023-12-13 14:02:00,1367.0,1.34,1.34,1.34,1.34,1.34,3
2023-12-13 14:08:00,1000.0,1.34,1.34,1.34,1.34,1.34,1
2023-12-13 14:09:00,164.0,1.345,1.345,1.345,1.345,1.345,1
2023-12-13 14:10:00,3289.0,1.34,1.34,1.34,1.34,1.34,8
2023-12-13 14:12:00,2000.0,1.34,1.34,1.34,1.34,1.34,1
2023-12-13 14:13:00,500.0,1.3397,1.3397,1.3397,1.3397,1.3397,1
2023-12-13 14:15:00,500.0,1.34,1.34,1.34,1.34,1.34,1
2023-12-13 14:17:00,3987.0,1.33,1.33,1.33,1.33,1.33,7
2023-12-13 14:20:00,1989.0,1.3399,1.34,1.34,1.34,1.34,4
2023-12-13 14:25:00,551.0,1.3391,1.34,1.34,1.34,1.34,2
2023-12-13 14:29:00,200.0,1.33,1.33,1.33,1.33,1.33,1
2023-12-13 14:30:00,8806.0,1.3389,1.33,1.34,1.34,1.33,36
2023-12-13 14:31:00,574.0,1.3336,1.33,1.335,1.335,1.33,3
2023-12-13 14:32:00,133597.0,1.3209,1.33,1.33,1.331,1.32,164
2023-12-13 14:33:00,109707.0,1.3291,1.3291,1.3283,1.335,1.32,130
2023-12-13 14:34:00,26705.0,1.3275,1.325,1.33,1.33,1.32,31
2023-12-13 14:35:00,39714.0,1.3278,1.325,1.328,1.33,1.32,28
2023-12-13 14:36:00,31779.0,1.3221,1.3263,1.32,1.33,1.32,39
2023-12-13 14:37:00,37558.0,1.3279,1.32,1.325,1.33,1.32,21
2023-12-13 14:38:00,65138.0,1.325,1.325,1.33,1.33,1.32,104
2023-12-13 14:39:00,34595.0,1.3286,1.3293,1.32,1.33,1.32,21
2023-12-13 14:40:00,148371.0,1.3301,1.33,1.335,1.34,1.32,84
2023-12-13 14:41:00,20733.0,1.3321,1.3382,1.33,1.34,1.33,38
2023-12-13 14:42:00,20935.0,1.3275,1.33,1.325,1.3393,1.32,41
2023-12-13 14:43:00,48085.0,1.3202,1.325,1.32,1.3299,1.32,48
2023-12-13 14:44:00,7419.0,1.3238,1.32,1.325,1.33,1.32,32
2023-12-13 14:45:00,12413.0,1.3214,1.33,1.325,1.33,1.32,18
2023-12-13 14:46:00,126854.0,1.3199,1.32,1.3175,1.322,1.315,82
2023-12-13 14:47:00,66243.0,1.3188,1.32,1.315,1.32,1.315,89
2023-12-13 14:48:00,88313.0,1.3204,1.32,1.325,1.3299,1.315,72
2023-12-13 14:49:00,54525.0,1.3235,1.32,1.32,1.33,1.32,63
2023-12-13 14:50:00,107611.0,1.3201,1.3201,1.315,1.33,1.315,89
2023-12-13 14:51:00,14685.0,1.3171,1.31,1.315,1.32,1.31,37
2023-12-13 14:52:00,60508.0,1.3132,1.315,1.3159,1.32,1.31,57
2023-12-13 14:53:00,16475.0,1.3149,1.3118,1.31,1.3199,1.31,28
2023-12-13 14:54:00,22632.0,1.3147,1.315,1.315,1.315,1.31,23
2023-12-13 14:55:00,19425.0,1.3141,1.315,1.32,1.32,1.31,39
2023-12-13 14:56:00,25371.0,1.3148,1.315,1.32,1.32,1.31,57
2023-12-13 14:57:00,34489.0,1.3173,1.315,1.31,1.32,1.31,27
2023-12-13 14:58:00,14433.0,1.3159,1.31,1.31,1.32,1.31,24
2023-12-13 14:59:00,17253.0,1.3128,1.31,1.315,1.3185,1.31,32
2023-12-13 15:00:00,28390.0,1.313,1.3199,1.3183,1.3199,1.31,23
2023-12-13 15:01:00,63786.0,1.3163,1.315,1.3186,1.32,1.31,75
2023-12-13 15:02:00,53402.0,1.3172,1.315,1.315,1.32,1.31,83
2023-12-13 15:03:00,7100.0,1.3164,1.3198,1.315,1.32,1.315,24
2023-12-13 15:04:00,21281.0,1.3192,1.315,1.3198,1.32,1.31,46
2023-12-13 15:05:00,11590.0,1.3123,1.32,1.315,1.32,1.31,31
2023-12-13 15:06:00,4792.0,1.3159,1.3172,1.32,1.32,1.31,19
2023-12-13 15:07:00,11922.0,1.3172,1.315,1.315,1.32,1.31,32
2023-12-13 15:08:00,13527.0,1.3156,1.32,1.31,1.32,1.31,37
2023-12-13 15:09:00,11337.0,1.3175,1.315,1.315,1.32,1.315,27
2023-12-13 15:10:00,29533.0,1.3166,1.315,1.32,1.32,1.31,64
2023-12-13 15:11:00,237649.0,1.3198,1.31,1.3201,1.33,1.31,213
2023-12-13 15:12:00,26714.0,1.3225,1.325,1.325,1.3279,1.32,51
2023-12-13 15:13:00,13057.0,1.3245,1.3201,1.325,1.325,1.32,25
2023-12-13 15:14:00,86368.0,1.3205,1.32,1.315,1.33,1.315,90
2023-12-13 15:15:00,79252.0,1.3161,1.315,1.315,1.3199,1.31,74
2023-12-13 15:16:00,67117.0,1.3184,1.315,1.3183,1.32,1.3116,87
2023-12-13 15:17:00,29074.0,1.3187,1.3197,1.3199,1.32,1.315,40
2023-12-13 15:18:00,11169.0,1.3165,1.315,1.31,1.32,1.31,25
2023-12-13 15:19:00,4570.0,1.3157,1.315,1.315,1.32,1.31,16
2023-12-13 15:20:00,143715.0,1.3128,1.315,1.315,1.32,1.31,82
2023-12-13 15:21:00,117355.0,1.3125,1.3101,1.31,1.32,1.31,153
2023-12-13 15:22:00,16342.0,1.3125,1.315,1.3155,1.32,1.31,37
2023-12-13 15:23:00,3695.0,1.3148,1.315,1.315,1.315,1.31,24
2023-12-13 15:24:00,3633.0,1.3168,1.315,1.31,1.32,1.31,13
2023-12-13 15:25:00,2692.0,1.3124,1.315,1.3119,1.315,1.31,16
2023-12-13 15:26:00,3330.0,1.3126,1.3195,1.31,1.32,1.31,20
2023-12-13 15:27:00,10524.0,1.3101,1.31,1.31,1.315,1.31,25
2023-12-13 15:28:00,1649.0,1.3147,1.31,1.32,1.32,1.31,18
2023-12-13 15:29:00,33458.0,1.3151,1.315,1.31,1.3182,1.31,24
2023-12-13 15:30:00,2946.0,1.3137,1.315,1.3195,1.3195,1.31,17
2023-12-13 15:31:00,13892.0,1.3166,1.315,1.32,1.32,1.31,33
2023-12-13 15:32:00,2138.0,1.3152,1.315,1.315,1.315,1.315,14
2023-12-13 15:33:00,11978.0,1.3144,1.315,1.315,1.3182,1.312,20
2023-12-13 15:34:00,17261.0,1.3141,1.3199,1.315,1.32,1.31,43
2023-12-13 15:35:00,752.0,1.3153,1.315,1.315,1.315,1.315,8
2023-12-13 15:36:00,30927.0,1.3182,1.315,1.3187,1.32,1.315,45
2023-12-13 15:37:00,14117.0,1.3188,1.315,1.315,1.32,1.3101,19
2023-12-13 15:38:00,38208.0,1.3175,1.32,1.315,1.32,1.3123,40
2023-12-13 15:39:00,21879.0,1.3184,1.315,1.315,1.32,1.315,24
2023-12-13 15:40:00,23886.0,1.3151,1.315,1.32,1.32,1.31,29
2023-12-13 15:41:00,2739.0,1.3181,1.32,1.32,1.32,1.315,17
2023-12-13 15:42:00,10158.0,1.3159,1.315,1.315,1.32,1.31,19
2023-12-13 15:43:00,5624.0,1.3141,1.315,1.315,1.32,1.311,29
2023-12-13 15:44:00,3296.0,1.3165,1.315,1.32,1.32,1.315,28
2023-12-13 15:45:00,182589.0,1.3201,1.315,1.3274,1.33,1.315,131
2023-12-13 15:46:00,19331.0,1.3212,1.3299,1.325,1.33,1.32,33
2023-12-13 15:47:00,450.0,1.3271,1.328,1.33,1.33,1.325,4
2023-12-13 15:48:00,22501.0,1.3295,1.322,1.325,1.33,1.322,20
2023-12-13 15:49:00,4912.0,1.3266,1.325,1.33,1.33,1.325,29
2023-12-13 15:50:00,5714.0,1.3277,1.3201,1.33,1.33,1.32,13
2023-12-13 15:51:00,1505.0,1.3281,1.325,1.3288,1.33,1.325,8
2023-12-13 15:52:00,36070.0,1.3237,1.325,1.322,1.33,1.32,72
2023-12-13 15:53:00,8142.0,1.3273,1.33,1.325,1.33,1.325,29
2023-12-13 15:54:00,190776.0,1.3201,1.32,1.315,1.33,1.315,171
2023-12-13 15:55:00,10993.0,1.3155,1.315,1.315,1.3199,1.31,27
2023-12-13 15:56:00,190969.0,1.3202,1.315,1.33,1.33,1.315,199
2023-12-13 15:57:00,38460.0,1.3219,1.325,1.3201,1.33,1.32,34
2023-12-13 15:58:00,1172.0,1.3248,1.325,1.325,1.325,1.325,15
2023-12-13 15:59:00,33976.0,1.3219,1.3217,1.325,1.325,1.3217,17
2023-12-13 16:00:00,5062.0,1.3264,1.325,1.3201,1.33,1.32,34
2023-12-13 16:01:00,171630.0,1.3291,1.325,1.325,1.33,1.325,146
2023-12-13 16:02:00,47944.0,1.3285,1.3292,1.33,1.33,1.3201,45
2023-12-13 16:03:00,2726.0,1.3295,1.3282,1.33,1.33,1.325,17
2023-12-13 16:04:00,15394.0,1.3297,1.33,1.33,1.33,1.325,11
2023-12-13 16:05:00,13020.0,1.3271,1.3299,1.325,1.33,1.325,21
2023-12-13 16:06:00,109734.0,1.3232,1.32,1.325,1.33,1.32,150
2023-12-13 16:07:00,20402.0,1.321,1.32,1.325,1.325,1.32,33
2023-12-13 16:08:00,3139.0,1.3277,1.32,1.325,1.33,1.32,9
2023-12-13 16:09:00,6788.0,1.3234,1.3285,1.325,1.3285,1.322,13
2023-12-13 16:10:00,5427.0,1.3259,1.3255,1.3201,1.33,1.3201,14
2023-12-13 16:11:00,3940.0,1.3205,1.32,1.325,1.325,1.32,21
2023-12-13 16:12:00,13820.0,1.3209,1.325,1.3286,1.3286,1.3201,18
2023-12-13 16:13:00,203.0,1.325,1.325,1.325,1.325,1.325,5
2023-12-13 16:14:00,8052.0,1.3266,1.3295,1.325,1.33,1.3216,24
2023-12-13 16:15:00,11146.0,1.3268,1.325,1.325,1.33,1.325,55
2023-12-13 16:16:00,2882.0,1.3264,1.325,1.3297,1.3297,1.32,15
2023-12-13 16:17:00,60895.0,1.3242,1.325,1.325,1.33,1.3218,44
2023-12-13 16:18:00,1571.0,1.3251,1.325,1.325,1.3266,1.325,11
2023-12-13 16:19:00,5115.0,1.3252,1.33,1.325,1.33,1.325,18
2023-12-13 16:20:00,355.0,1.3267,1.325,1.33,1.33,1.325,5
2023-12-13 16:21:00,2247.0,1.3264,1.325,1.3297,1.33,1.325,24
2023-12-13 16:22:00,13527.0,1.3207,1.325,1.32,1.33,1.32,60
2023-12-13 16:23:00,49465.0,1.3212,1.32,1.32,1.33,1.32,50
2023-12-13 16:24:00,2601.0,1.3235,1.325,1.325,1.3277,1.32,17
2023-12-13 16:25:00,8211.0,1.3219,1.325,1.325,1.3295,1.32,31
2023-12-13 16:26:00,16965.0,1.3218,1.325,1.33,1.33,1.32,23
2023-12-13 16:27:00,920.0,1.3241,1.325,1.325,1.325,1.32,16
2023-12-13 16:28:00,7428.0,1.3222,1.3218,1.32,1.33,1.32,28
2023-12-13 16:29:00,718.0,1.3232,1.325,1.325,1.325,1.32,7
2023-12-13 16:30:00,17426.0,1.3246,1.325,1.325,1.33,1.32,24
2023-12-13 16:31:00,14957.0,1.3274,1.33,1.325,1.33,1.32,19
2023-12-13 16:32:00,13288.0,1.3207,1.32,1.325,1.325,1.32,44
2023-12-13 16:33:00,3011.0,1.3214,1.322,1.325,1.325,1.3203,18
2023-12-13 16:34:00,2771.0,1.3213,1.32,1.321,1.3251,1.32,20
2023-12-13 16:35:00,3757.0,1.3203,1.325,1.32,1.325,1.32,10
2023-12-13 16:36:00,39653.0,1.3271,1.325,1.325,1.33,1.32,26
2023-12-13 16:37:00,6701.0,1.3213,1.325,1.32,1.325,1.32,23
2023-12-13 16:38:00,21910.0,1.3253,1.325,1.325,1.33,1.32,29
2023-12-13 16:39:00,9127.0,1.3237,1.32,1.33,1.33,1.32,26
2023-12-13 16:40:00,2304.0,1.3238,1.32,1.33,1.33,1.32,18
2023-12-13 16:41:00,25768.0,1.3257,1.325,1.33,1.33,1.32,40
2023-12-13 16:42:00,27874.0,1.3281,1.32,1.32,1.33,1.32,40
2023-12-13 16:43:00,13194.0,1.3269,1.325,1.325,1.33,1.32,7
2023-12-13 16:44:00,7475.0,1.3207,1.325,1.3202,1.325,1.32,32
2023-12-13 16:45:00,10065.0,1.3294,1.32,1.325,1.33,1.32,18
2023-12-13 16:46:00,20881.0,1.3288,1.325,1.33,1.33,1.32,14
2023-12-13 16:47:00,10029.0,1.327,1.3289,1.325,1.33,1.32,37
2023-12-13 16:48:00,8897.0,1.325,1.3201,1.325,1.33,1.3201,23
2023-12-13 16:49:00,12282.0,1.3256,1.3201,1.325,1.33,1.32,33
2023-12-13 16:50:00,19016.0,1.3239,1.32,1.32,1.33,1.32,31
2023-12-13 16:51:00,17849.0,1.3228,1.325,1.32,1.33,1.32,37
2023-12-13 16:52:00,3153.0,1.3247,1.325,1.33,1.33,1.32,12
2023-12-13 16:53:00,8590.0,1.3275,1.325,1.325,1.33,1.325,20
2023-12-13 16:54:00,3791.0,1.325,1.325,1.325,1.325,1.325,8
2023-12-13 16:55:00,6341.0,1.321,1.325,1.3201,1.33,1.32,22
2023-12-13 16:56:00,4429.0,1.3249,1.325,1.33,1.33,1.32,29
2023-12-13 16:57:00,6056.0,1.3272,1.325,1.33,1.33,1.325,18
2023-12-13 16:58:00,960.0,1.3253,1.325,1.325,1.328,1.325,7
2023-12-13 16:59:00,3697.0,1.3247,1.3255,1.325,1.3255,1.32,11
2023-12-13 17:00:00,831.0,1.3252,1.325,1.325,1.325,1.325,11
2023-12-13 17:01:00,832.0,1.3246,1.325,1.32,1.325,1.32,13
2023-12-13 17:02:00,3628.0,1.3219,1.325,1.32,1.325,1.32,21
2023-12-13 17:03:00,202232.0,1.32,1.325,1.32,1.3283,1.315,180
2023-12-13 17:04:00,9643.0,1.3151,1.315,1.315,1.3199,1.315,11
2023-12-13 17:05:00,23900.0,1.3138,1.315,1.315,1.315,1.31,28
2023-12-13 17:06:00,3880.0,1.3152,1.315,1.315,1.3199,1.315,17
2023-12-13 17:07:00,7329.0,1.3123,1.31,1.315,1.315,1.31,21
2023-12-13 17:08:00,35834.0,1.3136,1.315,1.315,1.319,1.31,26
2023-12-13 17:09:00,8517.0,1.3118,1.315,1.31,1.32,1.31,30
2023-12-13 17:10:00,34166.0,1.3101,1.315,1.31,1.315,1.31,41
2023-12-13 17:11:00,66686.0,1.3138,1.31,1.315,1.32,1.31,78
2023-12-13 17:12:00,150657.0,1.3194,1.32,1.32,1.32,1.315,70
2023-12-13 17:13:00,48647.0,1.3179,1.315,1.3192,1.32,1.315,34
2023-12-13 17:14:00,4651.0,1.3157,1.315,1.315,1.32,1.315,14
2023-12-13 17:15:00,3970.0,1.3144,1.315,1.3187,1.32,1.3101,11
2023-12-13 17:16:00,30103.0,1.3181,1.315,1.31,1.32,1.31,27
2023-12-13 17:17:00,11765.0,1.317,1.32,1.3199,1.32,1.315,29
2023-12-13 17:18:00,14555.0,1.3197,1.32,1.31,1.32,1.31,25
2023-12-13 17:19:00,5137.0,1.3161,1.32,1.31,1.32,1.31,23
2023-12-13 17:20:00,3436.0,1.3176,1.32,1.32,1.32,1.315,23
2023-12-13 17:21:00,2532.0,1.3185,1.32,1.3197,1.32,1.315,16
2023-12-13 17:22:00,39492.0,1.3166,1.31,1.32,1.32,1.31,41
2023-12-13 17:23:00,131675.0,1.313,1.32,1.315,1.32,1.31,54
2023-12-13 17:24:00,24422.0,1.3138,1.31,1.32,1.32,1.31,67
2023-12-13 17:25:00,12587.0,1.3115,1.315,1.311,1.315,1.311,22
2023-12-13 17:26:00,15362.0,1.3108,1.315,1.315,1.315,1.31,34
2023-12-13 17:27:00,2723.0,1.3176,1.3199,1.31,1.3199,1.31,8
2023-12-13 17:28:00,3690.0,1.3142,1.315,1.315,1.315,1.3119,13
2023-12-13 17:29:00,918.0,1.3137,1.315,1.315,1.315,1.3101,12
2023-12-13 17:30:00,7021.0,1.315,1.315,1.315,1.315,1.315,19
2023-12-13 17:31:00,33002.0,1.3139,1.3199,1.315,1.32,1.31,24
2023-12-13 17:32:00,196443.0,1.3138,1.3101,1.32,1.32,1.31,113
2023-12-13 17:33:00,25086.0,1.3113,1.32,1.3103,1.32,1.31,37
2023-12-13 17:34:00,2328.0,1.3197,1.32,1.32,1.32,1.32,4
2023-12-13 17:35:00,3088.0,1.3179,1.315,1.315,1.32,1.315,6
2023-12-13 17:36:00,3696.0,1.3161,1.315,1.32,1.32,1.315,17
2023-12-13 17:37:00,15859.0,1.3166,1.3175,1.315,1.3175,1.315,15
2023-12-13 17:38:00,23999.0,1.3151,1.32,1.315,1.32,1.31,12
2023-12-13 17:39:00,22630.0,1.313,1.315,1.3127,1.315,1.3127,10
2023-12-13 17:40:00,6059.0,1.3151,1.3194,1.315,1.32,1.31,17
2023-12-13 17:41:00,6567.0,1.3148,1.315,1.315,1.315,1.31,16
2023-12-13 17:42:00,35943.0,1.3194,1.315,1.315,1.32,1.315,53
2023-12-13 17:43:00,3804.0,1.3149,1.315,1.3136,1.315,1.3136,8
2023-12-13 17:44:00,4175.0,1.3198,1.315,1.32,1.32,1.315,3
2023-12-13 17:45:00,3164.0,1.3169,1.3199,1.315,1.3199,1.315,13
2023-12-13 17:46:00,3826.0,1.3109,1.315,1.31,1.315,1.31,16
2023-12-13 17:47:00,5513.0,1.315,1.315,1.315,1.315,1.315,7
2023-12-13 17:48:00,3678.0,1.3176,1.3199,1.3199,1.3199,1.31,26
2023-12-13 17:49:00,1815.0,1.3152,1.315,1.315,1.32,1.315,15
2023-12-13 17:50:00,292555.0,1.3151,1.315,1.315,1.32,1.3121,59
2023-12-13 17:51:00,14121.0,1.3147,1.3199,1.31,1.3199,1.31,31
2023-12-13 17:52:00,8834.0,1.3159,1.3179,1.315,1.32,1.315,14
2023-12-13 17:53:00,19145.0,1.3119,1.31,1.315,1.32,1.31,23
2023-12-13 17:54:00,6936.0,1.3176,1.3156,1.315,1.32,1.315,13
2023-12-13 17:55:00,1399.0,1.315,1.315,1.315,1.315,1.315,12
2023-12-13 17:56:00,5324.0,1.315,1.315,1.315,1.315,1.315,12
2023-12-13 17:57:00,1823.0,1.3154,1.315,1.32,1.32,1.315,11
2023-12-13 17:58:00,105608.0,1.3121,1.31,1.3101,1.32,1.31,150
2023-12-13 17:59:00,9263.0,1.3148,1.3101,1.315,1.32,1.31,36
2023-12-13 18:00:00,11934.0,1.311,1.315,1.31,1.32,1.31,35
2023-12-13 18:01:00,16218.0,1.3116,1.3157,1.315,1.3164,1.31,38
2023-12-13 18:02:00,26490.0,1.3111,1.315,1.311,1.315,1.311,22
2023-12-13 18:03:00,8050.0,1.3129,1.3144,1.315,1.315,1.31,15
2023-12-13 18:04:00,3462.0,1.3123,1.31,1.3143,1.3143,1.31,11
2023-12-13 18:05:00,9893.0,1.3105,1.31,1.315,1.315,1.31,39
2023-12-13 18:06:00,64557.0,1.3141,1.31,1.315,1.32,1.31,28
2023-12-13 18:07:00,10110.0,1.3181,1.315,1.32,1.32,1.31,8
2023-12-13 18:08:00,6449.0,1.3132,1.315,1.31,1.315,1.31,11
2023-12-13 18:09:00,27155.0,1.3119,1.31,1.31,1.32,1.31,43
2023-12-13 18:10:00,286832.0,1.309,1.31,1.3097,1.3103,1.3,263
2023-12-13 18:11:00,35063.0,1.3039,1.305,1.3081,1.3081,1.3,65
2023-12-13 18:12:00,53655.0,1.3026,1.305,1.305,1.31,1.3,25
2023-12-13 18:13:00,12596.0,1.3091,1.305,1.3083,1.31,1.3,15
2023-12-13 18:14:00,137932.0,1.3004,1.305,1.3083,1.3099,1.3,18
2023-12-13 18:15:00,23800.0,1.3051,1.31,1.3,1.31,1.3,49
2023-12-13 18:16:00,34228.0,1.3034,1.3,1.305,1.31,1.3,85
2023-12-13 18:17:00,26267.0,1.3059,1.3,1.31,1.31,1.3,29
2023-12-13 18:18:00,8894.0,1.3014,1.3,1.3,1.3097,1.3,31
2023-12-13 18:19:00,5891.0,1.3029,1.305,1.3,1.31,1.3,14
2023-12-13 18:20:00,6942.0,1.3034,1.3089,1.305,1.31,1.3,24
2023-12-13 18:21:00,11206.0,1.3013,1.3,1.305,1.31,1.3,23
2023-12-13 18:22:00,16864.0,1.3064,1.3,1.305,1.3099,1.3,24
2023-12-13 18:23:00,7896.0,1.3018,1.3,1.3,1.31,1.3,26
2023-12-13 18:24:00,7860.0,1.3028,1.305,1.305,1.305,1.3,17
2023-12-13 18:25:00,561980.0,1.2999,1.305,1.29,1.305,1.29,335
2023-12-13 18:26:00,211166.0,1.2907,1.295,1.29,1.3,1.29,68
2023-12-13 18:27:00,211864.0,1.2896,1.295,1.2886,1.295,1.28,190
2023-12-13 18:28:00,22521.0,1.2832,1.2852,1.2883,1.29,1.28,73
2023-12-13 18:29:00,45496.0,1.2866,1.2898,1.2868,1.29,1.28,31
2023-12-13 18:30:00,70726.0,1.286,1.285,1.2873,1.29,1.28,54
2023-12-13 18:31:00,22084.0,1.2841,1.285,1.2899,1.29,1.28,69
2023-12-13 18:32:00,73022.0,1.2822,1.2853,1.29,1.29,1.28,33
2023-12-13 18:33:00,13302.0,1.2862,1.2899,1.285,1.29,1.28,30
2023-12-13 18:34:00,19622.0,1.2839,1.28,1.2899,1.2899,1.28,27
2023-12-13 18:35:00,409641.0,1.2897,1.285,1.2899,1.29,1.28,72
2023-12-13 18:36:00,215056.0,1.2899,1.285,1.29,1.3,1.285,229
2023-12-13 18:37:00,121966.0,1.291,1.2901,1.29,1.3,1.29,91
2023-12-13 18:38:00,35721.0,1.292,1.29,1.3,1.3,1.29,59
2023-12-13 18:39:00,132233.0,1.2878,1.2908,1.28,1.2993,1.28,122
2023-12-13 18:40:00,31367.0,1.2831,1.29,1.29,1.29,1.28,81
2023-12-13 18:41:00,13071.0,1.289,1.2881,1.29,1.29,1.28,18
2023-12-13 18:42:00,43432.0,1.2809,1.2802,1.285,1.2899,1.28,36
2023-12-13 18:43:00,156872.0,1.2856,1.29,1.285,1.29,1.28,94
2023-12-13 18:44:00,9466.0,1.2847,1.285,1.288,1.29,1.28,39
2023-12-13 18:45:00,78685.0,1.2895,1.2899,1.29,1.29,1.285,74
2023-12-13 18:46:00,31920.0,1.2885,1.285,1.289,1.29,1.285,54
2023-12-13 18:47:00,20676.0,1.2867,1.29,1.2801,1.29,1.28,38
2023-12-13 18:48:00,18545.0,1.287,1.285,1.285,1.29,1.28,35
2023-12-13 18:49:00,14738.0,1.2871,1.2884,1.2875,1.2899,1.285,20
2023-12-13 18:50:00,29926.0,1.2878,1.285,1.2895,1.29,1.285,29
2023-12-13 18:51:00,32350.0,1.2892,1.29,1.285,1.29,1.28,29
2023-12-13 18:52:00,40370.0,1.2875,1.29,1.285,1.29,1.28,27
2023-12-13 18:53:00,99131.0,1.2888,1.285,1.29,1.29,1.285,64
2023-12-13 18:54:00,199061.0,1.2906,1.2899,1.2901,1.2999,1.2857,145
2023-12-13 18:55:00,27086.0,1.2912,1.2901,1.29,1.3,1.29,38
2023-12-13 18:56:00,24722.0,1.292,1.2979,1.295,1.3,1.29,45
2023-12-13 18:57:00,2012.0,1.2963,1.295,1.2976,1.2976,1.295,11
2023-12-13 18:58:00,10397.0,1.2923,1.29,1.29,1.2999,1.29,32
2023-12-13 18:59:00,20902.0,1.2909,1.295,1.29,1.2966,1.29,40
2023-12-13 19:00:00,15855.0,1.2903,1.29,1.29,1.3,1.29,34
2023-12-13 19:01:00,136433.0,1.3017,1.3,1.31,1.31,1.295,201
2023-12-13 19:02:00,184625.0,1.3127,1.305,1.3199,1.32,1.305,332
2023-12-13 19:03:00,157110.0,1.321,1.32,1.3201,1.33,1.315,218
2023-12-13 19:04:00,74384.0,1.327,1.325,1.32,1.33,1.32,164
2023-12-13 19:05:00,47637.0,1.327,1.3201,1.325,1.33,1.32,99
2023-12-13 19:06:00,30817.0,1.3218,1.325,1.32,1.33,1.32,105
2023-12-13 19:07:00,88553.0,1.3244,1.325,1.33,1.33,1.32,209
2023-12-13 19:08:00,163396.0,1.3302,1.325,1.335,1.34,1.32,263
2023-12-13 19:09:00,114052.0,1.3316,1.33,1.33,1.34,1.325,247
2023-12-13 19:10:00,141612.0,1.3353,1.33,1.33,1.34,1.33,474
2023-12-13 19:11:00,227648.0,1.3292,1.33,1.335,1.335,1.32,353
2023-12-13 19:12:00,121732.0,1.3301,1.33,1.33,1.34,1.3202,150
2023-12-13 19:13:00,37629.0,1.3282,1.33,1.325,1.33,1.32,25
2023-12-13 19:14:00,23468.0,1.3295,1.33,1.3232,1.33,1.3232,19
2023-12-13 19:15:00,148923.0,1.331,1.33,1.33,1.34,1.3257,103
2023-12-13 19:16:00,12997.0,1.3381,1.34,1.33,1.34,1.33,18
2023-12-13 19:17:00,31181.0,1.3315,1.33,1.33,1.3382,1.33,45
2023-12-13 19:18:00,112191.0,1.3371,1.335,1.335,1.34,1.3301,94
2023-12-13 19:19:00,278703.0,1.3402,1.34,1.34,1.35,1.33,234
2023-12-13 19:20:00,152324.0,1.3408,1.34,1.345,1.35,1.33,82
2023-12-13 19:21:00,67034.0,1.3469,1.345,1.34,1.35,1.34,68
2023-12-13 19:22:00,27917.0,1.3487,1.34,1.345,1.35,1.34,69
2023-12-13 19:23:00,28958.0,1.3429,1.35,1.3488,1.35,1.34,35
2023-12-13 19:24:00,10088.0,1.3485,1.35,1.345,1.35,1.345,16
2023-12-13 19:25:00,20239.0,1.3434,1.3487,1.35,1.35,1.34,65
2023-12-13 19:26:00,18882.0,1.343,1.345,1.35,1.35,1.34,42
2023-12-13 19:27:00,13236.0,1.3461,1.345,1.35,1.35,1.34,26
2023-12-13 19:28:00,16696.0,1.348,1.35,1.35,1.35,1.345,20
2023-12-13 19:29:00,324356.0,1.3507,1.35,1.36,1.36,1.34,257
2023-12-13 19:30:00,33063.0,1.3527,1.3594,1.355,1.36,1.3501,29
2023-12-13 19:31:00,109304.0,1.3501,1.35,1.345,1.355,1.345,102
2023-12-13 19:32:00,18349.0,1.3465,1.345,1.3469,1.35,1.34,35
2023-12-13 19:33:00,71299.0,1.3498,1.34,1.355,1.355,1.34,79
2023-12-13 19:34:00,19517.0,1.358,1.36,1.36,1.36,1.35,27
2023-12-13 19:35:00,566860.0,1.3601,1.36,1.365,1.37,1.352,264
2023-12-13 19:36:00,78834.0,1.3638,1.3666,1.37,1.37,1.36,96
2023-12-13 19:37:00,18726.0,1.3632,1.365,1.37,1.37,1.36,39
2023-12-13 19:38:00,71869.0,1.3674,1.36,1.365,1.37,1.36,117
2023-12-13 19:39:00,340144.0,1.3692,1.3691,1.36,1.375,1.36,259
2023-12-13 19:40:00,104345.0,1.3708,1.37,1.38,1.38,1.365,130
2023-12-13 19:41:00,110865.0,1.3732,1.37,1.38,1.38,1.37,102
2023-12-13 19:42:00,192202.0,1.375,1.3799,1.37,1.38,1.37,54
2023-12-13 19:43:00,42460.0,1.3769,1.3701,1.38,1.38,1.37,82
2023-12-13 19:44:00,91501.0,1.376,1.38,1.38,1.38,1.37,82
2023-12-13 19:45:00,266071.0,1.382,1.38,1.3801,1.39,1.375,234
2023-12-13 19:46:00,85240.0,1.388,1.385,1.385,1.39,1.38,98
2023-12-13 19:47:00,201276.0,1.3885,1.389,1.395,1.4,1.38,222
2023-12-13 19:48:00,374870.0,1.3878,1.395,1.3857,1.4,1.38,272
2023-12-13 19:49:00,110484.0,1.3947,1.39,1.4,1.4,1.38,179
2023-12-13 19:50:00,72569.0,1.3962,1.4,1.4,1.4,1.39,64
2023-12-13 19:51:00,125557.0,1.3932,1.395,1.4,1.4,1.39,78
2023-12-13 19:52:00,93409.0,1.3937,1.39,1.4,1.4,1.39,65
2023-12-13 19:53:00,27256.0,1.3983,1.4,1.4,1.4,1.3916,67
2023-12-13 19:54:00,89927.0,1.3964,1.39,1.395,1.4,1.39,50
2023-12-13 19:55:00,160841.0,1.3995,1.4,1.4,1.4,1.3915,94
2023-12-13 19:56:00,140460.0,1.3936,1.3901,1.395,1.4,1.39,108
2023-12-13 19:57:00,39752.0,1.3946,1.4,1.4,1.4,1.39,69
2023-12-13 19:58:00,66996.0,1.3973,1.4,1.4,1.4,1.3901,82
2023-12-13 19:59:00,658014.0,1.4046,1.4,1.408,1.41,1.3986,339
2023-12-13 20:00:00,502288.0,1.4183,1.41,1.43,1.43,1.4,427
2023-12-13 20:01:00,372157.0,1.4245,1.43,1.43,1.43,1.42,234
2023-12-13 20:02:00,525848.0,1.4312,1.42,1.43,1.44,1.42,286
2023-12-13 20:03:00,50037.0,1.4282,1.43,1.4299,1.43,1.42,58
2023-12-13 20:04:00,175102.0,1.4316,1.425,1.4301,1.44,1.42,121
2023-12-13 20:05:00,119305.0,1.4389,1.435,1.445,1.45,1.43,135
2023-12-13 20:06:00,156190.0,1.4399,1.45,1.4317,1.45,1.43,211
2023-12-13 20:07:00,148133.0,1.4308,1.4366,1.425,1.44,1.425,173
2023-12-13 20:08:00,60783.0,1.4238,1.43,1.4299,1.43,1.42,67
2023-12-13 20:09:00,184743.0,1.4209,1.42,1.4197,1.43,1.4113,210
2023-12-13 20:10:00,517822.0,1.4181,1.4196,1.415,1.43,1.41,416
2023-12-13 20:11:00,52773.0,1.4181,1.42,1.415,1.42,1.4105,62
2023-12-13 20:12:00,576297.0,1.4111,1.415,1.42,1.42,1.4,262
2023-12-13 20:13:00,92957.0,1.4182,1.42,1.4194,1.42,1.41,92
2023-12-13 20:14:00,234046.0,1.4199,1.4199,1.415,1.425,1.41,219
2023-12-13 20:15:00,97498.0,1.4137,1.42,1.4101,1.42,1.41,99
2023-12-13 20:16:00,149741.0,1.4133,1.4194,1.42,1.42,1.41,113
2023-12-13 20:17:00,28760.0,1.4163,1.4124,1.42,1.42,1.41,99
2023-12-13 20:18:00,106265.0,1.4233,1.42,1.43,1.43,1.42,145
2023-12-13 20:19:00,79920.0,1.4267,1.43,1.43,1.43,1.42,147
2023-12-13 20:20:00,164130.0,1.4243,1.43,1.43,1.43,1.42,250
2023-12-13 20:21:00,77346.0,1.4275,1.425,1.43,1.43,1.42,150
2023-12-13 20:22:00,230463.0,1.424,1.43,1.42,1.43,1.42,373
2023-12-13 20:23:00,233075.0,1.4148,1.421,1.415,1.425,1.41,202
2023-12-13 20:24:00,59204.0,1.4136,1.415,1.4183,1.42,1.41,67
2023-12-13 20:25:00,216397.0,1.41,1.415,1.41,1.42,1.405,279
2023-12-13 20:26:00,468925.0,1.4074,1.41,1.4,1.42,1.4,290
2023-12-13 20:27:00,43858.0,1.4009,1.405,1.4095,1.41,1.4,46
2023-12-13 20:28:00,100406.0,1.4069,1.4099,1.405,1.41,1.4,129
2023-12-13 20:29:00,1093299.0,1.4013,1.41,1.405,1.41,1.39,602
2023-12-13 20:30:00,74070.0,1.4067,1.405,1.405,1.41,1.4,154
2023-12-13 20:31:00,130891.0,1.4074,1.4009,1.4058,1.41,1.4,239
2023-12-13 20:32:00,222182.0,1.4117,1.405,1.415,1.42,1.405,323
2023-12-13 20:33:00,74625.0,1.4158,1.415,1.415,1.42,1.41,221
2023-12-13 20:34:00,52362.0,1.4159,1.415,1.415,1.42,1.41,168
2023-12-13 20:35:00,202476.0,1.4205,1.4101,1.42,1.43,1.41,403
2023-12-13 20:36:00,50021.0,1.4269,1.43,1.43,1.43,1.42,70
2023-12-13 20:37:00,331817.0,1.422,1.425,1.425,1.43,1.42,144
2023-12-13 20:38:00,140384.0,1.4208,1.425,1.43,1.43,1.42,72
2023-12-13 20:39:00,54757.0,1.4277,1.425,1.43,1.43,1.42,151
2023-12-13 20:40:00,299571.0,1.4299,1.425,1.4218,1.44,1.42,382
2023-12-13 20:41:00,61968.0,1.4247,1.425,1.425,1.43,1.42,98
2023-12-13 20:42:00,279430.0,1.4218,1.425,1.425,1.43,1.42,126
2023-12-13 20:43:00,36085.0,1.4225,1.4201,1.425,1.43,1.42,80
2023-12-13 20:44:00,33807.0,1.4241,1.425,1.425,1.43,1.42,92
2023-12-13 20:45:00,45178.0,1.4225,1.425,1.425,1.43,1.42,117
2023-12-13 20:46:00,83150.0,1.4273,1.425,1.43,1.43,1.42,158
2023-12-13 20:47:00,113616.0,1.4242,1.425,1.425,1.43,1.42,174
2023-12-13 20:48:00,66023.0,1.4255,1.425,1.43,1.43,1.42,146
2023-12-13 20:49:00,68659.0,1.4268,1.43,1.425,1.43,1.42,171
2023-12-13 20:50:00,252650.0,1.431,1.425,1.435,1.44,1.4224,346
2023-12-13 20:51:00,275210.0,1.4286,1.435,1.425,1.435,1.42,266
2023-12-13 20:52:00,100396.0,1.4243,1.425,1.425,1.43,1.4202,89
2023-12-13 20:53:00,174146.0,1.4244,1.425,1.4201,1.43,1.42,170
2023-12-13 20:54:00,37763.0,1.4279,1.425,1.425,1.43,1.42,143
2023-12-13 20:55:00,97399.0,1.4264,1.43,1.43,1.43,1.42,204
2023-12-13 20:56:00,373357.0,1.431,1.43,1.434,1.44,1.4228,241
2023-12-13 20:57:00,189198.0,1.4359,1.435,1.4399,1.44,1.43,253
2023-12-13 20:58:00,150752.0,1.4386,1.4381,1.44,1.44,1.43,297
2023-12-13 20:59:00,558403.0,1.4342,1.44,1.43,1.44,1.43,632
2023-12-13 21:00:00,10002.0,1.43,1.44,1.42,1.44,1.42,5
2023-12-13 21:01:00,2438.0,1.4229,1.43,1.43,1.43,1.42,9
2023-12-13 21:02:00,2109.0,1.4217,1.42,1.42,1.43,1.42,8
2023-12-13 21:03:00,11635.0,1.4388,1.44,1.42,1.44,1.42,5
2023-12-13 21:07:00,1000.0,1.43,1.43,1.43,1.43,1.43,1
2023-12-13 21:08:00,12530.0,1.428,1.43,1.42,1.43,1.42,5
2023-12-13 21:09:00,500.0,1.43,1.43,1.43,1.43,1.43,1
2023-12-13 21:11:00,301.0,1.4203,1.4203,1.4203,1.4203,1.4203,2
2023-12-13 21:12:00,241.0,1.4258,1.42,1.43,1.43,1.42,4
2023-12-13 21:13:00,3900.0,1.4194,1.42,1.41,1.42,1.41,5
2023-12-13 21:14:00,4985.0,1.4296,1.42,1.43,1.43,1.42,6
2023-12-13 21:15:00,500.0,1.42,1.42,1.42,1.42,1.42,1
2023-12-13 21:16:00,387.0,1.42,1.42,1.42,1.42,1.42,3
2023-12-13 21:18:00,200.0,1.43,1.43,1.43,1.43,1.43,2
2023-12-13 21:24:00,861.0,1.4283,1.43,1.43,1.43,1.42,12
2023-12-13 21:26:00,5004.0,1.42,1.42,1.42,1.42,1.42,2
2023-12-13 21:28:00,7900.0,1.42,1.42,1.42,1.42,1.42,1
2023-12-13 21:29:00,104.0,1.42,1.42,1.42,1.42,1.42,2
2023-12-13 21:30:00,300.0,1.42,1.42,1.42,1.42,1.42,1
2023-12-13 21:35:00,18000.0,1.43,1.43,1.43,1.43,1.43,1
2023-12-13 21:38:00,500.0,1.42,1.42,1.42,1.42,1.42,1
2023-12-13 21:39:00,2100.0,1.42,1.42,1.42,1.42,1.42,2
2023-12-13 21:40:00,2000.0,1.4203,1.4203,1.4203,1.4203,1.4203,1
2023-12-13 21:42:00,2849.0,1.42,1.42,1.42,1.42,1.42,2
2023-12-13 21:44:00,1001.0,1.42,1.42,1.42,1.42,1.42,6
2023-12-13 21:49:00,50401.0,1.43,1.43,1.43,1.43,1.43,6
2023-12-13 21:51:00,25990.0,1.44,1.44,1.44,1.44,1.44,14
2023-12-13 21:52:00,4417.0,1.43,1.43,1.43,1.43,1.43,2
2023-12-13 21:53:00,5016.0,1.4301,1.4301,1.4301,1.4301,1.4301,3
2023-12-13 21:56:00,28669.0,1.45,1.45,1.45,1.45,1.45,2
2023-12-13 21:58:00,6000.0,1.4342,1.44,1.43,1.44,1.43,4
2023-12-13 21:59:00,276.0,1.44,1.44,1.44,1.44,1.44,6
2023-12-13 22:00:00,413.0,1.4375,1.44,1.43,1.44,1.43,5
2023-12-13 22:03:00,2110.0,1.44,1.44,1.44,1.44,1.44,4
2023-12-13 22:05:00,411.0,1.4473,1.44,1.45,1.45,1.44,7
2023-12-13 22:09:00,200.0,1.43,1.43,1.43,1.43,1.43,1
2023-12-13 22:10:00,2704.0,1.4399,1.44,1.4397,1.44,1.4397,9
2023-12-13 22:11:00,500.0,1.44,1.44,1.44,1.44,1.44,1
2023-12-13 22:12:00,20000.0,1.45,1.45,1.45,1.45,1.45,1
2023-12-13 22:13:00,200.0,1.44,1.44,1.44,1.44,1.44,1
2023-12-13 22:15:00,20009.0,1.45,1.45,1.45,1.45,1.45,2
2023-12-13 22:18:00,500.0,1.434,1.45,1.43,1.45,1.43,2
2023-12-13 22:19:00,200.0,1.44,1.44,1.44,1.44,1.44,1
2023-12-13 22:20:00,102.0,1.43,1.43,1.43,1.43,1.43,1
2023-12-13 22:22:00,570.0,1.4482,1.45,1.44,1.45,1.44,2
2023-12-13 22:24:00,1603.0,1.4303,1.4302,1.4307,1.4307,1.4302,3
2023-12-13 22:28:00,500.0,1.44,1.44,1.44,1.44,1.44,1
2023-12-13 22:29:00,1045.0,1.4399,1.4399,1.4399,1.4399,1.4399,3
2023-12-13 22:33:00,506.0,1.44,1.44,1.44,1.44,1.44,2
2023-12-13 22:34:00,106.0,1.44,1.44,1.44,1.44,1.44,2
2023-12-13 22:35:00,692.0,1.4497,1.45,1.45,1.45,1.45,2
2023-12-13 22:41:00,10000.0,1.44,1.44,1.44,1.44,1.44,1
2023-12-13 22:43:00,175.0,1.45,1.45,1.45,1.45,1.45,4
2023-12-13 22:44:00,412.0,1.4497,1.45,1.45,1.45,1.45,4
2023-12-13 22:45:00,500.0,1.45,1.45,1.45,1.45,1.45,1
2023-12-13 22:50:00,171.0,1.4497,1.4497,1.4497,1.4497,1.4497,4
2023-12-13 22:51:00,1050.0,1.45,1.45,1.45,1.45,1.45,3
2023-12-13 22:52:00,300.0,1.45,1.45,1.45,1.45,1.45,1
2023-12-13 22:53:00,1550.0,1.45,1.45,1.45,1.45,1.45,3
2023-12-13 22:59:00,300.0,1.4433,1.44,1.45,1.45,1.44,3
2023-12-13 23:01:00,10000.0,1.44,1.44,1.44,1.44,1.44,1
2023-12-13 23:02:00,25000.0,1.45,1.45,1.45,1.45,1.45,11
2023-12-13 23:03:00,500.0,1.44,1.44,1.44,1.44,1.44,1
2023-12-13 23:04:00,700.0,1.44,1.44,1.44,1.44,1.44,1
2023-12-13 23:05:00,645.0,1.45,1.45,1.45,1.45,1.45,2
2023-12-13 23:08:00,2149.0,1.443,1.44,1.4499,1.45,1.44,3
2023-12-13 23:09:00,200.0,1.44,1.44,1.44,1.44,1.44,2
2023-12-13 23:11:00,300.0,1.45,1.45,1.45,1.45,1.45,1
2023-12-13 23:15:00,834.0,1.4436,1.44,1.45,1.45,1.44,3
2023-12-13 23:17:00,604.0,1.4401,1.44,1.44,1.44,1.44,2
2023-12-13 23:24:00,1072.0,1.44,1.44,1.44,1.44,1.44,4
2023-12-13 23:25:00,1050.0,1.4405,1.44,1.44,1.44,1.44,2
2023-12-13 23:27:00,5000.0,1.45,1.45,1.45,1.45,1.45,1
2023-12-13 23:29:00,150.0,1.45,1.45,1.45,1.45,1.45,1
2023-12-13 23:30:00,1200.0,1.44,1.44,1.44,1.44,1.44,2
2023-12-13 23:40:00,1600.0,1.4431,1.45,1.44,1.45,1.44,3
2023-12-13 23:42:00,109.0,1.45,1.45,1.45,1.45,1.45,2
2023-12-13 23:43:00,300.0,1.45,1.45,1.45,1.45,1.45,3
2023-12-13 23:46:00,2000.0,1.45,1.45,1.45,1.45,1.45,6
2023-12-13 23:47:00,303.0,1.4499,1.45,1.45,1.45,1.45,4
2023-12-13 23:48:00,1915.0,1.4499,1.45,1.45,1.45,1.45,21
2023-12-13 23:51:00,769.0,1.4413,1.45,1.44,1.45,1.44,2
2023-12-13 23:52:00,100.0,1.445,1.445,1.445,1.445,1.445,1
2023-12-13 23:55:00,1250.0,1.44,1.44,1.44,1.44,1.44,1
2023-12-13 23:56:00,100.0,1.45,1.45,1.45,1.45,1.45,1
2023-12-13 23:58:00,549.0,1.4498,1.45,1.45,1.45,1.45,5
2023-12-13 23:59:00,200.0,1.45,1.45,1.45,1.45,1.45,2
2023-12-14 00:00:00,1000.0,1.45,1.45,1.45,1.45,1.45,3
2023-12-14 00:01:00,600.0,1.45,1.45,1.45,1.45,1.45,2
2023-12-14 00:02:00,531.0,1.44,1.44,1.44,1.44,1.44,4
2023-12-14 00:04:00,200.0,1.45,1.45,1.45,1.45,1.45,2
2023-12-14 00:06:00,100.0,1.45,1.45,1.45,1.45,1.45,1
2023-12-14 00:07:00,500.0,1.45,1.45,1.45,1.45,1.45,1
2023-12-14 00:08:00,8401.0,1.45,1.45,1.45,1.45,1.45,2
2023-12-14 00:09:00,100.0,1.45,1.45,1.45,1.45,1.45,1
2023-12-14 00:11:00,100.0,1.45,1.45,1.45,1.45,1.45,1
2023-12-14 00:12:00,200.0,1.45,1.45,1.45,1.45,1.45,2
2023-12-14 00:14:00,226.0,1.4488,1.45,1.45,1.45,1.45,3
2023-12-14 00:15:00,900.0,1.45,1.45,1.45,1.45,1.45,9
2023-12-14 00:16:00,100.0,1.45,1.45,1.45,1.45,1.45,1
2023-12-14 00:17:00,400.0,1.45,1.45,1.45,1.45,1.45,6
2023-12-14 00:19:00,5000.0,1.45,1.45,1.45,1.45,1.45,1
2023-12-14 00:20:00,200.0,1.45,1.45,1.45,1.45,1.45,2
2023-12-14 00:21:00,500.0,1.45,1.45,1.45,1.45,1.45,4
2023-12-14 00:24:00,200.0,1.45,1.45,1.45,1.45,1.45,2
2023-12-14 00:25:00,500.0,1.446,1.44,1.45,1.45,1.44,4
2023-12-14 00:27:00,2200.0,1.45,1.45,1.45,1.45,1.45,1
2023-12-14 00:28:00,300.0,1.45,1.45,1.45,1.45,1.45,2
2023-12-14 00:29:00,964.0,1.4499,1.45,1.45,1.45,1.45,7
2023-12-14 00:30:00,104.0,1.4496,1.45,1.45,1.45,1.45,2
2023-12-14 00:31:00,3200.0,1.45,1.45,1.45,1.45,1.45,3
2023-12-14 00:32:00,18548.0,1.45,1.45,1.45,1.45,1.45,11
2023-12-14 00:33:00,8004.0,1.45,1.45,1.45,1.45,1.45,6
2023-12-14 00:35:00,1000.0,1.46,1.46,1.46,1.46,1.46,12
2023-12-14 00:36:00,455.0,1.4561,1.455,1.455,1.455,1.455,3
2023-12-14 00:39:00,200.0,1.46,1.46,1.46,1.46,1.46,4
2023-12-14 00:40:00,988.0,1.4599,1.46,1.4598,1.46,1.4598,6
2023-12-14 00:41:00,1242.0,1.46,1.46,1.46,1.46,1.46,4
2023-12-14 00:42:00,31258.0,1.4603,1.46,1.46,1.4603,1.46,4
2023-12-14 00:43:00,6276.0,1.4599,1.46,1.46,1.46,1.46,6
2023-12-14 00:44:00,250.0,1.46,1.46,1.46,1.46,1.46,1
2023-12-14 00:48:00,300.0,1.45,1.45,1.45,1.45,1.45,1
2023-12-14 00:49:00,112.0,1.4589,1.46,1.46,1.46,1.46,3
2023-12-14 00:51:00,836.0,1.4599,1.46,1.46,1.46,1.46,4
2023-12-14 00:55:00,2020.0,1.4403,1.44,1.44,1.44,1.44,3
2023-12-14 00:56:00,249.0,1.4699,1.47,1.47,1.47,1.47,4
2023-12-14 00:57:00,1000.0,1.46,1.46,1.46,1.46,1.46,1
2023-12-14 00:58:00,4482.0,1.4602,1.46,1.47,1.47,1.46,4
2023-12-14 09:00:00,1200.0,1.4267,1.43,1.41,1.43,1.41,3
2023-12-14 09:01:00,431.0,1.4254,1.42,1.43,1.43,1.42,4
2023-12-14 09:07:00,1099.0,1.43,1.43,1.43,1.43,1.43,2
2023-12-14 09:37:00,500.0,1.45,1.45,1.45,1.45,1.45,1
2023-12-14 09:43:00,200.0,1.45,1.45,1.45,1.45,1.45,2
2023-12-14 09:51:00,100.0,1.45,1.45,1.45,1.45,1.45,1
2023-12-14 10:15:00,2157.0,1.44,1.44,1.44,1.44,1.44,3
2023-12-14 10:19:00,3500.0,1.4662,1.45,1.48,1.49,1.45,17
2023-12-14 10:26:00,400.0,1.4711,1.47,1.47,1.47,1.47,3
2023-12-14 10:29:00,333.0,1.48,1.48,1.48,1.48,1.48,2
2023-12-14 10:44:00,1864.0,1.4848,1.48,1.49,1.49,1.47,11
2023-12-14 10:46:00,136.0,1.48,1.48,1.48,1.48,1.48,1
2023-12-14 10:49:00,600.0,1.4883,1.49,1.49,1.49,1.49,3
2023-12-14 11:01:00,470.0,1.46,1.46,1.46,1.46,1.46,1
2023-12-14 11:35:00,1093.0,1.48,1.48,1.48,1.48,1.48,6
2023-12-14 11:59:00,500.0,1.476,1.48,1.47,1.48,1.47,4
2023-12-14 12:00:00,6947.0,1.4701,1.47,1.47,1.48,1.47,10
2023-12-14 12:01:00,2800.0,1.4529,1.46,1.46,1.46,1.45,24
2023-12-14 12:02:00,1780.0,1.4544,1.45,1.46,1.46,1.45,8
2023-12-14 12:03:00,251.0,1.47,1.47,1.47,1.47,1.47,4
2023-12-14 12:04:00,1950.0,1.469,1.47,1.46,1.47,1.46,11
2023-12-14 12:05:00,750.0,1.4667,1.47,1.46,1.47,1.46,5
2023-12-14 12:06:00,500.0,1.47,1.47,1.47,1.47,1.47,1
2023-12-14 12:07:00,600.0,1.47,1.47,1.47,1.47,1.47,6
2023-12-14 12:10:00,480.0,1.47,1.47,1.47,1.47,1.47,1
2023-12-14 12:15:00,200.0,1.48,1.48,1.48,1.48,1.48,1
2023-12-14 12:21:00,1149.0,1.4793,1.48,1.48,1.48,1.48,8
2023-12-14 12:23:00,1900.0,1.48,1.48,1.48,1.48,1.48,12
2023-12-14 12:25:00,1075.0,1.48,1.48,1.48,1.48,1.48,7
2023-12-14 12:28:00,515.0,1.48,1.48,1.48,1.48,1.48,3
2023-12-14 12:29:00,1262.0,1.48,1.48,1.48,1.48,1.48,5
2023-12-14 12:30:00,2738.0,1.48,1.48,1.48,1.48,1.48,2
2023-12-14 12:35:00,3050.0,1.48,1.48,1.48,1.48,1.48,2
2023-12-14 12:40:00,699.0,1.4786,1.48,1.475,1.48,1.475,2
2023-12-14 12:49:00,500.0,1.48,1.48,1.48,1.48,1.48,5
2023-12-14 12:59:00,6600.0,1.47,1.47,1.47,1.47,1.47,16
2023-12-14 13:00:00,57529.0,1.4704,1.47,1.48,1.49,1.45,83
2023-12-14 13:02:00,10576.0,1.4702,1.4702,1.47,1.4702,1.47,5
2023-12-14 13:03:00,5326.0,1.4644,1.48,1.47,1.48,1.39,26
2023-12-14 13:04:00,1637.0,1.4677,1.47,1.461,1.47,1.461,23
2023-12-14 13:05:00,484.0,1.4318,1.46,1.47,1.47,1.46,13
2023-12-14 13:06:00,1525.0,1.4668,1.4601,1.47,1.47,1.4601,7
2023-12-14 13:07:00,2200.0,1.4682,1.46,1.47,1.47,1.46,4
2023-12-14 13:08:00,443.0,1.47,1.47,1.47,1.47,1.47,2
2023-12-14 13:11:00,308.0,1.47,1.47,1.47,1.47,1.47,3
2023-12-14 13:12:00,5000.0,1.47,1.47,1.47,1.47,1.47,1
2023-12-14 13:13:00,15100.0,1.47,1.47,1.47,1.47,1.47,5
2023-12-14 13:14:00,1012.0,1.47,1.47,1.47,1.47,1.47,4
2023-12-14 13:15:00,1200.0,1.4692,1.46,1.47,1.47,1.46,7
2023-12-14 13:16:00,850.0,1.47,1.47,1.47,1.47,1.47,1
2023-12-14 13:18:00,701.0,1.4795,1.4794,1.4799,1.4799,1.4794,3
2023-12-14 13:19:00,9743.0,1.47,1.47,1.47,1.47,1.47,5
2023-12-14 13:20:00,300.0,1.4796,1.4796,1.4796,1.4796,1.4796,1
2023-12-14 13:21:00,171.0,1.4791,1.4792,1.4792,1.4792,1.4792,2
2023-12-14 13:22:00,250.0,1.48,1.48,1.48,1.48,1.48,1
2023-12-14 13:24:00,2000.0,1.48,1.48,1.48,1.48,1.48,2
2023-12-14 13:25:00,950.0,1.4705,1.47,1.47,1.47,1.47,2
2023-12-14 13:27:00,168.0,1.4615,1.46,1.46,1.46,1.46,5
2023-12-14 13:28:00,7947.0,1.4613,1.46,1.4698,1.47,1.46,14
2023-12-14 13:36:00,469.0,1.46,1.46,1.46,1.46,1.46,1
2023-12-14 13:43:00,630.0,1.4695,1.47,1.47,1.47,1.47,4
2023-12-14 13:44:00,3065.0,1.47,1.47,1.47,1.47,1.47,2
2023-12-14 13:45:00,933.0,1.47,1.47,1.47,1.47,1.47,11
2023-12-14 13:46:00,1802.0,1.4695,1.47,1.47,1.47,1.4601,12
2023-12-14 13:47:00,1160.0,1.4614,1.4603,1.47,1.47,1.4603,4
2023-12-14 13:49:00,1028.0,1.46,1.46,1.46,1.46,1.46,4
2023-12-14 13:51:00,2000.0,1.465,1.46,1.47,1.47,1.46,2
2023-12-14 13:53:00,9101.0,1.47,1.47,1.47,1.47,1.47,2
2023-12-14 13:54:00,15500.0,1.4779,1.47,1.48,1.48,1.47,13
2023-12-14 13:57:00,385.0,1.48,1.48,1.48,1.48,1.48,3
2023-12-14 14:01:00,6236.0,1.4601,1.46,1.46,1.46,1.46,2
2023-12-14 14:03:00,4700.0,1.4785,1.48,1.47,1.48,1.47,5
2023-12-14 14:04:00,1016.0,1.4698,1.47,1.47,1.47,1.47,10
2023-12-14 14:05:00,5200.0,1.4696,1.46,1.47,1.47,1.46,2
2023-12-14 14:06:00,2000.0,1.47,1.47,1.47,1.47,1.47,1
2023-12-14 14:07:00,100.0,1.46,1.46,1.46,1.46,1.46,1
2023-12-14 14:11:00,2799.0,1.47,1.47,1.47,1.47,1.47,4
2023-12-14 14:12:00,303.0,1.4775,1.48,1.48,1.48,1.48,4
2023-12-14 14:13:00,2597.0,1.4722,1.48,1.47,1.48,1.47,5
2023-12-14 14:14:00,2200.0,1.4799,1.4797,1.48,1.48,1.4797,4
2023-12-14 14:16:00,500.0,1.47,1.47,1.47,1.47,1.47,1
2023-12-14 14:19:00,140.0,1.48,1.48,1.48,1.48,1.48,2
2023-12-14 14:20:00,6003.0,1.48,1.4799,1.48,1.48,1.4799,3
2023-12-14 14:21:00,10559.0,1.479,1.48,1.4799,1.48,1.4701,7
2023-12-14 14:22:00,550.0,1.48,1.48,1.48,1.48,1.48,4
2023-12-14 14:24:00,150.0,1.47,1.47,1.47,1.47,1.47,1
2023-12-14 14:25:00,140.0,1.4799,1.48,1.48,1.48,1.48,2
2023-12-14 14:28:00,491.0,1.47,1.47,1.47,1.47,1.47,2
2023-12-14 14:29:00,1306.0,1.4762,1.48,1.475,1.48,1.475,8
2023-12-14 14:30:00,1177775.0,1.491,1.48,1.505,1.52,1.475,412
2023-12-14 14:31:00,364098.0,1.5161,1.51,1.5168,1.53,1.5,334
2023-12-14 14:32:00,502455.0,1.5388,1.52,1.55,1.55,1.52,354
2023-12-14 14:33:00,294353.0,1.549,1.5401,1.5501,1.56,1.54,302
2023-12-14 14:34:00,228824.0,1.5491,1.555,1.551,1.56,1.54,273
2023-12-14 14:35:00,290363.0,1.5496,1.5599,1.55,1.56,1.54,183
2023-12-14 14:36:00,320243.0,1.5398,1.55,1.5316,1.55,1.53,248
2023-12-14 14:37:00,425792.0,1.5306,1.53,1.53,1.54,1.5215,273
2023-12-14 14:38:00,161207.0,1.5319,1.53,1.535,1.54,1.525,157
2023-12-14 14:39:00,147203.0,1.5322,1.5399,1.53,1.54,1.53,150
2023-12-14 14:40:00,530997.0,1.5496,1.535,1.57,1.57,1.53,339
2023-12-14 14:41:00,231757.0,1.5677,1.565,1.57,1.57,1.56,312
2023-12-14 14:42:00,463075.0,1.5658,1.565,1.5582,1.57,1.55,241
2023-12-14 14:43:00,110853.0,1.5577,1.5599,1.565,1.57,1.55,139
2023-12-14 14:44:00,344555.0,1.573,1.5624,1.585,1.585,1.56,218
2023-12-14 14:45:00,380977.0,1.5804,1.5817,1.565,1.59,1.56,308
2023-12-14 14:46:00,130148.0,1.5656,1.565,1.565,1.57,1.56,104
2023-12-14 14:47:00,159122.0,1.5725,1.565,1.5791,1.58,1.56,198
2023-12-14 14:48:00,276809.0,1.5777,1.57,1.575,1.59,1.565,385
2023-12-14 14:49:00,408093.0,1.5632,1.5702,1.565,1.5702,1.555,262
2023-12-14 14:50:00,215686.0,1.5729,1.565,1.575,1.58,1.56,226
2023-12-14 14:51:00,344934.0,1.5797,1.575,1.5769,1.59,1.57,267
2023-12-14 14:52:00,189829.0,1.5825,1.575,1.585,1.59,1.575,179
2023-12-14 14:53:00,112203.0,1.576,1.58,1.58,1.585,1.5701,120
2023-12-14 14:54:00,151383.0,1.5801,1.5701,1.59,1.59,1.5701,137
2023-12-14 14:55:00,311974.0,1.5766,1.5801,1.5792,1.59,1.57,293
2023-12-14 14:56:00,107752.0,1.5811,1.5791,1.58,1.59,1.5791,184
2023-12-14 14:57:00,62689.0,1.5856,1.5801,1.585,1.59,1.58,103
2023-12-14 14:58:00,652194.0,1.5968,1.585,1.605,1.61,1.58,523
2023-12-14 14:59:00,277213.0,1.618,1.61,1.615,1.63,1.6017,233
2023-12-14 15:00:00,187477.0,1.6116,1.6192,1.6199,1.62,1.605,170
2023-12-14 15:01:00,265168.0,1.618,1.615,1.6199,1.63,1.61,209
2023-12-14 15:02:00,221158.0,1.6182,1.6197,1.615,1.62,1.61,146
2023-12-14 15:03:00,283775.0,1.6161,1.61,1.62,1.62,1.61,221
2023-12-14 15:04:00,158741.0,1.6247,1.62,1.63,1.63,1.6101,193
2023-12-14 15:05:00,86695.0,1.6258,1.625,1.63,1.63,1.62,131
2023-12-14 15:06:00,51432.0,1.6266,1.625,1.63,1.63,1.62,117
2023-12-14 15:07:00,63929.0,1.6269,1.6292,1.63,1.63,1.6201,94
2023-12-14 15:08:00,128640.0,1.6256,1.6216,1.63,1.63,1.62,162
2023-12-14 15:09:00,120935.0,1.6248,1.6201,1.625,1.63,1.62,106
2023-12-14 15:10:00,52838.0,1.6259,1.6206,1.6201,1.63,1.6201,80
2023-12-14 15:11:00,818699.0,1.6257,1.6201,1.635,1.64,1.61,640
2023-12-14 15:12:00,453150.0,1.632,1.635,1.635,1.64,1.63,404
2023-12-14 15:13:00,68025.0,1.634,1.64,1.64,1.64,1.63,196
2023-12-14 15:14:00,85068.0,1.6346,1.64,1.635,1.64,1.63,147
2023-12-14 15:15:00,953908.0,1.6362,1.6394,1.645,1.65,1.62,1026
2023-12-14 15:16:00,313266.0,1.6399,1.65,1.6398,1.65,1.63,253
2023-12-14 15:17:00,150055.0,1.6389,1.6399,1.65,1.65,1.63,175
2023-12-14 15:18:00,199397.0,1.6421,1.645,1.65,1.65,1.635,174
2023-12-14 15:19:00,77514.0,1.6453,1.6494,1.648,1.65,1.64,79
2023-12-14 15:20:00,324037.0,1.641,1.6441,1.64,1.65,1.63,234
2023-12-14 15:21:00,168800.0,1.6403,1.64,1.64,1.645,1.63,235
2023-12-14 15:22:00,217871.0,1.6397,1.645,1.6301,1.65,1.63,213
2023-12-14 15:23:00,114109.0,1.6327,1.64,1.635,1.64,1.63,69
2023-12-14 15:24:00,34165.0,1.6361,1.635,1.64,1.64,1.63,48
2023-12-14 15:25:00,489938.0,1.6308,1.64,1.64,1.64,1.6288,277
2023-12-14 15:26:00,244210.0,1.6402,1.635,1.64,1.65,1.63,244
2023-12-14 15:27:00,48764.0,1.6364,1.64,1.64,1.64,1.63,74
2023-12-14 15:28:00,185262.0,1.6404,1.64,1.645,1.65,1.63,112
2023-12-14 15:29:00,280317.0,1.6362,1.65,1.63,1.65,1.63,156
2023-12-14 15:30:00,28132.0,1.638,1.6399,1.635,1.64,1.6316,56
2023-12-14 15:31:00,249018.0,1.6369,1.6322,1.635,1.65,1.63,204
2023-12-14 15:32:00,27748.0,1.6378,1.64,1.635,1.64,1.63,59
2023-12-14 15:33:00,44182.0,1.6335,1.635,1.635,1.64,1.63,49
2023-12-14 15:34:00,131437.0,1.6393,1.63,1.64,1.65,1.63,231
2023-12-14 15:35:00,582731.0,1.6501,1.64,1.6501,1.66,1.64,367
2023-12-14 15:36:00,60167.0,1.6553,1.65,1.66,1.66,1.65,102
2023-12-14 15:37:00,272235.0,1.6501,1.6576,1.649,1.66,1.64,185
2023-12-14 15:38:00,186632.0,1.641,1.6497,1.64,1.65,1.6301,288
2023-12-14 15:39:00,249626.0,1.6394,1.635,1.6476,1.6476,1.63,161
2023-12-14 15:40:00,97856.0,1.6416,1.645,1.64,1.65,1.635,133
2023-12-14 15:41:00,69906.0,1.6287,1.6316,1.625,1.64,1.6206,130
2023-12-14 15:42:00,149959.0,1.6139,1.63,1.61,1.63,1.61,92
2023-12-14 15:43:00,180911.0,1.6072,1.615,1.6,1.615,1.6,287
2023-12-14 15:44:00,172515.0,1.6015,1.6083,1.6,1.61,1.595,170
2023-12-14 15:45:00,124324.0,1.5985,1.595,1.595,1.6,1.59,154
2023-12-14 15:46:00,91631.0,1.5997,1.6,1.6001,1.61,1.59,128
2023-12-14 15:47:00,140612.0,1.601,1.6,1.595,1.61,1.59,161
2023-12-14 15:48:00,89098.0,1.6036,1.6,1.6085,1.61,1.595,103
2023-12-14 15:49:00,11542.0,1.6029,1.605,1.605,1.61,1.6,42
2023-12-14 15:50:00,84170.0,1.6078,1.6072,1.6101,1.62,1.6,94
2023-12-14 15:51:00,289890.0,1.6253,1.6101,1.63,1.63,1.6101,195
2023-12-14 15:52:00,62044.0,1.6308,1.6294,1.64,1.64,1.62,63
2023-12-14 15:53:00,42561.0,1.6373,1.63,1.64,1.64,1.63,89
2023-12-14 15:54:00,217354.0,1.6409,1.64,1.65,1.65,1.64,130
2023-12-14 15:55:00,75873.0,1.6435,1.6458,1.6401,1.65,1.64,104
2023-12-14 15:56:00,128235.0,1.6405,1.6484,1.635,1.65,1.635,129
2023-12-14 15:57:00,59322.0,1.6308,1.63,1.6301,1.64,1.63,38
2023-12-14 15:58:00,308029.0,1.635,1.6306,1.63,1.6416,1.62,301
2023-12-14 15:59:00,236756.0,1.6305,1.63,1.635,1.64,1.6223,73
2023-12-14 16:00:00,115811.0,1.6274,1.63,1.62,1.64,1.62,101
2023-12-14 16:01:00,48677.0,1.6236,1.62,1.6287,1.63,1.62,48
2023-12-14 16:02:00,58450.0,1.6255,1.625,1.6287,1.63,1.6211,96
2023-12-14 16:03:00,33936.0,1.6259,1.625,1.625,1.63,1.6218,62
2023-12-14 16:04:00,57130.0,1.6234,1.62,1.625,1.63,1.62,60
2023-12-14 16:05:00,160816.0,1.63,1.63,1.625,1.635,1.6211,139
2023-12-14 16:06:00,48916.0,1.6222,1.62,1.625,1.63,1.62,38
2023-12-14 16:07:00,36810.0,1.6274,1.63,1.6201,1.63,1.6201,78
2023-12-14 16:08:00,86068.0,1.6311,1.625,1.64,1.64,1.6214,154
2023-12-14 16:09:00,103968.0,1.6303,1.635,1.63,1.64,1.6201,105
2023-12-14 16:10:00,59675.0,1.626,1.625,1.63,1.63,1.62,84
2023-12-14 16:11:00,123823.0,1.6292,1.6299,1.63,1.64,1.62,141
2023-12-14 16:12:00,99889.0,1.6294,1.625,1.63,1.63,1.62,58
2023-12-14 16:13:00,35302.0,1.6253,1.63,1.63,1.63,1.62,69
2023-12-14 16:14:00,20074.0,1.6248,1.625,1.625,1.63,1.62,58
2023-12-14 16:15:00,75149.0,1.6255,1.625,1.625,1.63,1.62,144
2023-12-14 16:16:00,97524.0,1.6299,1.6213,1.635,1.64,1.621,120
2023-12-14 16:17:00,44469.0,1.6341,1.635,1.635,1.64,1.63,103
2023-12-14 16:18:00,35576.0,1.6379,1.635,1.635,1.64,1.6315,51
2023-12-14 16:19:00,21989.0,1.6362,1.635,1.6393,1.64,1.63,30
2023-12-14 16:20:00,127051.0,1.6397,1.64,1.645,1.65,1.631,158
2023-12-14 16:21:00,22042.0,1.6455,1.6478,1.645,1.65,1.6408,58
2023-12-14 16:22:00,20834.0,1.6488,1.645,1.645,1.65,1.6444,57
2023-12-14 16:23:00,31340.0,1.6443,1.6479,1.645,1.65,1.64,64
2023-12-14 16:24:00,15106.0,1.6462,1.65,1.65,1.65,1.64,43
2023-12-14 16:25:00,37338.0,1.6464,1.65,1.6403,1.65,1.6401,46
2023-12-14 16:26:00,307273.0,1.6522,1.65,1.6584,1.66,1.65,227
2023-12-14 16:27:00,31301.0,1.6563,1.65,1.66,1.66,1.65,39
2023-12-14 16:28:00,64832.0,1.6593,1.66,1.66,1.66,1.655,54
2023-12-14 16:29:00,100577.0,1.6519,1.6599,1.645,1.66,1.645,217
2023-12-14 16:30:00,81784.0,1.6539,1.6495,1.66,1.66,1.645,110
2023-12-14 16:31:00,34673.0,1.6594,1.66,1.655,1.66,1.655,133
2023-12-14 16:32:00,16087.0,1.6556,1.655,1.66,1.66,1.65,69
2023-12-14 16:33:00,184286.0,1.6617,1.66,1.66,1.67,1.66,266
2023-12-14 16:34:00,90266.0,1.6599,1.66,1.655,1.67,1.6501,108
2023-12-14 16:35:00,124169.0,1.6543,1.6592,1.655,1.66,1.6513,46
2023-12-14 16:36:00,41286.0,1.6569,1.6577,1.655,1.66,1.65,44
2023-12-14 16:37:00,79997.0,1.6542,1.6556,1.66,1.66,1.65,111
2023-12-14 16:38:00,149483.0,1.6581,1.655,1.66,1.66,1.65,195
2023-12-14 16:39:00,84651.0,1.6641,1.6576,1.67,1.67,1.65,110
2023-12-14 16:40:00,34587.0,1.6638,1.6601,1.665,1.67,1.6601,51
2023-12-14 16:41:00,19867.0,1.6653,1.6652,1.66,1.67,1.66,41
2023-12-14 16:42:00,182172.0,1.6707,1.67,1.6799,1.68,1.6601,162
2023-12-14 16:43:00,162326.0,1.6703,1.6743,1.6698,1.68,1.665,166
2023-12-14 16:44:00,29570.0,1.6671,1.66,1.67,1.67,1.66,54
2023-12-14 16:45:00,40512.0,1.6653,1.67,1.6693,1.67,1.66,42
2023-12-14 16:46:00,35921.0,1.6692,1.665,1.669,1.67,1.66,60
2023-12-14 16:47:00,191579.0,1.6673,1.67,1.67,1.675,1.66,161
2023-12-14 16:48:00,30282.0,1.6686,1.66,1.665,1.67,1.66,42
2023-12-14 16:49:00,30887.0,1.6677,1.6674,1.665,1.67,1.66,51
2023-12-14 16:50:00,74995.0,1.662,1.67,1.67,1.67,1.66,53
2023-12-14 16:51:00,44109.0,1.6686,1.665,1.67,1.67,1.6617,95
2023-12-14 16:52:00,81407.0,1.6661,1.67,1.668,1.67,1.66,122
2023-12-14 16:53:00,21993.0,1.6685,1.67,1.665,1.67,1.665,61
2023-12-14 16:54:00,35153.0,1.6679,1.665,1.67,1.67,1.66,81
2023-12-14 16:55:00,27297.0,1.6676,1.67,1.67,1.67,1.66,91
2023-12-14 16:56:00,200909.0,1.6726,1.67,1.675,1.68,1.66,250
2023-12-14 16:57:00,35161.0,1.677,1.675,1.68,1.68,1.6726,71
2023-12-14 16:58:00,20475.0,1.6789,1.68,1.675,1.68,1.67,50
2023-12-14 16:59:00,68661.0,1.6729,1.675,1.675,1.68,1.67,80
2023-12-14 17:00:00,114049.0,1.6785,1.678,1.68,1.68,1.6701,79
2023-12-14 17:01:00,70968.0,1.674,1.67,1.675,1.68,1.67,94
2023-12-14 17:02:00,76627.0,1.6747,1.675,1.68,1.68,1.67,70
2023-12-14 17:03:00,75436.0,1.6776,1.675,1.68,1.68,1.67,48
2023-12-14 17:04:00,46297.0,1.6786,1.68,1.68,1.68,1.675,62
2023-12-14 17:05:00,73904.0,1.6783,1.675,1.68,1.68,1.67,100
2023-12-14 17:06:00,161363.0,1.6841,1.68,1.685,1.69,1.68,234
2023-12-14 17:07:00,49259.0,1.685,1.69,1.685,1.69,1.68,73
2023-12-14 17:08:00,39150.0,1.6867,1.6885,1.6817,1.69,1.68,50
2023-12-14 17:09:00,38454.0,1.6845,1.685,1.69,1.69,1.68,76
2023-12-14 17:10:00,72698.0,1.6843,1.685,1.685,1.69,1.68,90
2023-12-14 17:11:00,52836.0,1.6871,1.68,1.685,1.69,1.68,92
2023-12-14 17:12:00,68377.0,1.6856,1.685,1.685,1.69,1.68,91
2023-12-14 17:13:00,20528.0,1.6872,1.685,1.685,1.69,1.68,51
2023-12-14 17:14:00,81329.0,1.6861,1.6899,1.69,1.69,1.68,60
2023-12-14 17:15:00,74660.0,1.6899,1.6882,1.69,1.69,1.6848,55
2023-12-14 17:16:00,39394.0,1.6863,1.685,1.685,1.69,1.685,128
2023-12-14 17:17:00,18260.0,1.6856,1.685,1.68,1.69,1.68,40
2023-12-14 17:18:00,72420.0,1.684,1.6852,1.68,1.69,1.68,90
2023-12-14 17:19:00,37221.0,1.6843,1.6883,1.685,1.69,1.68,64
2023-12-14 17:20:00,66067.0,1.6872,1.69,1.685,1.69,1.6801,98
2023-12-14 17:21:00,29412.0,1.688,1.69,1.685,1.69,1.6829,59
2023-12-14 17:22:00,24002.0,1.6877,1.6801,1.685,1.69,1.68,49
2023-12-14 17:23:00,67251.0,1.6897,1.69,1.69,1.69,1.685,111
2023-12-14 17:24:00,434699.0,1.6822,1.69,1.68,1.69,1.68,466
2023-12-14 17:25:00,212727.0,1.6825,1.6809,1.69,1.69,1.68,201
2023-12-14 17:26:00,741737.0,1.6971,1.6801,1.705,1.71,1.6801,524
2023-12-14 17:27:00,27686.0,1.7094,1.71,1.71,1.71,1.7001,56
2023-12-14 17:28:00,123203.0,1.7046,1.71,1.71,1.71,1.7,79
2023-12-14 17:29:00,60627.0,1.7071,1.71,1.71,1.71,1.7,93
2023-12-14 17:30:00,122573.0,1.7088,1.71,1.7099,1.71,1.7,98
2023-12-14 17:31:00,239454.0,1.7122,1.71,1.72,1.72,1.702,281
2023-12-14 17:32:00,116132.0,1.7196,1.715,1.7199,1.72,1.71,147
2023-12-14 17:33:00,134391.0,1.7195,1.72,1.715,1.72,1.71,135
2023-12-14 17:34:00,375882.0,1.7195,1.7173,1.7199,1.725,1.71,255
2023-12-14 17:35:00,63009.0,1.7182,1.7124,1.715,1.72,1.7124,59
2023-12-14 17:36:00,100256.0,1.7167,1.72,1.72,1.72,1.71,73
2023-12-14 17:37:00,238457.0,1.7133,1.7112,1.7154,1.72,1.71,69
2023-12-14 17:38:00,29981.0,1.7177,1.715,1.7198,1.72,1.715,36
2023-12-14 17:39:00,88530.0,1.7124,1.715,1.7197,1.72,1.71,56
2023-12-14 17:40:00,83748.0,1.717,1.7117,1.7117,1.72,1.71,77
2023-12-14 17:41:00,45439.0,1.7157,1.715,1.72,1.72,1.71,65
2023-12-14 17:42:00,23983.0,1.7174,1.715,1.72,1.72,1.71,87
2023-12-14 17:43:00,44520.0,1.7159,1.72,1.72,1.72,1.71,59
2023-12-14 17:44:00,59640.0,1.7172,1.715,1.72,1.72,1.7101,94
2023-12-14 17:45:00,623370.0,1.7172,1.72,1.7115,1.725,1.71,557
2023-12-14 17:46:00,78384.0,1.7168,1.72,1.72,1.72,1.71,85
2023-12-14 17:47:00,25897.0,1.7164,1.715,1.72,1.72,1.7118,40
2023-12-14 17:48:00,57960.0,1.7163,1.7199,1.72,1.72,1.7101,45
2023-12-14 17:49:00,24558.0,1.7164,1.714,1.72,1.72,1.71,64
2023-12-14 17:50:00,39720.0,1.7156,1.72,1.715,1.72,1.71,46
2023-12-14 17:51:00,572877.0,1.7089,1.715,1.7,1.72,1.7,385
2023-12-14 17:52:00,119047.0,1.7036,1.7056,1.705,1.71,1.7,140
2023-12-14 17:53:00,417799.0,1.7125,1.705,1.73,1.73,1.7,452
2023-12-14 17:54:00,172714.0,1.72,1.72,1.715,1.7284,1.7101,125
2023-12-14 17:55:00,83063.0,1.7092,1.71,1.705,1.719,1.7,147
2023-12-14 17:56:00,106897.0,1.6988,1.705,1.7,1.7053,1.69,159
2023-12-14 17:57:00,27659.0,1.695,1.6986,1.69,1.7,1.69,77
2023-12-14 17:58:00,125300.0,1.6904,1.695,1.68,1.7,1.68,175
2023-12-14 17:59:00,137442.0,1.6843,1.685,1.685,1.69,1.68,87
2023-12-14 18:00:00,206407.0,1.6813,1.6803,1.685,1.69,1.68,244
2023-12-14 18:01:00,35860.0,1.685,1.685,1.69,1.69,1.68,52
2023-12-14 18:02:00,42672.0,1.6867,1.685,1.685,1.69,1.68,105
2023-12-14 18:03:00,58421.0,1.6828,1.685,1.685,1.69,1.68,84
2023-12-14 18:04:00,50464.0,1.6859,1.685,1.685,1.69,1.68,93
2023-12-14 18:05:00,117426.0,1.6882,1.685,1.68,1.69,1.68,194
2023-12-14 18:06:00,19982.0,1.6868,1.685,1.685,1.69,1.68,55
2023-12-14 18:07:00,144840.0,1.6835,1.685,1.685,1.69,1.68,140
2023-12-14 18:08:00,82491.0,1.6852,1.685,1.685,1.69,1.68,123
2023-12-14 18:09:00,30189.0,1.6854,1.69,1.685,1.69,1.68,87
2023-12-14 18:10:00,51390.0,1.6869,1.69,1.685,1.69,1.68,89
2023-12-14 18:11:00,33466.0,1.6886,1.69,1.685,1.69,1.685,71
2023-12-14 18:12:00,47484.0,1.6834,1.685,1.69,1.69,1.68,70
2023-12-14 18:13:00,31880.0,1.6837,1.685,1.685,1.69,1.68,84
2023-12-14 18:14:00,67359.0,1.683,1.6847,1.685,1.69,1.68,102
2023-12-14 18:15:00,63291.0,1.6855,1.69,1.685,1.69,1.6801,127
2023-12-14 18:16:00,32038.0,1.6851,1.685,1.685,1.69,1.68,112
2023-12-14 18:17:00,44151.0,1.6865,1.69,1.685,1.69,1.68,122
2023-12-14 18:18:00,27751.0,1.6871,1.68,1.685,1.69,1.68,47
2023-12-14 18:19:00,57625.0,1.6847,1.69,1.685,1.69,1.68,89
2023-12-14 18:20:00,150638.0,1.6924,1.6803,1.6951,1.7,1.68,175
2023-12-14 18:21:00,164289.0,1.6955,1.695,1.695,1.7,1.69,102
2023-12-14 18:22:00,17839.0,1.696,1.695,1.695,1.7,1.69,53
2023-12-14 18:23:00,14371.0,1.6935,1.7,1.695,1.7,1.69,31
2023-12-14 18:24:00,393409.0,1.6845,1.7,1.685,1.7,1.68,369
2023-12-14 18:25:00,114533.0,1.6809,1.68,1.68,1.69,1.68,216
2023-12-14 18:26:00,145292.0,1.6803,1.68,1.68,1.69,1.68,209
2023-12-14 18:27:00,68499.0,1.6802,1.69,1.68,1.69,1.68,156
2023-12-14 18:28:00,190869.0,1.6798,1.68,1.675,1.68,1.675,202
2023-12-14 18:29:00,44756.0,1.6746,1.675,1.675,1.68,1.67,87
2023-12-14 18:30:00,36516.0,1.678,1.68,1.675,1.68,1.6717,60
2023-12-14 18:31:00,26637.0,1.6787,1.68,1.675,1.68,1.67,62
2023-12-14 18:32:00,135965.0,1.675,1.675,1.675,1.68,1.67,80
2023-12-14 18:33:00,78663.0,1.6741,1.6719,1.68,1.68,1.67,182
2023-12-14 18:34:00,35093.0,1.6789,1.675,1.68,1.68,1.675,128
2023-12-14 18:35:00,150028.0,1.6754,1.68,1.675,1.68,1.67,133
2023-12-14 18:36:00,17672.0,1.6719,1.675,1.68,1.68,1.67,56
2023-12-14 18:37:00,71709.0,1.6742,1.675,1.675,1.68,1.67,85
2023-12-14 18:38:00,21652.0,1.6707,1.675,1.675,1.68,1.67,41
2023-12-14 18:39:00,12245.0,1.6754,1.675,1.675,1.68,1.67,51
2023-12-14 18:40:00,16771.0,1.673,1.671,1.675,1.68,1.67,65
2023-12-14 18:41:00,29112.0,1.6705,1.675,1.67,1.675,1.67,150
2023-12-14 18:42:00,109626.0,1.6675,1.67,1.66,1.68,1.66,196
2023-12-14 18:43:00,94022.0,1.6534,1.66,1.655,1.665,1.65,118
2023-12-14 18:44:00,71014.0,1.6508,1.655,1.65,1.66,1.65,120
2023-12-14 18:45:00,140951.0,1.6493,1.655,1.645,1.6599,1.64,222
2023-12-14 18:46:00,343484.0,1.6451,1.65,1.645,1.65,1.6421,104
2023-12-14 18:47:00,308567.0,1.6448,1.645,1.64,1.65,1.64,164
2023-12-14 18:48:00,41629.0,1.6411,1.64,1.64,1.6485,1.64,89
2023-12-14 18:49:00,61287.0,1.6372,1.65,1.635,1.65,1.63,132
2023-12-14 18:50:00,36754.0,1.6314,1.635,1.64,1.64,1.63,72
2023-12-14 18:51:00,76601.0,1.629,1.635,1.622,1.6399,1.62,149
2023-12-14 18:52:00,43107.0,1.6207,1.625,1.6202,1.63,1.62,91
2023-12-14 18:53:00,117813.0,1.6168,1.62,1.615,1.621,1.61,163
2023-12-14 18:54:00,55427.0,1.6108,1.6143,1.61,1.62,1.61,62
2023-12-14 18:55:00,336022.0,1.619,1.615,1.625,1.6287,1.61,358
2023-12-14 18:56:00,86781.0,1.6217,1.625,1.625,1.63,1.62,72
2023-12-14 18:57:00,213131.0,1.6276,1.6294,1.6299,1.63,1.62,190
2023-12-14 18:58:00,80015.0,1.6293,1.63,1.64,1.64,1.625,108
2023-12-14 18:59:00,54644.0,1.6358,1.64,1.64,1.64,1.63,92
2023-12-14 19:00:00,7416.0,1.6348,1.635,1.63,1.64,1.63,29
2023-12-14 19:01:00,19371.0,1.6314,1.64,1.635,1.64,1.63,24
2023-12-14 19:02:00,39458.0,1.6364,1.6347,1.64,1.64,1.63,78
2023-12-14 19:03:00,130604.0,1.6314,1.635,1.635,1.64,1.63,81
2023-12-14 19:04:00,67103.0,1.6335,1.635,1.6384,1.64,1.63,88
2023-12-14 19:05:00,239632.0,1.6281,1.6383,1.62,1.64,1.62,277
2023-12-14 19:06:00,68637.0,1.6201,1.62,1.62,1.625,1.615,103
2023-12-14 19:07:00,56242.0,1.6157,1.615,1.62,1.62,1.6103,55
2023-12-14 19:08:00,21048.0,1.6167,1.6187,1.615,1.62,1.61,32
2023-12-14 19:09:00,467464.0,1.6028,1.61,1.605,1.6113,1.5918,584
2023-12-14 19:10:00,56535.0,1.6012,1.6,1.605,1.61,1.6,92
2023-12-14 19:11:00,49895.0,1.601,1.6,1.605,1.61,1.6,110
2023-12-14 19:12:00,68106.0,1.6041,1.605,1.6087,1.61,1.6,119
2023-12-14 19:13:00,64389.0,1.6022,1.605,1.6,1.61,1.6,81
2023-12-14 19:14:00,136094.0,1.5996,1.605,1.59,1.605,1.59,169
2023-12-14 19:15:00,17422.0,1.5955,1.6,1.59,1.6,1.59,69
2023-12-14 19:16:00,263652.0,1.5902,1.59,1.585,1.6,1.58,285
2023-12-14 19:17:00,149688.0,1.5912,1.59,1.59,1.6,1.585,153
2023-12-14 19:18:00,10507.0,1.5922,1.595,1.59,1.6,1.59,64
2023-12-14 19:19:00,55544.0,1.5965,1.59,1.595,1.6,1.59,98
2023-12-14 19:20:00,303640.0,1.6052,1.595,1.61,1.61,1.595,206
2023-12-14 19:21:00,89068.0,1.6081,1.61,1.61,1.61,1.605,81
2023-12-14 19:22:00,64195.0,1.6068,1.605,1.61,1.61,1.605,81
2023-12-14 19:23:00,62245.0,1.603,1.605,1.605,1.61,1.6,69
2023-12-14 19:24:00,18566.0,1.6055,1.61,1.61,1.61,1.6,28
2023-12-14 19:25:00,105382.0,1.6071,1.61,1.61,1.61,1.605,173
2023-12-14 19:26:00,144879.0,1.6132,1.609,1.62,1.62,1.605,244
2023-12-14 19:27:00,76334.0,1.6209,1.615,1.63,1.63,1.615,112
2023-12-14 19:28:00,121036.0,1.6238,1.63,1.6201,1.63,1.62,146
2023-12-14 19:29:00,25871.0,1.6244,1.625,1.625,1.63,1.62,57
2023-12-14 19:30:00,96001.0,1.6187,1.625,1.615,1.625,1.61,141
2023-12-14 19:31:00,34787.0,1.6123,1.615,1.615,1.62,1.61,50
2023-12-14 19:32:00,26306.0,1.612,1.615,1.615,1.615,1.61,32
2023-12-14 19:33:00,21604.0,1.6144,1.615,1.615,1.62,1.61,62
2023-12-14 19:34:00,99080.0,1.6168,1.6172,1.615,1.62,1.61,194
2023-12-14 19:35:00,126080.0,1.6171,1.6148,1.615,1.62,1.61,177
2023-12-14 19:36:00,18917.0,1.614,1.615,1.615,1.6183,1.61,69
2023-12-14 19:37:00,7970.0,1.6155,1.615,1.615,1.6178,1.61,48
2023-12-14 19:38:00,44803.0,1.6181,1.615,1.615,1.62,1.61,79
2023-12-14 19:39:00,43730.0,1.6171,1.62,1.615,1.62,1.61,90
2023-12-14 19:40:00,70763.0,1.6166,1.62,1.615,1.62,1.61,161
2023-12-14 19:41:00,12417.0,1.6185,1.6163,1.61,1.62,1.61,30
2023-12-14 19:42:00,186756.0,1.623,1.615,1.63,1.63,1.615,242
2023-12-14 19:43:00,31310.0,1.6229,1.63,1.625,1.63,1.62,34
2023-12-14 19:44:00,12504.0,1.6235,1.625,1.625,1.63,1.62,63
2023-12-14 19:45:00,106893.0,1.6201,1.625,1.615,1.63,1.615,157
2023-12-14 19:46:00,8137.0,1.6189,1.62,1.615,1.62,1.61,20
2023-12-14 19:47:00,57045.0,1.6171,1.61,1.6197,1.62,1.61,161
2023-12-14 19:48:00,89629.0,1.6217,1.615,1.625,1.63,1.615,139
2023-12-14 19:49:00,19322.0,1.627,1.625,1.62,1.63,1.62,40
2023-12-14 19:50:00,95110.0,1.62,1.62,1.6198,1.63,1.615,151
2023-12-14 19:51:00,63599.0,1.6165,1.615,1.615,1.62,1.61,90
2023-12-14 19:52:00,49493.0,1.6169,1.6197,1.615,1.62,1.61,80
2023-12-14 19:53:00,64931.0,1.6105,1.62,1.615,1.62,1.61,96
2023-12-14 19:54:00,181036.0,1.6085,1.61,1.605,1.61,1.605,257
2023-12-14 19:55:00,35193.0,1.6032,1.605,1.605,1.61,1.6,61
2023-12-14 19:56:00,27959.0,1.6085,1.61,1.605,1.61,1.6,61
2023-12-14 19:57:00,30439.0,1.6079,1.6,1.605,1.61,1.6,62
2023-12-14 19:58:00,56595.0,1.6074,1.605,1.605,1.61,1.6,113
2023-12-14 19:59:00,25296.0,1.6027,1.605,1.605,1.61,1.6,79
2023-12-14 20:00:00,364839.0,1.6146,1.61,1.625,1.63,1.6,358
2023-12-14 20:01:00,14087.0,1.6248,1.625,1.625,1.63,1.625,42
2023-12-14 20:02:00,9970.0,1.6244,1.625,1.625,1.63,1.625,31
2023-12-14 20:03:00,10536.0,1.6261,1.625,1.625,1.63,1.62,41
2023-12-14 20:04:00,39157.0,1.6252,1.625,1.625,1.63,1.62,84
2023-12-14 20:05:00,18358.0,1.6256,1.6237,1.62,1.63,1.62,70
2023-12-14 20:06:00,23818.0,1.625,1.62,1.625,1.63,1.62,65
2023-12-14 20:07:00,25921.0,1.627,1.62,1.625,1.63,1.62,76
2023-12-14 20:08:00,49514.0,1.6258,1.625,1.625,1.63,1.62,86
2023-12-14 20:09:00,35582.0,1.6205,1.62,1.625,1.63,1.62,95
2023-12-14 20:10:00,28493.0,1.6262,1.63,1.62,1.63,1.62,112
2023-12-14 20:11:00,107887.0,1.6227,1.625,1.62,1.63,1.62,155
2023-12-14 20:12:00,57892.0,1.6249,1.625,1.6216,1.63,1.62,116
2023-12-14 20:13:00,17832.0,1.6209,1.625,1.62,1.6282,1.62,48
2023-12-14 20:14:00,196799.0,1.6176,1.62,1.615,1.62,1.61,221
2023-12-14 20:15:00,76543.0,1.6147,1.615,1.615,1.62,1.61,120
2023-12-14 20:16:00,10063.0,1.6137,1.6117,1.61,1.62,1.61,39
2023-12-14 20:17:00,68144.0,1.6111,1.615,1.61,1.62,1.61,69
2023-12-14 20:18:00,53941.0,1.616,1.615,1.615,1.62,1.61,81
2023-12-14 20:19:00,79590.0,1.6175,1.615,1.615,1.62,1.61,131
2023-12-14 20:20:00,197273.0,1.623,1.615,1.63,1.63,1.61,265
2023-12-14 20:21:00,17501.0,1.6276,1.6298,1.63,1.63,1.62,41
2023-12-14 20:22:00,79490.0,1.6274,1.63,1.63,1.63,1.62,89
2023-12-14 20:23:00,123952.0,1.6263,1.63,1.625,1.63,1.62,159
2023-12-14 20:24:00,20007.0,1.6222,1.6216,1.625,1.625,1.6201,40
2023-12-14 20:25:00,38339.0,1.6254,1.625,1.625,1.63,1.62,69
2023-12-14 20:26:00,49857.0,1.6228,1.625,1.62,1.63,1.62,86
2023-12-14 20:27:00,173855.0,1.6189,1.62,1.615,1.63,1.61,167
2023-12-14 20:28:00,144231.0,1.6127,1.62,1.61,1.62,1.61,106
2023-12-14 20:29:00,294164.0,1.6106,1.615,1.605,1.62,1.6,379
2023-12-14 20:30:00,498661.0,1.6149,1.605,1.625,1.63,1.6,474
2023-12-14 20:31:00,247608.0,1.6319,1.6253,1.63,1.64,1.6217,259
2023-12-14 20:32:00,107776.0,1.6274,1.635,1.625,1.635,1.62,129
2023-12-14 20:33:00,75760.0,1.6206,1.625,1.625,1.6278,1.62,101
2023-12-14 20:34:00,518584.0,1.6308,1.6201,1.6324,1.64,1.6201,355
2023-12-14 20:35:00,102084.0,1.6273,1.63,1.625,1.635,1.62,168
2023-12-14 20:36:00,13712.0,1.6257,1.625,1.63,1.63,1.62,45
2023-12-14 20:37:00,47375.0,1.6234,1.625,1.625,1.63,1.62,99
2023-12-14 20:38:00,22318.0,1.6264,1.625,1.625,1.63,1.62,75
2023-12-14 20:39:00,14754.0,1.6243,1.625,1.62,1.63,1.62,90
2023-12-14 20:40:00,23614.0,1.623,1.625,1.62,1.625,1.62,83
2023-12-14 20:41:00,163516.0,1.6158,1.625,1.615,1.625,1.61,253
2023-12-14 20:42:00,374350.0,1.6106,1.6183,1.615,1.62,1.605,459
2023-12-14 20:43:00,70658.0,1.6166,1.62,1.615,1.62,1.61,178
2023-12-14 20:44:00,58713.0,1.6161,1.61,1.615,1.62,1.61,173
2023-12-14 20:45:00,25375.0,1.6159,1.62,1.615,1.62,1.61,89
2023-12-14 20:46:00,222182.0,1.6196,1.615,1.625,1.63,1.61,222
2023-12-14 20:47:00,57180.0,1.6254,1.625,1.63,1.63,1.6221,95
2023-12-14 20:48:00,45518.0,1.6255,1.63,1.63,1.63,1.62,127
2023-12-14 20:49:00,67171.0,1.6259,1.625,1.625,1.63,1.62,159
2023-12-14 20:50:00,39217.0,1.6237,1.6201,1.625,1.63,1.62,142
2023-12-14 20:51:00,122592.0,1.6271,1.625,1.625,1.63,1.62,220
2023-12-14 20:52:00,58823.0,1.6255,1.625,1.63,1.63,1.62,169
2023-12-14 20:53:00,156115.0,1.6278,1.625,1.63,1.63,1.62,405
2023-12-14 20:54:00,224072.0,1.6284,1.63,1.63,1.63,1.6201,405
2023-12-14 20:55:00,322983.0,1.6275,1.63,1.6222,1.63,1.62,582
2023-12-14 20:56:00,355959.0,1.629,1.63,1.63,1.63,1.62,576
2023-12-14 20:57:00,263467.0,1.6256,1.63,1.6275,1.63,1.62,561
2023-12-14 20:58:00,324102.0,1.6267,1.625,1.625,1.63,1.62,503
2023-12-14 20:59:00,385686.0,1.6229,1.63,1.62,1.63,1.62,767
2023-12-14 21:01:00,125.0,1.6102,1.6102,1.6102,1.6102,1.6102,2
2023-12-14 21:02:00,1000.0,1.62,1.62,1.62,1.62,1.62,2
2023-12-14 21:03:00,100.0,1.61,1.61,1.61,1.61,1.61,1
2023-12-14 21:04:00,1210.0,1.6117,1.62,1.6102,1.62,1.6102,2
2023-12-14 21:06:00,210.0,1.61,1.61,1.61,1.61,1.61,2
2023-12-14 21:12:00,100.0,1.62,1.62,1.62,1.62,1.62,1
2023-12-14 21:13:00,450.0,1.62,1.62,1.62,1.62,1.62,1
2023-12-14 21:16:00,300.0,1.62,1.62,1.62,1.62,1.62,1
2023-12-14 21:20:00,101.0,1.6101,1.61,1.61,1.61,1.61,2
2023-12-14 21:23:00,1320.0,1.6198,1.62,1.62,1.62,1.62,4
2023-12-14 21:24:00,585.0,1.619,1.62,1.62,1.62,1.62,3
2023-12-14 21:28:00,1000.0,1.61,1.61,1.61,1.61,1.61,1
2023-12-14 21:32:00,330.0,1.62,1.62,1.62,1.62,1.62,2
2023-12-14 21:34:00,3000.0,1.62,1.62,1.62,1.62,1.62,1
2023-12-14 21:42:00,100.0,1.62,1.62,1.62,1.62,1.62,1
2023-12-14 21:51:00,1010.0,1.615,1.61,1.62,1.62,1.61,3
2023-12-14 21:54:00,300.0,1.6101,1.6101,1.6101,1.6101,1.6101,1
2023-12-14 21:56:00,149.0,1.62,1.62,1.62,1.62,1.62,1
2023-12-14 21:57:00,196.0,1.6103,1.6103,1.6103,1.6103,1.6103,3
2023-12-14 22:14:00,187.0,1.62,1.62,1.62,1.62,1.62,1
2023-12-14 22:15:00,259.0,1.61,1.61,1.61,1.61,1.61,2
2023-12-14 22:16:00,13025.0,1.61,1.61,1.61,1.61,1.61,2
2023-12-14 22:18:00,6500.0,1.61,1.61,1.61,1.61,1.61,1
2023-12-14 22:19:00,112.0,1.62,1.62,1.62,1.62,1.62,2
2023-12-14 22:20:00,5800.0,1.6198,1.61,1.62,1.62,1.61,6
2023-12-14 22:21:00,1955.0,1.6299,1.63,1.6299,1.63,1.6299,4
2023-12-14 22:22:00,652.0,1.63,1.63,1.63,1.63,1.63,2
2023-12-14 22:23:00,1100.0,1.63,1.63,1.63,1.63,1.63,2
2023-12-14 22:24:00,263.0,1.6302,1.6303,1.6303,1.6303,1.6303,2
2023-12-14 22:25:00,100.0,1.63,1.63,1.63,1.63,1.63,1
2023-12-14 22:26:00,2000.0,1.63,1.63,1.63,1.63,1.63,3
2023-12-14 22:28:00,5080.0,1.63,1.63,1.63,1.63,1.63,9
2023-12-14 22:29:00,1001.0,1.65,1.65,1.65,1.65,1.65,2
2023-12-14 22:31:00,500.0,1.64,1.64,1.64,1.64,1.64,1
2023-12-14 22:33:00,330.0,1.64,1.64,1.64,1.64,1.64,1
2023-12-14 22:38:00,1700.0,1.6312,1.63,1.64,1.64,1.63,2
2023-12-14 22:39:00,2500.0,1.63,1.63,1.63,1.63,1.63,4
2023-12-14 22:40:00,1033.0,1.62,1.62,1.62,1.62,1.62,2
2023-12-14 22:43:00,500.0,1.62,1.62,1.62,1.62,1.62,1
2023-12-14 22:47:00,870.0,1.62,1.62,1.62,1.62,1.62,1
2023-12-14 22:55:00,689.0,1.6294,1.63,1.63,1.63,1.63,3
2023-12-14 22:56:00,4800.0,1.63,1.63,1.63,1.63,1.63,1
2023-12-14 22:58:00,12625.0,1.63,1.63,1.63,1.63,1.63,2
2023-12-14 23:02:00,1741.0,1.62,1.62,1.62,1.62,1.62,2
2023-12-14 23:03:00,400.0,1.6203,1.6203,1.6203,1.6203,1.6203,1
2023-12-14 23:13:00,400.0,1.63,1.63,1.63,1.63,1.63,1
2023-12-14 23:14:00,2000.0,1.625,1.63,1.62,1.63,1.62,2
2023-12-14 23:29:00,1002.0,1.6298,1.6298,1.6298,1.6298,1.6298,2
2023-12-14 23:30:00,1500.0,1.6299,1.6299,1.63,1.63,1.6299,2
2023-12-14 23:36:00,100.0,1.6399,1.6399,1.6399,1.6399,1.6399,1
2023-12-14 23:39:00,3300.0,1.6252,1.64,1.62,1.64,1.62,4
2023-12-14 23:51:00,400.0,1.63,1.63,1.63,1.63,1.63,1
2023-12-14 23:52:00,2000.0,1.63,1.63,1.63,1.63,1.63,1
2023-12-14 23:54:00,5000.0,1.63,1.63,1.63,1.63,1.63,4
2023-12-14 23:55:00,125.0,1.64,1.64,1.64,1.64,1.64,1
2023-12-14 23:56:00,300.0,1.64,1.64,1.64,1.64,1.64,1
2023-12-15 00:05:00,751.0,1.64,1.64,1.64,1.64,1.64,3
2023-12-15 00:07:00,100.0,1.645,1.645,1.645,1.645,1.645,1
2023-12-15 00:18:00,4500.0,1.65,1.65,1.65,1.65,1.65,1
2023-12-15 00:20:00,4749.0,1.65,1.65,1.65,1.65,1.65,2
2023-12-15 00:21:00,4264.0,1.65,1.65,1.65,1.65,1.65,3
2023-12-15 00:25:00,750.0,1.65,1.65,1.65,1.65,1.65,1
2023-12-15 00:26:00,1000.0,1.65,1.65,1.65,1.65,1.65,1
2023-12-15 00:27:00,400.0,1.645,1.64,1.65,1.65,1.64,2
2023-12-15 00:36:00,300.0,1.65,1.65,1.65,1.65,1.65,1
2023-12-15 00:42:00,1125.0,1.6494,1.65,1.645,1.65,1.645,2
2023-12-15 00:43:00,384.0,1.65,1.65,1.65,1.65,1.65,3
2023-12-15 00:45:00,1000.0,1.65,1.65,1.65,1.65,1.65,1
2023-12-15 00:55:00,201.0,1.64,1.64,1.64,1.64,1.64,3
2023-12-15 00:58:00,507.0,1.65,1.65,1.65,1.65,1.65,3
2023-12-15 09:00:00,120.0,1.6255,1.63,1.63,1.63,1.63,7
2023-12-15 09:06:00,591.0,1.58,1.58,1.58,1.58,1.58,2
2023-12-15 09:09:00,3644.0,1.5888,1.59,1.585,1.59,1.585,6
2023-12-15 09:10:00,100.0,1.59,1.59,1.59,1.59,1.59,1
2023-12-15 09:11:00,100.0,1.59,1.59,1.59,1.59,1.59,1
2023-12-15 09:12:00,700.0,1.59,1.59,1.59,1.59,1.59,1
2023-12-15 09:16:00,100.0,1.58,1.58,1.58,1.58,1.58,1
2023-12-15 09:17:00,2669.0,1.5904,1.59,1.59,1.59,1.59,10
2023-12-15 09:36:00,1338.0,1.62,1.62,1.62,1.62,1.62,2
2023-12-15 09:39:00,1087.0,1.62,1.62,1.62,1.62,1.62,2
2023-12-15 09:41:00,1911.0,1.63,1.63,1.63,1.63,1.63,5
2023-12-15 09:49:00,13684.0,1.6287,1.63,1.63,1.63,1.62,17
2023-12-15 09:52:00,2708.0,1.6504,1.65,1.66,1.66,1.65,7
2023-12-15 09:53:00,4894.0,1.6642,1.66,1.67,1.67,1.66,15
2023-12-15 09:55:00,257.0,1.677,1.68,1.68,1.68,1.68,7
2023-12-15 09:57:00,500.0,1.68,1.68,1.68,1.68,1.68,2
2023-12-15 09:59:00,520.0,1.67,1.67,1.67,1.67,1.67,6
2023-12-15 10:02:00,101.0,1.67,1.67,1.67,1.67,1.67,2
2023-12-15 10:06:00,1393.0,1.67,1.67,1.67,1.67,1.67,3
2023-12-15 10:19:00,100.0,1.67,1.67,1.67,1.67,1.67,1
2023-12-15 10:20:00,1857.0,1.6622,1.66,1.67,1.67,1.66,4
2023-12-15 10:27:00,1001.0,1.679,1.67,1.68,1.68,1.67,3
2023-12-15 10:33:00,100.0,1.67,1.67,1.67,1.67,1.67,1
2023-12-15 10:36:00,100.0,1.67,1.67,1.67,1.67,1.67,1
2023-12-15 10:37:00,1150.0,1.682,1.67,1.68,1.69,1.67,10
2023-12-15 10:42:00,602.0,1.69,1.69,1.69,1.69,1.69,2
2023-12-15 10:44:00,316.0,1.6871,1.69,1.69,1.69,1.69,3
2023-12-15 10:45:00,1816.0,1.7,1.7,1.7,1.7,1.7,8
2023-12-15 10:46:00,200.0,1.7,1.7,1.7,1.7,1.7,2
2023-12-15 10:47:00,600.0,1.7,1.7,1.7,1.7,1.7,3
2023-12-15 10:48:00,3210.0,1.7097,1.7,1.71,1.71,1.7,18
2023-12-15 10:50:00,1096.0,1.7129,1.71,1.71,1.72,1.71,8
2023-12-15 10:51:00,300.0,1.71,1.71,1.71,1.71,1.71,2
2023-12-15 10:52:00,10924.0,1.7137,1.71,1.71,1.72,1.71,11
2023-12-15 10:53:00,6900.0,1.71,1.71,1.71,1.71,1.71,17
2023-12-15 10:54:00,1200.0,1.71,1.71,1.71,1.71,1.71,3
2023-12-15 10:56:00,821.0,1.7097,1.71,1.71,1.71,1.71,6
2023-12-15 10:58:00,5320.0,1.71,1.71,1.71,1.71,1.71,3
2023-12-15 10:59:00,100.0,1.71,1.71,1.71,1.71,1.71,1
2023-12-15 11:00:00,8164.0,1.72,1.72,1.72,1.72,1.72,15
2023-12-15 11:03:00,15774.0,1.72,1.72,1.72,1.72,1.72,18
2023-12-15 11:04:00,551.0,1.72,1.72,1.72,1.72,1.72,4
2023-12-15 11:06:00,200.0,1.72,1.72,1.72,1.72,1.72,1
2023-12-15 11:07:00,3025.0,1.7199,1.72,1.72,1.72,1.72,8
2023-12-15 11:10:00,1885.0,1.7078,1.71,1.69,1.71,1.69,6
2023-12-15 11:16:00,2228.0,1.6827,1.69,1.68,1.69,1.68,11
2023-12-15 11:21:00,319.0,1.68,1.68,1.68,1.68,1.68,1
2023-12-15 11:24:00,1973.0,1.6805,1.68,1.68,1.69,1.68,7
2023-12-15 11:27:00,740.0,1.68,1.68,1.68,1.68,1.68,3
2023-12-15 11:31:00,600.0,1.685,1.685,1.685,1.685,1.685,6
2023-12-15 11:34:00,5182.0,1.68,1.68,1.68,1.68,1.68,8
2023-12-15 11:35:00,200.0,1.68,1.68,1.68,1.68,1.68,2
2023-12-15 11:36:00,100.0,1.68,1.68,1.68,1.68,1.68,1
2023-12-15 11:38:00,200.0,1.67,1.67,1.67,1.67,1.67,2
2023-12-15 11:40:00,1000.0,1.67,1.67,1.67,1.67,1.67,3
2023-12-15 11:46:00,4897.0,1.67,1.67,1.67,1.67,1.67,12
2023-12-15 11:52:00,2500.0,1.6852,1.685,1.69,1.69,1.685,2
2023-12-15 11:55:00,100.0,1.68,1.68,1.68,1.68,1.68,1
2023-12-15 11:56:00,1170.0,1.6817,1.685,1.68,1.685,1.68,5
2023-12-15 12:00:00,13410.0,1.67,1.67,1.67,1.67,1.67,18
2023-12-15 12:02:00,190.0,1.6688,1.67,1.67,1.67,1.67,2
2023-12-15 12:03:00,1000.0,1.66,1.66,1.66,1.66,1.66,2
2023-12-15 12:05:00,1500.0,1.6653,1.67,1.665,1.67,1.665,12
2023-12-15 12:07:00,2400.0,1.6694,1.665,1.67,1.67,1.665,6
2023-12-15 12:08:00,12000.0,1.6682,1.67,1.67,1.67,1.665,11
2023-12-15 12:09:00,2300.0,1.6617,1.67,1.66,1.67,1.66,6
2023-12-15 12:10:00,848.0,1.67,1.67,1.67,1.67,1.67,2
2023-12-15 12:18:00,1203.0,1.68,1.68,1.68,1.68,1.68,3
2023-12-15 12:21:00,559.0,1.6782,1.67,1.68,1.68,1.67,2
2023-12-15 12:25:00,3000.0,1.68,1.68,1.68,1.68,1.68,6
2023-12-15 12:40:00,4922.0,1.6729,1.68,1.67,1.68,1.67,13
2023-12-15 12:41:00,24435.0,1.66,1.66,1.66,1.66,1.66,16
2023-12-15 12:45:00,2775.0,1.6655,1.66,1.67,1.67,1.66,17
2023-12-15 12:47:00,129.0,1.67,1.67,1.67,1.67,1.67,1
2023-12-15 12:48:00,100.0,1.669,1.669,1.669,1.669,1.669,1
2023-12-15 12:49:00,500.0,1.6698,1.669,1.67,1.67,1.669,3
2023-12-15 13:00:00,44289.0,1.6745,1.67,1.66,1.68,1.66,51
2023-12-15 13:01:00,131.0,1.6283,1.6174,1.6174,1.6174,1.6174,5
2023-12-15 13:02:00,1717.0,1.6257,1.61,1.61,1.67,1.61,6
2023-12-15 13:04:00,4665.0,1.6675,1.6698,1.67,1.67,1.6602,5
2023-12-15 13:05:00,300.0,1.66,1.66,1.66,1.66,1.66,3
2023-12-15 13:06:00,600.0,1.66,1.66,1.66,1.66,1.66,6
2023-12-15 13:07:00,1000.0,1.6602,1.6602,1.6602,1.6602,1.6602,1
2023-12-15 13:09:00,603.0,1.67,1.67,1.67,1.67,1.67,6
2023-12-15 13:10:00,1005.0,1.6601,1.6601,1.6601,1.6601,1.6601,2
2023-12-15 13:12:00,6437.0,1.67,1.67,1.67,1.67,1.67,13
2023-12-15 13:14:00,2873.0,1.663,1.67,1.66,1.67,1.66,3
2023-12-15 13:18:00,500.0,1.67,1.67,1.67,1.67,1.67,1
2023-12-15 13:20:00,399.0,1.67,1.67,1.67,1.67,1.67,2
2023-12-15 13:25:00,2499.0,1.66,1.66,1.66,1.66,1.66,2
2023-12-15 13:26:00,788.0,1.66,1.66,1.66,1.66,1.66,3
2023-12-15 13:28:00,200.0,1.67,1.67,1.67,1.67,1.67,1
2023-12-15 13:32:00,1150.0,1.6699,1.6699,1.6699,1.6699,1.6699,1
2023-12-15 13:34:00,12700.0,1.6699,1.665,1.67,1.67,1.665,21
2023-12-15 13:35:00,400.0,1.6675,1.67,1.66,1.67,1.66,4
2023-12-15 13:36:00,600.0,1.6616,1.66,1.6698,1.6698,1.66,2
2023-12-15 13:38:00,543.0,1.67,1.67,1.67,1.67,1.67,3
2023-12-15 13:39:00,1000.0,1.66,1.66,1.66,1.66,1.66,2
2023-12-15 13:40:00,1480.0,1.6605,1.66,1.66,1.66,1.66,3
2023-12-15 13:41:00,205.0,1.66,1.66,1.66,1.66,1.66,3
2023-12-15 13:42:00,200.0,1.66,1.66,1.66,1.66,1.66,1
2023-12-15 13:43:00,7028.0,1.6662,1.67,1.6699,1.67,1.66,6
2023-12-15 13:45:00,785.0,1.67,1.67,1.67,1.67,1.67,1
2023-12-15 13:46:00,3794.0,1.6647,1.665,1.66,1.67,1.66,10
2023-12-15 13:52:00,1010.0,1.66,1.66,1.66,1.66,1.66,5
2023-12-15 13:53:00,1000.0,1.6601,1.6601,1.6601,1.6601,1.6601,1
2023-12-15 13:54:00,6000.0,1.66,1.66,1.66,1.66,1.66,1
2023-12-15 13:55:00,5112.0,1.66,1.66,1.66,1.66,1.66,20
2023-12-15 13:56:00,111.0,1.66,1.66,1.66,1.66,1.66,2
2023-12-15 13:59:00,1916.0,1.6503,1.65,1.65,1.65,1.65,2
2023-12-15 14:00:00,1063.0,1.6594,1.66,1.66,1.66,1.66,5
2023-12-15 14:01:00,4034.0,1.655,1.65,1.66,1.66,1.65,7
2023-12-15 14:02:00,381.0,1.65,1.65,1.65,1.65,1.65,2
2023-12-15 14:05:00,200.0,1.66,1.66,1.66,1.66,1.66,1
2023-12-15 14:07:00,2004.0,1.66,1.66,1.66,1.66,1.66,9
2023-12-15 14:08:00,568.0,1.6528,1.66,1.65,1.66,1.65,5
2023-12-15 14:09:00,100.0,1.66,1.66,1.66,1.66,1.66,1
2023-12-15 14:11:00,4300.0,1.6502,1.6502,1.6502,1.6502,1.6502,1
2023-12-15 14:12:00,1455.0,1.66,1.66,1.66,1.66,1.66,3
2023-12-15 14:14:00,150.0,1.66,1.66,1.66,1.66,1.66,2
2023-12-15 14:15:00,1080.0,1.66,1.66,1.66,1.66,1.66,8
2023-12-15 14:16:00,13564.0,1.6643,1.66,1.6698,1.6698,1.66,12
2023-12-15 14:17:00,1000.0,1.66,1.66,1.66,1.66,1.66,3
2023-12-15 14:19:00,3477.0,1.67,1.67,1.67,1.67,1.67,12
2023-12-15 14:20:00,611.0,1.67,1.67,1.67,1.67,1.67,3
2023-12-15 14:21:00,202.0,1.67,1.67,1.67,1.67,1.67,3
2023-12-15 14:22:00,2178.0,1.6677,1.67,1.67,1.67,1.6603,7
2023-12-15 14:23:00,300.0,1.67,1.67,1.67,1.67,1.67,1
2023-12-15 14:24:00,4650.0,1.6698,1.67,1.67,1.67,1.6699,7
2023-12-15 14:25:00,894.0,1.67,1.67,1.67,1.67,1.67,1
2023-12-15 14:26:00,3018.0,1.6604,1.66,1.66,1.66,1.66,10
2023-12-15 14:27:00,6836.0,1.66,1.66,1.66,1.66,1.66,19
2023-12-15 14:28:00,300.0,1.66,1.66,1.66,1.66,1.66,3
2023-12-15 14:30:00,6494.0,1.6776,1.66,1.68,1.69,1.66,78
2023-12-15 14:31:00,8281.0,1.682,1.685,1.675,1.69,1.67,66
2023-12-15 14:32:00,376482.0,1.6705,1.67,1.665,1.68,1.66,226
2023-12-15 14:33:00,129675.0,1.6716,1.665,1.685,1.69,1.66,260
2023-12-15 14:34:00,152991.0,1.6698,1.685,1.6697,1.69,1.66,281
2023-12-15 14:35:00,116760.0,1.6522,1.66,1.64,1.665,1.64,198
2023-12-15 14:36:00,143804.0,1.6365,1.645,1.625,1.6481,1.62,246
2023-12-15 14:37:00,162388.0,1.6279,1.625,1.625,1.639,1.62,227
2023-12-15 14:38:00,80488.0,1.6277,1.6299,1.62,1.64,1.62,140
2023-12-15 14:39:00,98465.0,1.6199,1.62,1.6299,1.6299,1.615,174
2023-12-15 14:40:00,193172.0,1.6187,1.625,1.615,1.63,1.61,280
2023-12-15 14:41:00,177760.0,1.619,1.6199,1.6299,1.63,1.61,278
2023-12-15 14:42:00,161305.0,1.6348,1.62,1.625,1.6477,1.62,276
2023-12-15 14:43:00,15180.0,1.6257,1.63,1.62,1.63,1.62,42
2023-12-15 14:44:00,46626.0,1.6268,1.625,1.625,1.63,1.62,78
2023-12-15 14:45:00,59363.0,1.6271,1.63,1.6299,1.63,1.62,79
2023-12-15 14:46:00,487543.0,1.6106,1.625,1.59,1.63,1.59,721
2023-12-15 14:47:00,160783.0,1.5971,1.6,1.6,1.605,1.59,282
2023-12-15 14:48:00,92590.0,1.6019,1.6,1.6075,1.61,1.595,147
2023-12-15 14:49:00,43031.0,1.602,1.6043,1.61,1.61,1.6,102
2023-12-15 14:50:00,113365.0,1.6068,1.6036,1.59,1.6159,1.59,211
2023-12-15 14:51:00,90159.0,1.6002,1.595,1.59,1.6087,1.59,138
2023-12-15 14:52:00,18711.0,1.595,1.595,1.5909,1.6,1.59,84
2023-12-15 14:53:00,154370.0,1.602,1.6,1.61,1.61,1.59,175
2023-12-15 14:54:00,107241.0,1.6124,1.61,1.62,1.62,1.6001,157
2023-12-15 14:55:00,91335.0,1.6199,1.62,1.62,1.625,1.6101,128
2023-12-15 14:56:00,83187.0,1.6287,1.625,1.63,1.64,1.6232,144
2023-12-15 14:57:00,13839.0,1.6281,1.625,1.63,1.63,1.62,31
2023-12-15 14:58:00,45247.0,1.6231,1.6257,1.6275,1.63,1.62,104
2023-12-15 14:59:00,30914.0,1.6221,1.625,1.625,1.63,1.62,54
2023-12-15 15:00:00,72322.0,1.6259,1.63,1.62,1.63,1.62,109
2023-12-15 15:01:00,39069.0,1.6224,1.62,1.62,1.63,1.62,92
2023-12-15 15:02:00,191673.0,1.6192,1.62,1.625,1.625,1.61,256
2023-12-15 15:03:00,27038.0,1.6177,1.625,1.615,1.625,1.61,81
2023-12-15 15:04:00,5208.0,1.6132,1.61,1.615,1.62,1.61,40
2023-12-15 15:05:00,10167.0,1.6116,1.61,1.6179,1.6199,1.61,53
2023-12-15 15:06:00,30421.0,1.611,1.6103,1.615,1.6199,1.61,101
2023-12-15 15:07:00,109838.0,1.6093,1.61,1.605,1.62,1.6,254
2023-12-15 15:08:00,23026.0,1.6029,1.6098,1.6,1.61,1.6,107
2023-12-15 15:09:00,63360.0,1.5984,1.6,1.595,1.6,1.59,158
2023-12-15 15:10:00,39695.0,1.5952,1.59,1.6,1.6,1.59,73
2023-12-15 15:11:00,25679.0,1.5916,1.59,1.595,1.6,1.59,91
2023-12-15 15:12:00,79287.0,1.5938,1.59,1.59,1.6,1.59,97
2023-12-15 15:13:00,121470.0,1.5975,1.595,1.595,1.6,1.59,232
2023-12-15 15:14:00,56646.0,1.597,1.595,1.6,1.6,1.59,103
2023-12-15 15:15:00,188877.0,1.6019,1.6,1.6042,1.61,1.595,252
2023-12-15 15:16:00,13150.0,1.6032,1.605,1.6067,1.61,1.6,50
2023-12-15 15:17:00,103257.0,1.5928,1.605,1.595,1.61,1.59,173
2023-12-15 15:18:00,30497.0,1.5932,1.59,1.595,1.6,1.59,81
2023-12-15 15:19:00,52378.0,1.5929,1.595,1.6,1.6,1.59,174
2023-12-15 15:20:00,174480.0,1.6003,1.595,1.605,1.605,1.595,294
2023-12-15 15:21:00,36860.0,1.6054,1.605,1.605,1.61,1.6,121
2023-12-15 15:22:00,115279.0,1.609,1.605,1.62,1.62,1.6,196
2023-12-15 15:23:00,147829.0,1.6196,1.62,1.61,1.625,1.61,210
2023-12-15 15:24:00,72281.0,1.6138,1.62,1.615,1.62,1.61,206
2023-12-15 15:25:00,128760.0,1.6178,1.6101,1.6199,1.62,1.6101,196
2023-12-15 15:26:00,115555.0,1.6218,1.6199,1.625,1.63,1.6199,280
2023-12-15 15:27:00,480245.0,1.6239,1.625,1.635,1.64,1.62,235
2023-12-15 15:28:00,270656.0,1.626,1.63,1.615,1.635,1.61,261
2023-12-15 15:29:00,6653.0,1.6125,1.615,1.61,1.615,1.61,32
2023-12-15 15:30:00,160573.0,1.6064,1.61,1.595,1.61,1.59,151
2023-12-15 15:31:00,25184.0,1.5909,1.595,1.59,1.595,1.59,57
2023-12-15 15:32:00,76179.0,1.5955,1.59,1.595,1.5999,1.59,61
2023-12-15 15:33:00,34967.0,1.5943,1.59,1.59,1.6,1.59,73
2023-12-15 15:34:00,18685.0,1.5935,1.59,1.59,1.6,1.59,55
2023-12-15 15:35:00,117558.0,1.5895,1.595,1.58,1.595,1.58,153
2023-12-15 15:36:00,26829.0,1.5877,1.585,1.58,1.59,1.58,45
2023-12-15 15:37:00,20715.0,1.5861,1.585,1.585,1.5895,1.58,34
2023-12-15 15:38:00,201103.0,1.5749,1.585,1.575,1.585,1.57,329
2023-12-15 15:39:00,153957.0,1.5815,1.58,1.59,1.59,1.5725,180
2023-12-15 15:40:00,100870.0,1.5915,1.585,1.59,1.6,1.585,101
2023-12-15 15:41:00,81661.0,1.5956,1.595,1.595,1.6,1.59,51
2023-12-15 15:42:00,45583.0,1.598,1.595,1.595,1.6,1.5901,54
2023-12-15 15:43:00,37279.0,1.5962,1.6,1.6,1.6,1.59,68
2023-12-15 15:44:00,3087.0,1.598,1.6,1.6,1.6,1.5901,20
2023-12-15 15:45:00,8272.0,1.5967,1.6,1.59,1.6,1.59,43
2023-12-15 15:46:00,155499.0,1.5912,1.6,1.595,1.6,1.59,170
2023-12-15 15:47:00,14321.0,1.5947,1.595,1.595,1.6,1.59,43
2023-12-15 15:48:00,19376.0,1.5949,1.595,1.6,1.6,1.59,45
2023-12-15 15:49:00,105858.0,1.5989,1.595,1.5998,1.6,1.59,135
2023-12-15 15:50:00,100228.0,1.599,1.6,1.59,1.6,1.59,85
2023-12-15 15:51:00,21054.0,1.5976,1.6,1.595,1.6,1.59,40
2023-12-15 15:52:00,35481.0,1.5954,1.595,1.595,1.6,1.59,75
2023-12-15 15:53:00,22335.0,1.5947,1.595,1.595,1.6,1.59,54
2023-12-15 15:54:00,179709.0,1.5986,1.6,1.6,1.605,1.59,216
2023-12-15 15:55:00,39559.0,1.5936,1.595,1.595,1.6,1.59,41
2023-12-15 15:56:00,41986.0,1.5987,1.595,1.595,1.6,1.59,95
2023-12-15 15:57:00,308777.0,1.6071,1.6,1.62,1.62,1.595,361
2023-12-15 15:58:00,25666.0,1.6178,1.62,1.62,1.62,1.615,59
2023-12-15 15:59:00,36904.0,1.6145,1.62,1.615,1.62,1.61,67
2023-12-15 16:00:00,34736.0,1.6107,1.615,1.615,1.62,1.61,32
2023-12-15 16:01:00,37913.0,1.6133,1.62,1.615,1.62,1.61,40
2023-12-15 16:02:00,27237.0,1.6121,1.615,1.615,1.62,1.61,38
2023-12-15 16:03:00,23002.0,1.6133,1.615,1.62,1.62,1.61,65
2023-12-15 16:04:00,26909.0,1.6127,1.62,1.62,1.62,1.61,48
2023-12-15 16:05:00,90136.0,1.6099,1.62,1.6025,1.62,1.6025,150
2023-12-15 16:06:00,12296.0,1.6018,1.61,1.6,1.61,1.6,38
2023-12-15 16:07:00,50685.0,1.6013,1.605,1.605,1.605,1.6,132
2023-12-15 16:08:00,11040.0,1.6026,1.6,1.6,1.605,1.6,26
2023-12-15 16:09:00,9299.0,1.602,1.6,1.6,1.605,1.6,29
2023-12-15 16:10:00,2115.0,1.6041,1.6,1.605,1.605,1.6,18
2023-12-15 16:11:00,15224.0,1.6019,1.605,1.605,1.605,1.6,27
2023-12-15 16:12:00,4681.0,1.6029,1.605,1.605,1.61,1.6,30
2023-12-15 16:13:00,40906.0,1.6058,1.605,1.605,1.61,1.6,73
2023-12-15 16:14:00,31557.0,1.6024,1.6,1.61,1.61,1.6,97
2023-12-15 16:15:00,5706.0,1.6043,1.605,1.61,1.61,1.6,36
2023-12-15 16:16:00,79288.0,1.599,1.605,1.6,1.605,1.59,129
2023-12-15 16:17:00,114579.0,1.6005,1.595,1.605,1.61,1.59,151
2023-12-15 16:18:00,3263.0,1.6047,1.605,1.605,1.6083,1.6,9
2023-12-15 16:19:00,34828.0,1.6006,1.6,1.6,1.61,1.6,96
2023-12-15 16:20:00,2820.0,1.6009,1.605,1.6,1.605,1.6,20
2023-12-15 16:21:00,10934.0,1.6027,1.6002,1.605,1.605,1.6,37
2023-12-15 16:22:00,7430.0,1.6003,1.6,1.6,1.605,1.6,11
2023-12-15 16:23:00,17901.0,1.6025,1.605,1.605,1.605,1.6,32
2023-12-15 16:24:00,63573.0,1.6006,1.605,1.605,1.61,1.6,54
2023-12-15 16:25:00,154799.0,1.6095,1.605,1.615,1.615,1.6,256
2023-12-15 16:26:00,72756.0,1.6089,1.61,1.61,1.615,1.6,87
2023-12-15 16:27:00,16806.0,1.603,1.605,1.61,1.61,1.6,41
2023-12-15 16:28:00,1501.0,1.606,1.605,1.605,1.6099,1.605,9
2023-12-15 16:29:00,4782.0,1.6046,1.605,1.605,1.6079,1.6,18
2023-12-15 16:30:00,38368.0,1.6016,1.6,1.605,1.605,1.6,54
2023-12-15 16:31:00,7478.0,1.601,1.605,1.6002,1.61,1.6002,19
2023-12-15 16:32:00,14446.0,1.601,1.6,1.6003,1.605,1.6,31
2023-12-15 16:33:00,5276.0,1.6028,1.6002,1.6,1.61,1.6,22
2023-12-15 16:34:00,35630.0,1.6002,1.605,1.6,1.605,1.6,38
2023-12-15 16:35:00,3639.0,1.6013,1.605,1.605,1.605,1.6,27
2023-12-15 16:36:00,11367.0,1.6054,1.6,1.61,1.61,1.6,46
2023-12-15 16:37:00,6230.0,1.6048,1.6,1.605,1.61,1.6,34
2023-12-15 16:38:00,9722.0,1.6054,1.61,1.6,1.61,1.6,46
2023-12-15 16:39:00,9584.0,1.6059,1.6,1.605,1.61,1.6,41
2023-12-15 16:40:00,15177.0,1.6042,1.605,1.6,1.61,1.6,52
2023-12-15 16:41:00,62063.0,1.5995,1.6,1.5947,1.6001,1.59,143
2023-12-15 16:42:00,103348.0,1.5905,1.59,1.595,1.5991,1.59,46
2023-12-15 16:43:00,5612.0,1.5933,1.595,1.595,1.5988,1.59,20
2023-12-15 16:44:00,5848.0,1.5902,1.59,1.59,1.595,1.59,14
2023-12-15 16:45:00,35689.0,1.5916,1.59,1.595,1.6,1.59,89
2023-12-15 16:46:00,7078.0,1.5934,1.59,1.59,1.6,1.59,30
2023-12-15 16:47:00,3795.0,1.5922,1.595,1.59,1.5975,1.59,17
2023-12-15 16:48:00,7381.0,1.5917,1.59,1.595,1.6,1.59,28
2023-12-15 16:49:00,21995.0,1.5914,1.59,1.59,1.6,1.59,56
2023-12-15 16:50:00,47095.0,1.5905,1.595,1.59,1.6,1.59,70
2023-12-15 16:51:00,65329.0,1.5941,1.595,1.595,1.6,1.59,119
2023-12-15 16:52:00,17277.0,1.5941,1.595,1.6,1.6,1.59,51
2023-12-15 16:53:00,5644.0,1.595,1.595,1.595,1.6,1.59,30
2023-12-15 16:54:00,43448.0,1.5981,1.595,1.595,1.6,1.59,156
2023-12-15 16:55:00,21597.0,1.5976,1.6,1.6,1.6,1.595,56
2023-12-15 16:56:00,163834.0,1.6023,1.6,1.61,1.61,1.595,172
2023-12-15 16:57:00,39391.0,1.6065,1.6015,1.605,1.61,1.6,84
2023-12-15 16:58:00,52207.0,1.6079,1.6085,1.605,1.61,1.6,74
2023-12-15 16:59:00,62642.0,1.6093,1.61,1.61,1.61,1.605,80
2023-12-15 17:00:00,172630.0,1.6108,1.61,1.615,1.6175,1.6057,205
2023-12-15 17:01:00,39589.0,1.6112,1.6102,1.615,1.6199,1.61,62
2023-12-15 17:02:00,7631.0,1.6139,1.61,1.615,1.6175,1.61,28
2023-12-15 17:03:00,12961.0,1.6128,1.61,1.615,1.6175,1.61,44
2023-12-15 17:04:00,11892.0,1.6131,1.615,1.62,1.62,1.61,44
2023-12-15 17:05:00,8336.0,1.6139,1.61,1.615,1.62,1.61,38
2023-12-15 17:06:00,22397.0,1.6141,1.615,1.6175,1.62,1.61,50
2023-12-15 17:07:00,6503.0,1.6165,1.615,1.615,1.62,1.61,17
2023-12-15 17:08:00,14050.0,1.6143,1.62,1.61,1.62,1.61,46
2023-12-15 17:09:00,11025.0,1.6137,1.615,1.61,1.62,1.61,45
2023-12-15 17:10:00,5360.0,1.6162,1.615,1.615,1.62,1.61,31
2023-12-15 17:11:00,27233.0,1.6171,1.61,1.615,1.62,1.61,51
2023-12-15 17:12:00,56113.0,1.616,1.61,1.615,1.62,1.61,47
2023-12-15 17:13:00,11294.0,1.6134,1.62,1.62,1.62,1.61,37
2023-12-15 17:14:00,17396.0,1.6122,1.62,1.615,1.62,1.61,85
2023-12-15 17:15:00,8607.0,1.6137,1.615,1.62,1.62,1.61,35
2023-12-15 17:16:00,14389.0,1.6166,1.62,1.61,1.62,1.61,45
2023-12-15 17:17:00,109212.0,1.6107,1.615,1.6099,1.62,1.6,166
2023-12-15 17:18:00,13386.0,1.6067,1.605,1.605,1.61,1.6,22
2023-12-15 17:19:00,6151.0,1.6034,1.605,1.605,1.605,1.6,44
2023-12-15 17:20:00,4932.0,1.6053,1.6,1.605,1.6098,1.6,11
2023-12-15 17:21:00,5198.0,1.6038,1.605,1.6016,1.6099,1.6,24
2023-12-15 17:22:00,8419.0,1.6014,1.6046,1.6082,1.6082,1.6,28
2023-12-15 17:23:00,1049.0,1.6029,1.605,1.605,1.605,1.6,9
2023-12-15 17:24:00,5674.0,1.6025,1.605,1.6001,1.605,1.6,16
2023-12-15 17:25:00,47270.0,1.6085,1.605,1.61,1.61,1.6,172
2023-12-15 17:26:00,78127.0,1.6092,1.61,1.62,1.62,1.6,155
2023-12-15 17:27:00,70647.0,1.6114,1.61,1.6102,1.615,1.61,111
2023-12-15 17:28:00,26939.0,1.6109,1.615,1.615,1.615,1.61,50
2023-12-15 17:29:00,83742.0,1.6083,1.615,1.605,1.615,1.6,98
2023-12-15 17:30:00,4521.0,1.6058,1.6,1.605,1.605,1.6,17
2023-12-15 17:31:00,872.0,1.6016,1.6,1.6,1.605,1.6,11
2023-12-15 17:32:00,114249.0,1.5999,1.605,1.59,1.605,1.59,74
2023-12-15 17:33:00,5728.0,1.5946,1.595,1.595,1.595,1.59,19
2023-12-15 17:34:00,5900.0,1.5962,1.5999,1.595,1.5999,1.59,18
2023-12-15 17:35:00,1320.0,1.5922,1.59,1.59,1.595,1.59,13
2023-12-15 17:36:00,50166.0,1.5906,1.59,1.59,1.595,1.59,59
2023-12-15 17:37:00,83041.0,1.5901,1.595,1.585,1.6,1.585,153
2023-12-15 17:38:00,102181.0,1.5844,1.59,1.585,1.59,1.5822,59
2023-12-15 17:39:00,141841.0,1.5902,1.585,1.59,1.5954,1.585,84
2023-12-15 17:40:00,37774.0,1.5918,1.595,1.59,1.6,1.59,99
2023-12-15 17:41:00,5723.0,1.593,1.5901,1.595,1.595,1.59,47
2023-12-15 17:42:00,88506.0,1.5891,1.595,1.585,1.595,1.58,201
2023-12-15 17:43:00,8773.0,1.5816,1.58,1.58,1.5899,1.58,31
2023-12-15 17:44:00,18603.0,1.5836,1.58,1.585,1.59,1.58,30
2023-12-15 17:45:00,6116.0,1.5842,1.58,1.58,1.59,1.58,38
2023-12-15 17:46:00,14265.0,1.5805,1.58,1.5899,1.5899,1.58,43
2023-12-15 17:47:00,347858.0,1.5876,1.585,1.585,1.59,1.58,272
2023-12-15 17:48:00,22397.0,1.5887,1.59,1.59,1.59,1.585,48
2023-12-15 17:49:00,88433.0,1.5926,1.5885,1.6,1.6,1.58,86
2023-12-15 17:50:00,215520.0,1.5991,1.6,1.6,1.6,1.59,41
2023-12-15 17:51:00,769584.0,1.5996,1.6,1.6,1.605,1.59,462
2023-12-15 17:52:00,209153.0,1.5886,1.6,1.585,1.6,1.58,192
2023-12-15 17:53:00,409408.0,1.5798,1.585,1.5757,1.585,1.575,282
2023-12-15 17:54:00,247532.0,1.5808,1.5799,1.58,1.585,1.5701,236
2023-12-15 17:55:00,43596.0,1.5807,1.585,1.59,1.59,1.58,59
2023-12-15 17:56:00,1422.0,1.5816,1.5812,1.585,1.585,1.5812,5
2023-12-15 17:57:00,53923.0,1.58,1.585,1.575,1.585,1.57,104
2023-12-15 17:58:00,14491.0,1.572,1.57,1.57,1.575,1.57,40
2023-12-15 17:59:00,2869.0,1.5725,1.575,1.575,1.575,1.57,17
2023-12-15 18:00:00,8988.0,1.5742,1.575,1.575,1.575,1.57,25
2023-12-15 18:01:00,2349.0,1.5705,1.575,1.575,1.575,1.57,7
2023-12-15 18:02:00,3432.0,1.5711,1.575,1.575,1.575,1.57,32
2023-12-15 18:03:00,19427.0,1.5712,1.57,1.58,1.58,1.57,42
2023-12-15 18:04:00,56295.0,1.5732,1.575,1.575,1.58,1.57,92
2023-12-15 18:05:00,17178.0,1.5735,1.57,1.575,1.58,1.57,53
2023-12-15 18:06:00,126388.0,1.5781,1.575,1.58,1.58,1.57,143
2023-12-15 18:07:00,15971.0,1.5795,1.5799,1.575,1.58,1.575,24
2023-12-15 18:08:00,34801.0,1.5798,1.58,1.58,1.58,1.575,20
2023-12-15 18:09:00,38570.0,1.5726,1.58,1.5701,1.58,1.57,82
2023-12-15 18:10:00,15897.0,1.5745,1.575,1.57,1.58,1.57,48
2023-12-15 18:11:00,24803.0,1.5705,1.58,1.57,1.58,1.57,70
2023-12-15 18:12:00,135205.0,1.5682,1.57,1.565,1.575,1.56,211
2023-12-15 18:13:00,188254.0,1.5703,1.56,1.58,1.58,1.56,142
2023-12-15 18:14:00,21794.0,1.5769,1.5799,1.58,1.58,1.57,30
2023-12-15 18:15:00,29852.0,1.5721,1.575,1.575,1.58,1.57,61
2023-12-15 18:16:00,44384.0,1.5719,1.575,1.5701,1.575,1.57,114
2023-12-15 18:17:00,14653.0,1.5749,1.575,1.57,1.5788,1.57,53
2023-12-15 18:18:00,10170.0,1.5717,1.575,1.5706,1.575,1.57,30
2023-12-15 18:19:00,102385.0,1.5703,1.57,1.575,1.575,1.57,34
2023-12-15 18:20:00,6926.0,1.5757,1.575,1.58,1.58,1.57,28
2023-12-15 18:21:00,4979.0,1.5745,1.58,1.58,1.58,1.57,26
2023-12-15 18:22:00,4971.0,1.5752,1.58,1.575,1.58,1.57,25
2023-12-15 18:23:00,5171.0,1.5749,1.575,1.575,1.58,1.57,36
2023-12-15 18:24:00,3205.0,1.5776,1.575,1.58,1.58,1.57,15
2023-12-15 18:25:00,27938.0,1.5738,1.58,1.57,1.58,1.57,83
2023-12-15 18:26:00,25992.0,1.5773,1.57,1.575,1.58,1.57,46
2023-12-15 18:27:00,15587.0,1.5769,1.58,1.5799,1.58,1.57,59
2023-12-15 18:28:00,113342.0,1.5805,1.575,1.585,1.59,1.57,180
2023-12-15 18:29:00,6662.0,1.5853,1.585,1.59,1.59,1.5803,42
2023-12-15 18:30:00,22426.0,1.5853,1.585,1.5899,1.59,1.58,54
2023-12-15 18:31:00,48785.0,1.5851,1.585,1.59,1.59,1.58,56
2023-12-15 18:32:00,32913.0,1.5808,1.585,1.5899,1.59,1.58,85
2023-12-15 18:33:00,65008.0,1.5798,1.585,1.58,1.585,1.5701,98
2023-12-15 18:34:00,43775.0,1.5771,1.575,1.575,1.58,1.57,52
2023-12-15 18:35:00,8483.0,1.5712,1.57,1.575,1.5799,1.57,20
2023-12-15 18:36:00,14619.0,1.576,1.58,1.575,1.58,1.57,24
2023-12-15 18:37:00,4531.0,1.5743,1.575,1.575,1.58,1.57,14
2023-12-15 18:38:00,65598.0,1.5757,1.575,1.5797,1.58,1.57,90
2023-12-15 18:39:00,5934.0,1.5765,1.575,1.575,1.58,1.575,22
2023-12-15 18:40:00,122593.0,1.578,1.5733,1.575,1.58,1.57,164
2023-12-15 18:41:00,51952.0,1.5711,1.575,1.57,1.575,1.57,111
2023-12-15 18:42:00,19797.0,1.5719,1.57,1.58,1.58,1.57,46
2023-12-15 18:43:00,95051.0,1.5746,1.5715,1.575,1.58,1.57,55
2023-12-15 18:44:00,203684.0,1.5697,1.5703,1.565,1.575,1.56,151
2023-12-15 18:45:00,32498.0,1.5619,1.5652,1.57,1.57,1.56,41
2023-12-15 18:46:00,5577.0,1.5647,1.565,1.57,1.57,1.56,26
2023-12-15 18:47:00,12370.0,1.5684,1.565,1.5699,1.57,1.56,63
2023-12-15 18:48:00,290717.0,1.5767,1.565,1.575,1.58,1.565,202
2023-12-15 18:49:00,52141.0,1.5756,1.575,1.58,1.58,1.575,26
2023-12-15 18:50:00,7977.0,1.5757,1.57,1.58,1.58,1.57,21
2023-12-15 18:51:00,14001.0,1.5769,1.575,1.58,1.58,1.57,20
2023-12-15 18:52:00,17940.0,1.5751,1.575,1.575,1.58,1.57,34
2023-12-15 18:53:00,10731.0,1.5775,1.575,1.575,1.58,1.57,20
2023-12-15 18:54:00,34815.0,1.5722,1.575,1.57,1.58,1.57,109
2023-12-15 18:55:00,11762.0,1.5743,1.58,1.575,1.58,1.57,43
2023-12-15 18:56:00,1423.0,1.5745,1.575,1.575,1.575,1.57,14
2023-12-15 18:57:00,11523.0,1.5713,1.575,1.575,1.58,1.57,24
2023-12-15 18:58:00,918.0,1.575,1.575,1.58,1.58,1.575,15
2023-12-15 18:59:00,24531.0,1.578,1.575,1.575,1.58,1.57,65
2023-12-15 19:00:00,11479.0,1.5717,1.57,1.575,1.58,1.57,64
2023-12-15 19:01:00,17538.0,1.5734,1.57,1.58,1.58,1.57,23
2023-12-15 19:02:00,6858.0,1.5772,1.58,1.575,1.58,1.57,38
2023-12-15 19:03:00,11803.0,1.575,1.575,1.58,1.58,1.57,43
2023-12-15 19:04:00,28988.0,1.573,1.575,1.575,1.58,1.57,56
2023-12-15 19:05:00,22329.0,1.5712,1.575,1.57,1.58,1.57,91
2023-12-15 19:06:00,11019.0,1.576,1.575,1.58,1.58,1.57,38
2023-12-15 19:07:00,8878.0,1.5747,1.58,1.575,1.58,1.5719,36
2023-12-15 19:08:00,10063.0,1.5768,1.58,1.575,1.58,1.57,41
2023-12-15 19:09:00,13471.0,1.573,1.575,1.58,1.58,1.57,34
2023-12-15 19:10:00,14191.0,1.5754,1.58,1.5719,1.58,1.57,37
2023-12-15 19:11:00,7246.0,1.5752,1.575,1.575,1.58,1.57,24
2023-12-15 19:12:00,8027.0,1.5755,1.575,1.5799,1.58,1.57,42
2023-12-15 19:13:00,172100.0,1.5805,1.575,1.585,1.585,1.5725,243
2023-12-15 19:14:00,10113.0,1.5814,1.58,1.585,1.585,1.58,43
2023-12-15 19:15:00,11969.0,1.5872,1.585,1.58,1.59,1.58,24
2023-12-15 19:16:00,31590.0,1.5814,1.585,1.5878,1.59,1.58,48
2023-12-15 19:17:00,23195.0,1.5805,1.585,1.585,1.585,1.58,38
2023-12-15 19:18:00,4646.0,1.5826,1.58,1.5875,1.5875,1.58,25
2023-12-15 19:19:00,2106.0,1.5823,1.585,1.585,1.5879,1.58,15
2023-12-15 19:20:00,12980.0,1.5805,1.5801,1.58,1.585,1.58,29
2023-12-15 19:21:00,4304.0,1.5838,1.585,1.585,1.59,1.58,25
2023-12-15 19:22:00,5456.0,1.5842,1.59,1.585,1.59,1.58,26
2023-12-15 19:23:00,11023.0,1.5823,1.58,1.5883,1.59,1.58,44
2023-12-15 19:24:00,6744.0,1.5832,1.585,1.585,1.5881,1.58,36
2023-12-15 19:25:00,11065.0,1.5841,1.585,1.585,1.59,1.58,47
2023-12-15 19:26:00,5861.0,1.5825,1.585,1.585,1.59,1.58,36
2023-12-15 19:27:00,8654.0,1.582,1.5883,1.59,1.59,1.58,27
2023-12-15 19:28:00,168622.0,1.5793,1.59,1.58,1.59,1.57,206
2023-12-15 19:29:00,278474.0,1.5794,1.58,1.5808,1.585,1.57,172
2023-12-15 19:30:00,45401.0,1.5815,1.5807,1.585,1.59,1.58,62
2023-12-15 19:31:00,14460.0,1.5837,1.5883,1.585,1.59,1.58,29
2023-12-15 19:32:00,17868.0,1.5846,1.585,1.585,1.5883,1.58,30
2023-12-15 19:33:00,7418.0,1.585,1.585,1.585,1.585,1.585,18
2023-12-15 19:34:00,7199.0,1.5847,1.585,1.585,1.585,1.58,19
2023-12-15 19:35:00,12020.0,1.5846,1.5801,1.58,1.5884,1.58,30
2023-12-15 19:36:00,10674.0,1.5874,1.58,1.59,1.59,1.58,39
2023-12-15 19:37:00,147733.0,1.5816,1.585,1.585,1.59,1.58,163
2023-12-15 19:38:00,6400.0,1.5867,1.59,1.59,1.59,1.58,26
2023-12-15 19:39:00,3545.0,1.5829,1.58,1.585,1.59,1.58,16
2023-12-15 19:40:00,5608.0,1.5849,1.58,1.585,1.59,1.58,39
2023-12-15 19:41:00,9201.0,1.5853,1.585,1.59,1.59,1.585,29
2023-12-15 19:42:00,246990.0,1.5894,1.5825,1.59,1.59,1.58,221
2023-12-15 19:43:00,172413.0,1.5915,1.58,1.595,1.5999,1.58,234
2023-12-15 19:44:00,12777.0,1.5938,1.59,1.595,1.595,1.59,44
2023-12-15 19:45:00,11374.0,1.5916,1.59,1.595,1.6,1.59,59
2023-12-15 19:46:00,1948.0,1.5928,1.595,1.5977,1.5977,1.59,15
2023-12-15 19:47:00,9834.0,1.5911,1.59,1.595,1.595,1.59,43
2023-12-15 19:48:00,3872.0,1.5957,1.595,1.595,1.6,1.59,22
2023-12-15 19:49:00,14441.0,1.5949,1.59,1.595,1.6,1.59,91
2023-12-15 19:50:00,17948.0,1.5953,1.595,1.6,1.6,1.59,32
2023-12-15 19:51:00,7347.0,1.5937,1.6,1.59,1.6,1.59,18
2023-12-15 19:52:00,7196.0,1.5954,1.595,1.59,1.6,1.59,29
2023-12-15 19:53:00,8398.0,1.5968,1.595,1.595,1.6,1.59,40
2023-12-15 19:54:00,19131.0,1.5948,1.595,1.59,1.6,1.59,64
2023-12-15 19:55:00,160761.0,1.59,1.6,1.585,1.6,1.585,218
2023-12-15 19:56:00,21464.0,1.5849,1.5899,1.585,1.59,1.58,43
2023-12-15 19:57:00,122855.0,1.5899,1.585,1.595,1.6,1.585,130
2023-12-15 19:58:00,24042.0,1.5915,1.595,1.59,1.595,1.59,64
2023-12-15 19:59:00,17975.0,1.5908,1.595,1.5916,1.595,1.59,40
2023-12-15 20:00:00,13215.0,1.5938,1.5914,1.595,1.595,1.59,46
2023-12-15 20:01:00,19397.0,1.5908,1.595,1.595,1.595,1.59,48
2023-12-15 20:02:00,10932.0,1.5915,1.595,1.59,1.598,1.59,36
2023-12-15 20:03:00,7514.0,1.5936,1.59,1.595,1.6,1.59,33
2023-12-15 20:04:00,9729.0,1.5906,1.595,1.59,1.595,1.59,37
2023-12-15 20:05:00,11415.0,1.5953,1.59,1.595,1.6,1.59,43
2023-12-15 20:06:00,7627.0,1.5953,1.595,1.595,1.6,1.59,42
2023-12-15 20:07:00,7888.0,1.5954,1.595,1.595,1.6,1.59,41
2023-12-15 20:08:00,6196.0,1.5954,1.6,1.595,1.6,1.59,33
2023-12-15 20:09:00,13979.0,1.5954,1.59,1.595,1.6,1.59,70
2023-12-15 20:10:00,6934.0,1.5944,1.595,1.595,1.6,1.59,46
2023-12-15 20:11:00,6939.0,1.594,1.6,1.595,1.6,1.59,35
2023-12-15 20:12:00,6853.0,1.5968,1.595,1.6,1.6,1.59,59
2023-12-15 20:13:00,222294.0,1.5892,1.59,1.585,1.6,1.58,238
2023-12-15 20:14:00,38501.0,1.5848,1.585,1.585,1.59,1.58,75
2023-12-15 20:15:00,13094.0,1.5831,1.58,1.585,1.585,1.58,66
2023-12-15 20:16:00,3330.0,1.5839,1.58,1.585,1.585,1.58,23
2023-12-15 20:17:00,12967.0,1.5856,1.585,1.585,1.59,1.58,50
2023-12-15 20:18:00,6096.0,1.5844,1.585,1.585,1.585,1.58,37
2023-12-15 20:19:00,4442.0,1.5832,1.59,1.585,1.59,1.58,22
2023-12-15 20:20:00,9649.0,1.585,1.5878,1.585,1.5878,1.58,20
2023-12-15 20:21:00,12505.0,1.5841,1.585,1.58,1.585,1.58,60
2023-12-15 20:22:00,15432.0,1.5834,1.585,1.585,1.59,1.58,78
2023-12-15 20:23:00,6299.0,1.5846,1.59,1.585,1.59,1.58,51
2023-12-15 20:24:00,38711.0,1.5856,1.585,1.585,1.59,1.58,93
2023-12-15 20:25:00,14762.0,1.5829,1.5837,1.585,1.59,1.58,57
2023-12-15 20:26:00,8067.0,1.5851,1.585,1.585,1.59,1.58,62
2023-12-15 20:27:00,17664.0,1.5847,1.58,1.585,1.59,1.58,86
2023-12-15 20:28:00,4912.0,1.5861,1.585,1.585,1.59,1.58,41
2023-12-15 20:29:00,13128.0,1.5841,1.58,1.585,1.59,1.58,69
2023-12-15 20:30:00,122554.0,1.5886,1.585,1.585,1.59,1.58,199
2023-12-15 20:31:00,40873.0,1.5872,1.59,1.59,1.59,1.58,103
2023-12-15 20:32:00,19687.0,1.5869,1.585,1.59,1.59,1.5801,62
2023-12-15 20:33:00,45863.0,1.5851,1.59,1.585,1.59,1.58,69
2023-12-15 20:34:00,34670.0,1.5827,1.58,1.59,1.59,1.58,69
2023-12-15 20:35:00,15544.0,1.5848,1.585,1.5899,1.59,1.5819,56
2023-12-15 20:36:00,10162.0,1.5843,1.585,1.585,1.59,1.58,64
2023-12-15 20:37:00,114353.0,1.5869,1.585,1.585,1.59,1.58,104
2023-12-15 20:38:00,12122.0,1.587,1.5825,1.59,1.59,1.58,67
2023-12-15 20:39:00,25910.0,1.5872,1.5899,1.585,1.59,1.58,73
2023-12-15 20:40:00,8920.0,1.5882,1.585,1.585,1.59,1.585,45
2023-12-15 20:41:00,8667.0,1.5881,1.59,1.585,1.59,1.585,50
2023-12-15 20:42:00,12888.0,1.5874,1.5821,1.59,1.59,1.5821,40
2023-12-15 20:43:00,12308.0,1.5886,1.585,1.59,1.59,1.585,57
2023-12-15 20:44:00,205321.0,1.5867,1.585,1.59,1.59,1.58,165
2023-12-15 20:45:00,282047.0,1.5907,1.59,1.595,1.595,1.585,370
2023-12-15 20:46:00,43565.0,1.5913,1.59,1.6,1.6,1.59,84
2023-12-15 20:47:00,49976.0,1.5938,1.595,1.595,1.6,1.59,93
2023-12-15 20:48:00,37401.0,1.5955,1.595,1.595,1.6,1.59,95
2023-12-15 20:49:00,28387.0,1.5945,1.6,1.6,1.6,1.5905,106
2023-12-15 20:50:00,109364.0,1.5997,1.6,1.6,1.6,1.595,262
2023-12-15 20:51:00,23512.0,1.5997,1.6,1.6,1.6,1.595,90
2023-12-15 20:52:00,44518.0,1.5991,1.6,1.6,1.6,1.59,106
2023-12-15 20:53:00,28724.0,1.5967,1.59,1.6,1.6,1.59,74
2023-12-15 20:54:00,34534.0,1.5994,1.6,1.6,1.6,1.5925,79
2023-12-15 20:55:00,240667.0,1.6022,1.6,1.61,1.61,1.595,256
2023-12-15 20:56:00,135672.0,1.6098,1.61,1.61,1.61,1.605,297
2023-12-15 20:57:00,127369.0,1.6087,1.61,1.61,1.61,1.6022,209
2023-12-15 20:58:00,287569.0,1.6037,1.61,1.6075,1.61,1.6,382
2023-12-15 20:59:00,313621.0,1.6036,1.61,1.6,1.61,1.6,680
2023-12-15 21:00:00,22323.0,1.61,1.61,1.61,1.61,1.61,4
2023-12-15 21:02:00,100.0,1.6,1.6,1.6,1.6,1.6,1
2023-12-15 21:03:00,401049.0,1.61,1.61,1.61,1.61,1.61,9
2023-12-15 21:09:00,5000.0,1.6,1.6,1.6,1.6,1.6,7
2023-12-15 21:16:00,500.0,1.6097,1.6097,1.6097,1.6097,1.6097,1
2023-12-15 21:20:00,338.0,1.61,1.61,1.61,1.61,1.61,1
2023-12-15 21:21:00,1000.0,1.6003,1.6003,1.6003,1.6003,1.6003,1
2023-12-15 21:33:00,2521.0,1.6003,1.6003,1.6003,1.6003,1.6003,2
2023-12-15 21:35:00,461.0,1.6,1.6,1.6,1.6,1.6,1
2023-12-15 21:39:00,150.0,1.6098,1.6098,1.6098,1.6098,1.6098,1
2023-12-15 21:45:00,100.0,1.61,1.61,1.61,1.61,1.61,1
2023-12-15 21:49:00,247.0,1.6,1.6,1.6,1.6,1.6,2
2023-12-15 22:08:00,825.0,1.61,1.61,1.61,1.61,1.61,2
2023-12-15 22:27:00,2000.0,1.61,1.61,1.61,1.61,1.61,3
2023-12-15 22:29:00,101.0,1.6,1.6,1.6,1.6,1.6,2
2023-12-15 22:33:00,200.0,1.6,1.6,1.6,1.6,1.6,1
2023-12-15 22:41:00,500.0,1.6097,1.6097,1.6097,1.6097,1.6097,1
2023-12-15 22:55:00,1100.0,1.6011,1.6002,1.61,1.61,1.6002,2
2023-12-15 23:00:00,616.0,1.6,1.6,1.6,1.6,1.6,2
2023-12-15 23:16:00,239.0,1.6001,1.6001,1.6001,1.6001,1.6001,1
2023-12-15 23:40:00,400.0,1.6001,1.6001,1.6001,1.6001,1.6001,1
2023-12-15 23:49:00,2219.0,1.6,1.6,1.6,1.6,1.6,1
2023-12-15 23:55:00,284.0,1.6,1.6,1.6,1.6,1.6,1
2023-12-15 23:58:00,250.0,1.6,1.6,1.6,1.6,1.6,1
2023-12-16 00:00:00,1400.0,1.61,1.61,1.61,1.61,1.61,2
2023-12-16 00:14:00,501.0,1.61,1.61,1.61,1.61,1.61,2
2023-12-16 00:16:00,5000.0,1.61,1.61,1.61,1.61,1.61,1
2023-12-16 00:17:00,5000.0,1.6099,1.6099,1.6099,1.6099,1.6099,1
2023-12-16 00:18:00,1000.0,1.61,1.61,1.61,1.61,1.61,1
2023-12-16 00:21:00,1000.0,1.61,1.61,1.61,1.61,1.61,2
2023-12-16 00:23:00,4610.0,1.61,1.61,1.61,1.61,1.61,9
2023-12-16 00:25:00,390.0,1.61,1.61,1.61,1.61,1.61,1
2023-12-16 00:31:00,652.0,1.6,1.6,1.6,1.6,1.6,4
2023-12-16 00:32:00,3457.0,1.6,1.6,1.6,1.6,1.6,3
2023-12-16 00:49:00,110.0,1.6018,1.6,1.6,1.6,1.6,2
2023-12-16 00:58:00,158.0,1.61,1.61,1.61,1.61,1.61,1
2023-12-18 09:01:00,344.0,1.6455,1.65,1.64,1.65,1.64,4
2023-12-18 09:07:00,100.0,1.62,1.62,1.62,1.62,1.62,1
2023-12-18 09:08:00,491.0,1.612,1.61,1.62,1.62,1.61,2
2023-12-18 09:41:00,500.0,1.63,1.63,1.63,1.63,1.63,1
2023-12-18 10:02:00,200.0,1.63,1.63,1.63,1.63,1.63,1
2023-12-18 10:13:00,1500.0,1.63,1.63,1.63,1.63,1.63,2
2023-12-18 10:15:00,200.0,1.63,1.63,1.63,1.63,1.63,1
2023-12-18 10:20:00,100.0,1.625,1.625,1.625,1.625,1.625,1
2023-12-18 10:30:00,1906.0,1.62,1.62,1.62,1.62,1.62,3
2023-12-18 10:45:00,200.0,1.63,1.63,1.63,1.63,1.63,1
2023-12-18 10:47:00,799.0,1.63,1.63,1.63,1.63,1.63,3
2023-12-18 10:58:00,1536.0,1.6299,1.63,1.63,1.63,1.63,5
2023-12-18 10:59:00,200.0,1.6225,1.625,1.62,1.625,1.62,2
2023-12-18 11:02:00,489.0,1.63,1.63,1.63,1.63,1.63,2
2023-12-18 11:15:00,265.0,1.63,1.63,1.63,1.63,1.63,1
2023-12-18 11:22:00,2682.0,1.62,1.62,1.62,1.62,1.62,9
2023-12-18 11:23:00,180.0,1.6272,1.625,1.625,1.625,1.625,2
2023-12-18 11:55:00,634.0,1.62,1.62,1.62,1.62,1.62,2
2023-12-18 12:00:00,4264.0,1.6231,1.62,1.63,1.63,1.62,13
2023-12-18 12:06:00,200.0,1.62,1.62,1.62,1.62,1.62,1
2023-12-18 12:16:00,3000.0,1.63,1.63,1.63,1.63,1.63,5
2023-12-18 12:23:00,500.0,1.62,1.62,1.62,1.62,1.62,2
2023-12-18 13:00:00,8482.0,1.6215,1.6203,1.62,1.63,1.62,19
2023-12-18 13:02:00,2929.0,1.6157,1.62,1.61,1.62,1.6,8
2023-12-18 13:06:00,300.0,1.63,1.63,1.63,1.63,1.63,1
2023-12-18 13:07:00,2505.0,1.6298,1.6298,1.6298,1.6298,1.6298,2
2023-12-18 13:11:00,1037.0,1.6297,1.6297,1.6297,1.6297,1.6297,2
2023-12-18 13:14:00,1000.0,1.6299,1.63,1.6298,1.63,1.6298,2
2023-12-18 13:17:00,5000.0,1.63,1.63,1.63,1.63,1.63,1
2023-12-18 13:18:00,500.0,1.63,1.63,1.63,1.63,1.63,1
2023-12-18 13:24:00,2000.0,1.63,1.63,1.63,1.63,1.63,4
2023-12-18 13:27:00,17905.0,1.6204,1.63,1.6103,1.63,1.6103,26
2023-12-18 13:29:00,8594.0,1.61,1.61,1.61,1.61,1.61,16
2023-12-18 13:30:00,100.0,1.6101,1.6101,1.6101,1.6101,1.6101,1
2023-12-18 13:31:00,19905.0,1.61,1.61,1.61,1.61,1.61,22
2023-12-18 13:32:00,6639.0,1.6,1.6,1.6,1.6,1.6,13
2023-12-18 13:35:00,1300.0,1.6,1.6,1.6,1.6,1.6,1
2023-12-18 13:36:00,578.0,1.6,1.6,1.6,1.6,1.6,1
2023-12-18 13:38:00,600.0,1.6002,1.6002,1.6002,1.6002,1.6002,1
2023-12-18 13:44:00,1001.0,1.61,1.61,1.61,1.61,1.61,2
2023-12-18 13:47:00,10500.0,1.6005,1.6,1.61,1.61,1.6,2
2023-12-18 13:49:00,700.0,1.6,1.6,1.6,1.6,1.6,1
2023-12-18 13:53:00,16800.0,1.61,1.61,1.61,1.61,1.61,30
2023-12-18 13:56:00,1000.0,1.62,1.62,1.62,1.62,1.62,1
2023-12-18 14:00:00,310.0,1.62,1.62,1.62,1.62,1.62,1
2023-12-18 14:01:00,108.0,1.61,1.61,1.61,1.61,1.61,2
2023-12-18 14:02:00,5060.0,1.6199,1.6199,1.6199,1.6199,1.6199,2
2023-12-18 14:04:00,300.0,1.62,1.62,1.62,1.62,1.62,1
2023-12-18 14:05:00,750.0,1.61,1.61,1.61,1.61,1.61,1
2023-12-18 14:07:00,2003.0,1.62,1.62,1.62,1.62,1.62,5
2023-12-18 14:09:00,1244.0,1.6128,1.62,1.61,1.62,1.61,3
2023-12-18 14:10:00,100.0,1.62,1.62,1.62,1.62,1.62,1
2023-12-18 14:11:00,1100.0,1.6191,1.6102,1.62,1.62,1.6102,3
2023-12-18 14:19:00,657.0,1.6199,1.6199,1.6199,1.6199,1.6199,3
2023-12-18 14:23:00,133.0,1.61,1.61,1.61,1.61,1.61,1
2023-12-18 14:24:00,500.0,1.62,1.62,1.62,1.62,1.62,5
2023-12-18 14:26:00,4088.0,1.6102,1.62,1.61,1.62,1.61,2
2023-12-18 14:27:00,698.0,1.61,1.61,1.61,1.61,1.61,1
2023-12-18 14:30:00,103165.0,1.5915,1.61,1.59,1.62,1.58,242
2023-12-18 14:31:00,4946.0,1.5908,1.6,1.585,1.6,1.585,28
2023-12-18 14:32:00,8864.0,1.5909,1.585,1.59,1.5999,1.585,22
2023-12-18 14:33:00,235940.0,1.5902,1.595,1.595,1.6,1.59,229
2023-12-18 14:34:00,162023.0,1.5973,1.5999,1.59,1.61,1.58,169
2023-12-18 14:35:00,51683.0,1.5916,1.59,1.5993,1.6,1.58,75
2023-12-18 14:36:00,33540.0,1.5983,1.6,1.595,1.6,1.59,54
2023-12-18 14:37:00,156785.0,1.5972,1.595,1.605,1.61,1.59,209
2023-12-18 14:38:00,128820.0,1.6125,1.605,1.6,1.62,1.6,148
2023-12-18 14:39:00,19941.0,1.6032,1.6008,1.6008,1.61,1.6,50
2023-12-18 14:40:00,139969.0,1.6052,1.6,1.6,1.61,1.6,82
2023-12-18 14:41:00,36936.0,1.5923,1.59,1.58,1.6,1.58,63
2023-12-18 14:42:00,85897.0,1.59,1.59,1.59,1.5987,1.585,118
2023-12-18 14:43:00,162078.0,1.6043,1.5892,1.605,1.62,1.5892,203
2023-12-18 14:44:00,44482.0,1.6075,1.61,1.61,1.61,1.6,105
2023-12-18 14:45:00,54525.0,1.6054,1.605,1.605,1.61,1.6,136
2023-12-18 14:46:00,46241.0,1.5971,1.6018,1.59,1.61,1.59,99
2023-12-18 14:47:00,83601.0,1.5872,1.59,1.585,1.59,1.58,143
2023-12-18 14:48:00,29973.0,1.5881,1.59,1.585,1.59,1.58,52
2023-12-18 14:49:00,57206.0,1.5917,1.59,1.595,1.6,1.59,90
2023-12-18 14:50:00,127232.0,1.6019,1.6,1.61,1.61,1.595,107
2023-12-18 14:51:00,47858.0,1.6036,1.605,1.6,1.61,1.6,83
2023-12-18 14:52:00,91421.0,1.5994,1.6001,1.59,1.61,1.59,111
2023-12-18 14:53:00,34974.0,1.5924,1.5993,1.5908,1.6,1.59,56
2023-12-18 14:54:00,43729.0,1.5962,1.5908,1.5992,1.6,1.59,79
2023-12-18 14:55:00,17568.0,1.597,1.5913,1.5999,1.6,1.5913,41
2023-12-18 14:56:00,14276.0,1.5948,1.5999,1.5915,1.5999,1.59,26
2023-12-18 14:57:00,64276.0,1.5969,1.595,1.59,1.6,1.59,76
2023-12-18 14:58:00,9814.0,1.5971,1.595,1.5998,1.6,1.59,21
2023-12-18 14:59:00,17618.0,1.5992,1.595,1.595,1.6,1.59,49
2023-12-18 15:00:00,79110.0,1.6014,1.595,1.605,1.61,1.595,101
2023-12-18 15:01:00,60124.0,1.6038,1.61,1.605,1.61,1.6,161
2023-12-18 15:02:00,36956.0,1.6003,1.605,1.6,1.605,1.6,47
2023-12-18 15:03:00,190294.0,1.5981,1.6,1.5923,1.61,1.59,140
2023-12-18 15:04:00,35392.0,1.5962,1.5984,1.595,1.6,1.59,30
2023-12-18 15:05:00,43821.0,1.5969,1.595,1.5977,1.5999,1.59,52
2023-12-18 15:06:00,48063.0,1.597,1.595,1.6,1.6,1.59,89
2023-12-18 15:07:00,23242.0,1.5968,1.6,1.595,1.6,1.59,38
2023-12-18 15:08:00,50624.0,1.5921,1.595,1.595,1.5985,1.59,58
2023-12-18 15:09:00,38899.0,1.599,1.6,1.6,1.6,1.59,91
2023-12-18 15:10:00,105520.0,1.6008,1.595,1.605,1.61,1.595,152
2023-12-18 15:11:00,47983.0,1.6019,1.605,1.605,1.61,1.6,59
2023-12-18 15:12:00,104308.0,1.5991,1.605,1.595,1.605,1.592,107
2023-12-18 15:13:00,27793.0,1.5966,1.595,1.595,1.6,1.59,50
2023-12-18 15:14:00,17958.0,1.5949,1.5915,1.591,1.5987,1.59,32
2023-12-18 15:15:00,59927.0,1.5932,1.595,1.595,1.5984,1.59,66
2023-12-18 15:16:00,12880.0,1.5934,1.595,1.595,1.5995,1.59,40
2023-12-18 15:17:00,8260.0,1.597,1.5913,1.5975,1.6,1.59,39
2023-12-18 15:18:00,26420.0,1.5971,1.5975,1.5911,1.6,1.59,47
2023-12-18 15:19:00,36429.0,1.5917,1.59,1.5975,1.6,1.59,52
2023-12-18 15:20:00,3528.0,1.5978,1.5994,1.6,1.6,1.59,28
2023-12-18 15:21:00,103989.0,1.5896,1.595,1.5853,1.595,1.58,139
2023-12-18 15:22:00,40385.0,1.582,1.585,1.58,1.585,1.58,36
2023-12-18 15:23:00,15258.0,1.5818,1.5833,1.582,1.5899,1.58,42
2023-12-18 15:24:00,4100.0,1.5863,1.59,1.58,1.59,1.58,30
2023-12-18 15:25:00,118467.0,1.5789,1.58,1.57,1.5875,1.57,165
2023-12-18 15:26:00,14804.0,1.5744,1.5775,1.57,1.5799,1.57,42
2023-12-18 15:27:00,19537.0,1.5715,1.57,1.5713,1.5785,1.57,28
2023-12-18 15:28:00,69397.0,1.577,1.57,1.57,1.58,1.57,47
2023-12-18 15:29:00,138263.0,1.569,1.57,1.57,1.5778,1.56,180
2023-12-18 15:30:00,45123.0,1.5627,1.5684,1.57,1.57,1.56,73
2023-12-18 15:31:00,43229.0,1.5618,1.57,1.565,1.57,1.56,87
2023-12-18 15:32:00,44579.0,1.5621,1.565,1.56,1.57,1.56,35
2023-12-18 15:33:00,56509.0,1.5611,1.5603,1.56,1.5699,1.56,30
2023-12-18 15:34:00,17171.0,1.5668,1.565,1.565,1.57,1.56,33
2023-12-18 15:35:00,23954.0,1.5648,1.565,1.56,1.5698,1.56,33
2023-12-18 15:36:00,29863.0,1.5636,1.565,1.56,1.57,1.56,66
2023-12-18 15:37:00,64335.0,1.5605,1.56,1.565,1.57,1.56,60
2023-12-18 15:38:00,173321.0,1.5561,1.5601,1.5502,1.57,1.55,242
2023-12-18 15:39:00,32788.0,1.5514,1.5515,1.555,1.5599,1.55,60
2023-12-18 15:40:00,32631.0,1.5517,1.555,1.55,1.5578,1.55,57
2023-12-18 15:41:00,183555.0,1.5594,1.55,1.5699,1.5699,1.55,156
2023-12-18 15:42:00,25482.0,1.5629,1.57,1.562,1.57,1.56,41
2023-12-18 15:43:00,41090.0,1.5691,1.565,1.57,1.57,1.56,62
2023-12-18 15:44:00,10771.0,1.566,1.57,1.57,1.57,1.56,45
2023-12-18 15:45:00,19786.0,1.5673,1.57,1.5621,1.57,1.56,42
2023-12-18 15:46:00,27504.0,1.5658,1.5692,1.565,1.57,1.5601,54
2023-12-18 15:47:00,120208.0,1.5618,1.5687,1.565,1.57,1.56,52
2023-12-18 15:48:00,23714.0,1.5633,1.57,1.5684,1.57,1.56,71
2023-12-18 15:49:00,40944.0,1.5653,1.565,1.5684,1.57,1.56,56
2023-12-18 15:50:00,60075.0,1.5656,1.565,1.57,1.57,1.56,54
2023-12-18 15:51:00,30773.0,1.5645,1.565,1.56,1.57,1.56,41
2023-12-18 15:52:00,8942.0,1.5641,1.5601,1.56,1.57,1.56,26
2023-12-18 15:53:00,78101.0,1.5648,1.565,1.565,1.57,1.56,53
2023-12-18 15:54:00,1635.0,1.5653,1.565,1.565,1.57,1.565,15
2023-12-18 15:55:00,60180.0,1.5691,1.565,1.57,1.57,1.565,78
2023-12-18 15:56:00,29285.0,1.5681,1.57,1.57,1.57,1.56,57
2023-12-18 15:57:00,9231.0,1.5683,1.57,1.565,1.57,1.56,33
2023-12-18 15:58:00,1546.0,1.5692,1.57,1.565,1.57,1.565,21
2023-12-18 15:59:00,11357.0,1.5652,1.57,1.57,1.57,1.565,28
2023-12-18 16:00:00,55167.0,1.5646,1.565,1.57,1.57,1.56,107
2023-12-18 16:01:00,10803.0,1.5666,1.5683,1.565,1.57,1.56,48
2023-12-18 16:02:00,11188.0,1.5678,1.565,1.5696,1.57,1.565,45
2023-12-18 16:03:00,14053.0,1.565,1.565,1.565,1.57,1.5601,57
2023-12-18 16:04:00,18169.0,1.5668,1.57,1.57,1.57,1.5625,45
2023-12-18 16:05:00,7948.0,1.5697,1.565,1.57,1.57,1.565,43
2023-12-18 16:06:00,15764.0,1.5685,1.565,1.57,1.57,1.5625,56
2023-12-18 16:07:00,4372.0,1.5694,1.57,1.57,1.57,1.565,36
2023-12-18 16:08:00,25821.0,1.5676,1.5625,1.57,1.57,1.56,63
2023-12-18 16:09:00,14061.0,1.5673,1.57,1.57,1.57,1.5625,40
2023-12-18 16:10:00,99812.0,1.5714,1.57,1.5701,1.58,1.5688,100
2023-12-18 16:11:00,72068.0,1.5826,1.5721,1.59,1.59,1.5701,123
2023-12-18 16:12:00,35929.0,1.582,1.59,1.59,1.59,1.58,61
2023-12-18 16:13:00,3672.0,1.588,1.59,1.59,1.59,1.585,29
2023-12-18 16:14:00,29119.0,1.5899,1.59,1.59,1.59,1.5868,38
2023-12-18 16:15:00,8989.0,1.5894,1.59,1.59,1.59,1.5889,34
2023-12-18 16:16:00,178243.0,1.5908,1.59,1.6,1.6,1.59,240
2023-12-18 16:17:00,1637.0,1.5946,1.595,1.59,1.6,1.59,21
2023-12-18 16:18:00,9396.0,1.5917,1.5902,1.5921,1.5989,1.59,25
2023-12-18 16:19:00,95915.0,1.5891,1.59,1.586,1.59,1.58,118
2023-12-18 16:20:00,8099.0,1.5818,1.5801,1.5801,1.59,1.58,19
2023-12-18 16:21:00,1810.0,1.5817,1.5838,1.581,1.5875,1.58,19
2023-12-18 16:22:00,62706.0,1.5804,1.58,1.575,1.59,1.575,89
2023-12-18 16:23:00,31337.0,1.5718,1.575,1.5784,1.58,1.57,44
2023-12-18 16:24:00,20694.0,1.5766,1.57,1.575,1.5791,1.57,63
2023-12-18 16:25:00,13917.0,1.5731,1.575,1.5783,1.5783,1.57,34
2023-12-18 16:26:00,25088.0,1.579,1.575,1.575,1.58,1.575,58
2023-12-18 16:27:00,100082.0,1.5805,1.575,1.58,1.59,1.575,147
2023-12-18 16:28:00,25695.0,1.5859,1.588,1.585,1.59,1.58,49
2023-12-18 16:29:00,7203.0,1.5882,1.585,1.59,1.59,1.58,33
2023-12-18 16:30:00,75830.0,1.5826,1.585,1.59,1.59,1.58,96
2023-12-18 16:31:00,6055.0,1.5874,1.59,1.59,1.59,1.58,22
2023-12-18 16:32:00,4039.0,1.5871,1.585,1.59,1.59,1.585,23
2023-12-18 16:33:00,1225.0,1.5898,1.59,1.59,1.59,1.59,18
2023-12-18 16:34:00,609.0,1.5894,1.59,1.59,1.59,1.59,7
2023-12-18 16:35:00,15829.0,1.5885,1.59,1.585,1.59,1.58,42
2023-12-18 16:36:00,20814.0,1.5872,1.59,1.585,1.59,1.58,46
2023-12-18 16:37:00,166832.0,1.5798,1.5819,1.58,1.59,1.575,173
2023-12-18 16:38:00,10970.0,1.5751,1.575,1.575,1.58,1.57,35
2023-12-18 16:39:00,17707.0,1.5724,1.57,1.57,1.58,1.57,41
2023-12-18 16:40:00,10362.0,1.5745,1.575,1.575,1.58,1.57,32
2023-12-18 16:41:00,2692.0,1.5749,1.575,1.575,1.575,1.5742,17
2023-12-18 16:42:00,8634.0,1.5714,1.575,1.57,1.5778,1.57,34
2023-12-18 16:43:00,161666.0,1.5695,1.57,1.5662,1.58,1.56,199
2023-12-18 16:44:00,200088.0,1.5712,1.57,1.5702,1.58,1.5699,133
2023-12-18 16:45:00,21469.0,1.5715,1.5781,1.58,1.58,1.5703,14
2023-12-18 16:46:00,5221.0,1.5738,1.5753,1.58,1.58,1.57,20
2023-12-18 16:47:00,35020.0,1.5792,1.575,1.58,1.58,1.5718,68
2023-12-18 16:48:00,78665.0,1.5808,1.58,1.585,1.59,1.5766,89
2023-12-18 16:49:00,8512.0,1.5832,1.585,1.59,1.59,1.58,14
2023-12-18 16:50:00,6428.0,1.5894,1.5873,1.5889,1.59,1.58,17
2023-12-18 16:51:00,3728.0,1.589,1.5897,1.59,1.59,1.5881,15
2023-12-18 16:52:00,8810.0,1.586,1.585,1.59,1.59,1.585,15
2023-12-18 16:53:00,26885.0,1.5836,1.5889,1.59,1.59,1.58,43
2023-12-18 16:54:00,52824.0,1.5818,1.585,1.58,1.59,1.58,94
2023-12-18 16:55:00,4904.0,1.5863,1.585,1.585,1.59,1.585,18
2023-12-18 16:56:00,119877.0,1.5787,1.5815,1.5706,1.59,1.57,129
2023-12-18 16:57:00,3426.0,1.5765,1.57,1.57,1.58,1.57,19
2023-12-18 16:58:00,1680.0,1.5754,1.57,1.5749,1.58,1.57,21
2023-12-18 16:59:00,1248.0,1.5752,1.58,1.575,1.58,1.57,9
2023-12-18 17:00:00,171790.0,1.5795,1.575,1.585,1.5881,1.57,245
2023-12-18 17:01:00,1568.0,1.5809,1.58,1.585,1.585,1.58,11
2023-12-18 17:02:00,1633.0,1.5804,1.58,1.58,1.5802,1.58,6
2023-12-18 17:03:00,6493.0,1.5816,1.5897,1.58,1.5897,1.58,16
2023-12-18 17:04:00,39167.0,1.582,1.58,1.58,1.59,1.58,70
2023-12-18 17:05:00,5686.0,1.5836,1.58,1.584,1.59,1.58,17
2023-12-18 17:06:00,2967.0,1.5855,1.5841,1.5881,1.59,1.58,17
2023-12-18 17:07:00,2683.0,1.584,1.585,1.59,1.59,1.58,15
2023-12-18 17:08:00,113875.0,1.5805,1.59,1.58,1.59,1.58,39
2023-12-18 17:09:00,2440.0,1.5845,1.59,1.5861,1.59,1.58,14
2023-12-18 17:10:00,259025.0,1.591,1.58,1.595,1.6,1.58,189
2023-12-18 17:11:00,43701.0,1.5952,1.595,1.5982,1.6,1.5901,44
2023-12-18 17:12:00,12559.0,1.5949,1.595,1.6,1.6,1.59,29
2023-12-18 17:13:00,20781.0,1.594,1.595,1.595,1.5986,1.59,70
2023-12-18 17:14:00,2699.0,1.5983,1.6,1.6,1.6,1.595,15
2023-12-18 17:15:00,6422.0,1.5954,1.595,1.6,1.6,1.5942,34
2023-12-18 17:16:00,2194.0,1.5954,1.5941,1.595,1.6,1.5941,9
2023-12-18 17:17:00,28891.0,1.5991,1.595,1.5999,1.6,1.595,75
2023-12-18 17:18:00,21541.0,1.5985,1.5982,1.595,1.6,1.595,57
2023-12-18 17:19:00,39238.0,1.596,1.6,1.6,1.6,1.5928,63
2023-12-18 17:20:00,49954.0,1.5993,1.595,1.595,1.6,1.595,108
2023-12-18 17:21:00,18964.0,1.5975,1.595,1.6,1.6,1.595,41
2023-12-18 17:22:00,9628.0,1.5983,1.6,1.595,1.6,1.595,15
2023-12-18 17:23:00,13583.0,1.5982,1.6,1.6,1.6,1.5914,27
2023-12-18 17:24:00,17408.0,1.5958,1.595,1.5903,1.6,1.59,33
2023-12-18 17:25:00,12368.0,1.5913,1.595,1.59,1.6,1.59,17
2023-12-18 17:26:00,15261.0,1.5957,1.595,1.6,1.6,1.59,46
2023-12-18 17:27:00,3201.0,1.5977,1.6,1.6,1.6,1.5925,28
2023-12-18 17:28:00,11579.0,1.5951,1.6,1.595,1.6,1.59,81
2023-12-18 17:29:00,4518.0,1.5961,1.6,1.5984,1.6,1.59,36
2023-12-18 17:30:00,3698.0,1.5968,1.595,1.6,1.6,1.5925,31
2023-12-18 17:31:00,44421.0,1.596,1.6,1.6,1.6,1.59,120
2023-12-18 17:32:00,34317.0,1.5987,1.5983,1.595,1.6,1.59,79
2023-12-18 17:33:00,10594.0,1.5996,1.6,1.6,1.6,1.595,54
2023-12-18 17:34:00,16336.0,1.5996,1.5984,1.6,1.6,1.5937,36
2023-12-18 17:35:00,18713.0,1.5997,1.6,1.6,1.6,1.595,56
2023-12-18 17:36:00,19980.0,1.5977,1.5956,1.6,1.6,1.59,41
2023-12-18 17:37:00,187781.0,1.6008,1.6,1.605,1.61,1.5923,186
2023-12-18 17:38:00,4592.0,1.6056,1.605,1.605,1.61,1.6,30
2023-12-18 17:39:00,15329.0,1.601,1.61,1.61,1.61,1.6,32
2023-12-18 17:40:00,4573.0,1.6067,1.605,1.61,1.61,1.605,37
2023-12-18 17:41:00,20047.0,1.6064,1.61,1.61,1.61,1.6001,61
2023-12-18 17:42:00,14842.0,1.6067,1.605,1.605,1.61,1.605,40
2023-12-18 17:43:00,3572.0,1.607,1.61,1.61,1.61,1.6021,38
2023-12-18 17:44:00,9195.0,1.6061,1.605,1.605,1.61,1.6006,40
2023-12-18 17:45:00,3728.0,1.6073,1.605,1.605,1.61,1.6,30
2023-12-18 17:46:00,32222.0,1.6026,1.605,1.605,1.61,1.6,55
2023-12-18 17:47:00,4648.0,1.6068,1.605,1.605,1.61,1.605,43
2023-12-18 17:48:00,15432.0,1.6053,1.61,1.61,1.61,1.6018,28
2023-12-18 17:49:00,17657.0,1.6078,1.61,1.61,1.61,1.6,53
2023-12-18 17:50:00,7272.0,1.6091,1.61,1.61,1.61,1.605,44
2023-12-18 17:51:00,10043.0,1.6043,1.61,1.61,1.61,1.6,54
2023-12-18 17:52:00,9200.0,1.6057,1.6021,1.61,1.61,1.6021,41
2023-12-18 17:53:00,21135.0,1.605,1.61,1.61,1.61,1.6,51
2023-12-18 17:54:00,10387.0,1.6046,1.61,1.61,1.61,1.6,44
2023-12-18 17:55:00,9225.0,1.6082,1.61,1.61,1.61,1.6025,46
2023-12-18 17:56:00,14587.0,1.6089,1.61,1.61,1.61,1.6025,79
2023-12-18 17:57:00,19934.0,1.6086,1.6025,1.61,1.61,1.6018,65
2023-12-18 17:58:00,38490.0,1.6086,1.6083,1.61,1.61,1.6,72
2023-12-18 17:59:00,97690.0,1.6119,1.61,1.615,1.62,1.605,167
2023-12-18 18:00:00,32815.0,1.6133,1.61,1.615,1.62,1.61,56
2023-12-18 18:01:00,15222.0,1.6146,1.615,1.615,1.62,1.6105,27
2023-12-18 18:02:00,31966.0,1.6112,1.615,1.615,1.62,1.61,80
2023-12-18 18:03:00,268660.0,1.6095,1.61,1.6,1.615,1.6,152
2023-12-18 18:04:00,81805.0,1.6097,1.605,1.6,1.6099,1.6,21
2023-12-18 18:05:00,8136.0,1.6027,1.6,1.6001,1.608,1.6,14
2023-12-18 18:06:00,2945.0,1.6034,1.6,1.605,1.605,1.6,18
2023-12-18 18:07:00,8659.0,1.6034,1.6077,1.601,1.61,1.6,16
2023-12-18 18:08:00,7506.0,1.6017,1.6042,1.6001,1.605,1.6,28
2023-12-18 18:09:00,2010.0,1.6009,1.6,1.605,1.605,1.6,11
2023-12-18 18:10:00,2225.0,1.6023,1.6,1.61,1.61,1.6,23
2023-12-18 18:11:00,2456.0,1.605,1.605,1.605,1.605,1.605,14
2023-12-18 18:12:00,7975.0,1.6034,1.61,1.6082,1.61,1.6,28
2023-12-18 18:13:00,11552.0,1.6032,1.6079,1.6,1.61,1.6,28
2023-12-18 18:14:00,8453.0,1.6004,1.6,1.6,1.61,1.6,14
2023-12-18 18:15:00,15327.0,1.6013,1.6,1.6022,1.605,1.6,48
2023-12-18 18:16:00,3579.0,1.6077,1.6,1.605,1.61,1.6,14
2023-12-18 18:17:00,4222.0,1.6078,1.6045,1.61,1.61,1.6,22
2023-12-18 18:18:00,10885.0,1.6047,1.605,1.61,1.61,1.6,26
2023-12-18 18:19:00,11381.0,1.6079,1.6,1.61,1.61,1.6,22
2023-12-18 18:20:00,5396.0,1.6053,1.6079,1.605,1.61,1.6,23
2023-12-18 18:21:00,8785.0,1.6067,1.61,1.61,1.61,1.6,28
2023-12-18 18:22:00,16489.0,1.6048,1.61,1.6,1.61,1.6,32
2023-12-18 18:23:00,16191.0,1.6034,1.6075,1.605,1.61,1.6,23
2023-12-18 18:24:00,6277.0,1.6074,1.61,1.605,1.61,1.6,18
2023-12-18 18:25:00,3418.0,1.6033,1.6,1.605,1.6075,1.6,33
2023-12-18 18:26:00,2211.0,1.6062,1.6,1.605,1.61,1.6,12
2023-12-18 18:27:00,6076.0,1.6067,1.6,1.605,1.61,1.6,33
2023-12-18 18:28:00,14042.0,1.6011,1.6,1.605,1.6075,1.6,25
2023-12-18 18:29:00,2198.0,1.6016,1.605,1.605,1.6051,1.6,21
2023-12-18 18:30:00,1706.0,1.6028,1.605,1.605,1.61,1.6,16
2023-12-18 18:31:00,7331.0,1.6034,1.605,1.6022,1.6079,1.6022,18
2023-12-18 18:32:00,4152.0,1.601,1.6,1.605,1.605,1.6,26
2023-12-18 18:33:00,245994.0,1.6049,1.605,1.605,1.6082,1.6,94
2023-12-18 18:34:00,4334.0,1.6045,1.605,1.605,1.6075,1.6,37
2023-12-18 18:35:00,6798.0,1.6077,1.61,1.605,1.61,1.605,29
2023-12-18 18:36:00,8825.0,1.607,1.605,1.605,1.61,1.605,36
2023-12-18 18:37:00,98704.0,1.6089,1.61,1.61,1.61,1.605,151
2023-12-18 18:38:00,310701.0,1.611,1.605,1.615,1.62,1.605,261
2023-12-18 18:39:00,23590.0,1.6154,1.615,1.615,1.62,1.61,41
2023-12-18 18:40:00,4567.0,1.6159,1.61,1.615,1.62,1.61,28
2023-12-18 18:41:00,10063.0,1.6165,1.62,1.615,1.62,1.61,52
2023-12-18 18:42:00,11105.0,1.6147,1.615,1.615,1.62,1.61,48
2023-12-18 18:43:00,10527.0,1.6166,1.6185,1.615,1.62,1.615,43
2023-12-18 18:44:00,3859.0,1.6142,1.615,1.615,1.62,1.615,27
2023-12-18 18:45:00,5027.0,1.6164,1.615,1.62,1.62,1.615,46
2023-12-18 18:46:00,6031.0,1.6154,1.615,1.615,1.62,1.615,44
2023-12-18 18:47:00,2367.0,1.6164,1.62,1.615,1.62,1.615,31
2023-12-18 18:48:00,6099.0,1.6166,1.62,1.615,1.62,1.61,40
2023-12-18 18:49:00,2715.0,1.6164,1.615,1.615,1.62,1.615,26
2023-12-18 18:50:00,9301.0,1.6151,1.615,1.615,1.62,1.61,46
2023-12-18 18:51:00,16600.0,1.6182,1.615,1.615,1.62,1.6143,58
2023-12-18 18:52:00,8342.0,1.6151,1.62,1.615,1.62,1.6106,47
2023-12-18 18:53:00,8800.0,1.6151,1.62,1.61,1.62,1.61,44
2023-12-18 18:54:00,17190.0,1.6193,1.62,1.6197,1.62,1.615,38
2023-12-18 18:55:00,5529.0,1.6163,1.615,1.615,1.62,1.615,41
2023-12-18 18:56:00,8598.0,1.6152,1.615,1.615,1.62,1.615,55
2023-12-18 18:57:00,18470.0,1.6185,1.615,1.615,1.62,1.61,53
2023-12-18 18:58:00,15063.0,1.6153,1.6181,1.615,1.62,1.615,65
2023-12-18 18:59:00,8421.0,1.6177,1.6198,1.615,1.62,1.61,51
2023-12-18 19:00:00,6774.0,1.6154,1.615,1.615,1.62,1.61,59
2023-12-18 19:01:00,9816.0,1.6154,1.62,1.615,1.62,1.61,63
2023-12-18 19:02:00,11225.0,1.6148,1.615,1.615,1.62,1.61,77
2023-12-18 19:03:00,19359.0,1.6185,1.615,1.615,1.62,1.61,50
2023-12-18 19:04:00,10286.0,1.6163,1.615,1.615,1.62,1.61,59
2023-12-18 19:05:00,8950.0,1.6179,1.61,1.615,1.62,1.61,47
2023-12-18 19:06:00,5639.0,1.615,1.61,1.615,1.62,1.61,39
2023-12-18 19:07:00,44665.0,1.612,1.61,1.615,1.62,1.61,113
2023-12-18 19:08:00,13698.0,1.6135,1.61,1.6123,1.62,1.61,45
2023-12-18 19:09:00,4512.0,1.6121,1.615,1.615,1.62,1.61,44
2023-12-18 19:10:00,4203.0,1.6143,1.61,1.615,1.62,1.61,24
2023-12-18 19:11:00,11655.0,1.6129,1.612,1.615,1.62,1.61,45
2023-12-18 19:12:00,5773.0,1.613,1.6111,1.615,1.62,1.61,39
2023-12-18 19:13:00,5386.0,1.6164,1.62,1.62,1.62,1.61,27
2023-12-18 19:14:00,5127.0,1.6129,1.62,1.615,1.62,1.61,19
2023-12-18 19:15:00,53200.0,1.6134,1.615,1.615,1.62,1.61,47
2023-12-18 19:16:00,46810.0,1.6131,1.62,1.615,1.62,1.61,39
2023-12-18 19:17:00,75278.0,1.6128,1.615,1.615,1.62,1.61,49
2023-12-18 19:18:00,239306.0,1.6097,1.6103,1.603,1.6103,1.6,115
2023-12-18 19:19:00,6228.0,1.6059,1.61,1.6,1.61,1.6,14
2023-12-18 19:20:00,31100.0,1.601,1.6081,1.6001,1.61,1.6,23
2023-12-18 19:21:00,3037.0,1.6016,1.6075,1.6005,1.6075,1.6,25
2023-12-18 19:22:00,14219.0,1.6001,1.6,1.6,1.6015,1.6,25
2023-12-18 19:23:00,1644.0,1.6024,1.6,1.6,1.6075,1.6,17
2023-12-18 19:24:00,10508.0,1.6015,1.6,1.6,1.61,1.6,27
2023-12-18 19:25:00,59414.0,1.5987,1.6,1.59,1.6,1.59,83
2023-12-18 19:26:00,8630.0,1.5906,1.59,1.59,1.6,1.59,21
2023-12-18 19:27:00,73293.0,1.5908,1.5914,1.59,1.6,1.59,78
2023-12-18 19:28:00,62801.0,1.5877,1.591,1.58,1.591,1.58,88
2023-12-18 19:29:00,5897.0,1.5857,1.585,1.585,1.59,1.58,16
2023-12-18 19:30:00,12377.0,1.5803,1.58,1.58,1.585,1.58,37
2023-12-18 19:31:00,18153.0,1.5888,1.59,1.59,1.59,1.58,55
2023-12-18 19:32:00,11031.0,1.5806,1.585,1.58,1.585,1.58,29
2023-12-18 19:33:00,1278.0,1.5803,1.58,1.58,1.58,1.58,12
2023-12-18 19:34:00,4517.0,1.582,1.585,1.58,1.59,1.58,32
2023-12-18 19:35:00,1582.0,1.5804,1.58,1.58,1.58,1.58,16
2023-12-18 19:36:00,2454.0,1.5823,1.583,1.585,1.59,1.58,27
2023-12-18 19:37:00,20814.0,1.5803,1.58,1.59,1.59,1.58,19
2023-12-18 19:38:00,8008.0,1.5817,1.58,1.58,1.59,1.58,23
2023-12-18 19:39:00,6905.0,1.5839,1.585,1.58,1.5875,1.58,23
2023-12-18 19:40:00,17873.0,1.5809,1.58,1.5882,1.5882,1.58,23
2023-12-18 19:41:00,2754.0,1.5823,1.585,1.58,1.585,1.58,22
2023-12-18 19:42:00,55260.0,1.5802,1.58,1.58,1.585,1.58,57
2023-12-18 19:43:00,9699.0,1.5801,1.58,1.585,1.5879,1.58,26
2023-12-18 19:44:00,8266.0,1.5811,1.58,1.5801,1.59,1.58,29
2023-12-18 19:45:00,2896.0,1.5813,1.585,1.58,1.585,1.58,20
2023-12-18 19:46:00,84153.0,1.5847,1.58,1.585,1.5875,1.58,40
2023-12-18 19:47:00,11435.0,1.5856,1.585,1.59,1.59,1.58,33
2023-12-18 19:48:00,28331.0,1.5854,1.5899,1.58,1.59,1.58,69
2023-12-18 19:49:00,6315.0,1.5868,1.59,1.59,1.59,1.58,23
2023-12-18 19:50:00,16284.0,1.5887,1.58,1.59,1.59,1.58,22
2023-12-18 19:51:00,4916.0,1.5854,1.58,1.585,1.59,1.58,26
2023-12-18 19:52:00,7431.0,1.5876,1.59,1.585,1.59,1.585,28
2023-12-18 19:53:00,282967.0,1.5903,1.59,1.6,1.6,1.585,224
2023-12-18 19:54:00,5941.0,1.5977,1.6,1.6,1.6,1.595,19
2023-12-18 19:55:00,8138.0,1.5984,1.6,1.595,1.6,1.595,36
2023-12-18 19:56:00,4476.0,1.597,1.595,1.595,1.6,1.595,33
2023-12-18 19:57:00,9856.0,1.5963,1.595,1.595,1.6,1.59,38
2023-12-18 19:58:00,15288.0,1.5951,1.595,1.595,1.6,1.595,64
2023-12-18 19:59:00,13128.0,1.5959,1.6,1.6,1.6,1.59,37
2023-12-18 20:00:00,16483.0,1.5967,1.6,1.6,1.6,1.595,41
2023-12-18 20:01:00,5456.0,1.5996,1.6,1.5921,1.6,1.5921,29
2023-12-18 20:02:00,33570.0,1.5998,1.6,1.6,1.6,1.5957,65
2023-12-18 20:03:00,7604.0,1.5985,1.6,1.6,1.6,1.595,28
2023-12-18 20:04:00,14670.0,1.5977,1.6,1.6,1.6,1.595,23
2023-12-18 20:05:00,7205.0,1.5989,1.6,1.6,1.6,1.595,26
2023-12-18 20:06:00,2777.0,1.5988,1.6,1.6,1.6,1.595,16
2023-12-18 20:07:00,4947.0,1.5992,1.6,1.6,1.6,1.595,24
2023-12-18 20:08:00,9500.0,1.5974,1.6,1.5901,1.6,1.5901,22
2023-12-18 20:09:00,16085.0,1.594,1.6,1.595,1.6,1.59,35
2023-12-18 20:10:00,416596.0,1.5895,1.6,1.58,1.6,1.58,368
2023-12-18 20:11:00,30259.0,1.5886,1.585,1.5899,1.59,1.58,30
2023-12-18 20:12:00,213868.0,1.5898,1.585,1.5921,1.595,1.585,101
2023-12-18 20:13:00,5821.0,1.593,1.595,1.595,1.5985,1.5901,10
2023-12-18 20:14:00,541.0,1.5956,1.595,1.5985,1.5985,1.595,6
2023-12-18 20:15:00,3875.0,1.5972,1.6,1.6,1.6,1.595,11
2023-12-18 20:16:00,3106.0,1.599,1.6,1.6,1.6,1.6,8
2023-12-18 20:17:00,7234.0,1.5962,1.5919,1.6,1.6,1.5919,14
2023-12-18 20:18:00,11871.0,1.5976,1.6,1.6,1.6,1.5901,15
2023-12-18 20:19:00,4796.0,1.5967,1.595,1.5901,1.6,1.5901,20
2023-12-18 20:20:00,5011.0,1.5986,1.6,1.59,1.6,1.59,19
2023-12-18 20:21:00,18251.0,1.5997,1.6,1.5905,1.6,1.5905,22
2023-12-18 20:22:00,5025.0,1.5999,1.6,1.6,1.6,1.6,27
2023-12-18 20:23:00,54234.0,1.5952,1.6,1.5914,1.6,1.5901,55
2023-12-18 20:24:00,53114.0,1.5955,1.6,1.6,1.6,1.59,113
2023-12-18 20:25:00,9092.0,1.598,1.6,1.6,1.6,1.5942,37
2023-12-18 20:26:00,7960.0,1.5969,1.6,1.6,1.6,1.5907,33
2023-12-18 20:27:00,44578.0,1.5955,1.6,1.5984,1.6,1.59,46
2023-12-18 20:28:00,10758.0,1.5982,1.6,1.6,1.6,1.59,37
2023-12-18 20:29:00,19346.0,1.597,1.6,1.595,1.6,1.59,66
2023-12-18 20:30:00,18055.0,1.5971,1.6,1.595,1.6,1.59,59
2023-12-18 20:31:00,28086.0,1.5951,1.595,1.595,1.6,1.59,77
2023-12-18 20:32:00,11369.0,1.5954,1.595,1.595,1.6,1.59,67
2023-12-18 20:33:00,11635.0,1.5954,1.595,1.595,1.6,1.59,77
2023-12-18 20:34:00,10664.0,1.596,1.595,1.595,1.6,1.595,61
2023-12-18 20:35:00,28924.0,1.5953,1.59,1.595,1.6,1.59,136
2023-12-18 20:36:00,451841.0,1.5893,1.595,1.58,1.6,1.58,228
2023-12-18 20:37:00,25439.0,1.5838,1.58,1.58,1.5879,1.58,54
2023-12-18 20:38:00,81906.0,1.5843,1.58,1.585,1.59,1.58,103
2023-12-18 20:39:00,8061.0,1.5848,1.585,1.5825,1.5879,1.58,45
2023-12-18 20:40:00,13293.0,1.5857,1.585,1.585,1.5885,1.5801,55
2023-12-18 20:41:00,8612.0,1.5849,1.585,1.585,1.585,1.58,42
2023-12-18 20:42:00,22137.0,1.5849,1.585,1.585,1.5884,1.58,61
2023-12-18 20:43:00,43130.0,1.5853,1.58,1.585,1.59,1.58,94
2023-12-18 20:44:00,30030.0,1.5866,1.585,1.585,1.59,1.58,98
2023-12-18 20:45:00,42581.0,1.5853,1.585,1.585,1.59,1.58,74
2023-12-18 20:46:00,44895.0,1.5855,1.585,1.585,1.59,1.58,80
2023-12-18 20:47:00,33954.0,1.5843,1.585,1.585,1.59,1.58,64
2023-12-18 20:48:00,550561.0,1.5903,1.585,1.59,1.595,1.585,341
2023-12-18 20:49:00,10523.0,1.5903,1.595,1.59,1.5975,1.59,54
2023-12-18 20:50:00,128084.0,1.5894,1.5942,1.585,1.595,1.58,121
2023-12-18 20:51:00,16695.0,1.5879,1.585,1.585,1.5899,1.58,42
2023-12-18 20:52:00,13031.0,1.5856,1.585,1.585,1.59,1.58,47
2023-12-18 20:53:00,43807.0,1.5878,1.585,1.585,1.59,1.58,102
2023-12-18 20:54:00,51715.0,1.5865,1.585,1.585,1.59,1.58,136
2023-12-18 20:55:00,55494.0,1.5862,1.585,1.585,1.59,1.58,203
2023-12-18 20:56:00,53256.0,1.5862,1.585,1.585,1.59,1.58,219
2023-12-18 20:57:00,81949.0,1.5851,1.585,1.585,1.59,1.58,247
2023-12-18 20:58:00,102837.0,1.5832,1.585,1.585,1.59,1.58,355
2023-12-18 20:59:00,242179.0,1.5828,1.58,1.59,1.59,1.58,523
2023-12-18 21:05:00,11387.0,1.5756,1.58,1.57,1.58,1.57,16
2023-12-18 21:06:00,1100.0,1.57,1.5704,1.57,1.5704,1.57,4
2023-12-18 21:07:00,5500.0,1.5706,1.5706,1.5706,1.5706,1.5706,1
2023-12-18 21:12:00,300.0,1.5863,1.58,1.5895,1.5895,1.58,2
2023-12-18 21:14:00,1000.0,1.59,1.59,1.59,1.59,1.59,1
2023-12-18 21:22:00,101.0,1.5801,1.58,1.58,1.58,1.58,2
2023-12-18 21:27:00,160.0,1.5713,1.571,1.571,1.571,1.571,3
2023-12-18 21:34:00,10010.0,1.59,1.59,1.59,1.59,1.59,2
2023-12-18 21:39:00,2150.0,1.5893,1.59,1.59,1.59,1.59,4
2023-12-18 21:40:00,1001.0,1.59,1.59,1.59,1.59,1.59,2
2023-12-18 21:41:00,3017.0,1.5899,1.59,1.59,1.59,1.5898,5
2023-12-18 21:42:00,1012.0,1.5899,1.59,1.59,1.59,1.59,5
2023-12-18 21:45:00,927.0,1.58,1.58,1.58,1.58,1.58,2
2023-12-18 21:51:00,100.0,1.59,1.59,1.59,1.59,1.59,1
2023-12-18 21:52:00,300.0,1.58,1.58,1.58,1.58,1.58,3
2023-12-18 21:53:00,2432.0,1.5898,1.585,1.59,1.59,1.585,4
2023-12-18 22:01:00,1000.0,1.5802,1.5802,1.5802,1.5802,1.5802,1
2023-12-18 22:10:00,500.0,1.59,1.59,1.59,1.59,1.59,1
2023-12-18 22:22:00,6505.0,1.58,1.58,1.58,1.58,1.58,7
2023-12-18 22:24:00,10790.0,1.5705,1.58,1.5701,1.58,1.5701,6
2023-12-18 22:32:00,635.0,1.5703,1.5703,1.5703,1.5703,1.5703,1
2023-12-18 22:39:00,346.0,1.57,1.57,1.57,1.57,1.57,2
2023-12-18 22:48:00,1073.0,1.5708,1.5708,1.5708,1.5708,1.5708,1
2023-12-18 22:52:00,118.0,1.5724,1.5702,1.5702,1.5702,1.5702,2
2023-12-18 22:54:00,200.0,1.57,1.57,1.57,1.57,1.57,1
2023-12-18 22:58:00,145.0,1.59,1.59,1.59,1.59,1.59,1
2023-12-18 23:07:00,4000.0,1.59,1.59,1.59,1.59,1.59,1
2023-12-18 23:16:00,150.0,1.57,1.57,1.57,1.57,1.57,1
2023-12-18 23:19:00,271.0,1.57,1.57,1.57,1.57,1.57,2
2023-12-18 23:26:00,1687.0,1.57,1.57,1.5699,1.57,1.5699,5
2023-12-18 23:36:00,170.0,1.56,1.56,1.56,1.56,1.56,1
2023-12-18 23:54:00,301.0,1.56,1.56,1.56,1.56,1.56,1
2023-12-18 23:56:00,600.0,1.5698,1.5698,1.5698,1.5698,1.5698,1
2023-12-19 00:01:00,1000.0,1.57,1.57,1.57,1.57,1.57,1
2023-12-19 00:02:00,2000.0,1.5603,1.5603,1.5603,1.5603,1.5603,1
2023-12-19 00:03:00,1000.0,1.5605,1.5605,1.5605,1.5605,1.5605,1
2023-12-19 00:11:00,100.0,1.56,1.56,1.56,1.56,1.56,1
2023-12-19 00:19:00,250.0,1.57,1.57,1.57,1.57,1.57,2
2023-12-19 00:24:00,2500.0,1.57,1.57,1.57,1.57,1.57,1
2023-12-19 00:30:00,750.0,1.5601,1.5601,1.5601,1.5601,1.5601,1
2023-12-19 00:32:00,6932.0,1.5775,1.57,1.59,1.59,1.57,7
2023-12-19 00:35:00,1064.0,1.5892,1.5892,1.5892,1.5892,1.5892,2
