t,v,vw,o,c,h,l,n
2023-10-02 13:30:00,21529,4.6939,4.71,4.65,4.71,4.64,123
2023-10-02 13:31:00,4557,4.6799,4.67,4.66,4.69,4.66,50
2023-10-02 13:32:00,698,4.6708,4.68,4.68,4.68,4.68,31
2023-10-02 13:33:00,4421,4.6971,4.6706,4.71,4.73,4.6706,54
2023-10-02 13:34:00,3726,4.6905,4.69,4.69,4.69,4.69,19
2023-10-02 13:35:00,6145,4.7104,4.7,4.725,4.73,4.7,69
2023-10-02 13:36:00,1581,4.7178,4.72,4.72,4.72,4.715,26
2023-10-02 13:37:00,2088,4.7074,4.72,4.695,4.72,4.695,40
2023-10-02 13:38:00,1452,4.6912,4.7,4.685,4.7,4.685,32
2023-10-02 13:39:00,2746,4.6812,4.68,4.685,4.685,4.675,27
2023-10-02 13:40:00,6143,4.6805,4.68,4.685,4.685,4.67,49
2023-10-02 13:41:00,3159,4.6745,4.68,4.665,4.68,4.665,43
2023-10-02 13:42:00,1039,4.6624,4.6699,4.655,4.6699,4.655,29
2023-10-02 13:43:00,6958,4.653,4.655,4.655,4.66,4.651,31
2023-10-02 13:44:00,11623,4.6585,4.652,4.64,4.665,4.64,90
2023-10-02 13:45:00,2050,4.6419,4.64,4.65,4.65,4.64,44
2023-10-02 13:46:00,5816,4.6557,4.65,4.655,4.665,4.65,82
2023-10-02 13:47:00,3257,4.6681,4.655,4.68,4.68,4.655,59
2023-10-02 13:48:00,1205,4.671,4.67,4.67,4.6725,4.67,29
2023-10-02 13:49:00,1969,4.6753,4.67,4.68,4.68,4.67,20
2023-10-02 13:50:00,2391,4.6604,4.661,4.65,4.6632,4.65,25
2023-10-02 13:51:00,2192,4.6342,4.64,4.625,4.64,4.625,39
2023-10-02 13:52:00,1464,4.6104,4.6204,4.605,4.6204,4.6,31
2023-10-02 13:53:00,6405,4.6114,4.6034,4.61,4.62,4.6034,51
2023-10-02 13:54:00,3884,4.6193,4.6101,4.62,4.62,4.6101,56
2023-10-02 13:55:00,1140,4.6097,4.615,4.6,4.615,4.6,25
2023-10-02 13:56:00,1959,4.6119,4.6167,4.61,4.6167,4.61,34
2023-10-02 13:57:00,761,4.6157,4.62,4.61,4.62,4.61,25
2023-10-02 13:59:00,1374,4.6097,4.61,4.61,4.61,4.605,34
2023-10-02 14:00:00,1814,4.6229,4.62,4.63,4.63,4.62,39
2023-10-02 14:01:00,1983,4.6275,4.63,4.62,4.63,4.62,28
2023-10-02 14:02:00,2656,4.6291,4.6205,4.6305,4.6305,4.6205,37
2023-10-02 14:03:00,307,4.6349,4.635,4.635,4.635,4.635,9
2023-10-02 14:04:00,2414,4.6275,4.635,4.6267,4.635,4.625,21
2023-10-02 14:05:00,1829,4.6086,4.62,4.6,4.62,4.6,26
2023-10-02 14:06:00,9572,4.5883,4.59,4.5765,4.595,4.5765,121
2023-10-02 14:07:00,3974,4.5721,4.575,4.57,4.575,4.57,25
2023-10-02 14:08:00,1128,4.5575,4.56,4.555,4.56,4.555,34
2023-10-02 14:09:00,1383,4.5423,4.545,4.54,4.545,4.54,33
2023-10-02 14:10:00,2134,4.5417,4.535,4.55,4.55,4.53,56
2023-10-02 14:11:00,2107,4.5609,4.56,4.57,4.57,4.56,46
2023-10-02 14:12:00,1164,4.5599,4.56,4.555,4.56,4.555,31
2023-10-02 14:13:00,352,4.5535,4.55,4.555,4.555,4.55,6
2023-10-02 14:14:00,2413,4.5492,4.55,4.55,4.55,4.545,49
2023-10-02 14:15:00,1138,4.5464,4.55,4.545,4.55,4.54,42
2023-10-02 14:16:00,4661,4.5496,4.55,4.54,4.555,4.54,91
2023-10-02 14:17:00,2164,4.5563,4.55,4.56,4.565,4.55,63
2023-10-02 14:18:00,6563,4.5593,4.56,4.5599,4.565,4.55,42
2023-10-02 14:19:00,3358,4.5546,4.55,4.555,4.555,4.55,19
2023-10-02 14:20:00,3775,4.5575,4.55,4.57,4.57,4.55,70
2023-10-02 14:21:00,848,4.5733,4.575,4.57,4.58,4.57,16
2023-10-02 14:22:00,1777,4.5783,4.58,4.575,4.58,4.575,22
2023-10-02 14:23:00,426,4.5764,4.58,4.58,4.58,4.58,30
2023-10-02 14:24:00,590,4.5756,4.575,4.575,4.58,4.575,31
2023-10-02 14:25:00,1965,4.5682,4.5705,4.5601,4.5705,4.5601,32
2023-10-02 14:26:00,1967,4.5544,4.57,4.53,4.57,4.53,55
2023-10-02 14:27:00,12060,4.5301,4.53,4.535,4.535,4.525,81
2023-10-02 14:28:00,338,4.5365,4.5389,4.5389,4.5389,4.5389,28
2023-10-02 14:29:00,2018,4.5403,4.54,4.54,4.545,4.54,37
2023-10-02 14:30:00,1365,4.5313,4.53,4.535,4.535,4.53,28
2023-10-02 14:31:00,1716,4.5405,4.54,4.545,4.545,4.54,25
2023-10-02 14:32:00,938,4.5504,4.55,4.55,4.55,4.55,37
2023-10-02 14:33:00,2709,4.5495,4.55,4.545,4.5575,4.545,54
2023-10-02 14:34:00,356,4.5527,4.55,4.5505,4.5505,4.55,42
2023-10-02 14:35:00,368,4.5521,4.55,4.55,4.55,4.55,32
2023-10-02 14:36:00,3448,4.5592,4.55,4.56,4.56,4.55,35
2023-10-02 14:37:00,1538,4.5503,4.56,4.55,4.56,4.55,33
2023-10-02 14:38:00,1653,4.5337,4.54,4.535,4.54,4.53,20
2023-10-02 14:39:00,1468,4.5403,4.54,4.54,4.54,4.54,59
2023-10-02 14:40:00,1751,4.5489,4.545,4.55,4.55,4.545,54
2023-10-02 14:41:00,1590,4.5333,4.54,4.53,4.54,4.53,35
2023-10-02 14:42:00,2120,4.5291,4.53,4.5399,4.5399,4.525,33
2023-10-02 14:43:00,993,4.53,4.53,4.53,4.53,4.53,34
2023-10-02 14:44:00,651,4.5417,4.54,4.5437,4.5437,4.54,37
2023-10-02 14:46:00,402,4.5404,4.54,4.54,4.54,4.54,6
2023-10-02 14:47:00,430,4.535,4.535,4.535,4.535,4.535,23
2023-10-02 14:48:00,1685,4.538,4.53,4.54,4.5405,4.53,34
2023-10-02 14:49:00,533,4.5309,4.53,4.531,4.531,4.53,7
2023-10-02 14:50:00,724,4.5377,4.535,4.535,4.535,4.535,21
2023-10-02 14:51:00,549,4.5373,4.54,4.54,4.54,4.54,18
2023-10-02 14:52:00,810,4.5407,4.54,4.545,4.545,4.54,36
2023-10-02 14:53:00,1809,4.5438,4.5442,4.542,4.55,4.541,37
2023-10-02 14:54:00,7699,4.5421,4.54,4.56,4.56,4.535,133
2023-10-02 14:55:00,340,4.5552,4.555,4.555,4.555,4.555,15
2023-10-02 14:57:00,4032,4.5498,4.55,4.55,4.55,4.545,56
2023-10-02 14:58:00,3802,4.5511,4.55,4.5501,4.555,4.55,17
2023-10-02 14:59:00,1908,4.56,4.56,4.56,4.56,4.56,42
2023-10-02 15:00:00,2202,4.5616,4.555,4.57,4.57,4.555,38
2023-10-02 15:01:00,7616,4.5749,4.57,4.565,4.58,4.565,84
2023-10-02 15:02:00,1122,4.5685,4.57,4.565,4.57,4.565,19
2023-10-02 15:03:00,5564,4.5703,4.57,4.575,4.575,4.57,66
2023-10-02 15:04:00,3672,4.573,4.57,4.57,4.58,4.57,50
2023-10-02 15:05:00,2524,4.5594,4.56,4.551,4.56,4.551,32
2023-10-02 15:06:00,406,4.5585,4.5591,4.5591,4.5591,4.5591,11
2023-10-02 15:07:00,785,4.5564,4.555,4.555,4.555,4.555,25
2023-10-02 15:08:00,1220,4.549,4.55,4.545,4.55,4.545,27
2023-10-02 15:09:00,470,4.5474,4.55,4.545,4.55,4.545,15
2023-10-02 15:10:00,5301,4.5502,4.55,4.55,4.56,4.55,77
2023-10-02 15:11:00,419,4.5478,4.545,4.545,4.545,4.545,43
2023-10-02 15:12:00,723,4.5532,4.545,4.545,4.545,4.545,42
2023-10-02 15:13:00,1907,4.5432,4.545,4.545,4.545,4.54,50
2023-10-02 15:14:00,287,4.5459,4.545,4.545,4.545,4.545,39
2023-10-02 15:15:00,3578,4.5545,4.55,4.56,4.56,4.55,74
2023-10-02 15:17:00,1591,4.5577,4.56,4.56,4.56,4.56,31
2023-10-02 15:18:00,1835,4.5504,4.55,4.5548,4.5548,4.55,42
2023-10-02 15:19:00,618,4.5595,4.56,4.56,4.56,4.56,21
2023-10-02 15:20:00,832,4.5606,4.56,4.565,4.565,4.56,26
2023-10-02 15:21:00,2482,4.5689,4.561,4.5792,4.58,4.56,33
2023-10-02 15:22:00,998,4.58,4.58,4.58,4.58,4.58,26
2023-10-02 15:23:00,1395,4.5693,4.58,4.58,4.585,4.58,25
2023-10-02 15:24:00,393,4.5814,4.58,4.58,4.58,4.58,9
2023-10-02 15:25:00,7226,4.5802,4.5801,4.58,4.585,4.58,38
2023-10-02 15:26:00,371,4.5787,4.58,4.58,4.58,4.58,16
2023-10-02 15:27:00,8848,4.5801,4.58,4.58,4.5801,4.58,41
2023-10-02 15:28:00,7912,4.5843,4.5799,4.59,4.59,4.5799,33
2023-10-02 15:29:00,258,4.5892,4.59,4.59,4.59,4.59,12
2023-10-02 15:30:00,2361,4.5898,4.59,4.59,4.59,4.59,40
2023-10-02 15:31:00,2837,4.5818,4.585,4.58,4.585,4.58,46
2023-10-02 15:33:00,1873,4.5749,4.58,4.58,4.58,4.573,21
2023-10-02 15:35:00,1325,4.5681,4.57,4.565,4.57,4.565,35
2023-10-02 15:36:00,752,4.5603,4.56,4.56,4.56,4.56,22
2023-10-02 15:37:00,407,4.5477,4.55,4.545,4.55,4.545,9
2023-10-02 15:38:00,1566,4.5499,4.55,4.55,4.55,4.55,32
2023-10-02 15:39:00,472,4.5553,4.555,4.555,4.555,4.555,24
2023-10-02 15:40:00,625,4.5496,4.55,4.55,4.55,4.55,38
2023-10-02 15:41:00,1269,4.545,4.545,4.545,4.545,4.545,18
2023-10-02 15:42:00,184,4.5455,4.545,4.545,4.545,4.545,6
2023-10-02 15:43:00,3114,4.55,4.545,4.55,4.55,4.545,51
2023-10-02 15:44:00,2175,4.56,4.56,4.56,4.56,4.56,23
2023-10-02 15:45:00,6850,4.5602,4.56,4.565,4.565,4.56,63
2023-10-02 15:46:00,460,4.5688,4.565,4.57,4.57,4.565,19
2023-10-02 15:47:00,1017,4.5633,4.565,4.562,4.565,4.562,13
2023-10-02 15:48:00,242,4.5603,4.56,4.56,4.56,4.56,8
2023-10-02 15:49:00,846,4.5643,4.56,4.5642,4.565,4.56,17
2023-10-02 15:51:00,283,4.5659,4.5675,4.5675,4.5675,4.5675,16
2023-10-02 15:52:00,473,4.5692,4.57,4.57,4.57,4.57,19
2023-10-02 15:53:00,467,4.5639,4.57,4.57,4.57,4.57,20
2023-10-02 15:54:00,598,4.5649,4.565,4.565,4.565,4.565,14
2023-10-02 15:55:00,2120,4.564,4.565,4.56,4.5675,4.56,16
2023-10-02 15:56:00,409,4.5607,4.56,4.56,4.56,4.56,9
2023-10-02 15:57:00,11289,4.5546,4.56,4.545,4.56,4.545,112
2023-10-02 15:58:00,529,4.5422,4.54,4.545,4.545,4.54,10
2023-10-02 15:59:00,4065,4.5452,4.54,4.5464,4.5464,4.54,22
2023-10-02 16:00:00,556,4.5403,4.54,4.54,4.54,4.54,12
2023-10-02 16:01:00,1654,4.5473,4.55,4.545,4.55,4.545,31
2023-10-02 16:02:00,210,4.5467,4.545,4.545,4.545,4.545,9
2023-10-02 16:03:00,252,4.5422,4.54,4.54,4.54,4.54,11
2023-10-02 16:04:00,397,4.544,4.55,4.545,4.55,4.545,8
2023-10-02 16:05:00,901,4.5479,4.54,4.54,4.54,4.54,9
2023-10-02 16:07:00,4783,4.5367,4.54,4.53,4.54,4.53,88
2023-10-02 16:08:00,331,4.535,4.535,4.535,4.535,4.535,9
2023-10-02 16:10:00,293,4.5324,4.5328,4.5328,4.5328,4.5328,10
2023-10-02 16:11:00,337,4.5384,4.54,4.54,4.54,4.54,12
2023-10-02 16:12:00,1172,4.5409,4.54,4.55,4.55,4.54,42
2023-10-02 16:13:00,193,4.5475,4.55,4.55,4.55,4.55,13
2023-10-02 16:14:00,3412,4.55,4.55,4.5497,4.55,4.5497,41
2023-10-02 16:15:00,108,4.5507,4.55,4.55,4.55,4.55,5
2023-10-02 16:16:00,266,4.553,4.5575,4.55,4.5575,4.55,8
2023-10-02 16:17:00,1033,4.5568,4.56,4.5508,4.56,4.5508,20
2023-10-02 16:18:00,233,4.5523,4.55,4.555,4.555,4.55,8
2023-10-02 16:19:00,602,4.5548,4.555,4.55,4.56,4.55,11
2023-10-02 16:20:00,3229,4.5524,4.56,4.55,4.56,4.55,33
2023-10-02 16:21:00,602,4.5518,4.55,4.55,4.56,4.55,7
2023-10-02 16:22:00,3142,4.5577,4.558,4.555,4.558,4.555,8
2023-10-02 16:23:00,3672,4.5606,4.56,4.565,4.565,4.56,55
2023-10-02 16:24:00,111,4.5645,4.565,4.565,4.565,4.565,3
2023-10-02 16:25:00,307,4.5666,4.565,4.57,4.57,4.565,6
2023-10-02 16:27:00,336,4.5636,4.562,4.562,4.562,4.562,17
2023-10-02 16:28:00,1993,4.5596,4.56,4.555,4.56,4.555,27
2023-10-02 16:29:00,8264,4.5502,4.55,4.5501,4.5501,4.55,7
2023-10-02 16:31:00,167,4.553,4.55,4.55,4.55,4.55,27
2023-10-02 16:32:00,646,4.5558,4.555,4.555,4.555,4.555,14
2023-10-02 16:33:00,280,4.5518,4.5501,4.5501,4.5501,4.5501,18
2023-10-02 16:34:00,318,4.5568,4.56,4.555,4.56,4.555,16
2023-10-02 16:35:00,289,4.5557,4.56,4.56,4.56,4.56,10
2023-10-02 16:37:00,2973,4.5501,4.55,4.545,4.5528,4.545,48
2023-10-02 16:39:00,1768,4.5504,4.55,4.55,4.55,4.55,43
2023-10-02 16:43:00,335,4.5562,4.56,4.555,4.56,4.555,17
2023-10-02 16:44:00,431,4.5529,4.555,4.5575,4.5575,4.55,6
2023-10-02 16:45:00,2113,4.5505,4.55,4.5505,4.5505,4.55,5
2023-10-02 16:46:00,3238,4.5529,4.555,4.55,4.56,4.55,46
2023-10-02 16:49:00,658,4.542,4.5401,4.545,4.545,4.5401,29
2023-10-02 16:50:00,2912,4.5399,4.54,4.54,4.54,4.54,52
2023-10-02 16:51:00,3039,4.5402,4.54,4.545,4.545,4.54,73
2023-10-02 16:52:00,664,4.5458,4.545,4.545,4.545,4.545,11
2023-10-02 16:54:00,442,4.5497,4.55,4.55,4.55,4.55,27
2023-10-02 16:56:00,376,4.5458,4.55,4.54,4.55,4.54,9
2023-10-02 16:57:00,306,4.5466,4.55,4.55,4.55,4.55,9
2023-10-02 16:58:00,823,4.5459,4.545,4.545,4.545,4.545,20
2023-10-02 16:59:00,413,4.545,4.545,4.545,4.545,4.545,10
2023-10-02 17:00:00,465,4.5464,4.545,4.545,4.545,4.545,16
2023-10-02 17:01:00,3861,4.5536,4.55,4.565,4.565,4.55,77
2023-10-02 17:02:00,1285,4.5639,4.565,4.565,4.565,4.565,17
2023-10-02 17:03:00,344,4.5679,4.57,4.57,4.57,4.57,9
2023-10-02 17:05:00,297,4.5602,4.56,4.56,4.56,4.56,7
2023-10-02 17:06:00,485,4.565,4.565,4.57,4.57,4.565,7
2023-10-02 17:08:00,643,4.5609,4.5605,4.56,4.5605,4.56,7
2023-10-02 17:09:00,5193,4.5613,4.565,4.56,4.57,4.56,52
2023-10-02 17:10:00,1584,4.5624,4.56,4.56,4.565,4.56,22
2023-10-02 17:11:00,1670,4.56,4.56,4.56,4.56,4.56,23
2023-10-02 17:12:00,555,4.5543,4.55,4.55,4.55,4.55,10
2023-10-02 17:13:00,318,4.5553,4.555,4.555,4.555,4.555,3
2023-10-02 17:14:00,274,4.55,4.55,4.55,4.55,4.55,6
2023-10-02 17:15:00,4181,4.5587,4.55,4.56,4.56,4.55,65
2023-10-02 17:16:00,2901,4.5698,4.565,4.57,4.57,4.565,34
2023-10-02 17:17:00,301,4.5744,4.575,4.575,4.575,4.575,6
2023-10-02 17:18:00,992,4.5761,4.58,4.57,4.58,4.57,21
2023-10-02 17:19:00,203,4.5736,4.575,4.575,4.575,4.575,7
2023-10-02 17:20:00,2587,4.5798,4.576,4.58,4.58,4.576,43
2023-10-02 17:21:00,7046,4.5799,4.59,4.58,4.59,4.575,57
2023-10-02 17:22:00,1107,4.5843,4.585,4.585,4.59,4.585,14
2023-10-02 17:23:00,755,4.5886,4.59,4.59,4.59,4.585,22
2023-10-02 17:24:00,350,4.5893,4.59,4.59,4.59,4.59,11
2023-10-02 17:25:00,4012,4.59,4.59,4.59,4.59,4.59,46
2023-10-02 17:26:00,611,4.5925,4.59,4.59,4.595,4.59,7
2023-10-02 17:27:00,2499,4.5981,4.595,4.5992,4.5992,4.595,22
2023-10-02 17:28:00,815,4.5912,4.59,4.595,4.595,4.59,19
2023-10-02 17:29:00,710,4.5985,4.6,4.6,4.6,4.595,7
2023-10-02 17:31:00,182,4.5923,4.59,4.59,4.59,4.59,7
2023-10-02 17:32:00,6005,4.5803,4.59,4.57,4.59,4.57,68
2023-10-02 17:33:00,473,4.5539,4.55,4.555,4.555,4.55,19
2023-10-02 17:34:00,574,4.5549,4.555,4.555,4.555,4.555,21
2023-10-02 17:35:00,268,4.5531,4.555,4.55,4.555,4.55,9
2023-10-02 17:36:00,244,4.5524,4.55,4.55,4.55,4.55,7
2023-10-02 17:37:00,1615,4.5512,4.55,4.56,4.56,4.55,19
2023-10-02 17:38:00,6777,4.5494,4.55,4.55,4.55,4.545,70
2023-10-02 17:39:00,885,4.5544,4.55,4.555,4.555,4.55,7
2023-10-02 17:40:00,250,4.5559,4.56,4.56,4.56,4.56,5
2023-10-02 17:41:00,1281,4.5524,4.555,4.5503,4.555,4.5503,23
2023-10-02 17:42:00,8026,4.5596,4.56,4.57,4.57,4.5577,70
2023-10-02 17:44:00,516,4.5665,4.57,4.565,4.57,4.565,21
2023-10-02 17:45:00,3420,4.5601,4.56,4.565,4.565,4.56,47
2023-10-02 17:46:00,1932,4.5594,4.56,4.56,4.56,4.555,23
2023-10-02 17:47:00,187,4.5555,4.555,4.555,4.555,4.555,10
2023-10-02 17:48:00,364,4.5565,4.555,4.56,4.56,4.555,13
2023-10-02 17:49:00,422,4.5575,4.56,4.555,4.56,4.555,17
2023-10-02 17:50:00,302,4.5517,4.55,4.55,4.55,4.55,13
2023-10-02 17:51:00,2031,4.5602,4.56,4.565,4.565,4.56,41
2023-10-02 17:52:00,2933,4.569,4.57,4.5775,4.5775,4.57,42
2023-10-02 17:53:00,6884,4.5703,4.57,4.575,4.575,4.57,45
2023-10-02 17:54:00,580,4.5739,4.575,4.575,4.575,4.575,13
2023-10-02 17:55:00,694,4.575,4.575,4.575,4.575,4.575,13
2023-10-02 17:56:00,1562,4.5743,4.57,4.575,4.58,4.57,15
2023-10-02 17:57:00,2430,4.5702,4.5775,4.57,4.5775,4.57,34
2023-10-02 17:58:00,302,4.5717,4.57,4.575,4.575,4.57,3
2023-10-02 17:59:00,519,4.5701,4.57,4.57,4.57,4.57,16
2023-10-02 18:00:00,1037,4.5755,4.575,4.575,4.58,4.57,21
2023-10-02 18:01:00,921,4.5744,4.575,4.575,4.575,4.57,5
2023-10-02 18:02:00,832,4.5742,4.575,4.575,4.575,4.574,14
2023-10-02 18:03:00,3442,4.5805,4.575,4.585,4.59,4.575,49
2023-10-02 18:04:00,836,4.5824,4.58,4.58,4.585,4.58,11
2023-10-02 18:05:00,592,4.5835,4.585,4.585,4.585,4.58,13
2023-10-02 18:06:00,3606,4.5897,4.585,4.595,4.5975,4.585,48
2023-10-02 18:07:00,3122,4.5893,4.59,4.585,4.59,4.585,42
2023-10-02 18:08:00,678,4.5846,4.585,4.585,4.585,4.585,9
2023-10-02 18:09:00,934,4.584,4.585,4.585,4.585,4.58,16
2023-10-02 18:10:00,2526,4.5903,4.59,4.59,4.595,4.59,32
2023-10-02 18:11:00,1628,4.5992,4.6,4.6,4.6,4.6,19
2023-10-02 18:12:00,5464,4.6029,4.6,4.61,4.61,4.6,39
2023-10-02 18:13:00,740,4.6009,4.6,4.605,4.605,4.6,10
2023-10-02 18:14:00,360,4.6036,4.605,4.6,4.605,4.6,10
2023-10-02 18:15:00,1313,4.601,4.6,4.6,4.61,4.6,26
2023-10-02 18:16:00,351,4.5938,4.595,4.59,4.595,4.59,10
2023-10-02 18:17:00,144,4.5901,4.59,4.59,4.59,4.59,7
2023-10-02 18:18:00,4912,4.5864,4.59,4.58,4.59,4.58,67
2023-10-02 18:19:00,462,4.5754,4.575,4.575,4.575,4.575,22
2023-10-02 18:20:00,2018,4.5696,4.57,4.565,4.57,4.565,46
2023-10-02 18:21:00,557,4.5651,4.57,4.56,4.57,4.56,13
2023-10-02 18:22:00,780,4.5658,4.565,4.565,4.57,4.565,24
2023-10-02 18:23:00,141,4.565,4.565,4.565,4.565,4.565,4
2023-10-02 18:24:00,629,4.5642,4.565,4.565,4.565,4.565,25
2023-10-02 18:25:00,370,4.5631,4.565,4.565,4.565,4.565,14
2023-10-02 18:26:00,2736,4.5611,4.565,4.56,4.57,4.56,39
2023-10-02 18:27:00,1793,4.5596,4.56,4.555,4.56,4.555,18
2023-10-02 18:28:00,1123,4.5532,4.555,4.555,4.555,4.55,24
2023-10-02 18:29:00,1604,4.5495,4.55,4.545,4.55,4.545,28
2023-10-02 18:30:00,337,4.5477,4.545,4.545,4.545,4.545,11
2023-10-02 18:31:00,296,4.5474,4.545,4.545,4.545,4.545,8
2023-10-02 18:32:00,381,4.5473,4.545,4.545,4.545,4.545,7
2023-10-02 18:33:00,1505,4.5437,4.545,4.545,4.545,4.54,27
2023-10-02 18:34:00,202,4.55,4.55,4.55,4.55,4.55,2
2023-10-02 18:35:00,429,4.5414,4.545,4.545,4.545,4.545,11
2023-10-02 18:36:00,765,4.5443,4.54,4.545,4.545,4.54,24
2023-10-02 18:37:00,452,4.5473,4.545,4.55,4.55,4.545,13
2023-10-02 18:38:00,2665,4.5414,4.54,4.545,4.545,4.54,45
2023-10-02 18:39:00,3793,4.537,4.54,4.535,4.54,4.53,35
2023-10-02 18:40:00,10300,4.5307,4.53,4.5312,4.535,4.53,78
2023-10-02 18:41:00,812,4.5344,4.535,4.535,4.535,4.535,11
2023-10-02 18:42:00,358,4.5328,4.535,4.535,4.535,4.53,9
2023-10-02 18:43:00,3702,4.5302,4.53,4.535,4.535,4.53,44
2023-10-02 18:44:00,681,4.5322,4.535,4.535,4.535,4.53,18
2023-10-02 18:45:00,1227,4.5322,4.53,4.535,4.535,4.53,15
2023-10-02 18:46:00,655,4.5327,4.53,4.53,4.535,4.53,27
2023-10-02 18:47:00,5269,4.5295,4.53,4.535,4.535,4.525,71
2023-10-02 18:48:00,5623,4.5302,4.53,4.535,4.535,4.53,59
2023-10-02 18:49:00,298,4.5318,4.5316,4.5316,4.5316,4.5316,5
2023-10-02 18:50:00,348,4.5333,4.535,4.535,4.535,4.535,10
2023-10-02 18:51:00,338,4.535,4.535,4.535,4.535,4.535,8
2023-10-02 18:53:00,2034,4.5385,4.535,4.54,4.54,4.535,33
2023-10-02 18:54:00,1099,4.5349,4.53,4.535,4.535,4.53,35
2023-10-02 18:55:00,786,4.533,4.535,4.53,4.535,4.53,15
2023-10-02 18:56:00,477,4.5311,4.53,4.535,4.535,4.53,12
2023-10-02 18:57:00,3548,4.5372,4.535,4.53,4.5399,4.53,22
2023-10-02 18:58:00,3487,4.5346,4.535,4.535,4.535,4.53,29
2023-10-02 18:59:00,1334,4.5325,4.535,4.535,4.535,4.53,27
2023-10-02 19:00:00,608,4.5367,4.54,4.535,4.54,4.535,18
2023-10-02 19:01:00,5100,4.5377,4.535,4.5354,4.54,4.535,22
2023-10-02 19:02:00,351,4.5336,4.535,4.53,4.535,4.53,9
2023-10-02 19:03:00,6954,4.5299,4.53,4.52,4.535,4.52,80
2023-10-02 19:04:00,1959,4.5219,4.525,4.525,4.525,4.52,35
2023-10-02 19:05:00,2476,4.5186,4.52,4.515,4.52,4.515,64
2023-10-02 19:06:00,1416,4.5147,4.51,4.51,4.515,4.51,31
2023-10-02 19:07:00,9539,4.5203,4.51,4.53,4.53,4.51,87
2023-10-02 19:08:00,1433,4.5262,4.53,4.525,4.53,4.525,27
2023-10-02 19:09:00,7871,4.5216,4.5259,4.52,4.5259,4.515,66
2023-10-02 19:10:00,593,4.52,4.52,4.52,4.52,4.52,18
2023-10-02 19:11:00,4860,4.5207,4.515,4.525,4.53,4.515,49
2023-10-02 19:12:00,7859,4.5209,4.52,4.53,4.53,4.515,89
2023-10-02 19:13:00,4487,4.5304,4.53,4.525,4.535,4.525,61
2023-10-02 19:14:00,1648,4.5237,4.52,4.525,4.525,4.52,27
2023-10-02 19:15:00,2296,4.5301,4.53,4.535,4.535,4.53,54
2023-10-02 19:16:00,738,4.5335,4.535,4.535,4.54,4.535,25
2023-10-02 19:17:00,1743,4.5353,4.535,4.54,4.54,4.535,48
2023-10-02 19:18:00,1469,4.5351,4.535,4.535,4.535,4.535,37
2023-10-02 19:19:00,826,4.5352,4.535,4.5375,4.5375,4.535,22
2023-10-02 19:20:00,2450,4.5276,4.53,4.525,4.53,4.525,58
2023-10-02 19:21:00,333,4.526,4.525,4.525,4.525,4.525,14
2023-10-02 19:22:00,5679,4.531,4.53,4.54,4.54,4.53,81
2023-10-02 19:23:00,1404,4.5353,4.535,4.535,4.54,4.535,21
2023-10-02 19:24:00,2056,4.5395,4.539,4.54,4.54,4.539,24
2023-10-02 19:25:00,2349,4.5374,4.535,4.535,4.5399,4.535,26
2023-10-02 19:26:00,1635,4.5327,4.535,4.5375,4.5375,4.53,30
2023-10-02 19:27:00,8148,4.5283,4.53,4.525,4.53,4.52,76
2023-10-02 19:28:00,725,4.5228,4.52,4.525,4.525,4.52,11
2023-10-02 19:29:00,1802,4.5253,4.525,4.53,4.53,4.52,46
2023-10-02 19:30:00,2948,4.5255,4.525,4.53,4.53,4.525,44
2023-10-02 19:31:00,26211,4.5289,4.53,4.53,4.53,4.525,197
2023-10-02 19:32:00,5557,4.5319,4.53,4.535,4.54,4.53,52
2023-10-02 19:33:00,1020,4.5324,4.535,4.53,4.535,4.53,25
2023-10-02 19:34:00,1628,4.5347,4.535,4.535,4.535,4.535,36
2023-10-02 19:35:00,3968,4.5299,4.535,4.525,4.5375,4.525,58
2023-10-02 19:36:00,1434,4.5238,4.525,4.52,4.525,4.52,44
2023-10-02 19:37:00,1011,4.5215,4.52,4.52,4.525,4.52,21
2023-10-02 19:38:00,4278,4.5258,4.525,4.52,4.53,4.52,71
2023-10-02 19:39:00,1133,4.5239,4.525,4.52,4.525,4.52,30
2023-10-02 19:40:00,2534,4.5253,4.525,4.525,4.53,4.525,69
2023-10-02 19:41:00,2365,4.5277,4.53,4.53,4.53,4.525,45
2023-10-02 19:42:00,12549,4.5296,4.525,4.525,4.535,4.525,121
2023-10-02 19:43:00,3219,4.5249,4.53,4.525,4.53,4.52,40
2023-10-02 19:44:00,21371,4.5203,4.52,4.52,4.525,4.52,161
2023-10-02 19:45:00,4255,4.5196,4.52,4.515,4.525,4.515,54
2023-10-02 19:46:00,10547,4.5197,4.52,4.525,4.525,4.515,92
2023-10-02 19:47:00,5556,4.5198,4.525,4.515,4.525,4.515,64
2023-10-02 19:48:00,4676,4.5149,4.51,4.515,4.52,4.51,98
2023-10-02 19:49:00,4127,4.5162,4.52,4.515,4.52,4.51,47
2023-10-02 19:50:00,11170,4.5212,4.52,4.5213,4.525,4.52,101
2023-10-02 19:51:00,5848,4.5265,4.525,4.53,4.53,4.5214,65
2023-10-02 19:52:00,4399,4.5255,4.53,4.525,4.53,4.525,66
2023-10-02 19:53:00,10019,4.5251,4.525,4.525,4.53,4.52,90
2023-10-02 19:54:00,10338,4.5249,4.525,4.53,4.53,4.52,99
2023-10-02 19:55:00,14866,4.532,4.53,4.5314,4.54,4.53,153
2023-10-02 19:56:00,15158,4.5407,4.54,4.5401,4.5475,4.535,129
2023-10-02 19:57:00,13343,4.5409,4.54,4.545,4.545,4.54,118
2023-10-02 19:58:00,8097,4.5423,4.54,4.54,4.545,4.54,64
2023-10-02 19:59:00,52458,4.5465,4.54,4.55,4.55,4.54,524
2023-10-02 20:00:00,15629,4.56,4.56,4.56,4.56,4.56,5
2023-10-03 13:30:00,18967,4.4905,4.5,4.47,4.5,4.46,126
2023-10-03 13:31:00,9092,4.4695,4.46,4.47,4.48,4.46,42
2023-10-03 13:32:00,6617,4.4429,4.45,4.46,4.46,4.44,34
2023-10-03 13:34:00,7164,4.5179,4.48,4.52,4.54,4.48,61
2023-10-03 13:35:00,4337,4.5088,4.515,4.49,4.52,4.49,60
2023-10-03 13:36:00,330,4.4851,4.485,4.485,4.485,4.485,13
2023-10-03 13:38:00,9010,4.4809,4.4891,4.49,4.49,4.47,99
2023-10-03 13:39:00,10245,4.4995,4.49,4.51,4.51,4.49,97
2023-10-03 13:40:00,1584,4.4779,4.5,4.465,4.5,4.465,38
2023-10-03 13:41:00,1297,4.4717,4.46,4.49,4.49,4.45,48
2023-10-03 13:42:00,497,4.4912,4.49,4.49,4.495,4.49,18
2023-10-03 13:44:00,2247,4.4998,4.5,4.495,4.5,4.495,31
2023-10-03 13:45:00,567,4.4906,4.49,4.49,4.49,4.49,15
2023-10-03 13:46:00,1732,4.5093,4.505,4.51,4.51,4.5,17
2023-10-03 13:47:00,5591,4.5281,4.525,4.525,4.53,4.52,53
2023-10-03 13:48:00,5122,4.5242,4.52,4.53,4.535,4.5141,63
2023-10-03 13:49:00,1677,4.5472,4.54,4.55,4.55,4.54,31
2023-10-03 13:50:00,7498,4.551,4.55,4.555,4.555,4.55,53
2023-10-03 13:51:00,1917,4.5613,4.56,4.565,4.565,4.56,19
2023-10-03 13:52:00,2181,4.5504,4.56,4.54,4.56,4.54,30
2023-10-03 13:53:00,1196,4.5388,4.535,4.54,4.54,4.535,23
2023-10-03 13:54:00,269,4.5406,4.54,4.54,4.54,4.54,7
2023-10-03 13:55:00,913,4.5374,4.54,4.535,4.54,4.53,21
2023-10-03 13:56:00,270,4.5377,4.5393,4.5393,4.5393,4.5393,11
2023-10-03 13:58:00,622,4.5428,4.54,4.5471,4.5471,4.54,14
2023-10-03 13:59:00,290,4.5403,4.54,4.54,4.54,4.54,7
2023-10-03 14:00:00,1124,4.5252,4.54,4.52,4.54,4.52,28
2023-10-03 14:01:00,1827,4.53,4.53,4.53,4.53,4.53,27
2023-10-03 14:02:00,3161,4.5112,4.52,4.51,4.52,4.51,39
2023-10-03 14:03:00,1181,4.5105,4.51,4.51,4.5105,4.51,17
2023-10-03 14:04:00,742,4.4998,4.505,4.5,4.505,4.495,13
2023-10-03 14:05:00,4665,4.4877,4.49,4.48,4.49,4.48,37
2023-10-03 14:06:00,846,4.4742,4.475,4.475,4.475,4.47,12
2023-10-03 14:07:00,3274,4.4694,4.47,4.46,4.47,4.46,25
2023-10-03 14:08:00,1762,4.4598,4.465,4.455,4.465,4.455,27
2023-10-03 14:09:00,2459,4.4524,4.45,4.445,4.455,4.445,26
2023-10-03 14:10:00,1841,4.4438,4.45,4.445,4.45,4.44,23
2023-10-03 14:11:00,4083,4.4433,4.445,4.43,4.45,4.43,33
2023-10-03 14:12:00,2922,4.439,4.44,4.43,4.44,4.43,31
2023-10-03 14:13:00,3905,4.4259,4.44,4.43,4.44,4.415,44
2023-10-03 14:14:00,4239,4.4376,4.43,4.44,4.44,4.43,72
2023-10-03 14:15:00,3736,4.4227,4.43,4.42,4.43,4.42,64
2023-10-03 14:16:00,344,4.4255,4.425,4.425,4.425,4.425,29
2023-10-03 14:17:00,1501,4.4178,4.42,4.42,4.42,4.415,19
2023-10-03 14:18:00,1237,4.4204,4.41,4.425,4.425,4.41,22
2023-10-03 14:19:00,845,4.425,4.425,4.425,4.425,4.425,11
2023-10-03 14:20:00,3571,4.4319,4.425,4.445,4.445,4.425,29
2023-10-03 14:21:00,311,4.4466,4.445,4.445,4.445,4.445,6
2023-10-03 14:22:00,1926,4.4397,4.45,4.435,4.45,4.435,23
2023-10-03 14:23:00,2625,4.44,4.44,4.44,4.44,4.44,17
2023-10-03 14:24:00,3087,4.4439,4.44,4.455,4.46,4.435,39
2023-10-03 14:25:00,2248,4.4615,4.46,4.47,4.47,4.46,16
2023-10-03 14:26:00,2907,4.47,4.47,4.47,4.47,4.47,33
2023-10-03 14:27:00,2537,4.4625,4.465,4.46,4.47,4.46,30
2023-10-03 14:29:00,3278,4.4457,4.45,4.435,4.45,4.435,49
2023-10-03 14:30:00,1532,4.4396,4.435,4.445,4.445,4.435,24
2023-10-03 14:31:00,18196,4.4417,4.445,4.45,4.4505,4.44,79
2023-10-03 14:32:00,33229,4.459,4.455,4.46,4.46,4.455,164
2023-10-03 14:33:00,2766,4.4605,4.46,4.455,4.465,4.455,39
2023-10-03 14:34:00,2755,4.4481,4.455,4.445,4.455,4.44,32
2023-10-03 14:35:00,3543,4.4485,4.44,4.46,4.4631,4.435,49
2023-10-03 14:36:00,695,4.4586,4.46,4.455,4.46,4.455,10
2023-10-03 14:37:00,1151,4.4587,4.455,4.455,4.46,4.455,14
2023-10-03 14:38:00,1944,4.4489,4.45,4.44,4.45,4.44,19
2023-10-03 14:39:00,579,4.4397,4.44,4.44,4.44,4.44,11
2023-10-03 14:40:00,565,4.4364,4.4392,4.435,4.44,4.435,16
2023-10-03 14:41:00,3520,4.4425,4.4396,4.45,4.45,4.435,48
2023-10-03 14:42:00,929,4.4462,4.45,4.445,4.45,4.445,19
2023-10-03 14:43:00,1569,4.4395,4.44,4.44,4.44,4.435,27
2023-10-03 14:44:00,901,4.4396,4.44,4.435,4.44,4.435,16
2023-10-03 14:45:00,417,4.4374,4.435,4.44,4.44,4.435,11
2023-10-03 14:46:00,774,4.4383,4.44,4.435,4.44,4.435,15
2023-10-03 14:48:00,1884,4.4309,4.43,4.425,4.43,4.425,20
2023-10-03 14:49:00,5576,4.4212,4.425,4.425,4.425,4.42,50
2023-10-03 14:51:00,310,4.4236,4.425,4.425,4.425,4.425,15
2023-10-03 14:52:00,3969,4.4203,4.42,4.425,4.425,4.415,40
2023-10-03 14:53:00,4031,4.435,4.43,4.445,4.445,4.43,42
2023-10-03 14:54:00,310,4.4515,4.45,4.45,4.45,4.45,12
2023-10-03 14:55:00,6154,4.4497,4.45,4.45,4.45,4.45,74
2023-10-03 14:56:00,1939,4.444,4.45,4.45,4.45,4.441,13
2023-10-03 14:57:00,241,4.4455,4.445,4.445,4.445,4.445,9
2023-10-03 14:59:00,643,4.4444,4.445,4.445,4.445,4.445,23
2023-10-03 15:00:00,540,4.4432,4.445,4.4455,4.4455,4.445,19
2023-10-03 15:01:00,4290,4.4491,4.45,4.445,4.458,4.445,60
2023-10-03 15:02:00,14889,4.4408,4.445,4.44,4.45,4.44,111
2023-10-03 15:03:00,2488,4.4386,4.4391,4.435,4.445,4.435,33
2023-10-03 15:04:00,280,4.4391,4.44,4.44,4.44,4.44,3
2023-10-03 15:07:00,1456,4.4392,4.43,4.445,4.445,4.43,30
2023-10-03 15:08:00,200,4.4475,4.445,4.45,4.45,4.445,2
2023-10-03 15:09:00,6657,4.4387,4.4405,4.435,4.4405,4.43,46
2023-10-03 15:10:00,2000,4.43,4.43,4.43,4.43,4.43,30
2023-10-03 15:11:00,2664,4.4304,4.43,4.43,4.435,4.43,32
2023-10-03 15:13:00,619,4.4359,4.435,4.435,4.4357,4.435,14
2023-10-03 15:14:00,4497,4.4366,4.435,4.44,4.4405,4.43,50
2023-10-03 15:15:00,10087,4.4411,4.44,4.45,4.45,4.435,53
2023-10-03 15:16:00,769,4.4536,4.45,4.46,4.46,4.45,10
2023-10-03 15:17:00,521,4.4549,4.455,4.455,4.455,4.455,8
2023-10-03 15:18:00,2444,4.4497,4.45,4.45,4.45,4.445,33
2023-10-03 15:19:00,826,4.4491,4.45,4.445,4.45,4.445,21
2023-10-03 15:20:00,9750,4.4505,4.45,4.46,4.46,4.45,69
2023-10-03 15:21:00,314,4.4501,4.45,4.45,4.45,4.45,8
2023-10-03 15:22:00,2464,4.4579,4.46,4.455,4.46,4.455,9
2023-10-03 15:23:00,2561,4.4482,4.45,4.45,4.45,4.445,34
2023-10-03 15:24:00,477,4.4421,4.445,4.44,4.445,4.44,11
2023-10-03 15:25:00,4028,4.4364,4.4405,4.4301,4.4405,4.43,59
2023-10-03 15:26:00,3663,4.4405,4.4399,4.4409,4.445,4.4399,48
2023-10-03 15:27:00,5219,4.4386,4.44,4.435,4.44,4.435,44
2023-10-03 15:28:00,804,4.4366,4.435,4.435,4.435,4.435,17
2023-10-03 15:29:00,461,4.4315,4.435,4.43,4.435,4.43,17
2023-10-03 15:30:00,1069,4.431,4.43,4.43,4.4305,4.43,14
2023-10-03 15:31:00,1661,4.4288,4.435,4.425,4.435,4.425,32
2023-10-03 15:32:00,402,4.43,4.43,4.43,4.43,4.43,8
2023-10-03 15:33:00,779,4.4245,4.43,4.42,4.43,4.42,19
2023-10-03 15:34:00,28858,4.4118,4.4201,4.415,4.4201,4.405,116
2023-10-03 15:35:00,17264,4.4014,4.41,4.4001,4.41,4.4,65
2023-10-03 15:37:00,369,4.4075,4.405,4.405,4.405,4.405,32
2023-10-03 15:38:00,9025,4.4,4.4,4.4,4.4,4.4,78
2023-10-03 15:39:00,5095,4.4004,4.4,4.405,4.405,4.4,18
2023-10-03 15:40:00,5150,4.4087,4.405,4.41,4.415,4.4,52
2023-10-03 15:41:00,2323,4.4199,4.415,4.425,4.425,4.415,30
2023-10-03 15:42:00,1605,4.4194,4.42,4.415,4.42,4.415,16
2023-10-03 15:43:00,10386,4.4107,4.41,4.415,4.415,4.41,25
2023-10-03 15:44:00,3295,4.4112,4.42,4.405,4.42,4.405,50
2023-10-03 15:45:00,1225,4.3992,4.4,4.395,4.4,4.395,16
2023-10-03 15:46:00,9337,4.4,4.398,4.4001,4.405,4.398,24
2023-10-03 15:47:00,4826,4.4103,4.41,4.41,4.415,4.405,38
2023-10-03 15:48:00,2017,4.4092,4.41,4.405,4.41,4.405,17
2023-10-03 15:49:00,6676,4.3987,4.4,4.4,4.4,4.395,46
2023-10-03 15:50:00,7493,4.4041,4.405,4.415,4.415,4.395,50
2023-10-03 15:52:00,1289,4.4098,4.41,4.41,4.41,4.405,16
2023-10-03 15:53:00,200,4.42,4.42,4.42,4.42,4.42,3
2023-10-03 15:54:00,100,4.41,4.41,4.41,4.41,4.41,1
2023-10-03 15:55:00,4647,4.41,4.41,4.41,4.41,4.41,34
2023-10-03 15:59:00,2594,4.4196,4.415,4.425,4.425,4.415,32
2023-10-03 16:00:00,2798,4.43,4.43,4.44,4.44,4.425,28
2023-10-03 16:01:00,1728,4.4403,4.435,4.445,4.445,4.435,20
2023-10-03 16:02:00,478,4.4499,4.45,4.45,4.45,4.45,12
2023-10-03 16:03:00,2349,4.4498,4.45,4.45,4.45,4.445,30
2023-10-03 16:04:00,100,4.455,4.455,4.455,4.455,4.455,1
2023-10-03 16:05:00,2552,4.4595,4.4593,4.46,4.46,4.4593,36
2023-10-03 16:06:00,173,4.4571,4.455,4.455,4.455,4.455,3
2023-10-03 16:07:00,1030,4.4611,4.46,4.465,4.465,4.46,14
2023-10-03 16:08:00,967,4.4603,4.46,4.46,4.46,4.46,26
2023-10-03 16:09:00,227,4.4546,4.455,4.455,4.455,4.455,5
2023-10-03 16:12:00,104,4.4598,4.46,4.46,4.46,4.46,3
2023-10-03 16:13:00,405,4.4525,4.455,4.45,4.455,4.45,4
2023-10-03 16:14:00,415,4.4574,4.46,4.46,4.46,4.455,6
2023-10-03 16:16:00,104,4.4598,4.46,4.46,4.46,4.46,2
2023-10-03 16:17:00,1529,4.4586,4.455,4.46,4.46,4.455,17
2023-10-03 16:19:00,213,4.4548,4.455,4.455,4.455,4.455,5
2023-10-03 16:20:00,4844,4.4505,4.46,4.45,4.46,4.45,48
2023-10-03 16:21:00,706,4.4505,4.45,4.451,4.451,4.45,10
2023-10-03 16:22:00,2107,4.447,4.45,4.45,4.45,4.445,27
2023-10-03 16:23:00,1731,4.4496,4.445,4.45,4.45,4.445,35
2023-10-03 16:24:00,1403,4.4493,4.45,4.44,4.45,4.44,24
2023-10-03 16:25:00,1657,4.4493,4.45,4.45,4.45,4.445,8
2023-10-03 16:26:00,723,4.4491,4.445,4.45,4.45,4.445,10
2023-10-03 16:27:00,104,4.4552,4.455,4.455,4.455,4.455,4
2023-10-03 16:28:00,1616,4.4597,4.46,4.46,4.46,4.46,24
2023-10-03 16:29:00,622,4.4609,4.46,4.465,4.465,4.46,12
2023-10-03 16:30:00,1154,4.4699,4.47,4.47,4.47,4.47,15
2023-10-03 16:32:00,106,4.4653,4.465,4.465,4.465,4.465,3
2023-10-03 16:33:00,1483,4.4692,4.465,4.47,4.47,4.465,22
2023-10-03 16:34:00,887,4.4699,4.47,4.47,4.47,4.47,17
2023-10-03 16:35:00,626,4.4638,4.465,4.465,4.465,4.46,9
2023-10-03 16:36:00,313,4.4628,4.46,4.46,4.46,4.46,4
2023-10-03 16:39:00,1689,4.4632,4.46,4.47,4.47,4.46,11
2023-10-03 16:40:00,558,4.4658,4.47,4.465,4.47,4.465,9
2023-10-03 16:41:00,3738,4.47,4.47,4.465,4.475,4.465,50
2023-10-03 16:42:00,717,4.4649,4.465,4.465,4.465,4.465,9
2023-10-03 16:43:00,793,4.4637,4.465,4.46,4.465,4.46,13
2023-10-03 16:44:00,2380,4.4597,4.465,4.45,4.465,4.45,21
2023-10-03 16:47:00,2620,4.451,4.455,4.45,4.46,4.45,32
2023-10-03 16:49:00,1271,4.4598,4.455,4.46,4.46,4.455,17
2023-10-03 16:50:00,305,4.4636,4.4688,4.4688,4.4688,4.4688,7
2023-10-03 16:51:00,255,4.4604,4.46,4.46,4.46,4.46,11
2023-10-03 16:52:00,2869,4.4589,4.46,4.455,4.46,4.455,41
2023-10-03 16:53:00,417,4.4552,4.455,4.455,4.455,4.455,6
2023-10-03 16:54:00,215,4.4576,4.455,4.46,4.46,4.455,6
2023-10-03 16:55:00,420,4.45,4.45,4.45,4.45,4.45,5
2023-10-03 16:56:00,616,4.4558,4.455,4.455,4.46,4.455,9
2023-10-03 16:57:00,7195,4.4603,4.46,4.4609,4.465,4.455,29
2023-10-03 16:58:00,4293,4.4604,4.46,4.46,4.465,4.46,52
2023-10-03 16:59:00,1204,4.4595,4.455,4.46,4.46,4.455,18
2023-10-03 17:00:00,774,4.4617,4.46,4.465,4.465,4.46,15
2023-10-03 17:01:00,809,4.4703,4.47,4.47,4.47,4.47,12
2023-10-03 17:02:00,2233,4.47,4.47,4.47,4.47,4.47,22
2023-10-03 17:03:00,236,4.4704,4.47,4.47,4.47,4.47,10
2023-10-03 17:05:00,139,4.4745,4.475,4.475,4.475,4.475,5
2023-10-03 17:07:00,5569,4.4659,4.47,4.455,4.47,4.455,63
2023-10-03 17:08:00,901,4.4525,4.455,4.455,4.455,4.4513,5
2023-10-03 17:09:00,693,4.4591,4.46,4.455,4.46,4.455,14
2023-10-03 17:10:00,216,4.455,4.455,4.455,4.455,4.455,5
2023-10-03 17:11:00,13696,4.4502,4.455,4.445,4.455,4.445,110
2023-10-03 17:12:00,1682,4.4509,4.45,4.455,4.455,4.45,25
2023-10-03 17:13:00,200,4.4529,4.455,4.455,4.455,4.455,2
2023-10-03 17:15:00,497,4.4579,4.46,4.455,4.46,4.455,8
2023-10-03 17:17:00,117,4.455,4.455,4.455,4.455,4.455,5
2023-10-03 17:18:00,100,4.46,4.46,4.46,4.46,4.46,1
2023-10-03 17:19:00,241,4.455,4.455,4.455,4.455,4.455,11
2023-10-03 17:20:00,2444,4.449,4.45,4.445,4.45,4.445,40
2023-10-03 17:21:00,3669,4.4457,4.45,4.4463,4.45,4.44,10
2023-10-03 17:22:00,846,4.4448,4.44,4.445,4.45,4.44,15
2023-10-03 17:23:00,8144,4.4499,4.45,4.45,4.45,4.45,62
2023-10-03 17:24:00,102,4.445,4.445,4.445,4.445,4.445,3
2023-10-03 17:25:00,523,4.4484,4.4499,4.445,4.4499,4.445,6
2023-10-03 17:26:00,451,4.445,4.445,4.445,4.445,4.445,10
2023-10-03 17:27:00,904,4.4456,4.445,4.445,4.45,4.445,11
2023-10-03 17:28:00,705,4.445,4.445,4.445,4.445,4.445,13
2023-10-03 17:29:00,425,4.4461,4.45,4.445,4.45,4.445,11
2023-10-03 17:30:00,314,4.4453,4.445,4.445,4.445,4.445,20
2023-10-03 17:31:00,1505,4.4415,4.44,4.45,4.45,4.44,15
2023-10-03 17:32:00,2978,4.4397,4.44,4.435,4.44,4.435,41
2023-10-03 17:33:00,768,4.4321,4.435,4.43,4.435,4.43,12
2023-10-03 17:35:00,13118,4.4302,4.44,4.435,4.44,4.43,100
2023-10-03 17:36:00,103,4.435,4.435,4.435,4.435,4.435,3
2023-10-03 17:37:00,6988,4.4299,4.43,4.425,4.435,4.425,78
2023-10-03 17:38:00,305,4.4267,4.425,4.425,4.425,4.425,7
2023-10-03 17:39:00,8229,4.4303,4.43,4.44,4.44,4.43,65
2023-10-03 17:40:00,367,4.434,4.435,4.435,4.435,4.435,8
2023-10-03 17:41:00,513,4.4328,4.435,4.435,4.435,4.435,6
2023-10-03 17:42:00,1154,4.4375,4.435,4.4389,4.4389,4.435,7
2023-10-03 17:43:00,5747,4.4412,4.4391,4.445,4.445,4.4391,51
2023-10-03 17:45:00,768,4.4409,4.44,4.445,4.445,4.44,15
2023-10-03 17:46:00,192,4.4447,4.445,4.445,4.445,4.445,6
2023-10-03 17:47:00,160,4.4463,4.45,4.45,4.45,4.45,6
2023-10-03 17:49:00,882,4.4442,4.445,4.445,4.445,4.445,16
2023-10-03 17:51:00,1315,4.4445,4.445,4.44,4.45,4.44,17
2023-10-03 17:52:00,4428,4.4401,4.445,4.44,4.445,4.44,58
2023-10-03 17:53:00,7220,4.45,4.445,4.455,4.455,4.445,57
2023-10-03 17:54:00,1083,4.4507,4.45,4.455,4.455,4.45,26
2023-10-03 17:55:00,11291,4.4502,4.45,4.4537,4.46,4.45,83
2023-10-03 17:56:00,326,4.455,4.455,4.455,4.455,4.455,8
2023-10-03 17:57:00,1026,4.4547,4.455,4.455,4.455,4.455,14
2023-10-03 17:59:00,640,4.4511,4.45,4.452,4.455,4.45,13
2023-10-03 18:00:00,167,4.4541,4.455,4.455,4.455,4.455,5
2023-10-03 18:01:00,994,4.4504,4.45,4.451,4.451,4.45,8
2023-10-03 18:02:00,480,4.4512,4.451,4.451,4.451,4.451,9
2023-10-03 18:03:00,341,4.4536,4.455,4.455,4.455,4.455,8
2023-10-03 18:04:00,5002,4.45,4.45,4.45,4.45,4.45,64
2023-10-03 18:05:00,10248,4.4525,4.455,4.45,4.455,4.45,45
2023-10-03 18:06:00,328,4.45,4.45,4.45,4.45,4.45,13
2023-10-03 18:07:00,16819,4.4406,4.455,4.445,4.455,4.435,124
2023-10-03 18:09:00,643,4.4447,4.445,4.445,4.445,4.445,11
2023-10-03 18:10:00,5871,4.4466,4.441,4.45,4.45,4.441,45
2023-10-03 18:11:00,2020,4.4512,4.45,4.45,4.46,4.45,30
2023-10-03 18:12:00,637,4.451,4.45,4.455,4.455,4.45,12
2023-10-03 18:13:00,441,4.4505,4.45,4.45,4.45,4.45,12
2023-10-03 18:14:00,630,4.4533,4.455,4.4501,4.46,4.4501,10
2023-10-03 18:15:00,403,4.451,4.46,4.46,4.46,4.46,7
2023-10-03 18:16:00,384,4.4514,4.45,4.45,4.45,4.45,8
2023-10-03 18:17:00,277,4.4511,4.45,4.45,4.45,4.45,6
2023-10-03 18:18:00,659,4.4583,4.455,4.46,4.46,4.455,5
2023-10-03 18:19:00,4108,4.453,4.4517,4.455,4.455,4.4517,29
2023-10-03 18:20:00,266,4.4548,4.455,4.455,4.455,4.455,6
2023-10-03 18:22:00,861,4.4538,4.455,4.45,4.455,4.45,7
2023-10-03 18:23:00,531,4.4514,4.4512,4.4512,4.4512,4.4512,3
2023-10-03 18:25:00,414,4.4548,4.455,4.455,4.455,4.455,6
2023-10-03 18:26:00,476,4.4561,4.455,4.458,4.458,4.455,7
2023-10-03 18:27:00,2840,4.4505,4.45,4.45,4.455,4.45,36
2023-10-03 18:28:00,1047,4.4549,4.455,4.455,4.455,4.455,10
2023-10-03 18:29:00,10810,4.449,4.45,4.445,4.455,4.44,96
2023-10-03 18:30:00,7727,4.4479,4.445,4.45,4.45,4.445,44
2023-10-03 18:31:00,3525,4.4453,4.445,4.445,4.45,4.445,36
2023-10-03 18:32:00,1036,4.445,4.445,4.445,4.445,4.445,11
2023-10-03 18:33:00,600,4.4446,4.4425,4.445,4.445,4.4425,3
2023-10-03 18:34:00,932,4.4434,4.4408,4.45,4.45,4.4408,6
2023-10-03 18:35:00,4972,4.4496,4.445,4.45,4.45,4.4425,52
2023-10-03 18:36:00,11437,4.45,4.45,4.455,4.455,4.445,85
2023-10-03 18:37:00,100,4.455,4.455,4.455,4.455,4.455,1
2023-10-03 18:38:00,900,4.4528,4.455,4.455,4.46,4.45,5
2023-10-03 18:39:00,2159,4.4542,4.455,4.455,4.455,4.455,21
2023-10-03 18:40:00,423,4.4561,4.46,4.455,4.46,4.455,7
2023-10-03 18:41:00,1727,4.4535,4.45,4.455,4.455,4.45,8
2023-10-03 18:42:00,1200,4.4501,4.4504,4.45,4.4504,4.45,10
2023-10-03 18:43:00,5320,4.4581,4.455,4.45,4.4591,4.45,6
2023-10-03 18:44:00,1316,4.4507,4.45,4.4535,4.4535,4.45,9
2023-10-03 18:45:00,2164,4.4525,4.455,4.45,4.455,4.45,20
2023-10-03 18:46:00,1507,4.4566,4.455,4.455,4.46,4.451,18
2023-10-03 18:47:00,1451,4.4562,4.46,4.46,4.46,4.45,12
2023-10-03 18:48:00,590,4.4547,4.45,4.46,4.46,4.45,11
2023-10-03 18:49:00,204,4.4501,4.45,4.45,4.45,4.45,3
2023-10-03 18:50:00,2417,4.4542,4.45,4.455,4.46,4.45,25
2023-10-03 18:51:00,8535,4.4588,4.46,4.4569,4.46,4.455,27
2023-10-03 18:52:00,2180,4.4544,4.455,4.455,4.455,4.45,20
2023-10-03 18:53:00,748,4.4508,4.45,4.455,4.455,4.45,13
2023-10-03 18:54:00,419,4.4515,4.455,4.45,4.455,4.45,15
2023-10-03 18:55:00,826,4.4549,4.45,4.45,4.45,4.45,12
2023-10-03 18:56:00,352,4.4536,4.455,4.455,4.455,4.455,4
2023-10-03 18:57:00,5625,4.45,4.45,4.4578,4.46,4.445,57
2023-10-03 18:58:00,11569,4.4602,4.455,4.465,4.465,4.455,32
2023-10-03 18:59:00,893,4.459,4.46,4.45,4.46,4.45,20
2023-10-03 19:01:00,154,4.4576,4.46,4.46,4.46,4.46,4
2023-10-03 19:02:00,1604,4.4555,4.4526,4.455,4.46,4.4526,18
2023-10-03 19:03:00,3119,4.4598,4.455,4.465,4.47,4.455,40
2023-10-03 19:04:00,339,4.4621,4.465,4.4601,4.465,4.4601,3
2023-10-03 19:05:00,2681,4.4595,4.46,4.455,4.46,4.455,30
2023-10-03 19:06:00,276,4.455,4.455,4.455,4.455,4.455,3
2023-10-03 19:07:00,339,4.4539,4.455,4.455,4.455,4.455,6
2023-10-03 19:08:00,1131,4.4539,4.4538,4.455,4.46,4.4509,9
2023-10-03 19:09:00,723,4.4564,4.455,4.46,4.46,4.455,7
2023-10-03 19:10:00,539,4.4552,4.46,4.455,4.46,4.455,9
2023-10-03 19:12:00,241,4.4581,4.4588,4.4588,4.4588,4.4588,3
2023-10-03 19:14:00,23279,4.4499,4.45,4.455,4.455,4.445,163
2023-10-03 19:15:00,1807,4.453,4.4511,4.455,4.455,4.4511,10
2023-10-03 19:16:00,1253,4.4559,4.46,4.455,4.46,4.455,17
2023-10-03 19:17:00,3947,4.4596,4.455,4.455,4.46,4.455,50
2023-10-03 19:18:00,1615,4.4592,4.455,4.46,4.46,4.455,14
2023-10-03 19:20:00,287,4.4654,4.465,4.465,4.465,4.465,2
2023-10-03 19:21:00,179,4.4644,4.465,4.465,4.465,4.465,4
2023-10-03 19:22:00,263,4.4675,4.47,4.465,4.47,4.465,7
2023-10-03 19:23:00,1497,4.4565,4.455,4.455,4.46,4.455,27
2023-10-03 19:24:00,226,4.4568,4.46,4.455,4.46,4.455,4
2023-10-03 19:25:00,5212,4.4506,4.455,4.45,4.455,4.45,40
2023-10-03 19:26:00,898,4.4504,4.45,4.45,4.45,4.45,9
2023-10-03 19:27:00,7688,4.4496,4.45,4.45,4.45,4.445,65
2023-10-03 19:29:00,110,4.4518,4.4512,4.4512,4.4512,4.4512,2
2023-10-03 19:30:00,6151,4.4498,4.46,4.45,4.46,4.445,54
2023-10-03 19:31:00,716,4.4452,4.445,4.445,4.445,4.445,10
2023-10-03 19:32:00,5933,4.4492,4.445,4.45,4.455,4.445,77
2023-10-03 19:33:00,969,4.4456,4.445,4.445,4.445,4.445,19
2023-10-03 19:34:00,3718,4.4399,4.44,4.44,4.44,4.44,34
2023-10-03 19:35:00,1662,4.441,4.44,4.44,4.44,4.435,19
2023-10-03 19:36:00,6375,4.4392,4.44,4.435,4.44,4.435,57
2023-10-03 19:37:00,183,4.435,4.435,4.435,4.435,4.435,6
2023-10-03 19:38:00,1865,4.4372,4.435,4.44,4.44,4.435,30
2023-10-03 19:39:00,1814,4.436,4.435,4.435,4.44,4.435,16
2023-10-03 19:40:00,1222,4.4381,4.44,4.44,4.44,4.435,22
2023-10-03 19:41:00,1178,4.4369,4.435,4.435,4.44,4.435,18
2023-10-03 19:42:00,6028,4.4392,4.44,4.44,4.4405,4.4325,51
2023-10-03 19:43:00,1805,4.4488,4.45,4.45,4.45,4.445,17
2023-10-03 19:44:00,3775,4.4465,4.45,4.445,4.45,4.4415,35
2023-10-03 19:45:00,1589,4.4409,4.445,4.44,4.445,4.44,15
2023-10-03 19:46:00,1098,4.4459,4.445,4.45,4.45,4.44,14
2023-10-03 19:47:00,2006,4.4461,4.45,4.445,4.45,4.445,31
2023-10-03 19:48:00,130,4.4491,4.45,4.45,4.45,4.45,2
2023-10-03 19:49:00,6161,4.4412,4.445,4.45,4.45,4.44,42
2023-10-03 19:50:00,7099,4.4461,4.445,4.445,4.45,4.4412,74
2023-10-03 19:51:00,3627,4.4453,4.445,4.445,4.45,4.4401,48
2023-10-03 19:52:00,5348,4.4453,4.445,4.445,4.45,4.44,45
2023-10-03 19:53:00,24964,4.4365,4.445,4.435,4.45,4.43,155
2023-10-03 19:54:00,35755,4.4311,4.43,4.43,4.44,4.43,232
2023-10-03 19:55:00,30741,4.4273,4.43,4.42,4.435,4.42,179
2023-10-03 19:56:00,44637,4.4207,4.42,4.42,4.43,4.415,215
2023-10-03 19:57:00,63242,4.4334,4.42,4.43,4.44,4.42,327
2023-10-03 19:58:00,24327,4.4272,4.43,4.425,4.435,4.42,147
2023-10-03 19:59:00,51967,4.4352,4.43,4.44,4.445,4.42,279
2023-10-03 20:00:00,17045,4.45,4.45,4.45,4.45,4.45,10
2023-10-03 21:25:00,200,4.42,4.42,4.42,4.42,4.42,1
2023-10-04 11:06:00,500,4.438,4.43,4.44,4.44,4.43,3
2023-10-04 11:12:00,849,4.44,4.44,4.44,4.44,4.44,4
2023-10-04 12:00:00,1816,4.4205,4.42,4.42,4.42,4.42,2
2023-10-04 12:50:00,100,4.43,4.43,4.43,4.43,4.43,1
2023-10-04 13:26:00,1192,4.4876,4.47,4.49,4.52,4.47,9
2023-10-04 13:30:00,15048,4.4912,4.48,4.575,4.575,4.48,62
2023-10-04 13:31:00,7817,4.5588,4.58,4.54,4.585,4.53,92
2023-10-04 13:32:00,774,4.5253,4.52,4.52,4.52,4.52,27
2023-10-04 13:33:00,10560,4.519,4.5205,4.51,4.5206,4.51,29
2023-10-04 13:34:00,371,4.503,4.51,4.5005,4.51,4.5005,10
2023-10-04 13:35:00,6560,4.4963,4.5,4.495,4.5,4.495,29
2023-10-04 13:36:00,1413,4.4897,4.485,4.495,4.495,4.485,21
2023-10-04 13:37:00,4699,4.4947,4.4901,4.49,4.505,4.49,30
2023-10-04 13:38:00,794,4.4895,4.49,4.49,4.49,4.49,14
2023-10-04 13:39:00,3362,4.4915,4.49,4.49,4.5,4.49,35
2023-10-04 13:40:00,10227,4.4772,4.48,4.46,4.48,4.46,31
2023-10-04 13:41:00,427,4.455,4.455,4.455,4.455,4.455,10
2023-10-04 13:42:00,2066,4.4639,4.46,4.46,4.47,4.46,35
2023-10-04 13:43:00,879,4.4623,4.46,4.465,4.465,4.46,9
2023-10-04 13:44:00,1042,4.4632,4.465,4.47,4.47,4.465,21
2023-10-04 13:45:00,2020,4.4564,4.455,4.455,4.46,4.455,24
2023-10-04 13:46:00,2064,4.4491,4.45,4.445,4.45,4.445,31
2023-10-04 13:47:00,1404,4.4414,4.45,4.45,4.45,4.435,27
2023-10-04 13:48:00,9692,4.4501,4.45,4.4501,4.4556,4.45,32
2023-10-04 13:49:00,1626,4.4499,4.455,4.45,4.455,4.45,30
2023-10-04 13:50:00,3063,4.44,4.44,4.45,4.45,4.435,49
2023-10-04 13:51:00,4221,4.4263,4.43,4.415,4.43,4.415,36
2023-10-04 13:52:00,3036,4.4275,4.42,4.43,4.43,4.42,47
2023-10-04 13:53:00,183,4.423,4.425,4.425,4.425,4.425,5
2023-10-04 13:54:00,1981,4.4303,4.43,4.43,4.43,4.43,30
2023-10-04 13:55:00,224,4.4314,4.43,4.43,4.43,4.43,10
2023-10-04 13:56:00,6066,4.4234,4.43,4.425,4.43,4.421,38
2023-10-04 13:57:00,2390,4.4194,4.42,4.425,4.425,4.415,34
2023-10-04 13:58:00,2853,4.4326,4.43,4.44,4.44,4.43,27
2023-10-04 13:59:00,7000,4.447,4.44,4.46,4.46,4.44,101
2023-10-04 14:00:00,15517,4.4745,4.46,4.455,4.49,4.455,71
2023-10-04 14:01:00,2376,4.4408,4.45,4.43,4.45,4.43,38
2023-10-04 14:02:00,7282,4.4388,4.425,4.44,4.445,4.425,67
2023-10-04 14:03:00,468,4.4341,4.435,4.435,4.435,4.435,8
2023-10-04 14:04:00,181,4.4302,4.43,4.43,4.43,4.43,10
2023-10-04 14:05:00,7582,4.4305,4.435,4.43,4.435,4.43,37
2023-10-04 14:06:00,16798,4.4078,4.42,4.41,4.42,4.4,129
2023-10-04 14:08:00,1877,4.4089,4.41,4.4096,4.41,4.4096,33
2023-10-04 14:09:00,5933,4.4098,4.405,4.41,4.415,4.405,85
2023-10-04 14:10:00,1029,4.4102,4.4112,4.41,4.4112,4.41,14
2023-10-04 14:11:00,3188,4.4123,4.4088,4.415,4.415,4.4088,32
2023-10-04 14:12:00,6390,4.4167,4.415,4.42,4.42,4.412,37
2023-10-04 14:14:00,1518,4.4288,4.43,4.425,4.43,4.425,28
2023-10-04 14:15:00,7293,4.4167,4.42,4.405,4.42,4.405,56
2023-10-04 14:16:00,256,4.4009,4.4,4.4,4.4,4.4,8
2023-10-04 14:17:00,2251,4.4083,4.405,4.415,4.415,4.405,36
2023-10-04 14:18:00,1055,4.4091,4.41,4.4,4.415,4.4,14
2023-10-04 14:19:00,494,4.406,4.405,4.405,4.405,4.405,10
2023-10-04 14:20:00,6693,4.4063,4.41,4.405,4.41,4.395,69
2023-10-04 14:21:00,1315,4.404,4.4,4.4,4.4,4.4,13
2023-10-04 14:22:00,221,4.3915,4.391,4.391,4.391,4.391,11
2023-10-04 14:23:00,7497,4.3904,4.39,4.39,4.3903,4.39,44
2023-10-04 14:24:00,2982,4.3808,4.385,4.39,4.39,4.38,46
2023-10-04 14:25:00,534,4.3849,4.385,4.385,4.385,4.385,8
2023-10-04 14:27:00,1286,4.3797,4.38,4.375,4.38,4.375,27
2023-10-04 14:28:00,5528,4.3726,4.375,4.365,4.375,4.365,32
2023-10-04 14:29:00,2933,4.3604,4.3604,4.36,4.3604,4.36,28
2023-10-04 14:30:00,2738,4.3691,4.36,4.38,4.38,4.36,53
2023-10-04 14:31:00,4015,4.3821,4.38,4.3892,4.3892,4.38,49
2023-10-04 14:32:00,5649,4.3785,4.39,4.37,4.39,4.37,75
2023-10-04 14:33:00,248,4.3689,4.3693,4.3693,4.3693,4.3693,8
2023-10-04 14:35:00,2663,4.3703,4.37,4.37,4.38,4.37,52
2023-10-04 14:36:00,117,4.3604,4.36,4.36,4.36,4.36,10
2023-10-04 14:37:00,2716,4.3608,4.36,4.365,4.37,4.36,59
2023-10-04 14:38:00,13328,4.3617,4.37,4.365,4.37,4.355,102
2023-10-04 14:39:00,5601,4.3679,4.365,4.37,4.37,4.365,27
2023-10-04 14:40:00,884,4.375,4.375,4.375,4.375,4.375,7
2023-10-04 14:41:00,1099,4.3728,4.375,4.38,4.38,4.375,15
2023-10-04 14:42:00,850,4.37,4.37,4.37,4.37,4.37,20
2023-10-04 14:43:00,231,4.3689,4.37,4.37,4.37,4.37,6
2023-10-04 14:44:00,1192,4.3673,4.37,4.365,4.37,4.365,8
2023-10-04 14:45:00,758,4.3649,4.365,4.365,4.365,4.365,14
2023-10-04 14:46:00,1493,4.3599,4.36,4.36,4.36,4.36,22
2023-10-04 14:47:00,9823,4.3496,4.35,4.35,4.35,4.345,70
2023-10-04 14:48:00,1550,4.3484,4.35,4.345,4.35,4.345,34
2023-10-04 14:49:00,1372,4.3409,4.345,4.34,4.345,4.34,12
2023-10-04 14:50:00,2660,4.3425,4.34,4.34,4.345,4.34,42
2023-10-04 14:51:00,58488,4.3189,4.34,4.325,4.3401,4.31,151
2023-10-04 14:52:00,1382,4.3242,4.325,4.325,4.325,4.32,12
2023-10-04 14:53:00,137,4.3289,4.33,4.33,4.33,4.33,10
2023-10-04 14:54:00,817,4.3241,4.32,4.32,4.325,4.32,10
2023-10-04 14:55:00,12257,4.3201,4.3225,4.305,4.3225,4.305,44
2023-10-04 14:56:00,1237,4.3052,4.305,4.305,4.305,4.3,29
2023-10-04 14:57:00,1510,4.3073,4.31,4.3,4.31,4.3,15
2023-10-04 14:58:00,3943,4.3061,4.3093,4.3,4.3093,4.3,28
2023-10-04 14:59:00,779,4.3044,4.3047,4.3047,4.3047,4.3047,16
2023-10-04 15:00:00,7721,4.2958,4.3,4.295,4.3,4.29,89
2023-10-04 15:01:00,5663,4.2993,4.2995,4.295,4.2995,4.295,21
2023-10-04 15:02:00,674,4.2974,4.3,4.3,4.3,4.295,14
2023-10-04 15:03:00,12175,4.2997,4.3,4.295,4.3,4.295,82
2023-10-04 15:05:00,3000,4.2987,4.3,4.3,4.3,4.295,43
2023-10-04 15:06:00,936,4.3088,4.31,4.3025,4.31,4.3025,10
2023-10-04 15:07:00,228,4.3095,4.31,4.31,4.31,4.31,21
2023-10-04 15:09:00,385,4.3081,4.31,4.305,4.31,4.305,26
2023-10-04 15:10:00,6198,4.3097,4.3099,4.315,4.315,4.3077,47
2023-10-04 15:11:00,13495,4.3242,4.32,4.32,4.335,4.32,144
2023-10-04 15:12:00,335,4.3112,4.31,4.31,4.31,4.31,7
2023-10-04 15:14:00,10130,4.3194,4.315,4.325,4.325,4.315,56
2023-10-04 15:15:00,4318,4.3247,4.325,4.33,4.33,4.32,47
2023-10-04 15:16:00,1894,4.3306,4.33,4.33,4.335,4.33,26
2023-10-04 15:17:00,6720,4.3299,4.33,4.33,4.33,4.325,55
2023-10-04 15:18:00,167,4.335,4.335,4.335,4.335,4.335,4
2023-10-04 15:19:00,1635,4.3386,4.34,4.34,4.34,4.3377,16
2023-10-04 15:21:00,812,4.3341,4.349,4.349,4.349,4.349,7
2023-10-04 15:22:00,3976,4.3443,4.345,4.345,4.345,4.34,8
2023-10-04 15:23:00,656,4.3485,4.35,4.345,4.35,4.345,7
2023-10-04 15:24:00,3172,4.3571,4.35,4.365,4.365,4.35,35
2023-10-04 15:25:00,4266,4.3705,4.365,4.375,4.375,4.365,28
2023-10-04 15:26:00,412,4.3762,4.375,4.38,4.38,4.375,7
2023-10-04 15:27:00,3123,4.3823,4.38,4.385,4.39,4.38,24
2023-10-04 15:28:00,2717,4.3958,4.39,4.4,4.4,4.39,23
2023-10-04 15:29:00,3365,4.3941,4.395,4.395,4.4,4.39,37
2023-10-04 15:30:00,886,4.3948,4.3999,4.395,4.3999,4.39,14
2023-10-04 15:31:00,1624,4.393,4.395,4.395,4.395,4.39,19
2023-10-04 15:32:00,3021,4.3983,4.39,4.4,4.4,4.39,35
2023-10-04 15:33:00,1709,4.4089,4.405,4.415,4.415,4.405,24
2023-10-04 15:34:00,946,4.4152,4.415,4.415,4.415,4.415,15
2023-10-04 15:35:00,8805,4.4104,4.41,4.413,4.415,4.41,64
2023-10-04 15:36:00,2739,4.41,4.41,4.41,4.41,4.41,28
2023-10-04 15:37:00,2462,4.4056,4.415,4.41,4.415,4.4,30
2023-10-04 15:38:00,104,4.405,4.405,4.405,4.405,4.405,3
2023-10-04 15:40:00,158,4.4021,4.4,4.4,4.4,4.4,8
2023-10-04 15:41:00,3004,4.3963,4.4,4.39,4.405,4.38,45
2023-10-04 15:42:00,4669,4.39,4.39,4.39,4.39,4.39,46
2023-10-04 15:43:00,312,4.3943,4.39,4.39,4.39,4.39,4
2023-10-04 15:44:00,2112,4.3905,4.39,4.395,4.395,4.39,34
2023-10-04 15:45:00,127,4.395,4.395,4.395,4.395,4.395,4
2023-10-04 15:46:00,4768,4.4006,4.4,4.41,4.41,4.4,43
2023-10-04 15:47:00,2671,4.4198,4.41,4.43,4.43,4.41,37
2023-10-04 15:48:00,6498,4.4343,4.43,4.445,4.445,4.4259,50
2023-10-04 15:49:00,728,4.4393,4.44,4.44,4.44,4.44,16
2023-10-04 15:50:00,2822,4.4288,4.43,4.425,4.43,4.42,28
2023-10-04 15:51:00,2251,4.4307,4.43,4.435,4.435,4.43,20
2023-10-04 15:52:00,100,4.44,4.44,4.44,4.44,4.44,1
2023-10-04 15:53:00,1460,4.4297,4.435,4.42,4.435,4.42,23
2023-10-04 15:54:00,243,4.4236,4.425,4.425,4.425,4.425,7
2023-10-04 15:55:00,420,4.425,4.43,4.425,4.43,4.42,10
2023-10-04 15:56:00,1742,4.4306,4.43,4.435,4.435,4.43,17
2023-10-04 15:57:00,1887,4.4301,4.43,4.43,4.43,4.43,22
2023-10-04 15:58:00,1414,4.4266,4.43,4.42,4.43,4.42,15
2023-10-04 16:01:00,1513,4.4214,4.43,4.425,4.43,4.42,5
2023-10-04 16:02:00,5775,4.4229,4.425,4.43,4.43,4.4217,14
2023-10-04 16:04:00,805,4.4245,4.4225,4.425,4.425,4.4225,18
2023-10-04 16:05:00,5111,4.4204,4.42,4.425,4.425,4.42,53
2023-10-04 16:06:00,1773,4.4305,4.43,4.435,4.435,4.43,33
2023-10-04 16:07:00,1321,4.4316,4.435,4.43,4.44,4.43,20
2023-10-04 16:08:00,2356,4.4306,4.43,4.435,4.435,4.43,15
2023-10-04 16:09:00,202,4.44,4.44,4.44,4.44,4.44,4
2023-10-04 16:10:00,1011,4.4406,4.435,4.445,4.445,4.435,20
2023-10-04 16:11:00,177,4.4451,4.445,4.445,4.445,4.445,8
2023-10-04 16:12:00,1243,4.4441,4.445,4.445,4.445,4.44,12
2023-10-04 16:13:00,302,4.445,4.445,4.445,4.445,4.445,5
2023-10-04 16:14:00,1026,4.4456,4.445,4.45,4.45,4.445,11
2023-10-04 16:16:00,5534,4.4505,4.45,4.455,4.455,4.445,58
2023-10-04 16:17:00,275,4.4589,4.46,4.4588,4.46,4.4588,5
2023-10-04 16:19:00,238,4.4598,4.46,4.46,4.46,4.46,8
2023-10-04 16:20:00,3803,4.4631,4.46,4.465,4.47,4.46,47
2023-10-04 16:21:00,348,4.4662,4.47,4.465,4.47,4.465,12
2023-10-04 16:22:00,1267,4.4633,4.465,4.465,4.465,4.46,13
2023-10-04 16:23:00,5548,4.4609,4.47,4.46,4.47,4.455,55
2023-10-04 16:24:00,628,4.4548,4.4504,4.46,4.46,4.4504,9
2023-10-04 16:25:00,913,4.4544,4.4515,4.455,4.46,4.4515,11
2023-10-04 16:26:00,219,4.4567,4.457,4.457,4.457,4.457,3
2023-10-04 16:27:00,115,4.4594,4.46,4.46,4.46,4.46,4
2023-10-04 16:28:00,282,4.4597,4.46,4.46,4.46,4.46,6
2023-10-04 16:29:00,4255,4.462,4.46,4.47,4.47,4.46,45
2023-10-04 16:30:00,1212,4.4645,4.465,4.465,4.465,4.46,20
2023-10-04 16:31:00,173,4.4649,4.465,4.465,4.465,4.465,5
2023-10-04 16:32:00,1935,4.4689,4.4611,4.475,4.48,4.4611,35
2023-10-04 16:33:00,3082,4.4696,4.47,4.47,4.47,4.465,32
2023-10-04 16:34:00,1032,4.4612,4.4612,4.4612,4.4612,4.4612,4
2023-10-04 16:35:00,1862,4.4703,4.47,4.475,4.475,4.47,26
2023-10-04 16:37:00,7977,4.47,4.47,4.47,4.47,4.465,76
2023-10-04 16:39:00,3893,4.4696,4.47,4.465,4.47,4.465,29
2023-10-04 16:40:00,123,4.469,4.47,4.47,4.47,4.47,3
2023-10-04 16:41:00,1169,4.4652,4.465,4.465,4.465,4.465,12
2023-10-04 16:42:00,3687,4.4594,4.46,4.45,4.46,4.45,23
2023-10-04 16:43:00,940,4.45,4.45,4.45,4.45,4.45,23
2023-10-04 16:44:00,525,4.4408,4.4406,4.4406,4.4406,4.4406,5
2023-10-04 16:45:00,232,4.4426,4.445,4.445,4.445,4.445,7
2023-10-04 16:46:00,124,4.4422,4.4425,4.4425,4.4425,4.4425,4
2023-10-04 16:47:00,2905,4.4499,4.45,4.45,4.45,4.45,38
2023-10-04 16:50:00,459,4.4455,4.445,4.445,4.445,4.445,7
2023-10-04 16:51:00,898,4.4461,4.445,4.445,4.445,4.445,10
2023-10-04 16:53:00,994,4.4401,4.44,4.44,4.44,4.44,20
2023-10-04 16:54:00,413,4.4412,4.445,4.44,4.445,4.44,7
2023-10-04 16:55:00,1026,4.4404,4.44,4.44,4.44,4.44,30
2023-10-04 16:56:00,480,4.4449,4.445,4.445,4.45,4.445,12
2023-10-04 16:58:00,251,4.4405,4.44,4.44,4.44,4.44,10
2023-10-04 16:59:00,218,4.4413,4.44,4.44,4.44,4.44,16
2023-10-04 17:00:00,735,4.4455,4.45,4.445,4.45,4.445,13
2023-10-04 17:01:00,170,4.4421,4.44,4.44,4.44,4.44,5
2023-10-04 17:02:00,1613,4.4429,4.445,4.445,4.45,4.4411,12
2023-10-04 17:03:00,152,4.4441,4.445,4.445,4.445,4.445,5
2023-10-04 17:04:00,4729,4.4355,4.44,4.43,4.44,4.43,61
2023-10-04 17:05:00,371,4.4374,4.44,4.44,4.44,4.44,23
2023-10-04 17:06:00,308,4.4349,4.435,4.435,4.435,4.435,8
2023-10-04 17:07:00,5125,4.4395,4.435,4.44,4.44,4.435,64
2023-10-04 17:08:00,2726,4.4307,4.44,4.43,4.44,4.43,27
2023-10-04 17:09:00,597,4.4273,4.425,4.425,4.425,4.425,9
2023-10-04 17:10:00,658,4.4266,4.425,4.425,4.43,4.425,12
2023-10-04 17:11:00,320,4.4233,4.43,4.42,4.43,4.42,8
2023-10-04 17:14:00,446,4.4234,4.42,4.425,4.425,4.42,10
2023-10-04 17:16:00,480,4.4271,4.43,4.425,4.43,4.425,9
2023-10-04 17:17:00,883,4.4244,4.42,4.425,4.425,4.42,10
2023-10-04 17:18:00,254,4.422,4.42,4.425,4.425,4.42,6
2023-10-04 17:19:00,291,4.4251,4.43,4.42,4.43,4.42,9
2023-10-04 17:20:00,494,4.425,4.425,4.425,4.43,4.42,10
2023-10-04 17:21:00,417,4.4249,4.425,4.42,4.4299,4.42,8
2023-10-04 17:22:00,6060,4.4145,4.42,4.405,4.425,4.405,39
2023-10-04 17:23:00,960,4.4076,4.41,4.405,4.41,4.405,15
2023-10-04 17:24:00,1143,4.4046,4.405,4.405,4.405,4.4,12
2023-10-04 17:25:00,2742,4.3987,4.4,4.395,4.4,4.395,38
2023-10-04 17:26:00,735,4.404,4.4,4.405,4.41,4.4,17
2023-10-04 17:29:00,414,4.4037,4.405,4.4,4.405,4.4,6
2023-10-04 17:30:00,6796,4.4087,4.405,4.41,4.415,4.4,68
2023-10-04 17:31:00,469,4.4101,4.41,4.41,4.41,4.41,13
2023-10-04 17:32:00,618,4.413,4.415,4.41,4.415,4.41,10
2023-10-04 17:33:00,774,4.4135,4.415,4.415,4.415,4.415,13
2023-10-04 17:34:00,9565,4.42,4.42,4.42,4.42,4.42,82
2023-10-04 17:35:00,2896,4.4282,4.42,4.42,4.43,4.42,11
2023-10-04 17:36:00,111,4.425,4.425,4.425,4.425,4.425,3
2023-10-04 17:37:00,528,4.425,4.425,4.425,4.425,4.425,7
2023-10-04 17:38:00,307,4.425,4.425,4.425,4.425,4.425,4
2023-10-04 17:40:00,126,4.42,4.42,4.42,4.42,4.42,4
2023-10-04 17:41:00,214,4.425,4.425,4.425,4.425,4.425,5
2023-10-04 17:42:00,447,4.4257,4.43,4.425,4.43,4.425,13
2023-10-04 17:43:00,204,4.4236,4.425,4.425,4.425,4.425,5
2023-10-04 17:44:00,3555,4.43,4.43,4.43,4.43,4.43,51
2023-10-04 17:45:00,520,4.434,4.435,4.435,4.435,4.435,10
2023-10-04 17:46:00,200,4.4323,4.43,4.43,4.43,4.43,7
2023-10-04 17:48:00,288,4.4303,4.43,4.43,4.43,4.43,8
2023-10-04 17:49:00,532,4.4334,4.435,4.435,4.435,4.435,9
2023-10-04 17:50:00,3375,4.43,4.43,4.43,4.43,4.43,37
2023-10-04 17:51:00,529,4.4298,4.43,4.43,4.43,4.43,10
2023-10-04 17:52:00,1007,4.4234,4.426,4.42,4.426,4.42,11
2023-10-04 17:53:00,1224,4.42,4.42,4.42,4.42,4.42,25
2023-10-04 17:54:00,117,4.4147,4.415,4.415,4.415,4.415,3
2023-10-04 17:55:00,1741,4.4168,4.415,4.4171,4.4171,4.415,8
2023-10-04 17:56:00,3517,4.4199,4.4125,4.42,4.42,4.4125,36
2023-10-04 17:58:00,244,4.4221,4.42,4.425,4.425,4.42,7
2023-10-04 17:59:00,353,4.4229,4.425,4.425,4.425,4.425,12
2023-10-04 18:00:00,524,4.4217,4.4209,4.4209,4.4209,4.4209,6
2023-10-04 18:01:00,7777,4.4195,4.42,4.42,4.4208,4.41,76
2023-10-04 18:02:00,586,4.4211,4.42,4.42,4.42,4.42,7
2023-10-04 18:03:00,300,4.4233,4.425,4.425,4.425,4.42,3
2023-10-04 18:04:00,473,4.4235,4.42,4.42,4.43,4.42,8
2023-10-04 18:05:00,324,4.425,4.425,4.425,4.425,4.425,5
2023-10-04 18:06:00,290,4.425,4.425,4.425,4.425,4.425,5
2023-10-04 18:07:00,613,4.4224,4.42,4.425,4.425,4.42,8
2023-10-04 18:08:00,602,4.4208,4.42,4.425,4.425,4.42,9
2023-10-04 18:09:00,317,4.4201,4.42,4.42,4.42,4.42,6
2023-10-04 18:12:00,353,4.4229,4.42,4.42,4.42,4.42,7
2023-10-04 18:13:00,1105,4.4244,4.42,4.425,4.425,4.42,21
2023-10-04 18:14:00,224,4.4272,4.43,4.425,4.43,4.425,7
2023-10-04 18:15:00,212,4.425,4.425,4.425,4.425,4.425,4
2023-10-04 18:16:00,1983,4.4278,4.425,4.43,4.43,4.425,21
2023-10-04 18:17:00,353,4.4269,4.425,4.43,4.43,4.425,5
2023-10-04 18:18:00,287,4.43,4.43,4.43,4.43,4.43,7
2023-10-04 18:19:00,6551,4.4304,4.43,4.435,4.44,4.43,63
2023-10-04 18:20:00,21883,4.4308,4.44,4.42,4.44,4.42,113
2023-10-04 18:23:00,101,4.425,4.425,4.425,4.425,4.425,2
2023-10-04 18:24:00,4453,4.4138,4.42,4.405,4.42,4.405,48
2023-10-04 18:25:00,1092,4.4089,4.4051,4.41,4.41,4.4051,21
2023-10-04 18:26:00,211,4.41,4.41,4.41,4.41,4.41,3
2023-10-04 18:27:00,2529,4.4102,4.41,4.41,4.41,4.41,34
2023-10-04 18:28:00,396,4.4162,4.415,4.415,4.415,4.415,7
2023-10-04 18:30:00,1724,4.42,4.42,4.42,4.42,4.42,25
2023-10-04 18:31:00,230,4.425,4.425,4.425,4.425,4.425,4
2023-10-04 18:32:00,301,4.425,4.425,4.425,4.425,4.425,5
2023-10-04 18:33:00,243,4.4248,4.425,4.425,4.425,4.425,7
2023-10-04 18:34:00,2573,4.4193,4.42,4.415,4.42,4.415,30
2023-10-04 18:36:00,122,4.4101,4.41,4.41,4.41,4.41,4
2023-10-04 18:38:00,428,4.4148,4.415,4.415,4.415,4.415,7
2023-10-04 18:39:00,1144,4.4125,4.415,4.415,4.415,4.4115,8
2023-10-04 18:40:00,1283,4.4178,4.4191,4.42,4.42,4.415,9
2023-10-04 18:41:00,602,4.415,4.415,4.415,4.415,4.415,10
2023-10-04 18:42:00,600,4.4137,4.415,4.415,4.415,4.4112,5
2023-10-04 18:43:00,713,4.4178,4.415,4.415,4.42,4.415,10
2023-10-04 18:44:00,1017,4.4142,4.415,4.415,4.415,4.41,14
2023-10-04 18:45:00,4945,4.4208,4.42,4.425,4.425,4.415,75
2023-10-04 18:46:00,577,4.4263,4.43,4.425,4.43,4.425,11
2023-10-04 18:47:00,2832,4.4297,4.43,4.43,4.43,4.43,41
2023-10-04 18:48:00,7639,4.4302,4.43,4.43,4.435,4.425,77
2023-10-04 18:49:00,878,4.4282,4.425,4.43,4.43,4.425,9
2023-10-04 18:51:00,817,4.42,4.42,4.42,4.42,4.42,6
2023-10-04 18:52:00,798,4.4189,4.42,4.415,4.42,4.415,15
2023-10-04 18:53:00,1920,4.4152,4.415,4.4115,4.42,4.4115,26
2023-10-04 18:55:00,808,4.4154,4.415,4.415,4.415,4.415,11
2023-10-04 18:56:00,206,4.415,4.415,4.415,4.415,4.415,4
2023-10-04 18:57:00,3639,4.4204,4.42,4.43,4.43,4.42,51
2023-10-04 18:58:00,1275,4.4248,4.43,4.425,4.43,4.4236,13
2023-10-04 18:59:00,425,4.4218,4.425,4.425,4.425,4.425,9
2023-10-04 19:00:00,235,4.4246,4.425,4.425,4.425,4.425,8
2023-10-04 19:01:00,2144,4.4255,4.425,4.425,4.43,4.425,25
2023-10-04 19:02:00,820,4.4252,4.43,4.425,4.43,4.425,16
2023-10-04 19:03:00,451,4.4234,4.425,4.425,4.425,4.425,11
2023-10-04 19:05:00,700,4.4252,4.425,4.425,4.425,4.425,14
2023-10-04 19:06:00,221,4.4212,4.42,4.42,4.42,4.42,10
2023-10-04 19:07:00,1186,4.4249,4.43,4.425,4.43,4.425,21
2023-10-04 19:08:00,1321,4.4277,4.42,4.43,4.43,4.42,21
2023-10-04 19:09:00,3517,4.4233,4.43,4.425,4.43,4.4215,16
2023-10-04 19:10:00,2982,4.423,4.425,4.425,4.43,4.42,30
2023-10-04 19:11:00,1010,4.4258,4.43,4.43,4.43,4.425,20
2023-10-04 19:12:00,388,4.4273,4.425,4.43,4.43,4.425,7
2023-10-04 19:13:00,776,4.4233,4.425,4.42,4.425,4.42,18
2023-10-04 19:14:00,937,4.425,4.43,4.425,4.43,4.425,13
2023-10-04 19:15:00,853,4.4249,4.425,4.425,4.425,4.425,19
2023-10-04 19:16:00,1598,4.4266,4.425,4.4279,4.43,4.42,23
2023-10-04 19:17:00,8457,4.4307,4.42,4.44,4.44,4.42,98
2023-10-04 19:18:00,9251,4.4399,4.44,4.44,4.445,4.44,81
2023-10-04 19:19:00,326,4.4353,4.435,4.435,4.435,4.435,5
2023-10-04 19:20:00,29460,4.4266,4.43,4.425,4.43,4.42,106
2023-10-04 19:21:00,882,4.4232,4.43,4.42,4.43,4.42,18
2023-10-04 19:22:00,2408,4.4177,4.425,4.415,4.425,4.415,32
2023-10-04 19:23:00,500,4.4151,4.415,4.415,4.415,4.415,9
2023-10-04 19:24:00,1128,4.4147,4.41,4.415,4.42,4.41,24
2023-10-04 19:25:00,1796,4.4149,4.415,4.415,4.415,4.415,17
2023-10-04 19:26:00,229,4.4102,4.41,4.41,4.41,4.41,10
2023-10-04 19:27:00,4143,4.41,4.41,4.405,4.41,4.405,55
2023-10-04 19:28:00,5992,4.411,4.405,4.415,4.415,4.405,44
2023-10-04 19:29:00,1027,4.4109,4.41,4.4119,4.415,4.41,11
2023-10-04 19:30:00,1119,4.4109,4.415,4.41,4.415,4.41,15
2023-10-04 19:31:00,6866,4.4195,4.415,4.42,4.425,4.415,96
2023-10-04 19:32:00,1749,4.428,4.425,4.4295,4.43,4.425,25
2023-10-04 19:33:00,5392,4.429,4.43,4.42,4.435,4.42,56
2023-10-04 19:34:00,784,4.4273,4.42,4.425,4.43,4.42,13
2023-10-04 19:35:00,6906,4.4298,4.43,4.43,4.43,4.425,62
2023-10-04 19:36:00,617,4.4371,4.4395,4.435,4.44,4.435,11
2023-10-04 19:37:00,4825,4.4425,4.44,4.445,4.45,4.44,43
2023-10-04 19:38:00,2827,4.4388,4.445,4.44,4.445,4.44,25
2023-10-04 19:39:00,2237,4.4379,4.44,4.435,4.44,4.435,34
2023-10-04 19:40:00,1009,4.439,4.435,4.4395,4.44,4.435,16
2023-10-04 19:41:00,272,4.4362,4.435,4.44,4.44,4.435,10
2023-10-04 19:42:00,1109,4.4383,4.44,4.435,4.44,4.435,16
2023-10-04 19:43:00,6176,4.442,4.44,4.445,4.45,4.44,95
2023-10-04 19:44:00,1611,4.4462,4.45,4.445,4.45,4.445,28
2023-10-04 19:45:00,4475,4.4413,4.445,4.44,4.445,4.44,62
2023-10-04 19:46:00,877,4.4367,4.44,4.435,4.44,4.435,16
2023-10-04 19:47:00,760,4.4373,4.44,4.435,4.44,4.435,21
2023-10-04 19:48:00,10619,4.4405,4.435,4.445,4.45,4.435,65
2023-10-04 19:49:00,1064,4.4443,4.445,4.445,4.445,4.445,17
2023-10-04 19:50:00,15088,4.4328,4.44,4.425,4.44,4.4225,113
2023-10-04 19:51:00,14251,4.4298,4.4225,4.44,4.44,4.4225,151
2023-10-04 19:52:00,1460,4.4358,4.435,4.44,4.44,4.435,23
2023-10-04 19:53:00,5370,4.4373,4.44,4.44,4.44,4.435,58
2023-10-04 19:54:00,4851,4.4375,4.44,4.44,4.44,4.435,60
2023-10-04 19:55:00,15931,4.4403,4.435,4.445,4.445,4.4314,149
2023-10-04 19:56:00,14116,4.4432,4.45,4.44,4.45,4.44,123
2023-10-04 19:57:00,7349,4.4458,4.445,4.445,4.45,4.4401,96
2023-10-04 19:58:00,7735,4.4454,4.445,4.44,4.45,4.44,116
2023-10-04 19:59:00,19427,4.4417,4.445,4.44,4.45,4.44,225
2023-10-04 20:00:00,23145,4.44,4.44,4.44,4.44,4.44,9
2023-10-05 12:46:00,175,4.64,4.64,4.64,4.64,4.64,1
2023-10-05 12:53:00,892,4.41,4.41,4.41,4.41,4.41,1
2023-10-05 13:30:00,14041,4.4318,4.43,4.455,4.46,4.41,55
2023-10-05 13:32:00,836,4.4797,4.48,4.48,4.48,4.48,25
2023-10-05 13:33:00,7873,4.4569,4.473,4.45,4.473,4.445,76
2023-10-05 13:34:00,983,4.4489,4.4518,4.44,4.4518,4.44,13
2023-10-05 13:35:00,3850,4.4338,4.44,4.43,4.44,4.42,50
2023-10-05 13:36:00,11160,4.4348,4.43,4.44,4.44,4.43,121
2023-10-05 13:37:00,982,4.4418,4.44,4.4471,4.4471,4.44,28
2023-10-05 13:38:00,2881,4.4337,4.44,4.425,4.44,4.425,47
2023-10-05 13:39:00,210,4.4251,4.425,4.425,4.425,4.425,8
2023-10-05 13:40:00,1170,4.4174,4.42,4.41,4.42,4.41,37
2023-10-05 13:41:00,2060,4.3986,4.405,4.39,4.41,4.39,38
2023-10-05 13:42:00,6100,4.385,4.385,4.39,4.39,4.38,54
2023-10-05 13:43:00,209,4.3947,4.395,4.395,4.395,4.395,15
2023-10-05 13:44:00,1955,4.3814,4.39,4.38,4.39,4.38,48
2023-10-05 13:45:00,280,4.3951,4.385,4.385,4.385,4.385,16
2023-10-05 13:46:00,6208,4.3795,4.375,4.375,4.38,4.375,59
2023-10-05 13:47:00,3307,4.3795,4.375,4.38,4.38,4.375,26
2023-10-05 13:48:00,287,4.3897,4.39,4.39,4.39,4.39,4
2023-10-05 13:50:00,1122,4.393,4.39,4.3996,4.3996,4.39,32
2023-10-05 13:51:00,1138,4.3996,4.4,4.4,4.4,4.4,32
2023-10-05 13:53:00,201,4.3965,4.395,4.395,4.395,4.395,7
2023-10-05 13:54:00,1399,4.4006,4.395,4.405,4.405,4.395,26
2023-10-05 13:55:00,1096,4.412,4.41,4.425,4.425,4.41,18
2023-10-05 13:56:00,376,4.4263,4.43,4.425,4.43,4.425,5
2023-10-05 13:57:00,576,4.4278,4.425,4.435,4.435,4.425,13
2023-10-05 13:58:00,644,4.44,4.44,4.44,4.44,4.44,23
2023-10-05 13:59:00,249,4.4304,4.435,4.435,4.435,4.435,9
2023-10-05 14:00:00,765,4.4296,4.43,4.43,4.43,4.43,22
2023-10-05 14:02:00,1685,4.419,4.42,4.415,4.42,4.415,21
2023-10-05 14:03:00,516,4.42,4.42,4.42,4.42,4.42,21
2023-10-05 14:04:00,5310,4.4201,4.42,4.42,4.425,4.42,59
2023-10-05 14:05:00,1764,4.4205,4.425,4.425,4.425,4.415,39
2023-10-05 14:06:00,2377,4.4206,4.425,4.42,4.425,4.415,24
2023-10-05 14:07:00,1256,4.4198,4.42,4.42,4.42,4.42,40
2023-10-05 14:08:00,378,4.4247,4.425,4.43,4.43,4.42,14
2023-10-05 14:09:00,5656,4.4396,4.43,4.45,4.455,4.43,67
2023-10-05 14:10:00,3291,4.442,4.45,4.44,4.45,4.44,42
2023-10-05 14:11:00,322,4.4381,4.435,4.44,4.44,4.435,13
2023-10-05 14:12:00,271,4.4399,4.44,4.44,4.44,4.44,16
2023-10-05 14:13:00,1188,4.4393,4.44,4.44,4.44,4.435,40
2023-10-05 14:14:00,785,4.4527,4.445,4.46,4.46,4.445,16
2023-10-05 14:15:00,10072,4.4492,4.455,4.4473,4.46,4.445,69
2023-10-05 14:16:00,1027,4.4565,4.455,4.46,4.46,4.455,24
2023-10-05 14:17:00,407,4.4587,4.46,4.46,4.46,4.455,10
2023-10-05 14:18:00,790,4.4575,4.46,4.46,4.46,4.4545,16
2023-10-05 14:19:00,2036,4.4621,4.46,4.47,4.47,4.46,32
2023-10-05 14:20:00,1272,4.4578,4.46,4.45,4.46,4.45,28
2023-10-05 14:21:00,4704,4.4456,4.45,4.44,4.45,4.435,55
2023-10-05 14:22:00,4349,4.43,4.435,4.425,4.435,4.425,43
2023-10-05 14:23:00,1680,4.4195,4.42,4.42,4.425,4.415,23
2023-10-05 14:24:00,1389,4.4208,4.42,4.42,4.42,4.42,38
2023-10-05 14:25:00,428,4.4209,4.425,4.425,4.425,4.425,22
2023-10-05 14:26:00,365,4.4197,4.42,4.42,4.42,4.42,17
2023-10-05 14:27:00,2943,4.4211,4.425,4.405,4.43,4.405,47
2023-10-05 14:28:00,4630,4.4024,4.405,4.41,4.41,4.4,48
2023-10-05 14:29:00,2702,4.4171,4.415,4.415,4.42,4.415,33
2023-10-05 14:30:00,498,4.4139,4.41,4.415,4.415,4.41,12
2023-10-05 14:31:00,2159,4.4093,4.41,4.41,4.41,4.405,38
2023-10-05 14:32:00,797,4.4175,4.415,4.42,4.42,4.415,20
2023-10-05 14:33:00,1401,4.4144,4.413,4.415,4.415,4.413,17
2023-10-05 14:34:00,983,4.4109,4.41,4.415,4.415,4.41,48
2023-10-05 14:35:00,31013,4.4146,4.41,4.42,4.425,4.405,247
2023-10-05 14:36:00,1226,4.4182,4.42,4.41,4.42,4.41,20
2023-10-05 14:37:00,1268,4.4125,4.415,4.412,4.415,4.412,13
2023-10-05 14:38:00,1608,4.4084,4.4105,4.41,4.4105,4.405,30
2023-10-05 14:39:00,120,4.4001,4.4,4.4,4.4,4.4,9
2023-10-05 14:40:00,8903,4.399,4.4,4.395,4.4005,4.3919,89
2023-10-05 14:41:00,5182,4.397,4.395,4.39,4.405,4.39,42
2023-10-05 14:43:00,717,4.3925,4.39,4.395,4.395,4.39,11
2023-10-05 14:44:00,2720,4.3963,4.39,4.395,4.4,4.39,31
2023-10-05 14:45:00,6025,4.381,4.39,4.38,4.39,4.375,48
2023-10-05 14:46:00,2619,4.3776,4.375,4.38,4.38,4.372,32
2023-10-05 14:47:00,525,4.376,4.38,4.37,4.38,4.37,18
2023-10-05 14:48:00,6577,4.3698,4.37,4.365,4.37,4.365,39
2023-10-05 14:51:00,5243,4.3644,4.365,4.355,4.3705,4.355,68
2023-10-05 14:52:00,3828,4.3505,4.35,4.35,4.35,4.35,47
2023-10-05 14:53:00,453,4.3574,4.3568,4.3568,4.3568,4.3568,13
2023-10-05 14:54:00,2092,4.3492,4.35,4.35,4.35,4.345,42
2023-10-05 14:55:00,4761,4.3509,4.36,4.345,4.36,4.345,29
2023-10-05 14:56:00,1108,4.3455,4.345,4.345,4.35,4.345,12
2023-10-05 14:57:00,296,4.3449,4.345,4.345,4.345,4.345,14
2023-10-05 14:58:00,417,4.3486,4.35,4.3499,4.35,4.3499,14
2023-10-05 14:59:00,1323,4.3435,4.3408,4.34,4.35,4.34,19
2023-10-05 15:00:00,3767,4.3345,4.34,4.33,4.34,4.325,54
2023-10-05 15:01:00,5160,4.3336,4.325,4.34,4.34,4.325,57
2023-10-05 15:02:00,4391,4.3402,4.34,4.34,4.3405,4.34,30
2023-10-05 15:03:00,959,4.3395,4.34,4.34,4.34,4.34,18
2023-10-05 15:04:00,460,4.3319,4.33,4.33,4.33,4.33,8
2023-10-05 15:05:00,2504,4.33,4.3305,4.33,4.3305,4.33,40
2023-10-05 15:06:00,1473,4.33,4.3308,4.325,4.3308,4.325,8
2023-10-05 15:07:00,38054,4.306,4.325,4.31,4.33,4.3,122
2023-10-05 15:08:00,105,4.3102,4.31,4.31,4.31,4.31,5
2023-10-05 15:09:00,726,4.3155,4.31,4.315,4.32,4.31,16
2023-10-05 15:10:00,1764,4.32,4.315,4.325,4.325,4.315,37
2023-10-05 15:12:00,253,4.325,4.325,4.325,4.325,4.325,5
2023-10-05 15:13:00,1529,4.3204,4.3204,4.3204,4.3204,4.3204,3
2023-10-05 15:14:00,11324,4.3179,4.32,4.31,4.32,4.31,127
2023-10-05 15:15:00,1029,4.3094,4.31,4.305,4.31,4.305,26
2023-10-05 15:16:00,2432,4.3083,4.305,4.31,4.315,4.3028,34
2023-10-05 15:18:00,217,4.3044,4.305,4.305,4.305,4.305,9
2023-10-05 15:19:00,1732,4.302,4.3015,4.308,4.308,4.3015,23
2023-10-05 15:21:00,364,4.3038,4.305,4.305,4.305,4.305,7
2023-10-05 15:22:00,1692,4.3074,4.3,4.305,4.31,4.3,24
2023-10-05 15:23:00,8592,4.3092,4.31,4.305,4.31,4.305,87
2023-10-05 15:24:00,615,4.3075,4.305,4.305,4.3091,4.305,21
2023-10-05 15:25:00,174,4.3016,4.3,4.3,4.3,4.3,26
2023-10-05 15:26:00,274,4.3004,4.3001,4.3,4.3001,4.3,6
2023-10-05 15:27:00,137,4.3023,4.3,4.3,4.3,4.3,24
2023-10-05 15:28:00,14343,4.297,4.3,4.29,4.3,4.285,136
2023-10-05 15:29:00,3958,4.3,4.295,4.305,4.305,4.295,44
2023-10-05 15:30:00,1866,4.2999,4.3,4.3,4.3,4.3,16
2023-10-05 15:31:00,7697,4.2902,4.2999,4.29,4.2999,4.285,69
2023-10-05 15:33:00,1635,4.2993,4.3,4.3,4.3,4.3,24
2023-10-05 15:34:00,220,4.3,4.3,4.3,4.3,4.3,3
2023-10-05 15:35:00,2516,4.3092,4.3,4.31,4.31,4.3,44
2023-10-05 15:36:00,4385,4.3227,4.315,4.32,4.325,4.315,23
2023-10-05 15:37:00,505,4.3255,4.325,4.325,4.325,4.325,8
2023-10-05 15:38:00,211,4.3226,4.325,4.325,4.325,4.325,5
2023-10-05 15:39:00,1247,4.328,4.325,4.33,4.33,4.325,19
2023-10-05 15:40:00,401,4.3309,4.33,4.33,4.33,4.33,13
2023-10-05 15:41:00,1316,4.3297,4.33,4.33,4.33,4.33,28
2023-10-05 15:42:00,330,4.3282,4.33,4.325,4.33,4.325,16
2023-10-05 15:43:00,1757,4.3206,4.33,4.32,4.33,4.32,19
2023-10-05 15:44:00,3129,4.3193,4.32,4.315,4.32,4.315,47
2023-10-05 15:45:00,339,4.315,4.315,4.315,4.315,4.315,23
2023-10-05 15:46:00,2178,4.3193,4.315,4.32,4.32,4.315,41
2023-10-05 15:50:00,4431,4.3199,4.32,4.315,4.32,4.315,33
2023-10-05 15:51:00,1853,4.3191,4.3125,4.32,4.32,4.3125,27
2023-10-05 15:52:00,435,4.3177,4.32,4.315,4.32,4.315,8
2023-10-05 15:54:00,256,4.3169,4.3191,4.3191,4.3191,4.3191,15
2023-10-05 15:55:00,714,4.3106,4.31,4.3106,4.3106,4.31,16
2023-10-05 15:56:00,892,4.3171,4.315,4.3189,4.3189,4.315,11
2023-10-05 15:57:00,11837,4.3054,4.31,4.31,4.31,4.295,119
2023-10-05 15:58:00,2428,4.3121,4.31,4.3142,4.3142,4.31,29
2023-10-05 15:59:00,361,4.3136,4.31,4.315,4.315,4.31,9
2023-10-05 16:00:00,110,4.3105,4.31,4.31,4.31,4.31,2
2023-10-05 16:01:00,834,4.3104,4.315,4.31,4.315,4.31,15
2023-10-05 16:02:00,383,4.3153,4.315,4.315,4.315,4.315,13
2023-10-05 16:03:00,743,4.3169,4.318,4.315,4.318,4.315,15
2023-10-05 16:04:00,505,4.3134,4.315,4.315,4.315,4.31,16
2023-10-05 16:05:00,4600,4.319,4.315,4.32,4.32,4.315,57
2023-10-05 16:06:00,450,4.3189,4.32,4.315,4.32,4.315,10
2023-10-05 16:07:00,357,4.3196,4.32,4.32,4.32,4.32,11
2023-10-05 16:08:00,310,4.3182,4.315,4.315,4.315,4.315,6
2023-10-05 16:09:00,370,4.3196,4.32,4.32,4.32,4.32,12
2023-10-05 16:10:00,821,4.3216,4.32,4.325,4.325,4.32,24
2023-10-05 16:11:00,193,4.3286,4.33,4.33,4.33,4.33,12
2023-10-05 16:13:00,372,4.3234,4.325,4.32,4.325,4.32,13
2023-10-05 16:16:00,2492,4.32,4.32,4.32,4.32,4.32,26
2023-10-05 16:18:00,1731,4.3187,4.3195,4.315,4.3195,4.315,20
2023-10-05 16:19:00,859,4.3181,4.315,4.315,4.32,4.315,24
2023-10-05 16:20:00,373,4.3165,4.315,4.3125,4.315,4.3125,15
2023-10-05 16:21:00,1032,4.3224,4.32,4.33,4.33,4.32,31
2023-10-05 16:22:00,1433,4.3213,4.321,4.321,4.321,4.321,16
2023-10-05 16:23:00,212,4.3254,4.325,4.325,4.325,4.325,16
2023-10-05 16:25:00,2129,4.3222,4.325,4.325,4.325,4.32,32
2023-10-05 16:26:00,372,4.3248,4.325,4.325,4.325,4.325,13
2023-10-05 16:27:00,10576,4.3297,4.325,4.33,4.33,4.325,105
2023-10-05 16:28:00,756,4.3289,4.325,4.33,4.33,4.325,16
2023-10-05 16:30:00,4291,4.3366,4.3377,4.335,4.34,4.33,47
2023-10-05 16:32:00,148,4.33,4.33,4.33,4.33,4.33,5
2023-10-05 16:33:00,286,4.3319,4.3315,4.33,4.3315,4.33,5
2023-10-05 16:34:00,102,4.3301,4.33,4.33,4.33,4.33,3
2023-10-05 16:35:00,440,4.3371,4.34,4.33,4.34,4.33,5
2023-10-05 16:36:00,153,4.3314,4.33,4.33,4.33,4.33,2
2023-10-05 16:37:00,360,4.3314,4.335,4.33,4.335,4.33,6
2023-10-05 16:39:00,436,4.3342,4.335,4.335,4.335,4.335,2
2023-10-05 16:40:00,1382,4.3293,4.33,4.32,4.33,4.32,22
2023-10-05 16:41:00,300,4.32,4.32,4.32,4.32,4.32,7
2023-10-05 16:42:00,354,4.32,4.32,4.32,4.32,4.32,4
2023-10-05 16:43:00,2601,4.3204,4.32,4.3205,4.3205,4.32,9
2023-10-05 16:44:00,173,4.32,4.32,4.32,4.32,4.32,3
2023-10-05 16:45:00,201,4.32,4.32,4.32,4.32,4.32,3
2023-10-05 16:46:00,2738,4.316,4.32,4.31,4.32,4.31,24
2023-10-05 16:47:00,2102,4.3068,4.31,4.3,4.31,4.3,24
2023-10-05 16:48:00,2890,4.2997,4.3,4.3,4.3,4.295,46
2023-10-05 16:49:00,1764,4.2995,4.3065,4.3,4.3065,4.295,26
2023-10-05 16:50:00,989,4.2998,4.295,4.305,4.305,4.295,20
2023-10-05 16:51:00,2980,4.3004,4.305,4.3,4.305,4.3,30
2023-10-05 16:53:00,603,4.3015,4.3009,4.3009,4.3009,4.3009,4
2023-10-05 16:54:00,303,4.3017,4.305,4.3,4.305,4.3,3
2023-10-05 16:55:00,122,4.3,4.3,4.3,4.3,4.3,5
2023-10-05 16:56:00,370,4.3,4.3,4.3,4.3,4.3,5
2023-10-05 16:57:00,528,4.3,4.3,4.3,4.3,4.3,10
2023-10-05 16:58:00,3270,4.2994,4.3,4.3,4.3,4.295,32
2023-10-05 16:59:00,2072,4.3,4.3,4.3,4.3,4.3,35
2023-10-05 17:00:00,348,4.3086,4.31,4.31,4.31,4.31,10
2023-10-05 17:01:00,153,4.305,4.305,4.305,4.305,4.305,8
2023-10-05 17:02:00,2939,4.2999,4.3,4.295,4.3,4.295,33
2023-10-05 17:04:00,597,4.2984,4.3,4.295,4.3,4.295,15
2023-10-05 17:05:00,6250,4.2903,4.2901,4.29,4.3,4.29,24
2023-10-05 17:06:00,176,4.2948,4.295,4.295,4.295,4.295,11
2023-10-05 17:07:00,777,4.2915,4.29,4.29,4.295,4.29,22
2023-10-05 17:08:00,750,4.295,4.295,4.29,4.295,4.29,10
2023-10-05 17:09:00,300,4.295,4.3,4.295,4.3,4.29,3
2023-10-05 17:10:00,887,4.295,4.295,4.295,4.295,4.295,11
2023-10-05 17:11:00,590,4.2979,4.295,4.3,4.3,4.295,10
2023-10-05 17:12:00,5257,4.3012,4.3,4.305,4.31,4.2925,81
2023-10-05 17:13:00,877,4.3061,4.305,4.305,4.3089,4.305,8
2023-10-05 17:14:00,300,4.3019,4.305,4.305,4.305,4.305,9
2023-10-05 17:15:00,461,4.3045,4.3,4.31,4.31,4.3,19
2023-10-05 17:16:00,397,4.3061,4.305,4.305,4.305,4.305,23
2023-10-05 17:17:00,172,4.3074,4.31,4.31,4.31,4.31,7
2023-10-05 17:18:00,684,4.3086,4.305,4.31,4.31,4.305,20
2023-10-05 17:19:00,365,4.3092,4.31,4.31,4.31,4.31,18
2023-10-05 17:20:00,230,4.3068,4.305,4.305,4.305,4.305,8
2023-10-05 17:21:00,550,4.3068,4.31,4.305,4.31,4.305,13
2023-10-05 17:22:00,3463,4.3093,4.31,4.305,4.31,4.305,21
2023-10-05 17:23:00,444,4.3073,4.31,4.305,4.31,4.305,19
2023-10-05 17:24:00,511,4.3082,4.31,4.31,4.31,4.31,10
2023-10-05 17:25:00,860,4.3053,4.305,4.3,4.305,4.3,17
2023-10-05 17:26:00,4204,4.2991,4.3,4.295,4.3,4.295,38
2023-10-05 17:27:00,438,4.2952,4.295,4.295,4.295,4.295,17
2023-10-05 17:28:00,1467,4.2965,4.295,4.3,4.3,4.295,31
2023-10-05 17:29:00,405,4.2975,4.295,4.295,4.3,4.295,22
2023-10-05 17:30:00,12205,4.2995,4.3,4.29,4.305,4.29,103
2023-10-05 17:31:00,3613,4.2874,4.29,4.28,4.29,4.28,58
2023-10-05 17:32:00,244,4.2828,4.28,4.285,4.285,4.28,17
2023-10-05 17:33:00,4846,4.2887,4.285,4.285,4.29,4.285,60
2023-10-05 17:34:00,8105,4.288,4.285,4.28,4.29,4.28,74
2023-10-05 17:35:00,360,4.2905,4.29,4.29,4.29,4.29,9
2023-10-05 17:36:00,3479,4.29,4.29,4.29,4.29,4.29,37
2023-10-05 17:37:00,874,4.2986,4.3,4.3,4.3,4.295,12
2023-10-05 17:38:00,576,4.297,4.295,4.295,4.3,4.295,9
2023-10-05 17:39:00,1091,4.2962,4.295,4.295,4.3,4.295,15
2023-10-05 17:40:00,199,4.2966,4.295,4.295,4.295,4.295,9
2023-10-05 17:42:00,3250,4.3003,4.3,4.305,4.305,4.3,59
2023-10-05 17:43:00,1029,4.302,4.305,4.3,4.305,4.3,9
2023-10-05 17:44:00,3424,4.2999,4.3,4.2999,4.3,4.295,30
2023-10-05 17:45:00,575,4.2954,4.295,4.295,4.295,4.295,16
2023-10-05 17:46:00,124,4.2916,4.29,4.29,4.29,4.29,17
2023-10-05 17:47:00,547,4.2923,4.295,4.295,4.295,4.29,8
2023-10-05 17:48:00,105,4.295,4.295,4.295,4.295,4.295,3
2023-10-05 17:49:00,748,4.2939,4.29,4.295,4.295,4.29,11
2023-10-05 17:50:00,330,4.295,4.295,4.295,4.295,4.295,9
2023-10-05 17:51:00,1700,4.2962,4.2956,4.295,4.3,4.295,26
2023-10-05 17:52:00,1419,4.2968,4.295,4.3,4.3,4.29,25
2023-10-05 17:53:00,9086,4.3002,4.3,4.305,4.3078,4.295,94
2023-10-05 17:54:00,2199,4.2977,4.3,4.295,4.3,4.29,24
2023-10-05 17:55:00,4937,4.2884,4.29,4.285,4.29,4.28,24
2023-10-05 17:56:00,898,4.2848,4.285,4.28,4.29,4.28,7
2023-10-05 17:57:00,300,4.2833,4.28,4.285,4.285,4.28,3
2023-10-05 17:58:00,283,4.2849,4.285,4.285,4.285,4.285,8
2023-10-05 17:59:00,7028,4.291,4.29,4.295,4.3,4.285,62
2023-10-05 18:00:00,17975,4.2992,4.2991,4.295,4.305,4.295,139
2023-10-05 18:01:00,233,4.2999,4.3,4.3,4.3,4.3,4
2023-10-05 18:02:00,7178,4.3043,4.3,4.31,4.315,4.3,84
2023-10-05 18:03:00,123,4.31,4.31,4.31,4.31,4.31,2
2023-10-05 18:04:00,6713,4.3242,4.32,4.33,4.33,4.315,53
2023-10-05 18:05:00,1210,4.329,4.335,4.335,4.335,4.33,17
2023-10-05 18:06:00,1266,4.337,4.335,4.34,4.34,4.335,18
2023-10-05 18:07:00,1361,4.3366,4.335,4.335,4.339,4.335,12
2023-10-05 18:08:00,5073,4.341,4.335,4.35,4.35,4.335,60
2023-10-05 18:09:00,1488,4.358,4.355,4.355,4.36,4.355,23
2023-10-05 18:10:00,4181,4.3501,4.355,4.345,4.355,4.3446,38
2023-10-05 18:11:00,343,4.3444,4.345,4.345,4.345,4.345,5
2023-10-05 18:12:00,421,4.345,4.345,4.345,4.345,4.345,5
2023-10-05 18:13:00,728,4.3422,4.345,4.345,4.345,4.34,9
2023-10-05 18:14:00,1545,4.3469,4.345,4.345,4.35,4.345,19
2023-10-05 18:15:00,5065,4.3501,4.345,4.36,4.36,4.345,64
2023-10-05 18:16:00,2847,4.3582,4.36,4.36,4.36,4.355,36
2023-10-05 18:17:00,3616,4.359,4.36,4.355,4.36,4.35,47
2023-10-05 18:18:00,725,4.3582,4.355,4.36,4.36,4.355,13
2023-10-05 18:19:00,1696,4.357,4.355,4.355,4.36,4.355,34
2023-10-05 18:20:00,700,4.3581,4.36,4.355,4.36,4.355,16
2023-10-05 18:21:00,1817,4.356,4.355,4.36,4.36,4.35,31
2023-10-05 18:22:00,836,4.3542,4.355,4.35,4.355,4.35,18
2023-10-05 18:23:00,3912,4.3487,4.35,4.345,4.35,4.345,48
2023-10-05 18:24:00,463,4.3458,4.3412,4.345,4.345,4.3412,9
2023-10-05 18:25:00,2600,4.3456,4.345,4.345,4.35,4.345,44
2023-10-05 18:26:00,7400,4.3526,4.35,4.36,4.36,4.35,81
2023-10-05 18:27:00,8786,4.3577,4.355,4.345,4.365,4.345,84
2023-10-05 18:28:00,693,4.348,4.345,4.345,4.345,4.345,9
2023-10-05 18:29:00,5291,4.35,4.345,4.345,4.355,4.345,47
2023-10-05 18:31:00,1909,4.3497,4.35,4.35,4.35,4.35,41
2023-10-05 18:32:00,2447,4.3503,4.35,4.355,4.355,4.345,33
2023-10-05 18:33:00,221,4.3571,4.355,4.355,4.355,4.355,6
2023-10-05 18:34:00,293,4.355,4.355,4.355,4.355,4.355,13
2023-10-05 18:35:00,1572,4.3598,4.36,4.36,4.36,4.36,25
2023-10-05 18:36:00,770,4.3575,4.36,4.355,4.36,4.355,19
2023-10-05 18:37:00,322,4.3554,4.355,4.3575,4.3575,4.355,8
2023-10-05 18:38:00,650,4.3549,4.355,4.355,4.3575,4.355,8
2023-10-05 18:39:00,25992,4.3592,4.36,4.355,4.36,4.35,166
2023-10-05 18:40:00,863,4.3582,4.36,4.36,4.36,4.355,11
2023-10-05 18:41:00,2684,4.361,4.36,4.365,4.3675,4.36,45
2023-10-05 18:43:00,5070,4.3558,4.365,4.35,4.3675,4.35,56
2023-10-05 18:44:00,1289,4.348,4.3487,4.345,4.3487,4.345,6
2023-10-05 18:45:00,121,4.34,4.34,4.34,4.34,4.34,3
2023-10-05 18:46:00,122,4.34,4.34,4.34,4.34,4.34,2
2023-10-05 18:47:00,331,4.3456,4.345,4.345,4.345,4.345,7
2023-10-05 18:48:00,312,4.34,4.34,4.34,4.34,4.34,5
2023-10-05 18:49:00,6099,4.3394,4.345,4.33,4.3475,4.33,35
2023-10-05 18:50:00,419,4.3382,4.335,4.335,4.335,4.335,9
2023-10-05 18:51:00,320,4.333,4.33,4.33,4.33,4.33,6
2023-10-05 18:52:00,1257,4.3345,4.335,4.335,4.335,4.33,25
2023-10-05 18:53:00,1418,4.3352,4.335,4.335,4.335,4.335,25
2023-10-05 18:54:00,6727,4.341,4.335,4.345,4.345,4.335,82
2023-10-05 18:55:00,1655,4.3467,4.35,4.3475,4.35,4.34,23
2023-10-05 18:56:00,1268,4.3451,4.345,4.345,4.3475,4.345,21
2023-10-05 18:57:00,463,4.3472,4.345,4.35,4.35,4.345,18
2023-10-05 18:58:00,2054,4.3484,4.35,4.345,4.35,4.345,28
2023-10-05 18:59:00,2927,4.3495,4.35,4.35,4.35,4.345,40
2023-10-05 19:00:00,2328,4.3489,4.35,4.35,4.35,4.345,35
2023-10-05 19:01:00,2035,4.3457,4.35,4.345,4.35,4.34,32
2023-10-05 19:02:00,5573,4.3395,4.3475,4.335,4.3475,4.335,51
2023-10-05 19:03:00,5191,4.3411,4.34,4.35,4.35,4.34,56
2023-10-05 19:04:00,5508,4.3442,4.35,4.34,4.35,4.335,58
2023-10-05 19:05:00,3196,4.3397,4.335,4.34,4.34,4.335,62
2023-10-05 19:06:00,4505,4.3419,4.34,4.345,4.345,4.34,50
2023-10-05 19:07:00,1131,4.3407,4.34,4.3405,4.345,4.34,14
2023-10-05 19:08:00,5614,4.3421,4.345,4.335,4.3499,4.335,52
2023-10-05 19:09:00,464,4.3366,4.335,4.335,4.335,4.335,11
2023-10-05 19:10:00,1056,4.335,4.335,4.335,4.335,4.335,18
2023-10-05 19:11:00,20204,4.3302,4.335,4.33,4.335,4.325,116
2023-10-05 19:12:00,3954,4.3304,4.33,4.33,4.335,4.33,40
2023-10-05 19:13:00,587,4.3206,4.32,4.32,4.32,4.32,7
2023-10-05 19:14:00,789,4.3268,4.325,4.325,4.325,4.325,16
2023-10-05 19:15:00,1140,4.325,4.325,4.325,4.325,4.325,26
2023-10-05 19:16:00,727,4.3274,4.325,4.33,4.33,4.325,26
2023-10-05 19:17:00,4499,4.3296,4.33,4.325,4.33,4.325,40
2023-10-05 19:18:00,3556,4.3292,4.33,4.325,4.33,4.325,43
2023-10-05 19:19:00,5676,4.331,4.33,4.335,4.3375,4.33,79
2023-10-05 19:20:00,1197,4.3353,4.335,4.3375,4.34,4.335,18
2023-10-05 19:21:00,2332,4.3323,4.33,4.335,4.34,4.33,13
2023-10-05 19:22:00,4609,4.3296,4.335,4.325,4.335,4.325,36
2023-10-05 19:23:00,1223,4.3246,4.325,4.325,4.325,4.3215,17
2023-10-05 19:24:00,4663,4.3257,4.325,4.3201,4.329,4.3201,12
2023-10-05 19:25:00,804,4.3266,4.325,4.325,4.325,4.325,14
2023-10-05 19:26:00,614,4.3234,4.325,4.325,4.325,4.32,20
2023-10-05 19:27:00,706,4.3238,4.325,4.325,4.325,4.32,17
2023-10-05 19:28:00,981,4.3249,4.325,4.325,4.325,4.325,22
2023-10-05 19:29:00,1316,4.325,4.325,4.325,4.33,4.325,36
2023-10-05 19:30:00,3859,4.3215,4.325,4.325,4.325,4.32,38
2023-10-05 19:31:00,1914,4.3249,4.325,4.325,4.3258,4.325,34
2023-10-05 19:32:00,1847,4.3254,4.325,4.325,4.33,4.32,31
2023-10-05 19:33:00,922,4.3261,4.33,4.325,4.33,4.325,31
2023-10-05 19:34:00,2740,4.3237,4.325,4.32,4.325,4.32,41
2023-10-05 19:35:00,11618,4.3297,4.325,4.34,4.34,4.325,131
2023-10-05 19:36:00,1262,4.3352,4.3375,4.335,4.34,4.335,19
2023-10-05 19:37:00,13701,4.3439,4.335,4.345,4.35,4.335,115
2023-10-05 19:38:00,16838,4.35,4.35,4.35,4.355,4.345,118
2023-10-05 19:39:00,12415,4.3405,4.34,4.335,4.345,4.335,72
2023-10-05 19:40:00,6912,4.3412,4.34,4.345,4.35,4.335,65
2023-10-05 19:41:00,8920,4.3493,4.345,4.35,4.35,4.345,70
2023-10-05 19:42:00,1003,4.3543,4.355,4.355,4.355,4.355,25
2023-10-05 19:43:00,772,4.3549,4.355,4.355,4.355,4.355,26
2023-10-05 19:44:00,2136,4.3532,4.355,4.355,4.355,4.35,42
2023-10-05 19:45:00,1944,4.3548,4.355,4.355,4.355,4.355,35
2023-10-05 19:46:00,2429,4.3555,4.36,4.355,4.36,4.355,42
2023-10-05 19:47:00,22221,4.3489,4.35,4.345,4.35,4.34,135
2023-10-05 19:48:00,6093,4.348,4.34,4.35,4.35,4.34,74
2023-10-05 19:49:00,5694,4.3513,4.35,4.355,4.355,4.35,76
2023-10-05 19:50:00,6284,4.3532,4.35,4.36,4.36,4.35,83
2023-10-05 19:51:00,9181,4.3481,4.35,4.345,4.35,4.34,83
2023-10-05 19:52:00,1968,4.3459,4.35,4.345,4.35,4.345,43
2023-10-05 19:53:00,7727,4.3476,4.35,4.345,4.35,4.345,113
2023-10-05 19:54:00,69501,4.3627,4.35,4.38,4.38,4.345,495
2023-10-05 19:55:00,23822,4.369,4.375,4.37,4.375,4.3613,178
2023-10-05 19:56:00,42685,4.3696,4.37,4.37,4.375,4.365,276
2023-10-05 19:57:00,15175,4.369,4.37,4.37,4.37,4.365,107
2023-10-05 19:58:00,19745,4.3685,4.365,4.365,4.37,4.365,177
2023-10-05 19:59:00,50370,4.3673,4.37,4.37,4.37,4.36,360
2023-10-05 20:00:00,47993,4.37,4.37,4.37,4.37,4.37,9
2023-10-05 20:20:00,9481,4.37,4.37,4.37,4.37,4.37,1
2023-10-05 23:23:00,900,4.5363,4.5,4.55,4.55,4.5,8
2023-10-06 12:53:00,1000,4.33,4.33,4.33,4.33,4.33,1
2023-10-06 13:12:00,107,4.3,4.3,4.3,4.3,4.3,1
2023-10-06 13:30:00,9739,4.346,4.36,4.3,4.36,4.3,74
2023-10-06 13:31:00,3150,4.3085,4.305,4.315,4.315,4.305,46
2023-10-06 13:32:00,3076,4.3084,4.315,4.308,4.315,4.3,45
2023-10-06 13:33:00,2747,4.2849,4.3,4.285,4.3,4.275,48
2023-10-06 13:34:00,651,4.2898,4.29,4.29,4.29,4.29,15
2023-10-06 13:35:00,2475,4.2757,4.29,4.265,4.29,4.26,48
2023-10-06 13:36:00,13136,4.2878,4.27,4.2899,4.29,4.27,42
2023-10-06 13:37:00,7486,4.2699,4.28,4.255,4.28,4.255,61
2023-10-06 13:38:00,13505,4.2562,4.25,4.27,4.275,4.245,124
2023-10-06 13:39:00,6381,4.2677,4.27,4.28,4.29,4.26,62
2023-10-06 13:40:00,4339,4.2795,4.28,4.28,4.28,4.275,25
2023-10-06 13:41:00,3650,4.2992,4.3,4.29,4.31,4.29,25
2023-10-06 13:42:00,5679,4.2827,4.29,4.28,4.29,4.28,34
2023-10-06 13:43:00,2164,4.27,4.27,4.27,4.27,4.27,20
2023-10-06 13:44:00,728,4.2786,4.27,4.28,4.28,4.27,24
2023-10-06 13:45:00,1876,4.2942,4.28,4.3,4.3,4.28,22
2023-10-06 13:46:00,769,4.3102,4.31,4.31,4.31,4.31,17
2023-10-06 13:47:00,750,4.3156,4.315,4.32,4.32,4.315,8
2023-10-06 13:48:00,2842,4.3003,4.32,4.31,4.32,4.31,20
2023-10-06 13:49:00,6362,4.3078,4.305,4.305,4.31,4.305,19
2023-10-06 13:50:00,9087,4.3017,4.305,4.315,4.315,4.295,82
2023-10-06 13:51:00,2123,4.3174,4.31,4.32,4.32,4.31,21
2023-10-06 13:52:00,882,4.3107,4.31,4.31,4.31,4.31,12
2023-10-06 13:53:00,2490,4.3105,4.305,4.32,4.32,4.305,17
2023-10-06 13:54:00,4926,4.3128,4.32,4.31,4.32,4.31,53
2023-10-06 13:55:00,4340,4.314,4.31,4.315,4.32,4.31,25
2023-10-06 13:56:00,1427,4.3151,4.315,4.315,4.315,4.315,19
2023-10-06 13:57:00,1228,4.3213,4.32,4.325,4.325,4.32,18
2023-10-06 13:58:00,3155,4.3202,4.32,4.32,4.32,4.32,32
2023-10-06 13:59:00,8744,4.3179,4.315,4.32,4.325,4.315,39
2023-10-06 14:00:00,1428,4.3195,4.32,4.32,4.32,4.315,21
2023-10-06 14:01:00,23490,4.2977,4.315,4.29,4.32,4.2801,140
2023-10-06 14:02:00,6794,4.2902,4.29,4.29,4.2925,4.29,61
2023-10-06 14:03:00,5123,4.2896,4.29,4.283,4.29,4.283,23
2023-10-06 14:04:00,15072,4.2899,4.29,4.29,4.29,4.285,75
2023-10-06 14:05:00,3972,4.2865,4.29,4.28,4.29,4.28,19
2023-10-06 14:06:00,141,4.275,4.275,4.275,4.275,4.275,6
2023-10-06 14:07:00,2742,4.2762,4.275,4.275,4.28,4.275,16
2023-10-06 14:08:00,1316,4.2783,4.28,4.28,4.28,4.275,18
2023-10-06 14:09:00,8128,4.28,4.28,4.28,4.29,4.2703,58
2023-10-06 14:10:00,4367,4.2856,4.28,4.2892,4.2892,4.28,33
2023-10-06 14:11:00,8243,4.282,4.29,4.295,4.295,4.28,74
2023-10-06 14:12:00,750,4.2936,4.29,4.295,4.3,4.29,8
2023-10-06 14:13:00,13370,4.3017,4.3,4.31,4.31,4.3,59
2023-10-06 14:15:00,14054,4.2991,4.3012,4.3013,4.3013,4.3,93
2023-10-06 14:16:00,4300,4.308,4.31,4.305,4.31,4.305,9
2023-10-06 14:17:00,6940,4.3005,4.305,4.305,4.305,4.295,47
2023-10-06 14:18:00,1591,4.305,4.305,4.305,4.305,4.305,12
2023-10-06 14:19:00,2272,4.305,4.305,4.305,4.305,4.305,19
2023-10-06 14:20:00,13205,4.2956,4.305,4.275,4.305,4.275,102
2023-10-06 14:21:00,7163,4.2799,4.28,4.28,4.28,4.28,59
2023-10-06 14:22:00,217,4.2876,4.29,4.29,4.29,4.29,12
2023-10-06 14:23:00,8949,4.282,4.28,4.29,4.29,4.275,79
2023-10-06 14:24:00,318,4.3027,4.3,4.305,4.305,4.3,7
2023-10-06 14:26:00,1605,4.3092,4.31,4.31,4.31,4.3,33
2023-10-06 14:27:00,451,4.3145,4.32,4.3125,4.32,4.3125,7
2023-10-06 14:28:00,3872,4.32,4.32,4.32,4.32,4.32,35
2023-10-06 14:29:00,2891,4.32,4.32,4.32,4.32,4.32,34
2023-10-06 14:30:00,2333,4.3246,4.32,4.33,4.33,4.32,31
2023-10-06 14:31:00,3521,4.3417,4.34,4.34,4.345,4.34,28
2023-10-06 14:34:00,1759,4.34,4.34,4.34,4.34,4.34,15
2023-10-06 14:35:00,3586,4.351,4.34,4.37,4.37,4.34,39
2023-10-06 14:36:00,256,4.3681,4.37,4.37,4.37,4.37,8
2023-10-06 14:38:00,466,4.36,4.36,4.365,4.365,4.36,9
2023-10-06 14:39:00,1134,4.3648,4.365,4.365,4.365,4.365,20
2023-10-06 14:40:00,7527,4.3674,4.365,4.365,4.37,4.365,55
2023-10-06 14:41:00,4070,4.368,4.37,4.37,4.37,4.36,38
2023-10-06 14:42:00,5473,4.3512,4.36,4.34,4.36,4.34,33
2023-10-06 14:43:00,406,4.3438,4.34,4.345,4.345,4.34,4
2023-10-06 14:45:00,2469,4.3494,4.34,4.35,4.35,4.34,43
2023-10-06 14:46:00,1489,4.3397,4.34,4.335,4.34,4.335,19
2023-10-06 14:47:00,2073,4.3293,4.33,4.33,4.33,4.325,17
2023-10-06 14:48:00,3251,4.3267,4.3268,4.325,4.3268,4.325,9
2023-10-06 14:49:00,513,4.3222,4.325,4.32,4.325,4.32,10
2023-10-06 14:50:00,2199,4.3185,4.32,4.3172,4.32,4.315,32
2023-10-06 14:51:00,1994,4.3232,4.315,4.33,4.33,4.315,53
2023-10-06 14:52:00,5971,4.3237,4.33,4.32,4.33,4.32,29
2023-10-06 14:54:00,413,4.32,4.32,4.32,4.32,4.32,6
2023-10-06 14:55:00,100,4.32,4.32,4.32,4.32,4.32,1
2023-10-06 14:56:00,25191,4.3074,4.32,4.31,4.32,4.3,132
2023-10-06 14:57:00,199,4.3197,4.32,4.32,4.32,4.32,3
2023-10-06 14:58:00,309,4.3116,4.31,4.31,4.315,4.31,6
2023-10-06 14:59:00,1251,4.3199,4.32,4.32,4.32,4.32,24
2023-10-06 15:00:00,2024,4.3275,4.32,4.33,4.33,4.32,39
2023-10-06 15:01:00,601,4.3342,4.335,4.335,4.335,4.335,8
2023-10-06 15:02:00,3603,4.33,4.33,4.33,4.33,4.33,23
2023-10-06 15:03:00,1378,4.3285,4.325,4.325,4.33,4.325,18
2023-10-06 15:04:00,1734,4.3347,4.33,4.34,4.34,4.33,41
2023-10-06 15:05:00,293,4.3401,4.34,4.34,4.34,4.34,12
2023-10-06 15:07:00,1079,4.3549,4.348,4.36,4.36,4.348,10
2023-10-06 15:09:00,717,4.3593,4.355,4.36,4.36,4.355,9
2023-10-06 15:10:00,101,4.37,4.37,4.37,4.37,4.37,2
2023-10-06 15:11:00,310,4.3682,4.37,4.365,4.37,4.365,3
2023-10-06 15:12:00,969,4.3655,4.36,4.365,4.37,4.36,8
2023-10-06 15:13:00,1295,4.3691,4.365,4.375,4.375,4.365,29
2023-10-06 15:14:00,300,4.375,4.375,4.375,4.375,4.375,2
2023-10-06 15:15:00,5983,4.379,4.375,4.3799,4.38,4.375,11
2023-10-06 15:16:00,300,4.3783,4.38,4.375,4.38,4.375,6
2023-10-06 15:17:00,2321,4.3844,4.375,4.39,4.39,4.375,32
2023-10-06 15:18:00,3266,4.3895,4.395,4.38,4.395,4.38,16
2023-10-06 15:19:00,2191,4.3777,4.38,4.37,4.38,4.37,11
2023-10-06 15:20:00,280,4.372,4.37,4.375,4.375,4.37,4
2023-10-06 15:21:00,2392,4.3783,4.375,4.38,4.38,4.371,35
2023-10-06 15:22:00,369,4.3898,4.39,4.39,4.39,4.39,11
2023-10-06 15:23:00,132,4.395,4.395,4.395,4.395,4.395,2
2023-10-06 15:24:00,582,4.3973,4.4,4.395,4.4,4.395,9
2023-10-06 15:25:00,745,4.3958,4.395,4.395,4.4,4.3901,20
2023-10-06 15:26:00,17442,4.401,4.4,4.395,4.41,4.39,50
2023-10-06 15:27:00,700,4.3936,4.3913,4.4,4.4,4.3913,8
2023-10-06 15:28:00,969,4.4005,4.4,4.405,4.405,4.4,17
2023-10-06 15:29:00,339,4.4053,4.41,4.4,4.41,4.4,9
2023-10-06 15:30:00,1114,4.4053,4.405,4.405,4.405,4.405,7
2023-10-06 15:31:00,841,4.408,4.405,4.41,4.41,4.405,19
2023-10-06 15:32:00,844,4.4076,4.41,4.41,4.41,4.405,10
2023-10-06 15:33:00,4750,4.4133,4.4091,4.4195,4.42,4.4091,36
2023-10-06 15:34:00,6893,4.4197,4.42,4.42,4.4231,4.415,30
2023-10-06 15:36:00,323,4.4147,4.415,4.415,4.415,4.415,6
2023-10-06 15:37:00,5405,4.414,4.415,4.415,4.42,4.41,19
2023-10-06 15:38:00,2116,4.4156,4.415,4.415,4.42,4.41,19
2023-10-06 15:39:00,3573,4.42,4.42,4.42,4.42,4.42,35
2023-10-06 15:40:00,6996,4.4184,4.42,4.42,4.42,4.41,53
2023-10-06 15:41:00,1529,4.4184,4.415,4.425,4.425,4.415,12
2023-10-06 15:42:00,2586,4.4279,4.425,4.43,4.43,4.425,23
2023-10-06 15:43:00,1552,4.4316,4.43,4.4319,4.4319,4.43,3
2023-10-06 15:44:00,1769,4.4293,4.43,4.425,4.43,4.425,19
2023-10-06 15:45:00,1102,4.4205,4.425,4.42,4.425,4.42,4
2023-10-06 15:46:00,302,4.4217,4.42,4.425,4.425,4.42,4
2023-10-06 15:47:00,284,4.4233,4.425,4.42,4.425,4.42,4
2023-10-06 15:48:00,1350,4.4304,4.43,4.435,4.435,4.43,25
2023-10-06 15:49:00,225,4.4298,4.435,4.435,4.435,4.435,3
2023-10-06 15:50:00,300,4.435,4.435,4.435,4.435,4.435,3
2023-10-06 15:51:00,1542,4.4397,4.435,4.44,4.44,4.435,12
2023-10-06 15:52:00,6229,4.4402,4.44,4.44,4.44,4.44,37
2023-10-06 15:53:00,1371,4.45,4.45,4.45,4.45,4.45,18
2023-10-06 15:54:00,7200,4.4501,4.45,4.4506,4.4507,4.45,45
2023-10-06 15:55:00,767,4.4531,4.455,4.455,4.46,4.45,15
2023-10-06 15:56:00,614,4.4562,4.455,4.46,4.46,4.455,8
2023-10-06 15:57:00,643,4.46,4.46,4.46,4.46,4.46,10
2023-10-06 15:58:00,440,4.4666,4.4699,4.465,4.4699,4.465,3
2023-10-06 15:59:00,384,4.4639,4.465,4.465,4.465,4.465,5
2023-10-06 16:00:00,230,4.4678,4.47,4.465,4.47,4.465,4
2023-10-06 16:01:00,11523,4.47,4.47,4.47,4.47,4.47,84
2023-10-06 16:02:00,3266,4.4671,4.47,4.46,4.47,4.46,26
2023-10-06 16:03:00,300,4.4545,4.455,4.4542,4.455,4.4542,3
2023-10-06 16:05:00,944,4.4604,4.46,4.46,4.465,4.46,24
2023-10-06 16:06:00,464,4.4601,4.46,4.46,4.46,4.46,7
2023-10-06 16:08:00,845,4.4689,4.47,4.47,4.47,4.47,12
2023-10-06 16:09:00,676,4.4708,4.471,4.471,4.471,4.471,7
2023-10-06 16:10:00,727,4.47,4.47,4.47,4.47,4.47,11
2023-10-06 16:11:00,2038,4.4691,4.47,4.465,4.47,4.465,25
2023-10-06 16:13:00,721,4.4648,4.465,4.4624,4.465,4.4624,10
2023-10-06 16:14:00,310,4.4652,4.465,4.465,4.465,4.465,5
2023-10-06 16:16:00,205,4.4635,4.465,4.465,4.465,4.465,6
2023-10-06 16:17:00,801,4.4663,4.465,4.47,4.47,4.4643,12
2023-10-06 16:18:00,649,4.4661,4.465,4.465,4.465,4.465,12
2023-10-06 16:19:00,9631,4.47,4.47,4.475,4.475,4.47,89
2023-10-06 16:20:00,214,4.4725,4.475,4.47,4.475,4.47,6
2023-10-06 16:21:00,3333,4.4688,4.47,4.465,4.47,4.465,33
2023-10-06 16:22:00,1585,4.4564,4.46,4.4511,4.46,4.45,17
2023-10-06 16:23:00,122,4.4543,4.455,4.455,4.455,4.455,3
2023-10-06 16:25:00,5865,4.4473,4.45,4.44,4.45,4.44,24
2023-10-06 16:26:00,2740,4.4493,4.45,4.45,4.45,4.445,43
2023-10-06 16:28:00,1320,4.45,4.45,4.45,4.45,4.45,13
2023-10-06 16:29:00,2830,4.4498,4.45,4.45,4.45,4.4488,40
2023-10-06 16:30:00,1682,4.4499,4.45,4.45,4.45,4.45,21
2023-10-06 16:31:00,824,4.4523,4.46,4.45,4.46,4.45,10
2023-10-06 16:33:00,2334,4.4515,4.451,4.45,4.455,4.45,13
2023-10-06 16:34:00,1104,4.4409,4.445,4.44,4.445,4.44,10
2023-10-06 16:35:00,527,4.4459,4.44,4.445,4.445,4.44,9
2023-10-06 16:38:00,2310,4.44,4.44,4.44,4.44,4.44,20
2023-10-06 16:39:00,129,4.4359,4.435,4.435,4.435,4.435,9
2023-10-06 16:40:00,2554,4.4403,4.44,4.44,4.44,4.44,28
2023-10-06 16:41:00,1446,4.442,4.44,4.4409,4.445,4.44,10
2023-10-06 16:43:00,5103,4.4505,4.45,4.46,4.46,4.45,41
2023-10-06 16:45:00,2981,4.4594,4.46,4.46,4.46,4.4599,17
2023-10-06 16:49:00,571,4.4573,4.46,4.455,4.46,4.455,10
2023-10-06 16:50:00,317,4.4564,4.45,4.46,4.46,4.45,9
2023-10-06 16:51:00,4579,4.4498,4.45,4.45,4.45,4.445,33
2023-10-06 16:54:00,5150,4.4401,4.44,4.44,4.4447,4.44,63
2023-10-06 16:55:00,2160,4.442,4.44,4.4425,4.4425,4.44,22
2023-10-06 16:56:00,502,4.4409,4.4409,4.4409,4.4409,4.4409,3
2023-10-06 16:57:00,165,4.4457,4.445,4.445,4.445,4.445,11
2023-10-06 16:58:00,125,4.4452,4.445,4.445,4.445,4.445,7
2023-10-06 16:59:00,120,4.4491,4.4499,4.4499,4.4499,4.4499,9
2023-10-06 17:00:00,4339,4.45,4.445,4.45,4.455,4.445,40
2023-10-06 17:02:00,1087,4.4569,4.455,4.455,4.46,4.455,19
2023-10-06 17:04:00,101,4.455,4.455,4.455,4.455,4.455,2
2023-10-06 17:05:00,436,4.4526,4.455,4.45,4.455,4.45,16
2023-10-06 17:06:00,447,4.4559,4.455,4.46,4.46,4.455,13
2023-10-06 17:07:00,1509,4.4511,4.46,4.4501,4.46,4.4501,17
2023-10-06 17:08:00,605,4.455,4.455,4.455,4.455,4.455,12
2023-10-06 17:09:00,3098,4.4595,4.455,4.46,4.46,4.455,13
2023-10-06 17:10:00,277,4.4569,4.46,4.455,4.46,4.455,22
2023-10-06 17:11:00,437,4.4548,4.452,4.455,4.455,4.452,8
2023-10-06 17:12:00,733,4.4517,4.46,4.45,4.46,4.45,9
2023-10-06 17:13:00,1546,4.4539,4.455,4.45,4.46,4.45,18
2023-10-06 17:14:00,3913,4.4607,4.46,4.465,4.465,4.46,45
2023-10-06 17:15:00,1145,4.4637,4.465,4.465,4.47,4.46,10
2023-10-06 17:16:00,7814,4.4604,4.465,4.465,4.47,4.455,60
2023-10-06 17:17:00,438,4.4605,4.46,4.46,4.46,4.46,5
2023-10-06 17:18:00,123,4.4651,4.465,4.465,4.465,4.465,2
2023-10-06 17:19:00,295,4.465,4.465,4.465,4.465,4.465,6
2023-10-06 17:20:00,565,4.4682,4.465,4.47,4.47,4.465,12
2023-10-06 17:22:00,1170,4.4682,4.47,4.47,4.47,4.465,18
2023-10-06 17:23:00,428,4.4699,4.47,4.47,4.47,4.47,9
2023-10-06 17:24:00,502,4.4648,4.465,4.465,4.465,4.465,8
2023-10-06 17:27:00,112,4.4652,4.465,4.465,4.465,4.465,5
2023-10-06 17:28:00,300,4.4693,4.47,4.47,4.47,4.47,15
2023-10-06 17:29:00,541,4.4669,4.47,4.465,4.47,4.465,14
2023-10-06 17:30:00,3330,4.471,4.47,4.48,4.48,4.47,60
2023-10-06 17:31:00,593,4.4776,4.475,4.48,4.48,4.475,19
2023-10-06 17:32:00,1143,4.4775,4.4704,4.48,4.48,4.4704,15
2023-10-06 17:33:00,180,4.4797,4.48,4.48,4.48,4.48,6
2023-10-06 17:34:00,426,4.4767,4.48,4.48,4.48,4.475,10
2023-10-06 17:35:00,325,4.4796,4.48,4.48,4.48,4.48,17
2023-10-06 17:36:00,4043,4.471,4.475,4.4695,4.48,4.4695,52
2023-10-06 17:37:00,614,4.4651,4.465,4.465,4.465,4.465,7
2023-10-06 17:38:00,604,4.4672,4.465,4.47,4.47,4.465,12
2023-10-06 17:40:00,1900,4.4704,4.47,4.475,4.475,4.47,40
2023-10-06 17:41:00,454,4.4711,4.47,4.475,4.475,4.47,9
2023-10-06 17:42:00,4332,4.4692,4.47,4.46,4.47,4.46,34
2023-10-06 17:43:00,329,4.4649,4.465,4.465,4.465,4.465,5
2023-10-06 17:45:00,127,4.46,4.46,4.46,4.46,4.46,4
2023-10-06 17:46:00,4186,4.4599,4.46,4.46,4.46,4.46,69
2023-10-06 17:47:00,223,4.462,4.46,4.46,4.46,4.46,8
2023-10-06 17:48:00,2844,4.4712,4.47,4.4729,4.4729,4.47,25
2023-10-06 17:49:00,2309,4.475,4.475,4.475,4.475,4.475,4
2023-10-06 17:51:00,258,4.4763,4.475,4.475,4.475,4.475,7
2023-10-06 17:54:00,143,4.4799,4.48,4.48,4.48,4.48,4
2023-10-06 17:55:00,6274,4.4848,4.48,4.49,4.49,4.48,57
2023-10-06 17:56:00,303,4.4864,4.49,4.49,4.49,4.49,10
2023-10-06 17:58:00,1789,4.4821,4.485,4.485,4.485,4.48,16
2023-10-06 17:59:00,9642,4.481,4.485,4.48,4.49,4.48,52
2023-10-06 18:00:00,309,4.4751,4.475,4.475,4.475,4.475,10
2023-10-06 18:01:00,1121,4.4751,4.475,4.475,4.475,4.475,6
2023-10-06 18:02:00,406,4.4763,4.475,4.48,4.48,4.475,7
2023-10-06 18:03:00,5361,4.4788,4.475,4.48,4.48,4.475,59
2023-10-06 18:04:00,1990,4.4797,4.48,4.475,4.48,4.475,8
2023-10-06 18:05:00,229,4.4755,4.475,4.475,4.475,4.475,6
2023-10-06 18:07:00,201,4.475,4.475,4.475,4.475,4.475,4
2023-10-06 18:08:00,452,4.4789,4.48,4.48,4.48,4.48,8
2023-10-06 18:09:00,132,4.476,4.475,4.475,4.475,4.475,7
2023-10-06 18:10:00,146,4.4797,4.48,4.48,4.48,4.48,10
2023-10-06 18:11:00,2837,4.4804,4.48,4.485,4.485,4.48,36
2023-10-06 18:14:00,555,4.4854,4.485,4.485,4.485,4.485,9
2023-10-06 18:15:00,656,4.485,4.485,4.485,4.485,4.485,6
2023-10-06 18:16:00,300,4.485,4.485,4.485,4.485,4.485,3
2023-10-06 18:17:00,1035,4.485,4.49,4.48,4.49,4.48,13
2023-10-06 18:18:00,1016,4.4851,4.49,4.49,4.49,4.485,14
2023-10-06 18:19:00,445,4.4834,4.48,4.485,4.49,4.48,13
2023-10-06 18:20:00,550,4.4856,4.485,4.49,4.49,4.485,4
2023-10-06 18:21:00,1423,4.4816,4.485,4.485,4.485,4.48,22
2023-10-06 18:22:00,8957,4.48,4.48,4.48,4.48,4.48,61
2023-10-06 18:23:00,952,4.4811,4.48,4.485,4.485,4.48,13
2023-10-06 18:25:00,1164,4.485,4.485,4.485,4.485,4.485,14
2023-10-06 18:28:00,611,4.4899,4.49,4.49,4.49,4.49,19
2023-10-06 18:29:00,4423,4.4901,4.485,4.491,4.491,4.485,32
2023-10-06 18:30:00,405,4.4865,4.495,4.495,4.495,4.495,7
2023-10-06 18:31:00,2761,4.4896,4.49,4.4895,4.49,4.485,18
2023-10-06 18:32:00,401,4.4875,4.485,4.49,4.49,4.485,3
2023-10-06 18:33:00,452,4.4885,4.485,4.4895,4.4895,4.485,11
2023-10-06 18:34:00,1870,4.4903,4.49,4.495,4.495,4.49,25
2023-10-06 18:35:00,1771,4.4997,4.5,4.5,4.5,4.495,32
2023-10-06 18:36:00,3008,4.4997,4.5,4.495,4.5,4.495,26
2023-10-06 18:37:00,2420,4.5005,4.495,4.505,4.505,4.495,23
2023-10-06 18:38:00,100,4.505,4.505,4.505,4.505,4.505,1
2023-10-06 18:39:00,209,4.5075,4.51,4.505,4.51,4.505,5
2023-10-06 18:40:00,611,4.5044,4.505,4.5096,4.51,4.505,10
2023-10-06 18:41:00,1249,4.5013,4.5066,4.5,4.5066,4.5,7
2023-10-06 18:42:00,443,4.5058,4.505,4.51,4.51,4.505,10
2023-10-06 18:43:00,430,4.5088,4.505,4.51,4.51,4.505,10
2023-10-06 18:44:00,4090,4.5104,4.51,4.515,4.515,4.51,45
2023-10-06 18:47:00,929,4.5162,4.52,4.515,4.52,4.515,10
2023-10-06 18:48:00,7391,4.5204,4.52,4.52,4.525,4.52,63
2023-10-06 18:49:00,338,4.52,4.52,4.52,4.52,4.52,8
2023-10-06 18:50:00,524,4.5185,4.52,4.5165,4.52,4.5165,24
2023-10-06 18:51:00,1156,4.5152,4.515,4.515,4.52,4.51,14
2023-10-06 18:52:00,951,4.5162,4.52,4.52,4.52,4.515,14
2023-10-06 18:53:00,796,4.5145,4.515,4.515,4.52,4.51,10
2023-10-06 18:54:00,445,4.5131,4.5101,4.5101,4.5101,4.5101,8
2023-10-06 18:55:00,4595,4.5091,4.51,4.505,4.51,4.505,29
2023-10-06 18:56:00,1730,4.5055,4.5055,4.505,4.51,4.505,14
2023-10-06 18:57:00,344,4.5068,4.505,4.51,4.51,4.505,10
2023-10-06 18:58:00,250,4.5085,4.51,4.51,4.51,4.51,13
2023-10-06 18:59:00,444,4.5056,4.51,4.5045,4.51,4.5045,14
2023-10-06 19:00:00,245,4.5029,4.505,4.5,4.505,4.5,6
2023-10-06 19:01:00,662,4.5082,4.505,4.51,4.51,4.505,11
2023-10-06 19:03:00,4137,4.5011,4.505,4.5,4.505,4.5,36
2023-10-06 19:04:00,1889,4.4957,4.495,4.495,4.495,4.495,21
2023-10-06 19:05:00,1277,4.4922,4.495,4.495,4.495,4.49,18
2023-10-06 19:06:00,30138,4.5038,4.49,4.51,4.51,4.49,123
2023-10-06 19:07:00,3593,4.4981,4.5,4.495,4.5,4.495,33
2023-10-06 19:08:00,1447,4.495,4.495,4.495,4.495,4.495,21
2023-10-06 19:09:00,1001,4.495,4.495,4.495,4.495,4.495,11
2023-10-06 19:10:00,1441,4.495,4.495,4.495,4.495,4.495,16
2023-10-06 19:11:00,6338,4.4885,4.495,4.485,4.495,4.485,57
2023-10-06 19:12:00,3664,4.488,4.485,4.485,4.49,4.485,40
2023-10-06 19:13:00,1723,4.485,4.485,4.485,4.485,4.485,13
2023-10-06 19:14:00,1621,4.4858,4.485,4.485,4.485,4.485,16
2023-10-06 19:15:00,1520,4.485,4.485,4.485,4.485,4.485,21
2023-10-06 19:16:00,1618,4.4851,4.485,4.485,4.485,4.485,19
2023-10-06 19:17:00,1108,4.4855,4.485,4.49,4.49,4.485,16
2023-10-06 19:18:00,1328,4.485,4.485,4.485,4.485,4.485,16
2023-10-06 19:19:00,617,4.4833,4.485,4.485,4.485,4.48,13
2023-10-06 19:20:00,1345,4.485,4.485,4.485,4.485,4.485,19
2023-10-06 19:21:00,8376,4.4798,4.485,4.475,4.485,4.475,69
2023-10-06 19:22:00,2418,4.476,4.475,4.475,4.48,4.475,33
2023-10-06 19:23:00,1312,4.4761,4.48,4.475,4.48,4.475,22
2023-10-06 19:24:00,2339,4.4771,4.475,4.475,4.4799,4.475,25
2023-10-06 19:25:00,1438,4.475,4.475,4.475,4.475,4.475,20
2023-10-06 19:26:00,1293,4.4749,4.475,4.475,4.475,4.475,15
2023-10-06 19:27:00,1290,4.4718,4.475,4.47,4.475,4.47,15
2023-10-06 19:28:00,1997,4.4727,4.475,4.475,4.475,4.4701,15
2023-10-06 19:29:00,1612,4.4746,4.475,4.475,4.475,4.475,21
2023-10-06 19:30:00,3946,4.4737,4.475,4.4761,4.48,4.4704,34
2023-10-06 19:31:00,2595,4.4746,4.475,4.47,4.475,4.47,29
2023-10-06 19:32:00,9523,4.4704,4.475,4.47,4.475,4.47,49
2023-10-06 19:33:00,4743,4.4619,4.46,4.46,4.465,4.46,38
2023-10-06 19:34:00,445,4.461,4.46,4.46,4.46,4.46,10
2023-10-06 19:35:00,1967,4.4601,4.46,4.46,4.4605,4.46,25
2023-10-06 19:36:00,3125,4.4615,4.46,4.46,4.465,4.46,36
2023-10-06 19:37:00,20321,4.4684,4.46,4.475,4.48,4.46,178
2023-10-06 19:38:00,2166,4.4756,4.475,4.475,4.48,4.475,59
2023-10-06 19:39:00,1103,4.4752,4.475,4.475,4.475,4.475,18
2023-10-06 19:40:00,3074,4.4748,4.475,4.47,4.475,4.47,43
2023-10-06 19:41:00,353,4.4745,4.475,4.475,4.475,4.475,6
2023-10-06 19:42:00,2217,4.475,4.475,4.475,4.4799,4.475,27
2023-10-06 19:43:00,403,4.475,4.475,4.475,4.475,4.475,5
2023-10-06 19:44:00,2982,4.4718,4.475,4.475,4.475,4.47,27
2023-10-06 19:45:00,5540,4.4713,4.4741,4.47,4.475,4.47,68
2023-10-06 19:46:00,18534,4.4682,4.47,4.465,4.47,4.46,151
2023-10-06 19:47:00,19099,4.4568,4.465,4.45,4.465,4.45,147
2023-10-06 19:48:00,16644,4.4494,4.45,4.45,4.455,4.44,148
2023-10-06 19:49:00,5068,4.4505,4.45,4.45,4.45,4.45,79
2023-10-06 19:50:00,29615,4.4492,4.455,4.455,4.455,4.445,203
2023-10-06 19:51:00,6344,4.4516,4.45,4.45,4.455,4.45,95
2023-10-06 19:52:00,9148,4.4529,4.45,4.455,4.46,4.45,108
2023-10-06 19:53:00,10950,4.4549,4.45,4.455,4.46,4.45,130
2023-10-06 19:54:00,28429,4.4504,4.455,4.445,4.46,4.44,254
2023-10-06 19:55:00,33376,4.4512,4.445,4.455,4.46,4.44,233
2023-10-06 19:56:00,17661,4.4633,4.455,4.47,4.47,4.455,174
2023-10-06 19:57:00,14561,4.4678,4.465,4.47,4.47,4.465,163
2023-10-06 19:58:00,12840,4.4673,4.465,4.465,4.47,4.465,150
2023-10-06 19:59:00,46318,4.4674,4.465,4.47,4.47,4.46,425
2023-10-06 20:00:00,19685,4.46,4.46,4.46,4.46,4.46,8
