t,v,vw,o,c,h,l,n
2023-05-01 11:03:00,198,218.0008,218.0,218.0,218.0,218.0,3
2023-05-01 12:00:00,863,218.8038,218.9813,218.9813,218.9813,218.9813,20
2023-05-01 12:05:00,400,218.0173,218.0173,218.0173,218.0173,218.0173,1
2023-05-01 12:24:00,626,218.9962,218.9952,219.0,219.0,218.9952,6
2023-05-01 12:53:00,789,218.786,218.8,218.86,218.86,218.8,19
2023-05-01 13:02:00,586,218.8492,218.8,218.8,218.8,218.8,10
2023-05-01 13:13:00,429,219.2707,219.46,219.46,219.46,219.46,8
2023-05-01 13:26:00,305,218.9967,218.99,219.0,219.0,218.99,6
2023-05-01 13:29:00,2570,219.5712,219.55,219.55,219.68,219.55,27
2023-05-01 13:30:00,63910,219.8485,219.342,219.385,220.09,219.3013,417
2023-05-01 13:31:00,7324,219.5107,219.34,219.4072,219.69,219.335,115
2023-05-01 13:32:00,2319,219.5768,219.485,219.675,219.675,219.47,81
2023-05-01 13:33:00,4469,219.7156,219.7046,219.75,219.77,219.63,147
2023-05-01 13:34:00,13749,219.9534,219.745,220.0,220.04,219.745,182
2023-05-01 13:35:00,3782,220.2304,220.0,220.3,220.46,220.0,140
2023-05-01 13:36:00,10635,220.5872,220.3072,220.805,220.9499,220.29,224
2023-05-01 13:37:00,5354,220.7118,220.79,220.6,220.875,220.6,115
2023-05-01 13:38:00,7311,220.7918,220.66,220.84,220.87,220.53,174
2023-05-01 13:39:00,14797,221.2635,220.9,221.67,221.67,220.8922,236
2023-05-01 13:40:00,11056,221.5718,221.52,221.67,221.7,221.51,193
2023-05-01 13:41:00,11946,221.4876,221.7,221.49,221.8712,221.335,198
2023-05-01 13:42:00,4714,221.515,221.49,221.565,221.605,221.43,118
2023-05-01 13:43:00,9392,221.8244,221.61,221.865,221.96,221.6,154
2023-05-01 13:44:00,15927,221.7154,221.92,221.6,221.92,221.56,206
2023-05-01 13:45:00,5060,221.796,221.68,221.74,221.93,221.68,122
2023-05-01 13:46:00,5608,221.6359,221.8,221.2804,221.82,221.2804,117
2023-05-01 13:47:00,5048,221.273,221.405,221.175,221.405,221.05,106
2023-05-01 13:48:00,11213,220.9036,221.145,220.59,221.17,220.59,226
2023-05-01 13:49:00,5866,220.6773,220.6799,220.86,220.88,220.625,114
2023-05-01 13:50:00,2215,220.6752,220.86,220.54,220.8772,220.5,64
2023-05-01 13:51:00,6902,220.5028,220.64,220.58,220.66,220.27,119
2023-05-01 13:52:00,4928,220.5649,220.46,220.42,220.66,220.41,90
2023-05-01 13:53:00,6135,220.3346,220.4,220.3449,220.48,220.16,124
2023-05-01 13:54:00,2654,220.2956,220.29,220.24,220.36,220.23,101
2023-05-01 13:55:00,2016,220.2032,220.265,220.14,220.265,220.14,84
2023-05-01 13:56:00,2147,220.3232,220.26,220.42,220.4402,220.25,85
2023-05-01 13:57:00,4768,220.2619,220.405,220.3,220.4582,220.17,116
2023-05-01 13:58:00,5451,220.2388,220.285,220.22,220.29,220.18,115
2023-05-01 13:59:00,2171,220.3179,220.26,220.33,220.33,220.26,61
2023-05-01 14:00:00,8157,220.2084,220.28,220.375,220.4,220.01,238
2023-05-01 14:01:00,5309,220.3378,220.28,220.48,220.5,220.09,160
2023-05-01 14:02:00,12500,220.6048,220.55,220.63,220.72,220.41,227
2023-05-01 14:03:00,5501,220.525,220.55,220.415,220.6,220.4,97
2023-05-01 14:04:00,4135,220.547,220.59,220.66,220.66,220.49,102
2023-05-01 14:05:00,19110,220.7365,220.77,220.54,220.9899,220.54,201
2023-05-01 14:06:00,2005,220.5068,220.525,220.535,220.535,220.44,57
2023-05-01 14:07:00,5845,220.52,220.54,220.5475,220.63,220.41,132
2023-05-01 14:08:00,4416,220.6265,220.58,220.8099,220.81,220.52,57
2023-05-01 14:09:00,4446,220.886,220.7214,221.08,221.11,220.65,131
2023-05-01 14:10:00,6207,221.0226,221.17,221.022,221.22,220.88,97
2023-05-01 14:11:00,1078,220.8517,220.86,220.85,220.86,220.775,41
2023-05-01 14:12:00,4731,220.8481,220.9131,220.79,220.954,220.75,147
2023-05-01 14:13:00,2137,220.7462,220.74,220.74,220.75,220.74,72
2023-05-01 14:14:00,13230,220.7965,220.75,220.78,220.86,220.68,271
2023-05-01 14:15:00,15239,220.8237,220.79,220.99,221.0,220.77,302
2023-05-01 14:16:00,3809,221.0512,220.985,220.99,221.11,220.985,96
2023-05-01 14:17:00,4190,221.1518,221.11,221.12,221.21,221.1,97
2023-05-01 14:18:00,3838,221.2226,221.16,221.24,221.29,221.02,109
2023-05-01 14:19:00,3657,221.0991,221.19,221.0,221.19,221.0,107
2023-05-01 14:20:00,3087,220.7954,220.88,220.69,220.925,220.64,101
2023-05-01 14:21:00,5428,220.4149,220.62,220.2301,220.68,220.2301,108
2023-05-01 14:22:00,4129,220.4957,220.24,220.26,220.28,220.2,86
2023-05-01 14:23:00,4289,220.1467,220.19,220.04,220.26,220.04,138
2023-05-01 14:24:00,12011,219.8473,219.995,219.79,220.0575,219.705,241
2023-05-01 14:25:00,6427,219.7812,219.865,219.75,219.92,219.7,173
2023-05-01 14:26:00,3457,219.8868,219.88,219.955,219.955,219.85,88
2023-05-01 14:27:00,4167,219.8845,219.955,219.885,219.955,219.8034,111
2023-05-01 14:28:00,3523,219.7861,219.8856,219.75,219.92,219.7,68
2023-05-01 14:29:00,3625,219.7702,219.79,219.73,219.805,219.69,67
2023-05-01 14:30:00,8337,219.8109,219.69,219.79,219.89,219.69,152
2023-05-01 14:31:00,8122,219.7384,219.835,219.6301,219.84,219.57,147
2023-05-01 14:32:00,4040,219.6845,219.6431,219.715,219.73,219.6212,88
2023-05-01 14:33:00,4424,219.6233,219.66,219.6,219.697,219.54,117
2023-05-01 14:34:00,7453,219.7144,219.72,219.68,219.8246,219.68,176
2023-05-01 14:35:00,5624,219.7847,219.685,219.9107,219.9107,219.64,147
2023-05-01 14:36:00,10823,219.9143,219.89,220.1299,220.1299,219.82,216
2023-05-01 14:37:00,9856,220.0218,220.09,219.97,220.09,219.91,175
2023-05-01 14:38:00,5412,220.011,219.965,220.015,220.07,219.965,134
2023-05-01 14:39:00,3262,219.9532,219.94,220.07,220.07,219.9,113
2023-05-01 14:40:00,3000,219.8728,219.96,219.8315,219.96,219.81,89
2023-05-01 14:41:00,7525,219.7956,219.81,219.725,219.8252,219.68,72
2023-05-01 14:42:00,12254,219.62,219.68,219.7,219.71,219.495,213
2023-05-01 14:43:00,3354,219.8004,219.74,219.83,219.9074,219.705,84
2023-05-01 14:44:00,4792,219.9869,219.9,219.992,220.08,219.9,98
2023-05-01 14:45:00,2694,220.0462,220.09,220.16,220.16,220.025,76
2023-05-01 14:46:00,9389,220.2812,220.1975,220.205,220.38,220.19,192
2023-05-01 14:47:00,4155,220.1268,220.2274,220.075,220.2799,220.03,88
2023-05-01 14:48:00,3466,220.1342,220.06,220.175,220.23,220.02,106
2023-05-01 14:49:00,3644,220.2819,220.22,220.325,220.3789,220.22,70
2023-05-01 14:50:00,5867,220.1715,220.27,220.005,220.27,220.0,149
2023-05-01 14:51:00,4132,219.92,219.9327,219.9,220.0,219.85,84
2023-05-01 14:52:00,4969,220.06,219.98,220.08,220.12,219.98,74
2023-05-01 14:53:00,3355,220.0901,220.11,219.99,220.19,219.99,113
2023-05-01 14:54:00,2010,219.9596,219.9783,219.88,219.9783,219.88,46
2023-05-01 14:55:00,2169,219.8881,219.91,219.9,219.91,219.86,70
2023-05-01 14:56:00,6445,219.8986,219.88,219.88,219.96,219.87,89
2023-05-01 14:57:00,2790,219.7918,219.84,219.75,219.84,219.73,99
2023-05-01 14:58:00,3101,219.7565,219.73,219.78,219.79,219.7075,90
2023-05-01 14:59:00,3315,219.691,219.7,219.715,219.79,219.62,111
2023-05-01 15:00:00,2372,219.7877,219.735,219.86,219.86,219.735,79
2023-05-01 15:01:00,3329,219.7897,219.9123,219.795,219.9123,219.7,101
2023-05-01 15:02:00,3026,219.7424,219.84,219.71,219.84,219.68,79
2023-05-01 15:03:00,4807,219.5318,219.675,219.4459,219.675,219.42,123
2023-05-01 15:04:00,5179,219.2659,219.36,219.285,219.365,219.19,123
2023-05-01 15:05:00,5619,219.1973,219.285,219.12,219.29,219.12,109
2023-05-01 15:06:00,10017,219.0934,219.105,219.095,219.17,219.04,139
2023-05-01 15:07:00,11575,218.9392,219.04,218.99,219.04,218.83,262
2023-05-01 15:08:00,9054,219.0083,218.9501,218.99,219.04,218.9501,214
2023-05-01 15:09:00,3187,218.9224,218.97,218.89,218.97,218.89,82
2023-05-01 15:10:00,1423,218.8703,218.9,218.84,218.9,218.84,44
2023-05-01 15:11:00,1441,218.9127,218.925,218.95,218.95,218.872,53
2023-05-01 15:12:00,1823,218.971,218.91,218.98,219.04,218.8622,63
2023-05-01 15:13:00,6674,218.8038,218.92,218.61,218.92,218.61,178
2023-05-01 15:14:00,4046,218.578,218.51,218.57,218.605,218.51,111
2023-05-01 15:15:00,5049,218.4472,218.52,218.46,218.52,218.38,138
2023-05-01 15:16:00,4099,218.5186,218.55,218.53,218.58,218.4,89
2023-05-01 15:17:00,3256,218.5272,218.49,218.585,218.6125,218.48,81
2023-05-01 15:18:00,4798,218.5115,218.64,218.495,218.64,218.41,87
2023-05-01 15:19:00,4002,218.4427,218.48,218.42,218.48,218.42,96
2023-05-01 15:20:00,7079,218.4144,218.4,218.51,218.51,218.37,126
2023-05-01 15:21:00,1258,218.4318,218.44,218.42,218.44,218.3913,68
2023-05-01 15:22:00,7355,218.2863,218.35,218.22,218.35,218.2024,159
2023-05-01 15:23:00,6696,218.2989,218.25,218.27,218.36,218.2401,147
2023-05-01 15:24:00,10441,218.1113,218.27,218.0,218.27,218.0,284
2023-05-01 15:25:00,7902,217.9526,218.0,217.93,218.0,217.87,244
2023-05-01 15:26:00,3350,218.2112,217.99,218.4,218.4,217.99,123
2023-05-01 15:27:00,4478,218.3803,218.4499,218.37,218.4499,218.33,88
2023-05-01 15:28:00,8156,218.3376,218.35,218.32,218.44,218.24,147
2023-05-01 15:29:00,5581,218.347,218.35,218.37,218.4,218.3,101
2023-05-01 15:30:00,1308,218.4274,218.43,218.45,218.45,218.43,41
2023-05-01 15:31:00,2757,218.5499,218.52,218.56,218.6,218.4457,86
2023-05-01 15:32:00,3611,218.6135,218.63,218.61,218.64,218.52,81
2023-05-01 15:33:00,33338,218.5079,218.57,218.3925,218.66,218.2974,360
2023-05-01 15:34:00,7217,218.3754,218.37,218.37,218.39,218.35,147
2023-05-01 15:35:00,21718,218.3256,218.31,218.555,218.555,218.175,287
2023-05-01 15:36:00,7797,218.4892,218.45,218.5,218.58,218.43,177
2023-05-01 15:37:00,3322,218.4556,218.51,218.36,218.51,218.36,68
2023-05-01 15:38:00,11748,218.3388,218.35,218.235,218.4399,218.175,158
2023-05-01 15:39:00,9117,218.2841,218.215,218.2,218.37,218.2,133
2023-05-01 15:40:00,2822,218.2511,218.29,218.2692,218.29,218.215,68
2023-05-01 15:41:00,3084,218.2549,218.21,218.255,218.32,218.21,103
2023-05-01 15:42:00,7098,218.0503,218.2,217.935,218.2,217.9064,124
2023-05-01 15:43:00,9841,218.0024,217.935,218.12,218.17,217.91,151
2023-05-01 15:44:00,9747,218.2528,218.16,218.17,218.23,218.12,122
2023-05-01 15:45:00,3333,218.1578,218.165,218.13,218.185,218.12,59
2023-05-01 15:46:00,3221,218.2116,218.18,218.25,218.305,218.175,69
2023-05-01 15:47:00,1869,218.3294,218.31,218.4241,218.4241,218.29,66
2023-05-01 15:48:00,4038,218.3687,218.35,218.31,218.429,218.31,127
2023-05-01 15:49:00,2828,218.2296,218.3,218.2247,218.3,218.17,81
2023-05-01 15:50:00,3620,218.242,218.26,218.09,218.27,218.09,84
2023-05-01 15:51:00,3380,218.034,218.12,218.05,218.12,218.0,93
2023-05-01 15:52:00,4657,217.9987,218.0,218.02,218.02,217.95,118
2023-05-01 15:53:00,2508,218.0982,218.05,218.18,218.18,218.0475,79
2023-05-01 15:54:00,2502,218.1221,218.09,218.14,218.17,218.05,75
2023-05-01 15:55:00,2201,218.094,218.12,218.1,218.12,218.0646,76
2023-05-01 15:56:00,2735,218.0246,218.05,218.0258,218.05,218.0,86
2023-05-01 15:57:00,5663,218.088,218.03,218.18,218.18,217.99,126
2023-05-01 15:58:00,2099,218.2385,218.225,218.24,218.285,218.21,66
2023-05-01 15:59:00,605,218.2524,218.24,218.245,218.245,218.24,30
2023-05-01 16:00:00,2780,218.1905,218.25,218.27,218.28,218.25,74
2023-05-01 16:01:00,6093,218.1868,218.295,218.04,218.295,218.04,136
2023-05-01 16:02:00,4730,218.0782,218.04,218.12,218.12,218.03,83
2023-05-01 16:03:00,11869,218.1671,218.12,218.19,218.315,218.095,150
2023-05-01 16:04:00,2611,218.2253,218.17,218.31,218.31,218.155,89
2023-05-01 16:05:00,2216,218.3657,218.385,218.34,218.4005,218.34,60
2023-05-01 16:06:00,3190,218.4364,218.37,218.46,218.5,218.36,64
2023-05-01 16:07:00,4695,218.5045,218.45,218.5044,218.5915,218.45,46
2023-05-01 16:08:00,3458,218.4466,218.53,218.35,218.53,218.35,100
2023-05-01 16:09:00,2166,218.4308,218.4,218.38,218.47,218.38,72
2023-05-01 16:10:00,3061,218.4079,218.46,218.43,218.49,218.43,75
2023-05-01 16:11:00,2721,218.4581,218.47,218.43,218.5,218.41,75
2023-05-01 16:12:00,2001,218.3896,218.47,218.36,218.47,218.35,66
2023-05-01 16:13:00,1065,218.3592,218.33,218.37,218.37,218.33,56
2023-05-01 16:14:00,3268,218.3944,218.385,218.45,218.45,218.32,103
2023-05-01 16:15:00,3001,218.5973,218.53,218.7,218.7,218.49,95
2023-05-01 16:16:00,1438,218.764,218.75,218.79,218.79,218.74,51
2023-05-01 16:17:00,4927,218.7909,218.775,218.765,218.8299,218.765,91
2023-05-01 16:18:00,1705,218.672,218.71,218.6101,218.71,218.6101,56
2023-05-01 16:19:00,1877,218.6602,218.6,218.67,218.7,218.6,63
2023-05-01 16:20:00,1505,218.6033,218.64,218.6,218.655,218.6,36
2023-05-01 16:21:00,773,218.6408,218.62,218.655,218.655,218.62,43
2023-05-01 16:22:00,2645,218.6958,218.67,218.73,218.73,218.64,84
2023-05-01 16:23:00,1350,218.7981,218.775,218.82,218.82,218.7643,42
2023-05-01 16:24:00,1624,218.8058,218.8599,218.8017,218.8599,218.78,47
2023-05-01 16:25:00,945,218.8139,218.8,218.8131,218.8306,218.78,42
2023-05-01 16:26:00,4911,218.8396,218.85,218.81,218.875,218.81,81
2023-05-01 16:27:00,4705,218.7974,218.79,218.81,218.84,218.7475,127
2023-05-01 16:28:00,2620,218.8752,218.86,218.88,218.92,218.81,60
2023-05-01 16:29:00,2361,218.885,218.92,218.8638,218.95,218.83,49
2023-05-01 16:30:00,1710,218.8691,218.89,218.8418,218.89,218.8418,51
2023-05-01 16:31:00,5776,218.9899,218.81,219.21,219.21,218.81,113
2023-05-01 16:32:00,2825,219.079,219.12,219.085,219.15,219.04,63
2023-05-01 16:33:00,2560,219.0398,219.03,219.045,219.08,219.01,60
2023-05-01 16:34:00,1139,219.0259,219.01,219.03,219.07,219.01,27
2023-05-01 16:35:00,1602,218.9458,219.03,218.87,219.03,218.862,71
2023-05-01 16:36:00,858,218.9068,218.87,218.9275,218.9275,218.87,38
2023-05-01 16:37:00,1999,218.9139,218.85,218.925,218.97,218.84,84
2023-05-01 16:38:00,719,218.9822,218.935,219.0,219.0,218.935,47
2023-05-01 16:39:00,2834,219.0479,219.0,218.9942,219.09,218.9942,100
2023-05-01 16:40:00,2920,218.9635,218.98,218.9675,219.0,218.9,76
2023-05-01 16:41:00,4310,218.9489,218.95,218.95,218.95,218.95,47
2023-05-01 16:42:00,2927,218.9208,218.91,218.93,218.93,218.89,64
2023-05-01 16:43:00,3130,218.8908,218.9,218.89,218.9,218.85,93
2023-05-01 16:44:00,1823,218.9059,218.86,218.92,218.93,218.86,49
2023-05-01 16:45:00,3202,218.8681,218.87,218.89,218.89,218.81,91
2023-05-01 16:47:00,1630,218.721,218.76,218.655,218.76,218.655,59
2023-05-01 16:48:00,3378,218.7462,218.7,218.72,218.78,218.7,80
2023-05-01 16:49:00,1019,218.7338,218.73,218.69,218.765,218.69,49
2023-05-01 16:50:00,2030,218.7765,218.78,218.7358,218.79,218.7358,41
2023-05-01 16:51:00,4677,218.6794,218.75,218.65,218.75,218.61,62
2023-05-01 16:52:00,4992,218.5824,218.61,218.5569,218.63,218.52,101
2023-05-01 16:53:00,1657,218.6563,218.62,218.63,218.63,218.62,38
2023-05-01 16:54:00,981,218.6222,218.635,218.6,218.665,218.6,43
2023-05-01 16:55:00,2174,218.6172,218.62,218.635,218.65,218.599,49
2023-05-01 16:56:00,5298,218.6858,218.655,218.73,218.75,218.57,109
2023-05-01 16:57:00,1553,218.7162,218.73,218.69,218.735,218.69,35
2023-05-01 16:58:00,1235,218.7723,218.75,218.86,218.86,218.75,54
2023-05-01 16:59:00,2157,218.8246,218.79,218.82,218.87,218.78,56
2023-05-01 17:00:00,1843,218.857,218.835,218.87,218.87,218.8,35
2023-05-01 17:01:00,1848,218.843,218.88,218.905,218.905,218.7953,55
2023-05-01 17:02:00,2807,218.8633,218.95,218.75,218.95,218.75,84
2023-05-01 17:03:00,2363,218.7417,218.777,218.715,218.777,218.7,38
2023-05-01 17:04:00,2276,218.7473,218.77,218.7899,218.7899,218.72,53
2023-05-01 17:05:00,2485,218.6775,218.68,218.5901,218.78,218.5901,70
2023-05-01 17:06:00,891,218.5746,218.59,218.56,218.59,218.56,47
2023-05-01 17:07:00,3495,218.4841,218.58,218.43,218.58,218.43,110
2023-05-01 17:08:00,8270,218.477,218.47,218.48,218.52,218.43,195
2023-05-01 17:09:00,4793,218.3422,218.4517,218.2512,218.4517,218.2512,120
2023-05-01 17:10:00,1231,218.2561,218.245,218.24,218.2678,218.23,36
2023-05-01 17:11:00,1518,218.2364,218.25,218.27,218.27,218.215,51
2023-05-01 17:12:00,2198,218.1753,218.2328,218.15,218.2328,218.11,83
2023-05-01 17:13:00,5631,218.218,218.17,218.13,218.21,218.08,116
2023-05-01 17:14:00,1996,218.1082,218.125,218.055,218.125,218.055,36
2023-05-01 17:15:00,5031,218.0129,218.03,218.03,218.07,217.97,151
2023-05-01 17:16:00,1376,217.9951,218.01,218.015,218.02,217.96,46
2023-05-01 17:17:00,1643,217.9803,217.95,217.985,218.0,217.925,47
2023-05-01 17:18:00,2299,217.9111,217.95,217.8944,217.95,217.89,66
2023-05-01 17:19:00,8723,217.7417,217.84,217.67,217.86,217.65,194
2023-05-01 17:20:00,6387,217.7391,217.7,217.8,217.8,217.68,127
2023-05-01 17:21:00,2056,217.8572,217.85,217.9,217.9,217.81,70
2023-05-01 17:22:00,2154,217.9133,217.9155,217.985,217.985,217.86,39
2023-05-01 17:23:00,7607,217.8607,217.93,217.8502,217.9899,217.82,94
2023-05-01 17:24:00,4928,217.8797,217.85,217.95,217.95,217.85,70
2023-05-01 17:25:00,1967,217.8931,217.9,217.89,217.935,217.89,51
2023-05-01 17:26:00,1437,217.9012,217.945,217.9,217.955,217.845,37
2023-05-01 17:27:00,539,217.8601,217.88,217.85,217.88,217.85,34
2023-05-01 17:28:00,2414,217.8138,217.835,217.79,217.835,217.78,75
2023-05-01 17:29:00,6094,217.6585,217.79,217.57,217.79,217.53,144
2023-05-01 17:30:00,7764,217.4764,217.51,217.465,217.53,217.42,208
2023-05-01 17:31:00,5641,217.4009,217.42,217.405,217.43,217.37,121
2023-05-01 17:32:00,5523,217.3922,217.38,217.32,217.455,217.32,128
2023-05-01 17:33:00,5460,217.3153,217.34,217.28,217.35,217.27,103
2023-05-01 17:34:00,2508,217.326,217.29,217.28,217.36,217.28,69
2023-05-01 17:35:00,3763,217.3259,217.28,217.295,217.305,217.25,93
2023-05-01 17:36:00,5303,217.313,217.33,217.22,217.36,217.22,149
2023-05-01 17:37:00,3174,217.1522,217.275,217.07,217.275,217.07,76
2023-05-01 17:38:00,11361,216.9867,217.04,216.96,217.07,216.91,231
2023-05-01 17:39:00,2525,216.895,216.97,216.8734,216.97,216.83,79
2023-05-01 17:40:00,9418,216.9968,216.875,217.005,217.125,216.875,193
2023-05-01 17:41:00,30718,217.0735,217.0,217.32,217.32,216.97,491
2023-05-01 17:42:00,5440,217.2246,217.2501,217.25,217.349,217.15,70
2023-05-01 17:43:00,2461,217.1446,217.225,217.11,217.225,217.11,55
2023-05-01 17:44:00,1110,217.0355,217.04,217.05,217.05,217.0329,44
2023-05-01 17:45:00,5880,216.9996,217.04,216.93,217.05,216.93,93
2023-05-01 17:46:00,4593,216.9537,216.88,217.03,217.03,216.88,120
2023-05-01 17:47:00,7411,217.1177,217.12,217.11,217.16,217.095,122
2023-05-01 17:48:00,2727,217.2442,217.09,217.37,217.37,217.09,78
2023-05-01 17:49:00,2296,217.327,217.39,217.32,217.39,217.32,55
2023-05-01 17:50:00,2345,217.3042,217.3825,217.3,217.3825,217.24,43
2023-05-01 17:51:00,3468,217.3403,217.25,217.35,217.41,217.25,89
2023-05-01 17:52:00,9150,217.2774,217.3237,217.16,217.355,217.12,141
2023-05-01 17:53:00,4960,217.1485,217.17,217.15,217.19,217.12,99
2023-05-01 17:54:00,1522,217.1477,217.15,217.14,217.155,217.14,43
2023-05-01 17:55:00,5078,217.0854,217.14,217.09,217.14,217.04,124
2023-05-01 17:56:00,7989,217.0766,217.08,217.05,217.09,217.03,163
2023-05-01 17:57:00,4114,217.1348,217.08,217.2152,217.26,217.04,130
2023-05-01 17:58:00,1725,217.3816,217.27,217.415,217.46,217.27,56
2023-05-01 17:59:00,2347,217.4566,217.45,217.45,217.5,217.425,91
2023-05-01 18:00:00,15940,217.4246,217.44,217.52,217.58,217.35,250
2023-05-01 18:01:00,7557,217.5389,217.45,217.585,217.6199,217.44,120
2023-05-01 18:02:00,13941,217.4499,217.53,217.3805,217.58,217.38,233
2023-05-01 18:03:00,3160,217.3498,217.405,217.31,217.405,217.29,81
2023-05-01 18:04:00,3134,217.2806,217.31,217.25,217.33,217.25,103
2023-05-01 18:05:00,1933,217.2736,217.275,217.23,217.3,217.23,79
2023-05-01 18:06:00,7958,217.1576,217.2,217.14,217.23,217.07,152
2023-05-01 18:07:00,2667,217.1948,217.165,217.14,217.165,217.14,54
2023-05-01 18:08:00,3829,217.1468,217.09,217.12,217.19,217.09,109
2023-05-01 18:09:00,2027,217.1626,217.15,217.195,217.2,217.11,81
2023-05-01 18:10:00,3191,217.1714,217.21,217.0794,217.245,217.0794,78
2023-05-01 18:11:00,2484,217.1444,217.07,217.22,217.22,217.07,64
2023-05-01 18:12:00,3818,217.2025,217.21,217.265,217.265,217.165,108
2023-05-01 18:13:00,1432,217.1856,217.19,217.2,217.2,217.17,44
2023-05-01 18:14:00,3070,217.1518,217.175,217.15,217.18,217.07,65
2023-05-01 18:15:00,3384,217.0205,217.0729,216.95,217.0729,216.95,101
2023-05-01 18:16:00,3629,217.0056,216.98,217.08,217.09,216.97,114
2023-05-01 18:17:00,2256,217.1626,217.1651,217.19,217.2,217.125,79
2023-05-01 18:18:00,4415,217.1714,217.2,217.2,217.24,217.12,117
2023-05-01 18:19:00,2686,217.1558,217.21,217.19,217.21,217.141,64
2023-05-01 18:20:00,3940,217.1822,217.19,217.155,217.2,217.15,91
2023-05-01 18:21:00,5260,217.179,217.19,217.12,217.22,217.12,113
2023-05-01 18:22:00,2674,217.1709,217.135,217.2,217.21,217.13,86
2023-05-01 18:23:00,5249,217.2031,217.18,217.2025,217.23,217.18,144
2023-05-01 18:24:00,3581,217.2386,217.21,217.305,217.33,217.2,98
2023-05-01 18:25:00,2494,217.3743,217.34,217.42,217.42,217.34,76
2023-05-01 18:26:00,9362,217.4077,217.45,217.35,217.4899,217.35,184
2023-05-01 18:27:00,10890,217.3176,217.35,217.235,217.35,217.235,82
2023-05-01 18:28:00,5272,217.2608,217.205,217.35,217.35,217.2,113
2023-05-01 18:29:00,5438,217.302,217.29,217.335,217.35,217.255,126
2023-05-01 18:30:00,4694,217.3362,217.27,217.4,217.41,217.27,136
2023-05-01 18:31:00,5603,217.414,217.3701,217.34,217.51,217.34,153
2023-05-01 18:32:00,3247,217.2741,217.335,217.2377,217.3499,217.21,86
2023-05-01 18:33:00,5018,217.2254,217.21,217.25,217.25,217.185,115
2023-05-01 18:34:00,4759,217.0477,217.16,216.937,217.16,216.937,152
2023-05-01 18:35:00,5988,217.0233,216.945,217.01,217.04,216.915,95
2023-05-01 18:36:00,3612,217.011,217.04,216.96,217.0556,216.96,91
2023-05-01 18:37:00,4139,216.9629,216.985,216.95,217.01,216.91,92
2023-05-01 18:38:00,669,216.9665,216.95,216.965,216.965,216.925,32
2023-05-01 18:39:00,5240,217.0015,217.0,217.01,217.02,216.96,141
2023-05-01 18:40:00,5522,216.9629,217.025,216.89,217.025,216.89,137
2023-05-01 18:41:00,6795,216.9811,216.92,217.0,217.0146,216.92,114
2023-05-01 18:42:00,4112,216.9575,216.9501,217.005,217.02,216.89,107
2023-05-01 18:43:00,3981,216.9859,217.0,216.94,217.03,216.94,88
2023-05-01 18:44:00,3226,216.9949,216.96,217.0,217.02,216.96,84
2023-05-01 18:45:00,9876,217.0509,216.985,217.1436,217.1794,216.985,191
2023-05-01 18:46:00,2051,217.0954,217.13,217.1,217.135,217.07,67
2023-05-01 18:47:00,2038,217.0003,217.07,216.975,217.07,216.96,65
2023-05-01 18:48:00,3018,217.0066,216.97,217.04,217.04,216.97,88
2023-05-01 18:49:00,4739,217.019,217.04,217.065,217.065,216.9701,71
2023-05-01 18:50:00,2592,217.0077,217.025,216.98,217.025,216.98,85
2023-05-01 18:51:00,4217,216.9043,216.97,216.83,216.97,216.83,123
2023-05-01 18:52:00,2660,216.8022,216.81,216.81,216.81,216.78,84
2023-05-01 18:53:00,9261,216.9268,216.83,216.975,217.06,216.79,197
2023-05-01 18:54:00,1533,217.0252,217.01,217.05,217.05,216.98,46
2023-05-01 18:55:00,2509,217.007,217.08,217.03,217.08,217.0,70
2023-05-01 18:56:00,3128,217.0401,217.025,217.13,217.13,217.025,97
2023-05-01 18:57:00,6208,217.2097,217.165,217.215,217.23,217.165,78
2023-05-01 18:58:00,1788,217.167,217.17,217.17,217.175,217.17,70
2023-05-01 18:59:00,7081,217.082,217.14,217.02,217.15,217.0,191
2023-05-01 19:00:00,32933,217.0966,217.06,217.06,217.2,217.05,416
2023-05-01 19:01:00,3628,217.0426,217.06,217.04,217.06,216.99,104
2023-05-01 19:02:00,4413,216.998,217.025,216.975,217.025,216.975,107
2023-05-01 19:03:00,6461,216.9244,216.975,216.835,216.975,216.835,165
2023-05-01 19:04:00,5245,216.8556,216.8,216.87,216.9,216.795,155
2023-05-01 19:05:00,8101,216.8764,216.856,216.91,216.9799,216.82,202
2023-05-01 19:06:00,2215,216.8338,216.885,216.7601,216.885,216.7601,91
2023-05-01 19:07:00,4655,216.8719,216.83,216.88,216.88,216.79,127
2023-05-01 19:08:00,4290,216.9661,216.84,216.975,217.025,216.84,160
2023-05-01 19:09:00,5305,216.922,216.95,216.895,216.96,216.86,121
2023-05-01 19:10:00,3245,216.9979,216.89,217.05,217.1,216.89,125
2023-05-01 19:11:00,3462,217.0413,217.03,217.1,217.1,217.005,102
2023-05-01 19:12:00,4441,217.0665,217.075,217.13,217.13,217.03,124
2023-05-01 19:13:00,4189,217.1095,217.11,217.15,217.15,217.08,112
2023-05-01 19:14:00,3323,217.1001,217.14,217.12,217.15,217.05,68
2023-05-01 19:15:00,8970,217.0899,217.12,217.086,217.155,217.0,177
2023-05-01 19:16:00,2145,216.968,217.0,216.97,217.01,216.8764,57
2023-05-01 19:17:00,3374,216.9485,216.89,216.995,217.01,216.89,109
2023-05-01 19:18:00,2426,217.0093,216.95,217.0975,217.0975,216.94,66
2023-05-01 19:19:00,3714,217.0156,217.03,217.01,217.03,216.98,81
2023-05-01 19:20:00,6775,217.0666,217.005,217.085,217.14,217.005,155
2023-05-01 19:21:00,3638,217.0982,217.09,216.97,217.15,216.97,93
2023-05-01 19:22:00,1894,217.0287,217.05,217.05,217.06,216.975,58
2023-05-01 19:23:00,3154,217.0451,217.01,217.055,217.09,217.01,94
2023-05-01 19:24:00,6520,217.0316,217.03,217.1222,217.1222,216.97,154
2023-05-01 19:25:00,16788,217.1035,217.12,217.1,217.15,217.03,319
2023-05-01 19:26:00,1341,217.0835,217.075,217.105,217.11,217.075,51
2023-05-01 19:27:00,8089,217.0173,217.0857,216.94,217.11,216.94,173
2023-05-01 19:28:00,8127,216.8622,216.94,216.83,216.94,216.8085,199
2023-05-01 19:29:00,8620,216.8129,216.8,216.84,216.85,216.75,197
2023-05-01 19:30:00,7572,216.9207,216.8,216.9301,216.985,216.8,139
2023-05-01 19:31:00,6710,216.9323,216.985,216.935,217.0,216.885,152
2023-05-01 19:32:00,4289,216.887,216.9,216.93,216.93,216.83,134
2023-05-01 19:33:00,17490,216.8902,216.93,216.885,216.945,216.82,265
2023-05-01 19:34:00,7874,216.8236,216.885,216.8,216.885,216.78,176
2023-05-01 19:35:00,12463,216.7765,216.81,216.7299,216.84,216.66,233
2023-05-01 19:36:00,8099,216.7588,216.71,216.715,216.82,216.7,183
2023-05-01 19:37:00,6621,216.6992,216.73,216.685,216.76,216.64,162
2023-05-01 19:38:00,6601,216.6363,216.685,216.665,216.72,216.566,163
2023-05-01 19:39:00,14650,216.6793,216.7,216.6,216.725,216.6,248
2023-05-01 19:40:00,10347,216.6067,216.59,216.68,216.68,216.53,253
2023-05-01 19:41:00,7261,216.704,216.6415,216.64,216.75,216.64,163
2023-05-01 19:42:00,4502,216.6655,216.635,216.63,216.7,216.62,93
2023-05-01 19:43:00,13956,216.7039,216.65,216.735,216.76,216.635,357
2023-05-01 19:44:00,9011,216.753,216.76,216.74,216.8,216.7,205
2023-05-01 19:45:00,12539,216.9352,216.77,217.07,217.0939,216.77,321
2023-05-01 19:46:00,12763,217.0848,217.08,217.11,217.12,217.055,283
2023-05-01 19:47:00,21743,217.1124,217.09,217.18,217.205,217.045,343
2023-05-01 19:48:00,14592,217.1751,217.185,217.18,217.22,217.14,283
2023-05-01 19:49:00,23028,217.2212,217.18,217.27,217.32,217.175,409
2023-05-01 19:50:00,21755,217.2243,217.29,217.19,217.34,217.14,480
2023-05-01 19:51:00,20804,217.1078,217.19,217.17,217.2,217.04,389
2023-05-01 19:52:00,14394,217.2118,217.19,217.14,217.26,217.14,347
2023-05-01 19:53:00,16115,217.1433,217.16,217.155,217.17,217.09,276
2023-05-01 19:54:00,15395,217.2151,217.17,217.24,217.26,217.17,464
2023-05-01 19:55:00,24091,217.2455,217.25,217.13,217.36,217.13,515
2023-05-01 19:56:00,28955,217.2391,217.12,217.2175,217.35,217.11,571
2023-05-01 19:57:00,26834,217.3016,217.23,217.3,217.36,217.22,605
2023-05-01 19:58:00,31936,217.3447,217.295,217.37,217.39,217.28,684
2023-05-01 19:59:00,70803,217.3631,217.36,217.23,217.46,217.18,1261
2023-05-01 20:00:00,8192,217.27,217.27,217.27,217.27,217.27,25
2023-05-01 20:15:00,1096,217.27,217.27,217.27,217.27,217.27,2
2023-05-01 20:49:00,100,217.27,217.27,217.27,217.27,217.27,1
2023-05-01 20:51:00,942,217.5854,217.58,217.59,217.59,217.58,7
2023-05-01 22:40:00,101,217.2301,217.23,217.23,217.23,217.23,2
2023-05-01 23:06:00,300,217.0,217.0,217.0,217.0,217.0,1
2023-05-01 23:12:00,101,217.2297,217.23,217.23,217.23,217.23,2
2023-05-01 23:16:00,100,217.1,217.1,217.1,217.1,217.1,1
2023-05-01 23:22:00,472,217.035,217.04,217.03,217.04,217.03,5
2023-05-02 10:03:00,250,217.0,217.0,217.0,217.0,217.0,3
2023-05-02 10:11:00,135,217.0,217.0,217.0,217.0,217.0,1
2023-05-02 11:22:00,451,217.0219,217.01,217.02,217.02,217.01,4
2023-05-02 11:29:00,100,217.0,217.0,217.0,217.0,217.0,1
2023-05-02 11:33:00,154,217.5575,217.49,217.49,217.49,217.49,4
2023-05-02 11:34:00,529,217.5944,217.59,217.59,217.59,217.59,5
2023-05-02 11:38:00,294,218.0288,217.9,217.9,217.9,217.9,8
2023-05-02 12:03:00,125,217.8,217.8,217.8,217.8,217.8,1
2023-05-02 12:21:00,100,217.0,217.0,217.0,217.0,217.0,1
2023-05-02 12:50:00,204,217.1194,217.04,217.04,217.04,217.04,8
2023-05-02 12:51:00,650,217.0401,217.04,217.04,217.04,217.04,17
2023-05-02 12:55:00,120,217.2833,217.32,217.32,217.32,217.32,2
2023-05-02 13:20:00,1034,217.3981,217.4,217.4,217.4,217.4,13
2023-05-02 13:30:00,39637,216.8094,217.11,216.68,217.11,216.52,285
2023-05-02 13:31:00,11567,216.3615,216.55,216.03,216.675,216.03,284
2023-05-02 13:32:00,8804,215.9706,216.23,215.86,216.23,215.682,243
2023-05-02 13:33:00,5736,215.9207,215.8001,215.78,216.155,215.74,185
2023-05-02 13:34:00,5558,215.4815,215.78,215.515,215.78,215.29,129
2023-05-02 13:35:00,15315,215.2116,215.4,215.62,215.67,215.0,390
2023-05-02 13:36:00,14711,215.1613,215.53,214.51,215.53,214.51,262
2023-05-02 13:37:00,8392,214.6917,214.53,214.82,214.895,214.43,177
2023-05-02 13:38:00,5673,214.9716,214.93,214.88,215.125,214.88,148
2023-05-02 13:39:00,15294,214.9979,214.85,215.06,215.22,214.74,244
2023-05-02 13:40:00,26376,215.4412,215.16,215.39,215.85,215.16,466
2023-05-02 13:41:00,6387,215.3322,215.47,215.24,215.47,215.1559,189
2023-05-02 13:42:00,7502,215.3072,215.275,215.4412,215.4412,215.16,189
2023-05-02 13:43:00,8451,215.4483,215.353,215.51,215.55,215.353,161
2023-05-02 13:44:00,12304,215.5285,215.51,215.34,215.68,215.34,274
2023-05-02 13:45:00,7495,215.1979,215.27,215.09,215.465,215.01,158
2023-05-02 13:46:00,12743,215.0149,215.05,214.87,215.135,214.85,234
2023-05-02 13:47:00,6442,214.7679,214.89,214.62,214.9042,214.62,162
2023-05-02 13:48:00,9086,214.6939,214.69,214.75,214.94,214.495,194
2023-05-02 13:49:00,13113,214.0515,214.65,213.7767,214.68,213.7604,307
2023-05-02 13:50:00,10987,213.7867,213.71,213.83,213.879,213.71,234
2023-05-02 13:51:00,7248,213.746,213.795,213.69,213.87,213.67,158
2023-05-02 13:52:00,10367,213.7001,213.67,213.94,213.94,213.56,237
2023-05-02 13:53:00,6591,213.7252,214.0099,213.56,214.0099,213.55,164
2023-05-02 13:54:00,10686,213.5715,213.625,213.685,213.685,213.52,218
2023-05-02 13:55:00,9258,213.727,213.75,213.7299,213.94,213.66,204
2023-05-02 13:56:00,17067,213.7343,213.69,213.71,213.91,213.63,308
2023-05-02 13:57:00,8564,213.8508,213.85,213.72,213.96,213.72,157
2023-05-02 13:58:00,12954,213.6117,213.72,213.58,213.9599,213.47,216
2023-05-02 13:59:00,8924,213.5127,213.5101,213.48,213.63,213.42,175
2023-05-02 14:00:00,7554,213.5448,213.49,213.46,213.66,213.42,161
2023-05-02 14:01:00,14026,213.212,213.41,213.18,213.45,212.99,330
2023-05-02 14:02:00,6126,213.217,213.14,213.23,213.34,213.13,151
2023-05-02 14:03:00,8217,213.3308,213.29,213.3,213.49,213.17,177
2023-05-02 14:04:00,6168,213.2566,213.33,213.325,213.39,213.1219,139
2023-05-02 14:05:00,8996,212.9516,213.3,212.8834,213.3,212.81,228
2023-05-02 14:06:00,8488,212.7424,212.81,212.72,212.81,212.6,213
2023-05-02 14:07:00,7378,212.5127,212.735,212.36,212.735,212.36,207
2023-05-02 14:08:00,11910,212.1276,212.36,211.9409,212.3975,211.9409,326
2023-05-02 14:09:00,18549,212.0235,212.0,212.195,212.195,211.89,359
2023-05-02 14:10:00,17484,212.2935,212.2,212.0949,212.5,212.02,323
2023-05-02 14:11:00,7746,211.9827,212.02,211.89,212.11,211.89,194
2023-05-02 14:12:00,8971,211.8993,211.92,211.72,212.0132,211.72,243
2023-05-02 14:13:00,6610,211.6186,211.7846,211.53,211.7846,211.4876,191
2023-05-02 14:14:00,7852,211.5131,211.47,211.525,211.61,211.44,179
2023-05-02 14:15:00,10833,211.5307,211.45,211.65,211.7,211.39,253
2023-05-02 14:16:00,5882,211.9265,211.67,212.04,212.07,211.67,125
2023-05-02 14:17:00,8373,212.2312,211.97,212.21,212.43,211.97,198
2023-05-02 14:18:00,9313,212.1751,212.17,212.07,212.29,212.07,187
2023-05-02 14:19:00,6011,211.9866,212.115,212.05,212.115,211.81,146
2023-05-02 14:20:00,3941,212.0247,212.14,211.885,212.2,211.885,115
2023-05-02 14:21:00,5491,211.8345,211.975,211.62,212.04,211.5221,110
2023-05-02 14:22:00,24305,211.3575,211.55,211.345,211.585,211.19,396
2023-05-02 14:23:00,9131,211.5549,211.29,211.75,211.76,211.2701,238
2023-05-02 14:24:00,30023,211.5483,211.67,211.425,211.75,211.34,556
2023-05-02 14:25:00,4606,211.4477,211.3591,211.47,211.53,211.3591,151
2023-05-02 14:26:00,8031,211.5837,211.5426,211.72,211.72,211.465,172
2023-05-02 14:27:00,5690,211.6615,211.64,211.7886,211.92,211.4671,162
2023-05-02 14:28:00,6620,211.7101,211.83,211.5,211.83,211.5,172
2023-05-02 14:29:00,3036,211.5945,211.57,211.695,211.695,211.49,97
2023-05-02 14:30:00,9154,211.5746,211.695,211.4491,211.7,211.4491,202
2023-05-02 14:31:00,6924,211.5693,211.5,211.5548,211.62,211.43,176
2023-05-02 14:32:00,18962,211.337,211.4797,211.25,211.54,211.18,277
2023-05-02 14:33:00,7818,211.3576,211.31,211.41,211.4367,211.29,181
2023-05-02 14:34:00,13795,211.0659,211.34,210.93,211.36,210.88,325
2023-05-02 14:35:00,7669,211.1015,210.97,211.195,211.23,210.95,160
2023-05-02 14:36:00,13332,211.0026,211.12,210.88,211.125,210.87,163
2023-05-02 14:37:00,11762,210.7081,210.87,210.71,210.87,210.59,296
2023-05-02 14:38:00,7994,210.8818,210.63,210.98,211.04,210.63,164
2023-05-02 14:39:00,6038,211.0741,211.0866,211.0,211.16,210.97,151
2023-05-02 14:40:00,5084,210.968,211.0259,210.91,211.09,210.91,133
2023-05-02 14:41:00,7083,210.8024,210.87,210.73,210.94,210.65,195
2023-05-02 14:42:00,8854,210.7434,210.79,210.77,210.8978,210.64,141
2023-05-02 14:43:00,15414,210.6848,210.77,210.7,210.95,210.6,235
2023-05-02 14:44:00,11021,210.7769,210.67,210.865,210.87,210.665,163
2023-05-02 14:45:00,4118,210.909,210.88,210.905,210.97,210.87,117
2023-05-02 14:46:00,4373,210.9012,211.03,210.86,211.04,210.779,140
2023-05-02 14:47:00,5334,210.8769,210.85,210.9689,211.01,210.7852,115
2023-05-02 14:48:00,5074,210.7897,210.91,210.77,210.91,210.72,157
2023-05-02 14:49:00,9150,210.8549,210.86,211.13,211.13,210.72,174
2023-05-02 14:50:00,6640,211.2418,211.06,211.22,211.4436,211.05,169
2023-05-02 14:51:00,3941,211.0711,211.18,211.0,211.2399,211.0,99
2023-05-02 14:52:00,2513,210.8726,210.85,210.85,210.865,210.85,88
2023-05-02 14:53:00,13388,210.7995,210.845,210.96,210.96,210.75,176
2023-05-02 14:54:00,6908,211.0231,211.0,211.22,211.24,210.89,169
2023-05-02 14:55:00,2138,211.1545,211.11,211.13,211.2,211.11,96
2023-05-02 14:56:00,4660,211.202,211.13,211.41,211.41,211.085,128
2023-05-02 14:57:00,4592,211.3821,211.41,211.34,211.5,211.2967,121
2023-05-02 14:58:00,2970,211.3277,211.42,211.285,211.4341,211.22,79
2023-05-02 14:59:00,5596,211.2282,211.2993,211.2,211.3,211.145,156
2023-05-02 15:00:00,5916,211.1933,211.2,211.12,211.3,211.06,128
2023-05-02 15:01:00,4180,211.0891,211.06,211.0,211.195,211.0,116
2023-05-02 15:02:00,7951,210.9004,211.085,210.97,211.085,210.78,190
2023-05-02 15:03:00,4311,211.2325,211.06,211.3667,211.38,211.06,116
2023-05-02 15:04:00,7577,211.4884,211.24,211.55,211.625,211.24,140
2023-05-02 15:05:00,5001,211.6378,211.615,211.785,211.785,211.5376,138
2023-05-02 15:06:00,8659,211.6502,211.7201,211.55,211.775,211.55,147
2023-05-02 15:07:00,4429,211.4694,211.565,211.51,211.565,211.4191,110
2023-05-02 15:08:00,3524,211.5992,211.485,211.7,211.7,211.485,87
2023-05-02 15:09:00,2495,211.635,211.665,211.65,211.665,211.58,91
2023-05-02 15:10:00,3100,211.6899,211.69,211.67,211.735,211.65,99
2023-05-02 15:11:00,6304,211.68,211.68,211.785,211.85,211.55,174
2023-05-02 15:12:00,3578,211.7103,211.8596,211.73,211.8596,211.72,115
2023-05-02 15:13:00,3784,211.6889,211.68,211.665,211.82,211.61,143
2023-05-02 15:14:00,3525,211.6045,211.58,211.6366,211.68,211.53,102
2023-05-02 15:15:00,13024,211.8294,211.625,211.83,211.99,211.6,301
2023-05-02 15:16:00,6952,211.8646,211.92,211.8938,211.93,211.78,172
2023-05-02 15:17:00,6742,211.9357,211.855,211.9925,212.01,211.855,110
2023-05-02 15:18:00,6077,211.9669,212.02,211.895,212.03,211.89,134
2023-05-02 15:19:00,2872,211.8672,211.91,211.81,211.91,211.8,86
2023-05-02 15:20:00,22578,211.811,211.8877,211.85,211.91,211.75,378
2023-05-02 15:21:00,15465,211.7813,211.81,211.6,211.87,211.6,253
2023-05-02 15:22:00,4240,211.4955,211.5812,211.465,211.5812,211.4,98
2023-05-02 15:23:00,7727,211.8258,211.59,211.955,212.0,211.59,179
2023-05-02 15:24:00,5636,211.951,212.06,211.86,212.12,211.82,151
2023-05-02 15:25:00,11563,211.6907,211.8,211.69,211.8,211.57,270
2023-05-02 15:26:00,2722,211.7444,211.62,211.755,211.8,211.62,64
2023-05-02 15:27:00,6890,211.8658,211.78,211.965,212.0,211.76,138
2023-05-02 15:28:00,8214,211.9949,211.98,212.04,212.07,211.94,99
2023-05-02 15:29:00,5318,211.9598,212.1,211.93,212.1,211.89,146
2023-05-02 15:30:00,5056,211.9483,211.915,211.855,212.11,211.83,114
2023-05-02 15:31:00,6331,211.7929,211.8778,211.78,211.8778,211.71,159
2023-05-02 15:32:00,4841,211.8191,211.87,211.67,211.92,211.67,87
2023-05-02 15:33:00,10297,211.5817,211.7,211.47,211.71,211.36,229
2023-05-02 15:34:00,4128,211.617,211.5,211.67,211.75,211.45,104
2023-05-02 15:35:00,5554,211.6867,211.6,211.71,211.775,211.59,107
2023-05-02 15:36:00,7541,211.7275,211.66,211.86,211.925,211.65,152
2023-05-02 15:37:00,9524,211.8308,211.79,211.7,211.97,211.64,190
2023-05-02 15:38:00,3856,211.794,211.715,211.77,211.88,211.7,130
2023-05-02 15:39:00,5142,211.8588,211.83,211.855,211.92,211.785,149
2023-05-02 15:40:00,5529,211.8788,211.855,212.01,212.01,211.79,162
2023-05-02 15:41:00,9603,212.2312,212.14,212.36,212.43,212.14,176
2023-05-02 15:42:00,6385,212.2722,212.36,212.155,212.4299,212.155,156
2023-05-02 15:43:00,2443,212.1448,212.1,212.08,212.2,212.08,90
2023-05-02 15:44:00,6125,212.1203,212.085,212.15,212.16,212.045,154
2023-05-02 15:45:00,10284,212.3404,212.128,212.255,212.47,212.11,183
2023-05-02 15:46:00,5111,212.1515,212.255,212.14,212.2575,212.04,146
2023-05-02 15:47:00,4353,212.056,212.145,211.99,212.145,211.98,141
2023-05-02 15:48:00,10304,212.1177,212.05,212.15,212.19,212.05,247
2023-05-02 15:49:00,2518,212.2062,212.17,212.27,212.28,212.16,80
2023-05-02 15:50:00,13866,212.3059,212.25,212.2874,212.46,212.24,121
2023-05-02 15:51:00,10069,212.0367,212.25,211.72,212.38,211.69,185
2023-05-02 15:52:00,8227,211.6108,211.7,211.455,211.71,211.455,221
2023-05-02 15:53:00,8554,211.5915,211.5,211.82,211.91,211.49,191
2023-05-02 15:54:00,3220,211.7904,211.855,211.785,211.866,211.75,55
2023-05-02 15:55:00,6316,211.9154,211.8,211.96,211.99,211.8,125
2023-05-02 15:56:00,6135,211.8707,211.88,211.8,211.915,211.8,227
2023-05-02 15:57:00,3170,211.6768,211.82,211.54,211.82,211.54,95
2023-05-02 15:58:00,2602,211.6218,211.62,211.6273,211.64,211.55,71
2023-05-02 15:59:00,3033,211.675,211.54,211.78,211.78,211.54,96
2023-05-02 16:00:00,5108,211.8465,211.77,211.705,212.0,211.69,142
2023-05-02 16:01:00,3118,211.609,211.7595,211.44,211.765,211.44,98
2023-05-02 16:02:00,1530,211.4974,211.4304,211.5,211.514,211.4304,53
2023-05-02 16:03:00,4327,211.3722,211.485,211.37,211.485,211.29,113
2023-05-02 16:04:00,2236,211.3995,211.31,211.415,211.47,211.31,71
2023-05-02 16:05:00,2156,211.4058,211.45,211.45,211.45,211.35,65
2023-05-02 16:06:00,4291,211.3154,211.37,211.34,211.37,211.2473,146
2023-05-02 16:07:00,8646,211.4938,211.35,211.54,211.58,211.34,197
2023-05-02 16:08:00,3259,211.49,211.55,211.435,211.55,211.435,81
2023-05-02 16:09:00,1245,211.4605,211.44,211.46,211.5327,211.44,46
2023-05-02 16:10:00,5366,211.4798,211.4,211.35,211.4,211.31,73
2023-05-02 16:11:00,2706,211.2543,211.3,211.22,211.3,211.18,124
2023-05-02 16:12:00,2173,211.3407,211.22,211.4352,211.4352,211.22,71
2023-05-02 16:13:00,3543,211.4189,211.41,211.52,211.52,211.345,110
2023-05-02 16:14:00,3207,211.4802,211.46,211.44,211.55,211.44,106
2023-05-02 16:15:00,5999,211.505,211.49,211.32,211.62,211.32,178
2023-05-02 16:16:00,1709,211.519,211.45,211.6,211.6,211.45,64
2023-05-02 16:17:00,1599,211.6093,211.63,211.67,211.67,211.5744,49
2023-05-02 16:18:00,3278,211.7047,211.64,211.77,211.77,211.63,93
2023-05-02 16:19:00,1851,211.7515,211.75,211.74,211.81,211.74,47
2023-05-02 16:20:00,3057,211.7188,211.74,211.67,211.755,211.67,81
2023-05-02 16:21:00,10252,211.629,211.6852,211.52,211.78,211.46,231
2023-05-02 16:22:00,838,211.5637,211.5803,211.575,211.5803,211.53,25
2023-05-02 16:23:00,5674,211.663,211.585,211.68,211.8,211.585,135
2023-05-02 16:24:00,1847,211.7341,211.72,211.72,211.76,211.72,53
2023-05-02 16:25:00,10261,211.8336,211.7344,211.96,211.96,211.68,200
2023-05-02 16:26:00,3300,211.9063,211.94,211.91,211.94,211.86,88
2023-05-02 16:27:00,6148,211.9297,211.9,211.99,212.0,211.84,167
2023-05-02 16:28:00,5088,211.879,211.99,211.85,211.99,211.82,100
2023-05-02 16:29:00,2431,211.8842,211.89,211.95,211.95,211.82,108
2023-05-02 16:30:00,3349,211.9805,212.1,211.9,212.1,211.9,102
2023-05-02 16:31:00,1621,211.9448,211.89,211.99,212.0099,211.89,38
2023-05-02 16:32:00,3939,212.0927,211.91,212.33,212.33,211.91,143
2023-05-02 16:33:00,4067,212.237,212.26,212.15,212.3,212.15,91
2023-05-02 16:34:00,3668,212.1394,212.21,212.08,212.21,212.08,66
2023-05-02 16:35:00,3165,212.275,212.085,212.44,212.447,212.085,102
2023-05-02 16:36:00,7442,212.6917,212.45,212.92,212.92,212.405,128
2023-05-02 16:37:00,7814,212.6752,212.89,212.49,212.915,212.49,185
2023-05-02 16:38:00,1975,212.5878,212.53,212.585,212.71,212.53,49
2023-05-02 16:39:00,2598,212.619,212.535,212.7,212.7,212.5218,69
2023-05-02 16:40:00,1529,212.7533,212.8199,212.78,212.8199,212.76,59
2023-05-02 16:41:00,3431,212.7157,212.78,212.66,212.78,212.66,97
2023-05-02 16:42:00,1812,212.6969,212.71,212.7,212.7499,212.67,44
2023-05-02 16:43:00,2719,212.6456,212.65,212.69,212.69,212.58,66
2023-05-02 16:44:00,1928,212.6526,212.75,212.68,212.75,212.63,66
2023-05-02 16:45:00,3535,212.5975,212.65,212.54,212.65,212.52,108
2023-05-02 16:46:00,2535,212.6014,212.5,212.6,212.6515,212.5,79
2023-05-02 16:47:00,2311,212.5498,212.54,212.54,212.56,212.51,67
2023-05-02 16:48:00,874,212.5976,212.62,212.57,212.62,212.57,45
2023-05-02 16:49:00,2507,212.5276,212.56,212.525,212.595,212.49,59
2023-05-02 16:50:00,6329,212.8074,212.55,212.98,212.98,212.55,122
2023-05-02 16:51:00,6718,213.0769,212.99,213.17,213.2,212.99,96
2023-05-02 16:52:00,5469,213.1453,213.2,213.19,213.2,213.09,115
2023-05-02 16:53:00,2560,213.1048,213.155,213.11,213.155,213.08,50
2023-05-02 16:54:00,2920,213.2225,213.125,213.23,213.27,213.125,77
2023-05-02 16:55:00,1707,213.2023,213.2,213.23,213.23,213.16,56
2023-05-02 16:56:00,6001,213.1209,213.18,213.1,213.18,213.07,118
2023-05-02 16:57:00,3285,213.0723,213.1,213.0551,213.1,213.01,70
2023-05-02 16:58:00,1620,213.1157,213.095,213.08,213.1439,213.08,51
2023-05-02 16:59:00,1531,213.3035,213.3,213.34,213.39,213.3,65
2023-05-02 17:00:00,4372,213.3785,213.33,213.355,213.47,213.27,95
2023-05-02 17:01:00,1133,213.3591,213.35,213.365,213.365,213.35,40
2023-05-02 17:02:00,2056,213.393,213.395,213.44,213.44,213.395,67
2023-05-02 17:03:00,3266,213.4647,213.52,213.48,213.52,213.445,77
2023-05-02 17:04:00,1435,213.5096,213.55,213.48,213.55,213.46,56
2023-05-02 17:05:00,4076,213.4385,213.47,213.39,213.49,213.39,115
2023-05-02 17:06:00,3016,213.352,213.38,213.4,213.4,213.31,95
2023-05-02 17:07:00,553,213.4265,213.4286,213.4286,213.4286,213.4286,37
2023-05-02 17:08:00,3491,213.4326,213.45,213.4967,213.5,213.39,77
2023-05-02 17:09:00,1840,213.4659,213.44,213.515,213.515,213.42,64
2023-05-02 17:10:00,1529,213.4954,213.445,213.51,213.52,213.445,55
2023-05-02 17:11:00,6344,213.5365,213.56,213.4,213.575,213.4,160
2023-05-02 17:12:00,2169,213.4363,213.43,213.4773,213.4773,213.3501,69
2023-05-02 17:13:00,4197,213.3348,213.455,213.3,213.455,213.27,77
2023-05-02 17:14:00,3470,213.237,213.2776,213.2424,213.29,213.195,102
2023-05-02 17:15:00,1677,213.3498,213.27,213.42,213.42,213.27,76
2023-05-02 17:16:00,2969,213.4048,213.38,213.455,213.455,213.38,63
2023-05-02 17:17:00,4279,213.4158,213.49,213.41,213.49,213.33,92
2023-05-02 17:18:00,3855,213.2798,213.34,213.294,213.345,213.2,80
2023-05-02 17:19:00,7169,213.3926,213.2443,213.305,213.44,213.2443,120
2023-05-02 17:20:00,341,213.3218,213.3669,213.3669,213.3669,213.3669,28
2023-05-02 17:21:00,1918,213.2646,213.28,213.28,213.29,213.23,75
2023-05-02 17:22:00,1165,213.2729,213.23,213.255,213.255,213.23,43
2023-05-02 17:23:00,320,213.3307,213.33,213.33,213.33,213.33,38
2023-05-02 17:24:00,1772,213.3387,213.3,213.41,213.41,213.29,83
2023-05-02 17:25:00,3615,213.4469,213.51,213.4,213.51,213.3655,83
2023-05-02 17:26:00,1636,213.4241,213.4009,213.44,213.44,213.4009,25
2023-05-02 17:27:00,2545,213.4064,213.48,213.36,213.48,213.36,67
2023-05-02 17:28:00,1370,213.3797,213.39,213.36,213.39,213.35,70
2023-05-02 17:29:00,2943,213.3324,213.38,213.315,213.39,213.3,79
2023-05-02 17:30:00,3392,213.3774,213.35,213.41,213.42,213.2901,80
2023-05-02 17:31:00,3443,213.3947,213.41,213.28,213.5,213.28,115
2023-05-02 17:32:00,988,213.3077,213.31,213.34,213.34,213.2965,32
2023-05-02 17:33:00,628,213.3288,213.29,213.32,213.32,213.29,26
2023-05-02 17:34:00,4005,213.3516,213.36,213.39,213.39,213.34,134
2023-05-02 17:35:00,4517,213.4993,213.38,213.56,213.57,213.375,86
2023-05-02 17:36:00,5204,213.5085,213.52,213.56,213.56,213.47,102
2023-05-02 17:37:00,2763,213.5019,213.52,213.4804,213.53,213.4779,44
2023-05-02 17:38:00,2245,213.5418,213.56,213.54,213.58,213.51,71
2023-05-02 17:39:00,1230,213.5697,213.55,213.56,213.61,213.55,44
2023-05-02 17:40:00,3989,213.5646,213.5225,213.63,213.64,213.5088,83
2023-05-02 17:41:00,2270,213.6971,213.7,213.715,213.725,213.67,50
2023-05-02 17:42:00,4342,213.776,213.75,213.7853,213.8,213.74,109
2023-05-02 17:43:00,2449,213.8464,213.74,213.905,213.905,213.74,77
2023-05-02 17:44:00,1637,213.9201,213.915,213.927,213.96,213.9,38
2023-05-02 17:45:00,23162,213.9954,213.93,214.07,214.09,213.9,182
2023-05-02 17:46:00,5527,214.0189,214.1,213.97,214.13,213.91,118
2023-05-02 17:47:00,1785,213.9706,213.9347,214.04,214.04,213.9347,33
2023-05-02 17:48:00,973,214.0582,214.0289,214.1,214.1,214.0289,50
2023-05-02 17:49:00,5533,214.0346,214.1,213.97,214.105,213.9201,108
2023-05-02 17:50:00,3044,214.0556,214.02,214.1,214.1,214.02,88
2023-05-02 17:51:00,2253,214.0944,214.11,214.09,214.14,214.04,88
2023-05-02 17:52:00,3725,214.0594,214.09,214.0,214.18,213.99,133
2023-05-02 17:53:00,2129,214.0765,214.04,214.08,214.13,214.04,55
2023-05-02 17:54:00,9362,214.0374,214.09,213.94,214.1,213.94,200
2023-05-02 17:55:00,7677,214.0099,214.0,213.935,214.026,213.93,158
2023-05-02 17:56:00,5063,213.8518,213.9,213.87,213.915,213.78,134
2023-05-02 17:57:00,1979,213.8143,213.79,213.81,213.905,213.77,29
2023-05-02 17:58:00,3720,213.8633,213.86,213.83,213.91,213.79,81
2023-05-02 17:59:00,2311,213.7459,213.82,213.745,213.82,213.7,69
2023-05-02 18:00:00,3596,213.6759,213.6801,213.68,213.72,213.62,66
2023-05-02 18:01:00,5383,213.505,213.6,213.295,213.6,213.295,145
2023-05-02 18:02:00,5092,213.2182,213.25,213.3,213.3,213.14,110
2023-05-02 18:03:00,1672,213.3383,213.35,213.3,213.3999,213.28,39
2023-05-02 18:04:00,4489,213.2714,213.32,213.2181,213.33,213.2,94
2023-05-02 18:05:00,2792,213.2214,213.23,213.18,213.2335,213.18,80
2023-05-02 18:06:00,5083,213.1563,213.18,213.1035,213.2,213.1035,142
2023-05-02 18:07:00,1804,213.2701,213.17,213.215,213.2164,213.17,59
2023-05-02 18:08:00,2131,213.3026,213.27,213.36,213.36,213.27,75
2023-05-02 18:09:00,4527,213.2877,213.325,213.27,213.34,213.26,76
2023-05-02 18:10:00,4319,213.2815,213.29,213.3,213.34,213.23,97
2023-05-02 18:11:00,3158,213.2026,213.26,213.16,213.26,213.16,99
2023-05-02 18:12:00,6080,213.0147,213.12,213.015,213.14,212.92,140
2023-05-02 18:13:00,2396,213.0428,213.059,213.0,213.07,213.0,76
2023-05-02 18:14:00,2846,212.98,213.025,212.9672,213.05,212.92,63
2023-05-02 18:15:00,3541,213.0196,212.99,212.975,213.07,212.94,74
2023-05-02 18:16:00,3272,212.921,212.92,212.93,212.95,212.86,85
2023-05-02 18:17:00,1438,212.9563,212.99,212.96,213.0,212.895,47
2023-05-02 18:18:00,2339,213.097,212.96,213.23,213.23,212.96,131
2023-05-02 18:19:00,681,213.2421,213.2187,213.28,213.28,213.2187,25
2023-05-02 18:20:00,2025,213.3289,213.35,213.34,213.365,213.31,74
2023-05-02 18:21:00,3590,213.2444,213.34,213.22,213.34,213.18,85
2023-05-02 18:22:00,639,213.2285,213.265,213.26,213.265,213.26,24
2023-05-02 18:23:00,1855,213.2997,213.3,213.32,213.32,213.29,55
2023-05-02 18:24:00,2352,213.3561,213.3334,213.36,213.385,213.325,57
2023-05-02 18:25:00,2899,213.3026,213.34,213.23,213.38,213.23,80
2023-05-02 18:26:00,1263,213.2714,213.27,213.235,213.35,213.235,48
2023-05-02 18:27:00,3249,213.3992,213.3,213.47,213.47,213.3,97
2023-05-02 18:28:00,6002,213.4382,213.43,213.595,213.595,213.37,156
2023-05-02 18:29:00,2851,213.6237,213.605,213.635,213.65,213.6,67
2023-05-02 18:30:00,2730,213.6852,213.66,213.69,213.74,213.645,124
2023-05-02 18:31:00,8193,213.6665,213.75,213.71,213.75,213.63,148
2023-05-02 18:32:00,5253,213.5934,213.74,213.575,213.74,213.51,114
2023-05-02 18:33:00,3078,213.4814,213.49,213.45,213.6187,213.44,70
2023-05-02 18:34:00,2837,213.4492,213.49,213.425,213.49,213.41,66
2023-05-02 18:35:00,1680,213.6117,213.465,213.67,213.6783,213.465,83
2023-05-02 18:36:00,3270,213.813,213.6994,213.83,213.895,213.6994,67
2023-05-02 18:37:00,1686,213.8468,213.8401,213.82,213.8401,213.82,75
2023-05-02 18:38:00,1618,213.8803,213.87,213.91,213.92,213.84,45
2023-05-02 18:39:00,3173,213.964,213.93,213.98,214.02,213.93,100
2023-05-02 18:40:00,1249,213.9714,213.93,214.035,214.035,213.93,36
2023-05-02 18:41:00,4040,213.8717,214.09,213.735,214.09,213.735,129
2023-05-02 18:42:00,4945,213.7608,213.7,213.77,213.815,213.7,69
2023-05-02 18:43:00,1499,213.7223,213.775,213.7328,213.775,213.69,54
2023-05-02 18:44:00,1949,213.7876,213.785,213.83,213.84,213.735,62
2023-05-02 18:45:00,5233,213.8589,213.825,213.895,213.91,213.825,84
2023-05-02 18:46:00,4039,213.9555,213.95,214.04,214.04,213.8985,114
2023-05-02 18:47:00,2675,214.0845,214.07,214.08,214.11,214.07,87
2023-05-02 18:48:00,2747,214.1382,214.06,214.17,214.2,214.0501,83
2023-05-02 18:49:00,6541,214.2625,214.21,214.285,214.31,214.21,124
2023-05-02 18:50:00,2566,214.3997,214.3,214.5,214.5,214.3,84
2023-05-02 18:51:00,5634,214.5194,214.54,214.58,214.58,214.47,153
2023-05-02 18:52:00,20561,214.575,214.56,214.58,214.67,214.49,383
2023-05-02 18:53:00,6450,214.5122,214.56,214.445,214.61,214.44,118
2023-05-02 18:54:00,9131,214.489,214.445,214.49,214.5992,214.42,182
2023-05-02 18:55:00,6455,214.5423,214.54,214.58,214.6,214.49,115
2023-05-02 18:56:00,5785,214.5823,214.54,214.64,214.67,214.52,118
2023-05-02 18:57:00,8382,214.726,214.73,214.78,214.78,214.71,143
2023-05-02 18:58:00,8751,214.7052,214.795,214.69,214.795,214.595,158
2023-05-02 18:59:00,4846,214.633,214.6873,214.64,214.69,214.58,128
2023-05-02 19:00:00,3820,214.7052,214.68,214.745,214.7799,214.65,100
2023-05-02 19:01:00,6029,214.6193,214.74,214.51,214.7983,214.49,166
2023-05-02 19:02:00,4486,214.5471,214.515,214.62,214.62,214.515,81
2023-05-02 19:03:00,3396,214.5997,214.6178,214.6,214.64,214.56,94
2023-05-02 19:04:00,6422,214.4809,214.56,214.41,214.57,214.38,141
2023-05-02 19:05:00,4243,214.4633,214.48,214.445,214.4869,214.42,117
2023-05-02 19:06:00,1967,214.4711,214.48,214.48,214.49,214.44,61
2023-05-02 19:07:00,4206,214.5171,214.51,214.47,214.58,214.45,117
2023-05-02 19:08:00,2554,214.5324,214.51,214.51,214.59,214.51,70
2023-05-02 19:09:00,3858,214.4555,214.4749,214.488,214.488,214.4,106
2023-05-02 19:10:00,3139,214.6663,214.54,214.78,214.8,214.54,103
2023-05-02 19:11:00,3479,214.742,214.78,214.67,214.8,214.67,90
2023-05-02 19:12:00,1808,214.655,214.7,214.66,214.7,214.62,65
2023-05-02 19:13:00,4056,214.552,214.61,214.53,214.61,214.49,124
2023-05-02 19:14:00,2208,214.584,214.56,214.58,214.636,214.54,69
2023-05-02 19:15:00,4774,214.6176,214.56,214.545,214.7289,214.54,134
2023-05-02 19:16:00,4068,214.5006,214.535,214.365,214.535,214.365,73
2023-05-02 19:17:00,5506,214.3044,214.375,214.325,214.405,214.22,148
2023-05-02 19:18:00,1963,214.4029,214.34,214.45,214.45,214.34,62
2023-05-02 19:19:00,1916,214.4879,214.4745,214.57,214.57,214.47,79
2023-05-02 19:20:00,2773,214.5778,214.59,214.51,214.64,214.51,77
2023-05-02 19:21:00,4549,214.5821,214.495,214.73,214.73,214.495,129
2023-05-02 19:22:00,2554,214.6977,214.745,214.695,214.8,214.65,81
2023-05-02 19:23:00,1838,214.6906,214.685,214.685,214.72,214.685,59
2023-05-02 19:24:00,4712,214.6324,214.68,214.6,214.68,214.6,146
2023-05-02 19:25:00,5977,214.5852,214.6,214.5675,214.68,214.51,133
2023-05-02 19:26:00,5685,214.6844,214.575,214.79,214.8,214.575,134
2023-05-02 19:27:00,11887,214.9151,214.85,214.94,215.0,214.79,244
2023-05-02 19:28:00,5284,214.9633,214.96,214.955,215.0,214.92,97
2023-05-02 19:29:00,8755,214.9135,214.955,214.95,214.96,214.87,159
2023-05-02 19:30:00,15494,214.7624,214.9475,214.69,214.95,214.655,217
2023-05-02 19:31:00,8368,214.6235,214.66,214.6,214.67,214.58,195
2023-05-02 19:32:00,5094,214.5496,214.63,214.525,214.63,214.45,143
2023-05-02 19:33:00,3888,214.4943,214.48,214.4105,214.485,214.4105,100
2023-05-02 19:34:00,9078,214.378,214.43,214.39,214.43,214.31,185
2023-05-02 19:35:00,6277,214.366,214.34,214.34,214.43,214.34,150
2023-05-02 19:36:00,7128,214.4139,214.33,214.49,214.49,214.3213,182
2023-05-02 19:37:00,5645,214.4584,214.5,214.45,214.5199,214.43,139
2023-05-02 19:38:00,7171,214.603,214.46,214.75,214.75,214.46,174
2023-05-02 19:39:00,7202,214.7648,214.83,214.73,214.83,214.72,173
2023-05-02 19:40:00,9020,214.7503,214.73,214.77,214.82,214.7,196
2023-05-02 19:41:00,11159,214.7831,214.76,214.855,214.86,214.725,210
2023-05-02 19:42:00,31205,214.9311,214.88,214.99,215.04,214.83,500
2023-05-02 19:43:00,16550,215.0058,215.0,215.105,215.105,214.94,343
2023-05-02 19:44:00,12607,215.1226,215.12,215.055,215.18,215.055,333
2023-05-02 19:45:00,14255,214.9223,215.07,214.74,215.11,214.73,398
2023-05-02 19:46:00,15659,214.6596,214.74,214.715,214.74,214.6,345
2023-05-02 19:47:00,7195,214.7225,214.69,214.74,214.77,214.6402,204
2023-05-02 19:48:00,10805,214.7728,214.72,214.72,214.84,214.69,253
2023-05-02 19:49:00,8627,214.6756,214.72,214.74,214.77,214.59,211
2023-05-02 19:50:00,18872,214.944,214.71,215.02,215.08,214.71,372
2023-05-02 19:51:00,9738,214.8906,215.01,214.95,215.01,214.815,254
2023-05-02 19:52:00,19536,215.1038,214.98,215.2,215.23,214.95,314
2023-05-02 19:53:00,32118,215.2359,215.18,215.18,215.3,215.15,494
2023-05-02 19:54:00,9907,215.1155,215.17,215.105,215.17,215.07,255
2023-05-02 19:55:00,19741,215.172,215.1,215.06,215.26,215.06,414
2023-05-02 19:56:00,28681,215.1035,215.06,215.05,215.17,215.01,471
2023-05-02 19:57:00,17721,215.1425,215.07,215.175,215.24,215.0501,377
2023-05-02 19:58:00,39766,215.1932,215.18,215.2525,215.27,215.095,583
2023-05-02 19:59:00,57014,215.2015,215.25,215.18,215.3,215.09,902
2023-05-02 20:00:00,45305,215.15,215.15,215.15,215.15,215.15,35
2023-05-02 20:12:00,1754,215.15,215.15,215.15,215.15,215.15,1
2023-05-02 20:29:00,125,214.5132,214.5132,214.5132,214.5132,214.5132,1
2023-05-02 20:31:00,20713,214.0006,214.0,214.0,214.0,214.0,4
2023-05-02 20:35:00,300,215.14,215.14,215.14,215.14,215.14,1
2023-05-02 20:43:00,503,215.0,215.0,215.0,215.0,215.0,6
2023-05-02 21:24:00,340,215.15,215.15,215.15,215.15,215.15,1
2023-05-02 22:07:00,212,214.8033,214.8,214.8,214.8,214.8,3
2023-05-02 22:20:00,110,214.8045,214.8,214.8,214.8,214.8,4
2023-05-02 23:10:00,250,214.9999,214.9999,214.9999,214.9999,214.9999,1
2023-05-02 23:48:00,254,215.1102,215.14,215.14,215.14,215.14,5
2023-05-03 12:42:00,150,214.8967,215.09,215.09,215.09,215.09,2
2023-05-03 12:47:00,100,214.5051,214.5051,214.5051,214.5051,214.5051,1
2023-05-03 12:49:00,101,215.099,215.1,215.1,215.1,215.1,2
2023-05-03 12:50:00,151,215.0,215.0,215.0,215.0,215.0,5
2023-05-03 13:30:00,38609,215.6305,215.64,215.65,215.98,214.86,234
2023-05-03 13:31:00,6223,215.4252,215.49,215.3,215.74,215.16,114
2023-05-03 13:32:00,4956,215.3563,215.39,215.14,215.51,215.14,101
2023-05-03 13:33:00,2807,215.3384,215.16,215.36,215.571,215.1325,70
2023-05-03 13:34:00,4739,215.6158,215.495,215.81,215.81,215.495,84
2023-05-03 13:35:00,16217,215.8633,215.82,216.155,216.17,215.64,282
2023-05-03 13:36:00,7581,216.0448,216.23,215.9201,216.23,215.88,125
2023-05-03 13:37:00,12624,216.0151,215.93,215.8101,216.24,215.81,187
2023-05-03 13:38:00,5658,215.8436,215.81,215.875,216.0,215.7144,100
2023-05-03 13:39:00,10314,216.1729,215.87,216.21,216.35,215.87,174
2023-05-03 13:40:00,8736,216.4196,216.24,216.66,216.66,216.1678,132
2023-05-03 13:41:00,10270,216.4376,216.5654,216.37,216.6899,216.2701,173
2023-05-03 13:42:00,16243,216.2297,216.3,216.11,216.39,215.92,269
2023-05-03 13:43:00,9991,215.9827,215.99,215.85,216.09,215.71,194
2023-05-03 13:44:00,3809,215.698,215.775,215.56,215.775,215.56,79
2023-05-03 13:45:00,6541,215.8175,215.67,215.97,215.9845,215.67,174
2023-05-03 13:46:00,3141,215.9174,215.955,215.945,216.03,215.83,67
2023-05-03 13:47:00,9039,215.9835,215.97,216.03,216.145,215.865,161
2023-05-03 13:48:00,7724,216.1422,216.145,216.1614,216.28,216.0,152
2023-05-03 13:49:00,3449,216.277,216.225,216.325,216.39,216.21,89
2023-05-03 13:50:00,12880,216.5279,216.43,216.41,216.67,216.3101,228
2023-05-03 13:51:00,9034,216.4963,216.405,216.635,216.64,216.35,156
2023-05-03 13:52:00,7870,216.8813,216.69,217.245,217.29,216.68,136
2023-05-03 13:53:00,10155,217.1802,217.15,217.21,217.3,217.04,204
2023-05-03 13:54:00,2482,217.3146,217.36,217.36,217.42,217.21,63
2023-05-03 13:55:00,10833,217.3766,217.29,217.56,217.62,217.16,223
2023-05-03 13:56:00,5433,217.644,217.5729,217.785,217.8,217.54,111
2023-05-03 13:57:00,17364,217.6385,217.93,217.59,217.93,217.42,351
2023-05-03 13:58:00,5804,217.5624,217.6543,217.6963,217.6963,217.49,106
2023-05-03 13:59:00,3623,217.6046,217.63,217.61,217.68,217.565,79
2023-05-03 14:00:00,37858,218.0818,217.73,218.315,218.5,217.72,769
2023-05-03 14:01:00,12991,218.2108,218.3,218.07,218.415,217.91,202
2023-05-03 14:02:00,6895,218.0299,218.17,217.9,218.1708,217.87,118
2023-05-03 14:03:00,6546,217.8613,217.87,217.77,218.03,217.73,140
2023-05-03 14:04:00,2579,217.797,217.685,217.875,217.88,217.685,59
2023-05-03 14:05:00,17610,218.2556,218.0,218.34,218.4036,218.0,320
2023-05-03 14:06:00,5671,218.0663,218.29,217.92,218.3,217.78,95
2023-05-03 14:07:00,5087,218.0674,217.915,218.15,218.24,217.91,130
2023-05-03 14:08:00,3969,218.1505,218.148,218.02,218.275,218.02,94
2023-05-03 14:09:00,3134,217.9624,218.07,217.8701,218.07,217.8701,82
2023-05-03 14:10:00,5864,218.0695,217.87,218.0528,218.23,217.84,109
2023-05-03 14:11:00,6368,218.1763,218.055,218.13,218.3,217.98,138
2023-05-03 14:12:00,7272,217.9269,218.0701,217.845,218.11,217.8,162
2023-05-03 14:13:00,6212,217.7325,217.92,217.5,217.92,217.5,90
2023-05-03 14:14:00,6450,217.4387,217.575,217.3,217.575,217.3,124
2023-05-03 14:15:00,10388,217.3517,217.3,217.584,217.584,217.145,234
2023-05-03 14:16:00,7788,217.3267,217.42,217.39,217.5095,217.25,69
2023-05-03 14:17:00,1577,217.4336,217.375,217.4999,217.5,217.375,49
2023-05-03 14:18:00,2665,217.5299,217.5,217.5651,217.5806,217.49,62
2023-05-03 14:19:00,3798,217.4901,217.61,217.585,217.61,217.42,95
2023-05-03 14:20:00,9916,217.4844,217.54,217.53,217.585,217.37,153
2023-05-03 14:21:00,13345,217.5431,217.58,217.595,217.635,217.46,234
2023-05-03 14:22:00,13890,217.5753,217.595,217.8,217.805,217.4,226
2023-05-03 14:23:00,6803,217.8115,217.8,217.91,217.96,217.67,109
2023-05-03 14:24:00,7133,217.9638,217.94,217.99,218.0858,217.88,136
2023-05-03 14:25:00,8904,218.0639,217.9564,218.135,218.205,217.94,166
2023-05-03 14:26:00,5872,218.0458,218.0929,218.11,218.12,217.9,115
2023-05-03 14:27:00,5812,217.8767,218.08,217.675,218.09,217.675,129
2023-05-03 14:28:00,2577,217.6481,217.63,217.62,217.6774,217.6,59
2023-05-03 14:29:00,5467,217.6883,217.61,217.77,217.835,217.5326,123
2023-05-03 14:30:00,1875,217.7512,217.73,217.83,217.83,217.6901,56
2023-05-03 14:31:00,4759,217.805,217.835,217.835,217.875,217.7664,100
2023-05-03 14:32:00,1410,217.8708,217.87,217.88,217.88,217.87,33
2023-05-03 14:33:00,4696,217.8957,217.93,217.91,217.96,217.83,113
2023-05-03 14:34:00,6037,217.7834,217.82,217.815,217.885,217.7001,140
2023-05-03 14:35:00,2309,217.843,217.81,217.8378,217.88,217.76,77
2023-05-03 14:36:00,4599,217.9934,217.93,218.115,218.1599,217.835,112
2023-05-03 14:37:00,13501,218.1321,218.24,217.8598,218.32,217.8598,259
2023-05-03 14:38:00,8457,217.693,217.87,217.52,217.875,217.52,116
2023-05-03 14:39:00,6729,217.5096,217.52,217.44,217.57,217.44,144
2023-05-03 14:40:00,3448,217.399,217.41,217.41,217.495,217.33,75
2023-05-03 14:41:00,5963,217.2442,217.33,217.275,217.33,217.15,89
2023-05-03 14:42:00,4809,217.1856,217.355,217.135,217.355,217.115,115
2023-05-03 14:43:00,3573,217.1074,217.088,217.05,217.17,217.05,85
2023-05-03 14:44:00,2069,217.0136,217.02,217.05,217.05,216.9617,68
2023-05-03 14:45:00,6644,217.1006,217.04,217.0,217.18,217.0,138
2023-05-03 14:46:00,8249,216.8817,217.072,216.755,217.072,216.755,133
2023-05-03 14:47:00,2350,216.8082,216.81,216.8,216.875,216.75,50
2023-05-03 14:48:00,1605,216.8755,216.78,217.01,217.01,216.775,48
2023-05-03 14:49:00,3137,217.0329,217.01,217.04,217.09,216.96,84
2023-05-03 14:50:00,1253,217.2771,217.16,217.37,217.37,217.16,52
2023-05-03 14:51:00,9547,217.2817,217.3261,217.285,217.3261,217.22,176
2023-05-03 14:52:00,9654,217.3238,217.27,217.445,217.445,217.265,165
2023-05-03 14:53:00,9924,217.4522,217.43,217.5,217.525,217.4,132
2023-05-03 14:54:00,12378,217.434,217.47,217.31,217.51,217.29,227
2023-05-03 14:55:00,4235,217.4058,217.369,217.36,217.505,217.36,104
2023-05-03 14:56:00,15723,217.5004,217.43,217.57,217.61,217.41,260
2023-05-03 14:57:00,9903,217.5613,217.57,217.43,217.62,217.43,206
2023-05-03 14:58:00,16549,217.4992,217.39,217.42,217.58,217.39,277
2023-05-03 14:59:00,18151,217.6357,217.38,217.73,217.86,217.35,319
2023-05-03 15:00:00,3312,217.8538,217.78,217.77,217.93,217.77,83
2023-05-03 15:01:00,3911,217.6374,217.77,217.495,217.77,217.495,90
2023-05-03 15:02:00,5775,217.3487,217.505,217.33,217.505,217.19,152
2023-05-03 15:03:00,2695,217.4033,217.335,217.435,217.435,217.335,73
2023-05-03 15:04:00,4360,217.3943,217.42,217.385,217.43,217.33,71
2023-05-03 15:05:00,3000,217.2486,217.345,217.2,217.385,217.19,92
2023-05-03 15:06:00,3738,217.0745,217.14,217.02,217.14,217.02,87
2023-05-03 15:07:00,3450,217.1473,217.025,217.31,217.31,217.025,98
2023-05-03 15:08:00,4066,217.2143,217.305,217.03,217.33,217.03,82
2023-05-03 15:09:00,12730,217.103,217.07,217.12,217.1987,217.02,281
2023-05-03 15:10:00,4420,217.0794,217.145,217.06,217.145,217.02,82
2023-05-03 15:11:00,3983,216.9295,217.035,216.84,217.035,216.82,99
2023-05-03 15:12:00,2472,216.912,216.8601,216.91,217.01,216.8601,60
2023-05-03 15:13:00,1189,217.03,216.9969,217.13,217.13,216.9969,53
2023-05-03 15:14:00,2055,217.2168,217.17,217.22,217.33,217.135,65
2023-05-03 15:15:00,4329,217.0827,217.17,216.98,217.17,216.98,86
2023-05-03 15:16:00,3713,216.997,216.9853,216.95,217.05,216.95,110
2023-05-03 15:17:00,2070,216.9554,216.96,216.96,216.9777,216.92,40
2023-05-03 15:18:00,3437,217.0176,217.0,217.035,217.09,217.0,76
2023-05-03 15:19:00,6375,217.0187,217.005,217.06,217.06,216.96,81
2023-05-03 15:20:00,4681,216.8893,216.99,216.91,216.99,216.77,115
2023-05-03 15:21:00,2565,216.8372,216.97,216.83,216.97,216.73,58
2023-05-03 15:22:00,2681,216.7142,216.72,216.62,216.81,216.62,93
2023-05-03 15:23:00,2486,216.6409,216.66,216.675,216.675,216.59,87
2023-05-03 15:24:00,1719,216.8452,216.77,216.969,216.969,216.77,69
2023-05-03 15:25:00,2134,216.8682,216.87,216.85,216.89,216.85,64
2023-05-03 15:26:00,4980,216.75,216.79,216.59,216.84,216.59,94
2023-05-03 15:27:00,1530,216.5339,216.6,216.51,216.61,216.48,63
2023-05-03 15:28:00,3334,216.4274,216.5,216.38,216.5,216.38,82
2023-05-03 15:29:00,2062,216.3923,216.415,216.295,216.415,216.295,61
2023-05-03 15:30:00,1698,216.2468,216.305,216.19,216.305,216.19,77
2023-05-03 15:31:00,1221,216.3547,216.4699,216.375,216.4699,216.33,44
2023-05-03 15:32:00,4197,216.4538,216.32,216.55,216.55,216.32,113
2023-05-03 15:33:00,5768,216.4976,216.44,216.61,216.61,216.435,139
2023-05-03 15:34:00,2116,216.7066,216.62,216.73,216.73,216.62,38
2023-05-03 15:35:00,5604,216.7565,216.6841,216.76,216.9,216.65,125
2023-05-03 15:36:00,1989,216.8137,216.67,216.86,216.89,216.67,56
2023-05-03 15:37:00,901,216.8139,216.76,216.86,216.86,216.76,42
2023-05-03 15:38:00,3741,216.7752,216.8,216.8,216.815,216.74,108
2023-05-03 15:39:00,6736,216.7221,216.7,216.765,216.8,216.6725,253
2023-05-03 15:40:00,1720,216.7257,216.68,216.7,216.77,216.68,54
2023-05-03 15:41:00,3236,216.6016,216.79,216.58,216.79,216.41,80
2023-05-03 15:42:00,2535,216.6021,216.47,216.675,216.75,216.47,51
2023-05-03 15:43:00,1770,216.6907,216.67,216.74,216.74,216.65,41
2023-05-03 15:44:00,1226,216.7992,216.84,216.8,216.84,216.795,45
2023-05-03 15:45:00,3640,216.8471,216.85,216.89,216.9,216.8,171
2023-05-03 15:46:00,2385,216.8825,216.9014,216.925,216.93,216.85,73
2023-05-03 15:47:00,1990,216.9975,217.0,217.05,217.05,216.94,59
2023-05-03 15:48:00,5356,216.9728,217.03,216.9,217.0898,216.85,142
2023-05-03 15:49:00,526,216.866,216.8129,216.89,216.89,216.8129,18
2023-05-03 15:50:00,2321,216.8296,216.89,216.77,216.89,216.77,66
2023-05-03 15:51:00,2792,216.8397,216.805,216.86,216.89,216.805,68
2023-05-03 15:52:00,2210,216.8817,216.8,216.945,216.945,216.8,65
2023-05-03 15:53:00,2638,216.9791,216.9,217.15,217.15,216.87,80
2023-05-03 15:54:00,3666,217.1277,217.16,217.09,217.2,217.09,71
2023-05-03 15:55:00,2162,217.1589,217.1,217.28,217.28,217.07,56
2023-05-03 15:56:00,3680,217.4118,217.4788,217.435,217.485,217.34,78
2023-05-03 15:57:00,2108,217.4289,217.425,217.53,217.54,217.36,63
2023-05-03 15:58:00,1747,217.4799,217.52,217.48,217.52,217.46,55
2023-05-03 15:59:00,1900,217.4586,217.49,217.45,217.5,217.43,61
2023-05-03 16:00:00,2006,217.4757,217.43,217.5,217.5,217.43,58
2023-05-03 16:01:00,2196,217.5319,217.53,217.58,217.58,217.45,69
2023-05-03 16:02:00,2073,217.6746,217.56,217.725,217.7486,217.56,67
2023-05-03 16:03:00,2763,217.7084,217.715,217.7673,217.7673,217.67,67
2023-05-03 16:04:00,2742,217.8052,217.815,217.835,217.835,217.78,82
2023-05-03 16:05:00,1809,217.7785,217.835,217.77,217.835,217.75,69
2023-05-03 16:06:00,1057,217.8075,217.805,217.825,217.85,217.805,31
2023-05-03 16:07:00,1361,217.8215,217.81,217.8506,217.8506,217.81,40
2023-05-03 16:08:00,6308,217.8481,217.82,217.81,217.93,217.81,138
2023-05-03 16:09:00,3856,217.8775,217.8,217.8434,217.9665,217.8,93
2023-05-03 16:10:00,1697,217.8494,217.87,217.89,217.89,217.81,50
2023-05-03 16:11:00,2735,217.7812,217.859,217.7862,217.859,217.75,64
2023-05-03 16:12:00,3144,217.7037,217.76,217.68,217.77,217.68,56
2023-05-03 16:13:00,1258,217.6231,217.63,217.6,217.6719,217.6,41
2023-05-03 16:14:00,2280,217.5962,217.65,217.51,217.65,217.51,69
2023-05-03 16:15:00,1662,217.4255,217.45,217.5099,217.5099,217.3594,44
2023-05-03 16:16:00,1093,217.4006,217.445,217.37,217.445,217.37,34
2023-05-03 16:17:00,2601,217.4789,217.47,217.43,217.57,217.43,73
2023-05-03 16:18:00,1135,217.3969,217.37,217.3662,217.4302,217.3662,33
2023-05-03 16:19:00,1646,217.3444,217.37,217.325,217.39,217.31,47
2023-05-03 16:20:00,2032,217.2546,217.31,217.2625,217.315,217.19,58
2023-05-03 16:21:00,1734,217.3337,217.19,217.35,217.39,217.19,68
2023-05-03 16:22:00,3645,217.2968,217.36,217.2701,217.37,217.2,90
2023-05-03 16:23:00,1821,217.284,217.2947,217.23,217.34,217.23,57
2023-05-03 16:24:00,1319,217.2249,217.17,217.25,217.255,217.17,38
2023-05-03 16:25:00,2570,217.1479,217.2,217.1154,217.23,217.08,71
2023-05-03 16:26:00,1165,217.1562,217.1,217.215,217.215,217.09,52
2023-05-03 16:27:00,469,217.249,217.245,217.25,217.27,217.245,27
2023-05-03 16:28:00,612,217.2711,217.265,217.32,217.32,217.265,28
2023-05-03 16:29:00,943,217.294,217.32,217.32,217.32,217.26,52
2023-05-03 16:30:00,1761,217.3875,217.3644,217.425,217.4418,217.33,43
2023-05-03 16:31:00,6087,217.358,217.38,217.28,217.41,217.26,113
2023-05-03 16:32:00,1467,217.2871,217.35,217.28,217.35,217.27,44
2023-05-03 16:33:00,1319,217.2085,217.255,217.1934,217.255,217.19,50
2023-05-03 16:34:00,1821,217.1123,217.12,217.145,217.145,217.1,89
2023-05-03 16:35:00,28333,217.2965,217.12,217.32,217.35,217.12,260
2023-05-03 16:36:00,931,217.358,217.35,217.34,217.38,217.34,44
2023-05-03 16:37:00,2190,217.4253,217.37,217.48,217.54,217.37,86
2023-05-03 16:38:00,12640,217.6267,217.47,217.64,217.695,217.47,228
2023-05-03 16:39:00,1830,217.6515,217.67,217.69,217.69,217.6,35
2023-05-03 16:40:00,1412,217.6729,217.73,217.68,217.73,217.6421,33
2023-05-03 16:41:00,6547,217.4957,217.655,217.34,217.655,217.34,141
2023-05-03 16:42:00,1470,217.3796,217.38,217.3798,217.38,217.3798,34
2023-05-03 16:43:00,7460,217.5131,217.375,217.58,217.65,217.3337,133
2023-05-03 16:44:00,1385,217.5537,217.53,217.6,217.6,217.53,58
2023-05-03 16:45:00,939,217.6511,217.63,217.71,217.71,217.625,49
2023-05-03 16:46:00,70257,217.6512,217.65,217.71,217.72,217.6027,150
2023-05-03 16:47:00,2860,217.7085,217.72,217.728,217.76,217.68,64
2023-05-03 16:48:00,15345,217.9597,217.7453,218.015,218.04,217.7453,312
2023-05-03 16:49:00,5561,217.9392,218.0,217.86,218.03,217.86,116
2023-05-03 16:50:00,1767,217.8581,217.85,217.89,217.89,217.85,71
2023-05-03 16:51:00,2054,217.991,217.96,218.0,218.0,217.96,38
2023-05-03 16:52:00,3819,218.0107,218.05,218.045,218.17,217.94,107
2023-05-03 16:53:00,3998,218.1542,218.1,218.14,218.2,218.09,86
2023-05-03 16:54:00,3763,218.1493,218.13,218.2028,218.2028,218.11,63
2023-05-03 16:55:00,1783,218.1926,218.21,218.17,218.24,218.17,73
2023-05-03 16:56:00,1068,218.1436,218.13,218.18,218.18,218.13,41
2023-05-03 16:57:00,816,218.1738,218.1469,218.1425,218.1938,218.1425,28
2023-05-03 16:58:00,17161,218.4287,218.21,218.59,218.59,218.2,349
2023-05-03 16:59:00,5841,218.5862,218.59,218.65,218.65,218.54,129
2023-05-03 17:00:00,4651,218.6355,218.67,218.6575,218.67,218.6,118
2023-05-03 17:01:00,2682,218.6235,218.65,218.57,218.66,218.57,81
2023-05-03 17:02:00,8108,218.6972,218.59,218.74,218.78,218.59,210
2023-05-03 17:03:00,4527,218.6862,218.72,218.59,218.75,218.59,84
2023-05-03 17:04:00,3340,218.6002,218.58,218.7,218.7,218.5296,72
2023-05-03 17:05:00,2881,218.5044,218.635,218.38,218.635,218.38,67
2023-05-03 17:06:00,3345,218.3809,218.3626,218.35,218.42,218.32,92
2023-05-03 17:07:00,1947,218.2568,218.28,218.29,218.29,218.1801,56
2023-05-03 17:08:00,1051,218.2989,218.285,218.27,218.335,218.25,46
2023-05-03 17:09:00,1557,218.2365,218.27,218.24,218.27,218.18,54
2023-05-03 17:10:00,3191,218.2965,218.2948,218.3233,218.33,218.24,58
2023-05-03 17:11:00,8068,218.3876,218.39,218.41,218.44,218.3,168
2023-05-03 17:12:00,2376,218.389,218.3779,218.44,218.44,218.3494,55
2023-05-03 17:13:00,22438,218.4349,218.44,218.35,218.54,218.35,288
2023-05-03 17:14:00,587,218.4189,218.44,218.415,218.44,218.415,26
2023-05-03 17:15:00,4074,218.3558,218.4,218.39,218.4,218.315,126
2023-05-03 17:16:00,2833,218.3109,218.37,218.31,218.37,218.2583,57
2023-05-03 17:17:00,3520,218.337,218.34,218.4,218.4,218.295,89
2023-05-03 17:18:00,2666,218.3251,218.35,218.34,218.375,218.29,54
2023-05-03 17:19:00,4101,218.4025,218.39,218.38,218.44,218.35,55
2023-05-03 17:20:00,5908,218.3209,218.44,218.2,218.44,218.2,121
2023-05-03 17:21:00,3962,218.1704,218.18,218.23,218.23,218.13,108
2023-05-03 17:22:00,2915,218.28,218.1937,218.3,218.33,218.1937,97
2023-05-03 17:23:00,3272,218.3054,218.36,218.28,218.36,218.27,70
2023-05-03 17:24:00,1605,218.3481,218.3,218.37,218.375,218.3,74
2023-05-03 17:25:00,2113,218.4171,218.455,218.38,218.455,218.38,85
2023-05-03 17:26:00,1957,218.3868,218.37,218.39,218.43,218.35,67
2023-05-03 17:27:00,2502,218.372,218.39,218.415,218.42,218.33,107
2023-05-03 17:28:00,8483,218.4959,218.48,218.445,218.54,218.43,189
2023-05-03 17:29:00,2468,218.384,218.43,218.35,218.43,218.35,74
2023-05-03 17:30:00,3655,218.4316,218.4,218.46,218.46,218.37,84
2023-05-03 17:31:00,2848,218.3514,218.42,218.28,218.42,218.28,85
2023-05-03 17:32:00,11873,218.3411,218.2623,218.39,218.49,218.2,245
2023-05-03 17:33:00,1147,218.4368,218.465,218.42,218.465,218.42,37
2023-05-03 17:34:00,4648,218.4605,218.425,218.51,218.51,218.4,129
2023-05-03 17:35:00,8027,218.4926,218.48,218.465,218.51,218.44,92
2023-05-03 17:36:00,2222,218.4954,218.465,218.5101,218.53,218.445,68
2023-05-03 17:37:00,3246,218.5279,218.55,218.52,218.59,218.5,59
2023-05-03 17:38:00,3707,218.4802,218.485,218.47,218.52,218.44,81
2023-05-03 17:39:00,5434,218.4841,218.48,218.53,218.53,218.43,123
2023-05-03 17:40:00,3824,218.4947,218.53,218.475,218.53,218.45,65
2023-05-03 17:41:00,2830,218.536,218.475,218.58,218.6,218.475,85
2023-05-03 17:42:00,3528,218.599,218.62,218.62,218.645,218.55,79
2023-05-03 17:43:00,3871,218.5644,218.58,218.565,218.6,218.54,68
2023-05-03 17:44:00,2861,218.5686,218.57,218.58,218.595,218.53,59
2023-05-03 17:45:00,3077,218.542,218.565,218.54,218.59,218.5,67
2023-05-03 17:46:00,3736,218.4571,218.525,218.41,218.525,218.41,77
2023-05-03 17:47:00,5775,218.3218,218.42,218.29,218.42,218.2484,92
2023-05-03 17:48:00,1170,218.2707,218.26,218.28,218.29,218.26,43
2023-05-03 17:49:00,3212,218.2787,218.22,218.325,218.33,218.21,89
2023-05-03 17:50:00,3026,218.372,218.33,218.395,218.425,218.32,61
2023-05-03 17:51:00,1123,218.3734,218.39,218.39,218.39,218.36,30
2023-05-03 17:52:00,6052,218.3921,218.41,218.321,218.41,218.321,54
2023-05-03 17:53:00,1680,218.317,218.335,218.32,218.35,218.28,40
2023-05-03 17:54:00,1572,218.2765,218.28,218.27,218.29,218.26,42
2023-05-03 17:55:00,2975,218.2885,218.26,218.29,218.33,218.245,81
2023-05-03 17:56:00,1026,218.351,218.34,218.37,218.37,218.33,53
2023-05-03 17:57:00,1804,218.392,218.3477,218.35,218.44,218.3477,63
2023-05-03 17:58:00,13702,218.3198,218.335,218.39,218.44,218.23,311
2023-05-03 17:59:00,12875,218.3763,218.405,218.48,218.48,218.32,204
2023-05-03 18:00:00,22364,218.3565,218.31,218.6734,219.17,217.79,543
2023-05-03 18:01:00,4870,218.5432,218.65,218.3579,218.74,218.32,148
2023-05-03 18:02:00,2193,218.4316,218.57,218.29,218.6,218.25,70
2023-05-03 18:03:00,5957,218.1744,218.4199,218.21,218.4199,217.86,145
2023-05-03 18:04:00,2035,218.364,218.2066,218.49,218.49,218.2,71
2023-05-03 18:05:00,9985,218.3308,218.475,218.44,218.475,218.1423,177
2023-05-03 18:06:00,5585,218.6499,218.5,218.51,218.8,218.495,150
2023-05-03 18:07:00,3719,218.6744,218.57,218.92,218.92,218.55,134
2023-05-03 18:08:00,4168,218.7718,218.85,218.61,218.865,218.61,98
2023-05-03 18:09:00,6155,218.4722,218.56,218.4,218.57,218.35,136
2023-05-03 18:10:00,2084,218.3776,218.485,218.36,218.485,218.35,48
2023-05-03 18:11:00,6409,218.1457,218.23,218.24,218.27,218.03,125
2023-05-03 18:12:00,3365,218.3477,218.22,218.32,218.425,218.22,59
2023-05-03 18:13:00,2112,218.345,218.36,218.34,218.43,218.29,59
2023-05-03 18:14:00,1883,218.3256,218.34,218.46,218.46,218.18,53
2023-05-03 18:15:00,2429,218.4872,218.49,218.5325,218.5325,218.42,73
2023-05-03 18:16:00,1537,218.4391,218.42,218.45,218.48,218.39,40
2023-05-03 18:17:00,1543,218.3197,218.35,218.29,218.35,218.27,48
2023-05-03 18:18:00,2930,218.2889,218.22,218.4,218.4,218.21,100
2023-05-03 18:19:00,2416,218.4504,218.405,218.32,218.54,218.32,63
2023-05-03 18:20:00,1924,218.2848,218.43,218.28,218.43,218.22,64
2023-05-03 18:21:00,510,218.3078,218.32,218.36,218.36,218.285,14
2023-05-03 18:22:00,827,218.3786,218.38,218.3,218.38,218.3,47
2023-05-03 18:23:00,3696,218.6733,218.47,218.74,218.82,218.47,106
2023-05-03 18:24:00,2840,218.6876,218.73,218.65,218.74,218.63,70
2023-05-03 18:25:00,2610,218.5632,218.6,218.55,218.61,218.49,72
2023-05-03 18:26:00,6215,218.7431,218.55,218.795,218.93,218.55,135
2023-05-03 18:27:00,4327,218.739,218.795,218.615,218.9,218.55,106
2023-05-03 18:28:00,2095,218.5206,218.65,218.39,218.65,218.38,67
2023-05-03 18:29:00,4177,218.2839,218.2968,218.1918,218.3399,218.1918,81
2023-05-03 18:30:00,4901,218.178,218.3099,218.19,218.32,218.08,109
2023-05-03 18:31:00,5425,217.9945,218.24,217.98,218.24,217.85,162
2023-05-03 18:32:00,3766,217.7921,217.945,217.8375,217.945,217.695,111
2023-05-03 18:33:00,3567,218.0464,217.93,217.98,218.19,217.91,112
2023-05-03 18:34:00,2440,217.6695,218.01,217.5661,218.01,217.49,76
2023-05-03 18:35:00,8843,217.2448,217.48,217.28,217.51,217.02,195
2023-05-03 18:36:00,2195,217.2266,217.29,217.27,217.29,217.16,66
2023-05-03 18:37:00,6454,217.0371,217.16,217.615,217.615,216.6607,197
2023-05-03 18:38:00,11242,217.8256,217.5,217.9,218.15,217.46,226
2023-05-03 18:39:00,6129,218.0591,217.91,217.91,218.19,217.81,122
2023-05-03 18:40:00,5611,218.4127,218.025,218.505,218.79,217.995,150
2023-05-03 18:41:00,11750,218.4356,218.59,218.34,218.59,218.19,160
2023-05-03 18:42:00,4136,217.9469,218.35,217.675,218.35,217.675,91
2023-05-03 18:43:00,5760,217.5281,217.52,217.49,217.68,217.3,146
2023-05-03 18:44:00,3938,217.4818,217.5159,217.655,217.655,217.35,104
2023-05-03 18:45:00,3246,217.8112,217.6,217.94,217.94,217.6,105
2023-05-03 18:46:00,5945,217.7829,217.83,217.82,217.895,217.7,134
2023-05-03 18:47:00,2316,217.6611,217.79,217.655,217.79,217.59,74
2023-05-03 18:48:00,27736,218.081,217.72,218.04,218.23,217.68,408
2023-05-03 18:49:00,3282,217.8062,218.03,217.715,218.03,217.71,94
2023-05-03 18:50:00,3673,217.5666,217.57,217.62,217.73,217.42,97
2023-05-03 18:51:00,14244,217.5739,217.63,217.51,217.7,217.39,281
2023-05-03 18:52:00,27326,217.4849,217.37,217.63,217.74,217.18,526
2023-05-03 18:53:00,4968,217.9152,217.61,218.0,218.17,217.61,80
2023-05-03 18:54:00,5004,217.9752,217.89,217.95,218.25,217.83,118
2023-05-03 18:55:00,2250,217.9801,217.91,218.04,218.045,217.88,65
2023-05-03 18:56:00,4642,218.4693,218.14,218.652,218.69,218.14,102
2023-05-03 18:57:00,8049,218.1836,218.52,217.92,218.52,217.92,171
2023-05-03 18:58:00,4774,218.4513,218.115,218.56,218.6,218.06,114
2023-05-03 18:59:00,5248,218.5816,218.59,218.545,218.66,218.51,124
2023-05-03 19:00:00,3380,218.5663,218.67,218.32,218.68,218.32,87
2023-05-03 19:01:00,3825,218.3675,218.57,218.07,218.59,218.07,100
2023-05-03 19:02:00,1247,218.1189,218.28,217.93,218.28,217.85,49
2023-05-03 19:03:00,3446,217.7991,217.87,217.94,218.01,217.59,107
2023-05-03 19:04:00,2477,218.1474,218.08,218.22,218.22,218.08,65
2023-05-03 19:05:00,4527,218.4642,218.205,218.68,218.77,218.1118,120
2023-05-03 19:06:00,34533,218.4088,218.49,218.49,218.52,218.22,734
2023-05-03 19:07:00,6369,218.1566,218.5,217.84,218.5,217.83,154
2023-05-03 19:08:00,2426,217.7758,217.87,217.9099,217.9099,217.65,78
2023-05-03 19:09:00,2564,217.6363,217.85,217.675,217.85,217.57,87
2023-05-03 19:10:00,3554,217.3807,217.55,217.2695,217.62,217.19,86
2023-05-03 19:11:00,5267,217.05,217.01,217.14,217.14,216.8301,120
2023-05-03 19:12:00,2035,217.1305,217.32,216.97,217.32,216.97,57
2023-05-03 19:13:00,6524,217.0197,216.8,217.12,217.35,216.75,128
2023-05-03 19:14:00,3281,217.0245,217.09,216.805,217.16,216.805,88
2023-05-03 19:15:00,5072,216.7736,216.78,216.625,216.84,216.625,116
2023-05-03 19:16:00,5517,216.874,216.7,217.0,217.03,216.7,116
2023-05-03 19:17:00,7150,217.2626,217.04,217.41,217.5,217.04,143
2023-05-03 19:18:00,3668,217.1572,217.31,217.08,217.31,217.08,67
2023-05-03 19:19:00,6401,217.0797,217.06,216.96,217.28,216.94,141
2023-05-03 19:20:00,6679,216.7422,216.93,216.72,216.93,216.55,153
2023-05-03 19:21:00,6042,216.461,216.72,216.29,216.72,216.29,131
2023-05-03 19:22:00,5267,216.39,216.29,216.635,216.66,216.17,146
2023-05-03 19:23:00,4387,217.064,216.97,217.2,217.22,216.97,135
2023-05-03 19:24:00,2305,217.0685,217.16,216.98,217.18,216.98,73
2023-05-03 19:25:00,5642,217.1791,217.14,217.3,217.35,217.13,139
2023-05-03 19:26:00,1481,217.1145,217.12,217.11,217.125,217.0768,69
2023-05-03 19:27:00,4596,217.1369,217.12,217.18,217.23,217.04,143
2023-05-03 19:28:00,9763,217.0045,217.24,216.72,217.32,216.71,227
2023-05-03 19:29:00,10834,216.3165,216.61,216.18,216.61,216.17,191
2023-05-03 19:30:00,8088,216.2987,216.11,216.324,216.324,216.11,153
2023-05-03 19:31:00,8159,216.3297,216.3105,216.25,216.5,216.21,189
2023-05-03 19:32:00,9312,216.2393,216.3,216.0811,216.34,216.0811,194
2023-05-03 19:33:00,5034,216.1596,216.05,216.16,216.27,216.05,146
2023-05-03 19:34:00,11745,216.2309,216.16,216.5,216.5,216.02,225
2023-05-03 19:35:00,5656,216.4152,216.57,216.3301,216.57,216.3139,130
2023-05-03 19:36:00,7322,216.4898,216.48,216.54,216.58,216.37,240
2023-05-03 19:37:00,4398,216.4534,216.5,216.4,216.52,216.4,103
2023-05-03 19:38:00,3043,216.4055,216.43,216.49,216.5,216.3,133
2023-05-03 19:39:00,6563,216.2545,216.48,216.14,216.48,216.11,165
2023-05-03 19:40:00,12174,216.0058,216.15,215.94,216.15,215.92,222
2023-05-03 19:41:00,10804,216.0821,215.94,216.18,216.24,215.94,262
2023-05-03 19:42:00,4684,216.1008,216.16,216.15,216.16,216.05,157
2023-05-03 19:43:00,8856,216.3503,216.18,216.38,216.47,216.18,240
2023-05-03 19:44:00,8794,216.299,216.41,216.2,216.41,216.2,220
2023-05-03 19:45:00,7747,216.3369,216.17,216.29,216.5,216.16,200
2023-05-03 19:46:00,6994,216.2087,216.27,216.19,216.3,216.12,165
2023-05-03 19:47:00,13722,216.2523,216.21,216.49,216.49,216.09,269
2023-05-03 19:48:00,13224,216.451,216.51,216.325,216.55,216.325,242
2023-05-03 19:49:00,13447,216.2835,216.32,216.335,216.34,216.19,269
2023-05-03 19:50:00,12791,216.3421,216.25,216.36,216.46,216.22,296
2023-05-03 19:51:00,17136,216.263,216.35,216.3,216.38,216.16,400
2023-05-03 19:52:00,13938,216.2288,216.34,216.06,216.395,216.01,314
2023-05-03 19:53:00,15999,215.997,216.11,216.0,216.11,215.89,404
2023-05-03 19:54:00,16447,215.9192,216.02,215.99,216.02,215.79,425
2023-05-03 19:55:00,23933,215.8,215.99,215.94,215.99,215.58,546
2023-05-03 19:56:00,22827,215.9203,215.95,215.91,215.99,215.81,538
2023-05-03 19:57:00,32786,215.8049,215.88,215.71,215.89,215.69,629
2023-05-03 19:58:00,30231,215.7277,215.71,215.76,215.8,215.67,613
2023-05-03 19:59:00,54296,215.675,215.78,215.63,215.82,215.6,944
2023-05-03 20:00:00,1234,215.64,215.64,215.64,215.64,215.64,23
2023-05-03 20:11:00,1606,215.6404,215.64,215.64,215.64,215.64,2
2023-05-03 20:27:00,110,215.7955,215.8,215.8,215.8,215.8,2
2023-05-03 20:47:00,503,215.7,215.7,215.7,215.7,215.7,4
2023-05-03 20:53:00,4810,215.615,215.6,215.6,215.6,215.6,3
2023-05-03 20:57:00,115,215.4415,215.3577,215.3577,215.3577,215.3577,2
2023-05-03 21:09:00,215,215.2881,215.29,215.29,215.29,215.29,5
2023-05-03 21:27:00,750,215.0,215.0,215.0,215.0,215.0,3
2023-05-03 21:34:00,105,215.0,215.0,215.0,215.0,215.0,2
2023-05-03 22:08:00,621,213.9617,214.07,214.08,214.08,214.07,9
2023-05-03 22:45:00,762,215.2377,215.25,215.2,215.25,215.2,8
2023-05-03 22:46:00,241,215.25,215.25,215.25,215.25,215.25,3
2023-05-03 22:47:00,142,214.7543,214.75,214.75,214.75,214.75,2
2023-05-03 23:01:00,463,214.9503,215.0,214.9,215.0,214.9,5
2023-05-03 23:03:00,125,214.486,214.5,214.5,214.5,214.5,2
2023-05-04 11:00:00,105,214.5143,214.49,214.49,214.49,214.49,2
2023-05-04 12:14:00,150,215.0597,215.06,215.06,215.06,215.06,2
2023-05-04 12:51:00,100,214.6689,214.6689,214.6689,214.6689,214.6689,1
2023-05-04 13:29:00,719,215.4753,215.34,215.36,215.36,215.34,17
2023-05-04 13:30:00,36181,216.0447,216.05,215.99,216.14,215.81,219
2023-05-04 13:31:00,9376,216.5358,216.21,216.75,216.75,216.1937,176
2023-05-04 13:32:00,10411,216.6346,216.51,216.54,216.8999,216.44,112
2023-05-04 13:33:00,7206,216.7633,216.57,216.71,216.93,216.57,176
2023-05-04 13:34:00,3974,216.6004,216.77,216.72,216.77,216.4801,98
2023-05-04 13:35:00,10404,216.5465,216.48,216.49,216.75,216.43,247
2023-05-04 13:36:00,12048,216.3147,216.495,215.95,216.57,215.95,162
2023-05-04 13:37:00,8909,215.1664,215.71,214.76,215.7244,214.76,215
2023-05-04 13:38:00,8610,214.7803,214.82,214.6773,214.89,214.623,161
2023-05-04 13:39:00,11783,214.2702,214.65,213.9,214.67,213.9,257
2023-05-04 13:40:00,10294,213.8311,214.03,213.2312,214.38,213.19,283
2023-05-04 13:41:00,8768,213.3167,213.06,213.155,213.57,213.05,186
2023-05-04 13:42:00,21276,213.0257,213.155,212.76,213.19,212.75,300
2023-05-04 13:43:00,9200,212.5856,212.75,212.54,212.75,212.39,208
2023-05-04 13:44:00,12466,212.4887,212.58,212.28,212.86,212.2601,208
2023-05-04 13:45:00,19618,212.3788,212.47,212.42,212.7281,212.18,313
2023-05-04 13:46:00,12465,212.1288,212.42,212.15,212.42,211.9513,234
2023-05-04 13:47:00,11309,212.4699,212.16,212.37,212.59,212.16,193
2023-05-04 13:48:00,14028,212.3359,212.33,212.203,212.6,212.203,172
2023-05-04 13:49:00,11109,212.0623,212.105,212.1025,212.2144,211.89,204
2023-05-04 13:50:00,13189,212.6386,212.17,212.69,212.92,212.17,195
2023-05-04 13:51:00,7004,212.6476,212.71,212.51,212.9579,212.44,111
2023-05-04 13:52:00,10288,212.2755,212.465,212.5073,212.5073,212.08,126
2023-05-04 13:53:00,10279,213.14,212.66,213.5,213.52,212.66,182
2023-05-04 13:54:00,6866,213.8335,213.57,213.975,214.06,213.56,157
2023-05-04 13:55:00,12432,213.6361,213.965,213.68,214.08,213.52,135
2023-05-04 13:56:00,2327,213.6021,213.775,213.51,213.775,213.51,76
2023-05-04 13:57:00,19412,213.8633,213.7,213.89,214.11,213.595,206
2023-05-04 13:58:00,6565,213.7642,213.855,213.6459,213.93,213.6459,159
2023-05-04 13:59:00,5333,213.7053,213.74,213.545,213.85,213.5,117
2023-05-04 14:00:00,4606,213.3818,213.44,213.32,213.46,213.32,145
2023-05-04 14:01:00,10730,213.2346,213.21,213.234,213.32,213.1,215
2023-05-04 14:02:00,12433,213.2089,213.1693,213.07,213.34,212.98,202
2023-05-04 14:03:00,5332,213.1831,213.17,213.08,213.31,213.08,126
2023-05-04 14:04:00,4952,212.9011,213.02,213.08,213.08,212.77,108
2023-05-04 14:05:00,3676,213.0245,213.09,213.04,213.09,212.94,74
2023-05-04 14:06:00,4052,213.1536,212.98,213.06,213.27,212.98,103
2023-05-04 14:07:00,8036,212.5659,212.91,212.64,212.91,212.44,164
2023-05-04 14:08:00,2635,212.5443,212.61,212.585,212.61,212.495,82
2023-05-04 14:09:00,9812,212.4345,212.44,212.3899,212.6,212.275,215
2023-05-04 14:10:00,2138,212.6039,212.44,212.7,212.7,212.44,76
2023-05-04 14:11:00,3134,212.855,212.63,212.79,213.1324,212.63,115
2023-05-04 14:12:00,2504,212.7653,212.74,212.92,212.92,212.65,73
2023-05-04 14:13:00,5678,212.7972,212.8355,212.665,212.96,212.665,93
2023-05-04 14:14:00,2979,212.6087,212.65,212.83,212.83,212.545,82
2023-05-04 14:15:00,4790,213.0124,212.9522,213.0,213.11,212.88,69
2023-05-04 14:16:00,15338,212.3653,213.0,212.2849,213.0,212.0,293
2023-05-04 14:17:00,11955,211.9137,212.11,211.755,212.14,211.74,251
2023-05-04 14:18:00,6142,212.1597,211.88,212.22,212.46,211.8201,131
2023-05-04 14:19:00,3434,212.3478,212.11,212.39,212.4899,212.11,89
2023-05-04 14:20:00,8465,212.2611,212.3,212.11,212.41,212.07,155
2023-05-04 14:21:00,2007,211.9527,212.05,211.83,212.09,211.83,79
2023-05-04 14:22:00,3702,211.8349,211.9253,211.79,211.9253,211.75,69
2023-05-04 14:23:00,9342,211.6687,211.82,211.675,211.82,211.53,264
2023-05-04 14:24:00,3902,211.7384,211.6,211.77,211.83,211.6,108
2023-05-04 14:25:00,12742,211.7155,211.6601,211.62,211.75,211.59,122
2023-05-04 14:26:00,7054,211.4483,211.6,211.31,211.6,211.31,169
2023-05-04 14:27:00,11305,211.4788,211.395,211.55,211.62,211.37,201
2023-05-04 14:28:00,4261,211.5361,211.56,211.59,211.6,211.4,126
2023-05-04 14:29:00,3401,211.6287,211.56,211.6377,211.685,211.51,75
2023-05-04 14:30:00,7681,211.5721,211.63,211.525,211.67,211.46,216
2023-05-04 14:31:00,11469,211.7071,211.62,211.59,211.91,211.545,211
2023-05-04 14:32:00,11841,211.4821,211.55,211.36,211.6,211.36,171
2023-05-04 14:33:00,1872,211.4326,211.38,211.44,211.47,211.38,87
2023-05-04 14:34:00,15512,211.3409,211.36,211.53,211.53,211.24,290
2023-05-04 14:35:00,11187,211.9634,211.64,212.2,212.28,211.64,216
2023-05-04 14:36:00,3337,211.9565,212.0917,211.765,212.1,211.765,105
2023-05-04 14:37:00,5100,211.6365,211.76,211.55,211.76,211.5,107
2023-05-04 14:38:00,9083,211.3151,211.55,211.28,211.55,211.15,173
2023-05-04 14:39:00,11943,211.3018,211.31,211.28,211.47,211.22,184
2023-05-04 14:40:00,9220,211.3604,211.335,211.405,211.53,211.18,161
2023-05-04 14:41:00,12163,211.5267,211.405,211.61,211.69,211.4,209
2023-05-04 14:42:00,9092,211.8726,211.6,211.83,211.98,211.6,121
2023-05-04 14:43:00,11419,211.5089,211.71,211.42,211.71,211.365,211
2023-05-04 14:44:00,7873,211.0809,211.2876,210.99,211.2876,210.96,215
2023-05-04 14:45:00,5961,211.0423,211.07,210.99,211.17,210.96,138
2023-05-04 14:46:00,17946,211.514,210.97,212.06,212.13,210.91,379
2023-05-04 14:47:00,12047,212.1006,212.035,211.97,212.4,211.88,163
2023-05-04 14:48:00,7544,211.9505,211.98,212.115,212.1818,211.87,69
2023-05-04 14:49:00,6498,212.0398,212.04,211.9,212.2,211.9,140
2023-05-04 14:50:00,4954,211.8364,211.9,211.73,211.9658,211.69,110
2023-05-04 14:51:00,5362,211.8048,211.715,211.95,211.95,211.715,141
2023-05-04 14:52:00,4670,211.8277,211.96,211.78,212.06,211.71,126
2023-05-04 14:53:00,5040,211.8595,211.74,211.91,212.0,211.66,104
2023-05-04 14:54:00,2796,212.2234,211.98,212.2,212.3595,211.98,73
2023-05-04 14:55:00,3768,212.112,212.3299,212.0,212.3299,212.0,82
2023-05-04 14:56:00,4094,211.8478,211.92,211.785,212.0199,211.78,95
2023-05-04 14:57:00,5257,211.589,211.74,211.43,211.775,211.43,86
2023-05-04 14:58:00,7811,211.2428,211.43,211.275,211.5199,211.15,175
2023-05-04 14:59:00,6315,211.4132,211.285,211.48,211.56,211.26,135
2023-05-04 15:00:00,10834,211.5256,211.55,211.79,211.84,211.39,248
2023-05-04 15:01:00,4238,211.7031,211.785,211.72,211.785,211.66,107
2023-05-04 15:02:00,3225,211.666,211.72,211.52,211.84,211.52,87
2023-05-04 15:03:00,5237,211.5927,211.6,211.525,211.79,211.47,140
2023-05-04 15:04:00,3525,211.7536,211.635,211.82,211.9,211.635,107
2023-05-04 15:05:00,3541,211.8573,211.78,211.965,211.975,211.75,105
2023-05-04 15:06:00,4684,211.8141,211.975,211.885,211.975,211.7,110
2023-05-04 15:07:00,5988,212.1189,211.99,212.1,212.33,211.96,204
2023-05-04 15:08:00,2116,212.1214,212.0,212.142,212.27,211.97,88
2023-05-04 15:09:00,10345,212.4939,212.22,212.435,212.68,212.22,223
2023-05-04 15:10:00,4858,212.446,212.33,212.41,212.59,212.33,110
2023-05-04 15:11:00,3471,212.4339,212.41,212.35,212.515,212.34,83
2023-05-04 15:12:00,5819,212.524,212.41,212.435,212.6,212.41,102
2023-05-04 15:13:00,2447,212.4942,212.535,212.5,212.605,212.39,84
2023-05-04 15:14:00,4717,212.5148,212.3802,212.465,212.55,212.375,111
2023-05-04 15:15:00,5769,212.4446,212.44,212.56,212.56,212.3701,103
2023-05-04 15:16:00,2637,212.3765,212.4,212.22,212.59,212.22,83
2023-05-04 15:17:00,2308,212.1575,212.19,212.07,212.205,212.07,83
2023-05-04 15:18:00,4007,211.9502,212.075,211.835,212.075,211.835,99
2023-05-04 15:19:00,2428,211.9333,211.825,211.99,212.0899,211.825,78
2023-05-04 15:20:00,2756,211.9014,211.97,211.77,212.05,211.76,70
2023-05-04 15:21:00,6099,211.9433,211.82,211.76,212.12,211.76,155
2023-05-04 15:22:00,8906,211.8567,211.86,211.86,211.92,211.75,149
2023-05-04 15:23:00,8976,211.8201,211.855,211.64,211.96,211.64,154
2023-05-04 15:24:00,4974,211.501,211.63,211.295,211.63,211.295,130
2023-05-04 15:25:00,9146,211.4214,211.295,211.57,211.61,211.26,173
2023-05-04 15:26:00,5293,211.5717,211.57,211.585,211.65,211.505,115
2023-05-04 15:27:00,2442,211.758,211.605,211.915,211.99,211.605,97
2023-05-04 15:28:00,5947,211.6884,211.83,211.57,211.83,211.57,115
2023-05-04 15:29:00,3189,211.6614,211.61,211.7249,211.75,211.6,67
2023-05-04 15:30:00,7560,211.5265,211.665,211.23,211.69,211.23,261
2023-05-04 15:31:00,4782,211.1081,211.24,211.065,211.24,211.04,147
2023-05-04 15:32:00,5608,210.9899,211.115,210.82,211.1599,210.82,160
2023-05-04 15:33:00,6216,210.8461,210.82,210.805,210.91,210.8,142
2023-05-04 15:34:00,7293,210.8872,210.92,210.86,210.96,210.8,176
2023-05-04 15:35:00,13315,210.7729,210.9068,210.685,210.93,210.65,264
2023-05-04 15:36:00,11071,210.4871,210.62,210.38,210.6478,210.36,260
2023-05-04 15:37:00,7422,210.5898,210.395,210.72,210.78,210.395,165
2023-05-04 15:38:00,6272,210.8535,210.84,210.825,211.0199,210.74,126
2023-05-04 15:39:00,6809,210.7985,210.81,210.785,210.88,210.68,176
2023-05-04 15:40:00,6282,210.8458,210.84,210.68,210.9499,210.68,118
2023-05-04 15:41:00,8066,210.5312,210.66,210.54,210.69,210.44,200
2023-05-04 15:42:00,6801,210.5652,210.57,210.62,210.65,210.49,177
2023-05-04 15:43:00,9568,210.6071,210.7,210.63,210.7,210.49,101
2023-05-04 15:44:00,5328,210.7928,210.74,210.77,210.88,210.695,149
2023-05-04 15:45:00,3827,210.6585,210.72,210.665,210.72,210.55,92
2023-05-04 15:46:00,2129,210.6962,210.75,210.645,210.755,210.645,83
2023-05-04 15:47:00,4360,210.6414,210.56,210.62,210.71,210.56,110
2023-05-04 15:48:00,16464,210.5152,210.6244,210.62,210.6244,210.45,124
2023-05-04 15:49:00,4166,210.4843,210.595,210.49,210.62,210.4,102
2023-05-04 15:50:00,3012,210.4074,210.47,210.35,210.49,210.31,79
2023-05-04 15:51:00,9022,210.4446,210.3,210.48,210.57,210.3,130
2023-05-04 15:52:00,5230,210.506,210.52,210.55,210.6,210.42,146
2023-05-04 15:53:00,4821,210.5313,210.63,210.52,210.63,210.49,120
2023-05-04 15:54:00,3353,210.5428,210.51,210.62,210.62,210.5,88
2023-05-04 15:55:00,9777,210.4548,210.56,210.345,210.56,210.325,245
2023-05-04 15:56:00,18390,210.2002,210.345,210.26,210.345,210.11,351
2023-05-04 15:57:00,15444,210.1781,210.22,210.19,210.23,210.12,274
2023-05-04 15:58:00,18471,210.2363,210.2047,210.31,210.345,210.19,453
2023-05-04 15:59:00,12665,210.3401,210.36,210.22,210.4,210.21,261
2023-05-04 16:00:00,10894,210.1375,210.24,210.08,210.24,210.07,179
2023-05-04 16:01:00,17737,210.0654,210.05,210.17,210.21,210.02,323
2023-05-04 16:02:00,8822,210.1902,210.08,210.24,210.32,210.08,171
2023-05-04 16:03:00,29904,210.3063,210.27,210.38,210.41,210.21,494
2023-05-04 16:04:00,9264,210.2127,210.32,210.05,210.35,210.05,168
2023-05-04 16:05:00,27216,209.955,210.03,209.87,210.03,209.84,553
2023-05-04 16:06:00,8822,209.8651,209.86,209.9,209.94,209.7701,185
2023-05-04 16:07:00,3012,209.8195,209.915,209.76,209.915,209.74,100
2023-05-04 16:08:00,8602,209.7177,209.7466,209.6549,209.83,209.62,259
2023-05-04 16:09:00,9710,209.7925,209.71,209.83,209.83,209.71,164
2023-05-04 16:10:00,9697,209.597,209.82,209.45,209.82,209.44,190
2023-05-04 16:11:00,8721,209.3781,209.37,209.365,209.47,209.33,237
2023-05-04 16:12:00,10826,209.5297,209.48,209.5524,209.58,209.445,108
2023-05-04 16:13:00,2313,209.5667,209.63,209.5,209.63,209.5,99
2023-05-04 16:14:00,19388,209.5749,209.4795,209.6864,209.6864,209.37,214
2023-05-04 16:15:00,4636,209.5995,209.6597,209.61,209.66,209.51,153
2023-05-04 16:16:00,5546,209.7777,209.695,209.785,209.86,209.695,148
2023-05-04 16:17:00,3629,210.0013,209.785,210.115,210.13,209.785,105
2023-05-04 16:18:00,5850,210.0537,210.1599,209.96,210.16,209.92,117
2023-05-04 16:19:00,5095,209.8685,209.857,209.88,209.97,209.82,138
2023-05-04 16:20:00,1527,209.9457,209.885,209.92,209.93,209.885,72
2023-05-04 16:21:00,4044,210.0591,210.0999,210.0405,210.11,210.02,110
2023-05-04 16:22:00,7889,210.1997,210.13,210.11,210.3092,210.05,139
2023-05-04 16:23:00,9484,210.1011,210.19,210.27,210.27,209.96,141
2023-05-04 16:24:00,1820,210.2447,210.31,210.17,210.33,210.17,74
2023-05-04 16:25:00,6880,210.204,210.27,210.08,210.3138,210.08,117
2023-05-04 16:26:00,5816,209.9591,210.06,209.9401,210.07,209.8,134
2023-05-04 16:27:00,6225,209.8821,209.99,209.905,209.99,209.8,129
2023-05-04 16:28:00,6435,209.898,209.98,209.88,209.98,209.8,124
2023-05-04 16:29:00,3806,209.9366,209.87,210.04,210.04,209.84,86
2023-05-04 16:30:00,5012,210.2424,210.08,210.3,210.3,210.08,126
2023-05-04 16:31:00,7424,210.0205,210.2,209.965,210.2,209.91,174
2023-05-04 16:32:00,7569,209.8992,209.965,209.93,209.99,209.81,115
2023-05-04 16:33:00,2356,209.8573,209.89,209.81,209.89,209.81,52
2023-05-04 16:34:00,6093,209.8646,209.9,209.82,209.93,209.81,89
2023-05-04 16:35:00,7949,209.8013,209.81,209.885,209.885,209.73,152
2023-05-04 16:36:00,4601,210.0074,209.93,210.025,210.07,209.93,103
2023-05-04 16:37:00,6299,210.0589,210.045,210.07,210.135,209.98,101
2023-05-04 16:38:00,6725,210.0948,210.035,210.21,210.21,210.005,134
2023-05-04 16:39:00,12633,210.2952,210.2,210.3,210.3696,210.18,147
2023-05-04 16:40:00,5212,210.2577,210.2605,210.24,210.3,210.23,120
2023-05-04 16:41:00,1215,210.1762,210.24,210.14,210.24,210.14,59
2023-05-04 16:42:00,4185,210.0648,210.08,210.115,210.115,210.0001,113
2023-05-04 16:43:00,3110,210.2717,210.16,210.245,210.3282,210.16,108
2023-05-04 16:44:00,1712,210.2234,210.3,210.145,210.3,210.145,72
2023-05-04 16:45:00,6260,210.0027,210.15,210.04,210.16,209.92,145
2023-05-04 16:46:00,1704,210.1228,210.08,210.13,210.1525,210.08,67
2023-05-04 16:47:00,1884,210.1946,210.17,210.195,210.24,210.15,57
2023-05-04 16:48:00,3175,210.1401,210.12,210.16,210.2,210.0901,84
2023-05-04 16:49:00,4774,210.1401,210.13,210.155,210.2,210.08,103
2023-05-04 16:50:00,4905,210.2323,210.13,210.22,210.33,210.13,103
2023-05-04 16:51:00,4227,210.043,210.14,210.05,210.16,209.93,106
2023-05-04 16:52:00,10340,210.1117,209.9989,210.07,210.23,209.99,181
2023-05-04 16:53:00,3672,209.9509,210.0,209.94,210.0,209.9,127
2023-05-04 16:54:00,1594,210.0307,209.97,210.07,210.1,209.97,63
2023-05-04 16:55:00,4162,210.1682,210.02,210.24,210.24,210.02,119
2023-05-04 16:56:00,13572,210.2876,210.3,210.185,210.38,210.17,173
2023-05-04 16:57:00,5241,210.2547,210.23,210.41,210.41,210.17,124
2023-05-04 16:58:00,5215,210.3959,210.3,210.445,210.455,210.3,110
2023-05-04 16:59:00,2557,210.4853,210.43,210.505,210.55,210.43,80
2023-05-04 17:00:00,8171,210.4934,210.51,210.405,210.61,210.38,201
2023-05-04 17:01:00,3940,210.3541,210.41,210.415,210.45,210.315,114
2023-05-04 17:02:00,2100,210.2923,210.34,210.2192,210.34,210.2192,50
2023-05-04 17:03:00,2798,210.1862,210.245,210.08,210.25,210.08,66
2023-05-04 17:04:00,5816,210.1056,210.11,210.19,210.21,210.03,122
2023-05-04 17:05:00,3415,210.273,210.255,210.26,210.3199,210.19,76
2023-05-04 17:06:00,7467,210.2325,210.265,210.29,210.325,210.12,193
2023-05-04 17:07:00,6672,210.4283,210.365,210.31,210.57,210.31,169
2023-05-04 17:08:00,5518,210.3897,210.3064,210.43,210.43,210.29,98
2023-05-04 17:09:00,3994,210.4763,210.4,210.46,210.5999,210.4,95
2023-05-04 17:10:00,2748,210.4501,210.49,210.47,210.51,210.42,82
2023-05-04 17:11:00,1949,210.5502,210.54,210.54,210.58,210.525,80
2023-05-04 17:12:00,5129,210.4645,210.6,210.35,210.6,210.345,113
2023-05-04 17:13:00,2947,210.4435,210.415,210.33,210.519,210.33,98
2023-05-04 17:14:00,5261,210.3984,210.405,210.415,210.53,210.36,101
2023-05-04 17:15:00,3584,210.4913,210.41,210.59,210.65,210.405,114
2023-05-04 17:16:00,2059,210.5325,210.53,210.585,210.585,210.52,92
2023-05-04 17:17:00,8900,210.7802,210.57,210.9599,210.96,210.57,204
2023-05-04 17:18:00,9087,210.9116,210.8401,210.8919,211.09,210.8401,177
2023-05-04 17:19:00,5216,210.8601,210.91,210.79,210.91,210.76,113
2023-05-04 17:20:00,4380,210.7785,210.73,210.85,210.85,210.72,164
2023-05-04 17:21:00,1985,210.8772,210.85,210.99,210.99,210.79,76
2023-05-04 17:22:00,16522,211.4346,211.02,211.415,211.51,211.02,160
2023-05-04 17:23:00,5273,211.4076,211.47,211.45,211.55,211.29,111
2023-05-04 17:24:00,1807,211.3887,211.424,211.34,211.45,211.33,60
2023-05-04 17:25:00,3856,211.3362,211.33,211.305,211.4,211.27,106
2023-05-04 17:26:00,9714,211.0937,211.22,211.155,211.23,211.0102,224
2023-05-04 17:27:00,2845,211.134,211.15,211.055,211.155,211.055,44
2023-05-04 17:28:00,8217,211.1116,211.05,211.07,211.18,211.04,156
2023-05-04 17:29:00,3356,211.0351,211.055,211.04,211.07,210.99,85
2023-05-04 17:30:00,5315,211.0963,211.06,211.13,211.13,210.97,109
2023-05-04 17:31:00,4269,211.1135,211.16,211.04,211.16,211.04,80
2023-05-04 17:32:00,4968,211.1577,211.0701,211.18,211.215,211.02,146
2023-05-04 17:33:00,2143,211.0868,211.16,210.98,211.16,210.98,76
2023-05-04 17:34:00,3857,211.0778,210.95,211.205,211.21,210.92,116
2023-05-04 17:35:00,3490,211.137,211.1994,211.08,211.1994,211.08,74
2023-05-04 17:36:00,3467,211.0946,211.07,211.1,211.1,211.03,116
2023-05-04 17:37:00,2818,211.0637,211.14,211.0,211.14,211.0,65
2023-05-04 17:38:00,3740,210.9979,210.97,211.02,211.04,210.93,100
2023-05-04 17:39:00,3453,211.0869,210.99,211.09,211.19,210.93,101
2023-05-04 17:40:00,4334,210.9528,211.075,210.82,211.12,210.82,99
2023-05-04 17:41:00,3230,210.8701,210.82,210.91,210.9299,210.81,99
2023-05-04 17:42:00,4092,210.9614,210.924,211.0046,211.02,210.915,99
2023-05-04 17:43:00,2802,210.836,210.95,210.79,210.97,210.77,70
2023-05-04 17:44:00,5680,210.6474,210.75,210.6,210.75,210.55,95
2023-05-04 17:45:00,7021,210.5613,210.54,210.62,210.67,210.45,203
2023-05-04 17:46:00,2251,210.5505,210.6,210.45,210.6,210.45,61
2023-05-04 17:47:00,3694,210.4789,210.45,210.42,210.545,210.42,72
2023-05-04 17:48:00,7183,210.2461,210.4252,210.19,210.4252,210.12,168
2023-05-04 17:49:00,4514,210.186,210.225,210.1601,210.225,210.14,56
2023-05-04 17:50:00,7062,210.2339,210.16,210.22,210.31,210.13,152
2023-05-04 17:51:00,7429,210.1357,210.159,210.2,210.21,210.09,159
2023-05-04 17:52:00,1796,210.1915,210.18,210.205,210.205,210.17,56
2023-05-04 17:53:00,6538,210.3007,210.205,210.32,210.38,210.205,150
2023-05-04 17:54:00,14757,210.3856,210.36,210.45,210.53,210.33,143
2023-05-04 17:55:00,3656,210.4871,210.405,210.482,210.5599,210.405,123
2023-05-04 17:56:00,5203,210.6706,210.66,210.59,210.76,210.59,131
2023-05-04 17:57:00,8478,210.4204,210.6,210.305,210.6,210.27,140
2023-05-04 17:58:00,1436,210.2827,210.33,210.27,210.33,210.27,51
2023-05-04 17:59:00,4088,210.3592,210.285,210.43,210.43,210.285,111
2023-05-04 18:00:00,6725,210.4721,210.43,210.44,210.55,210.37,121
2023-05-04 18:01:00,2221,210.3721,210.44,210.37,210.44,210.27,84
2023-05-04 18:02:00,2635,210.3384,210.38,210.36,210.38,210.235,88
2023-05-04 18:03:00,3085,210.4015,210.3799,210.37,210.47,210.37,82
2023-05-04 18:04:00,3148,210.2023,210.33,210.16,210.33,210.155,69
2023-05-04 18:05:00,5890,210.2053,210.16,210.12,210.28,210.12,156
2023-05-04 18:06:00,9747,210.0377,210.1,210.035,210.11,209.99,280
2023-05-04 18:07:00,3259,210.1849,210.0838,210.21,210.32,210.075,108
2023-05-04 18:08:00,1073,210.1865,210.18,210.15,210.18,210.15,55
2023-05-04 18:09:00,2337,210.1646,210.13,210.23,210.2899,210.13,59
2023-05-04 18:10:00,4848,210.3682,210.28,210.42,210.49,210.28,135
2023-05-04 18:11:00,4045,210.279,210.41,210.2213,210.41,210.22,106
2023-05-04 18:12:00,2057,210.304,210.24,210.26,210.36,210.24,145
2023-05-04 18:13:00,2040,210.3435,210.29,210.3018,210.38,210.29,70
2023-05-04 18:14:00,1216,210.4721,210.415,210.485,210.485,210.415,57
2023-05-04 18:15:00,3292,210.4468,210.5,210.38,210.5,210.38,99
2023-05-04 18:16:00,2883,210.409,210.36,210.43,210.43,210.3,107
2023-05-04 18:17:00,989,210.3719,210.35,210.405,210.405,210.32,39
2023-05-04 18:18:00,1680,210.3904,210.47,210.32,210.54,210.32,55
2023-05-04 18:19:00,1536,210.3772,210.35,210.43,210.43,210.33,81
2023-05-04 18:20:00,3737,210.4739,210.4,210.47,210.53,210.4,123
2023-05-04 18:21:00,2619,210.4095,210.44,210.34,210.494,210.34,70
2023-05-04 18:22:00,4788,210.5064,210.3,210.12,210.3,210.12,95
2023-05-04 18:23:00,1623,210.2188,210.26,210.255,210.26,210.211,78
2023-05-04 18:24:00,2857,210.2673,210.23,210.2,210.3552,210.19,108
2023-05-04 18:25:00,3183,210.2198,210.21,210.16,210.25,210.16,92
2023-05-04 18:26:00,4165,210.102,210.16,210.08,210.18,210.0,108
2023-05-04 18:27:00,3991,210.0407,210.12,209.9901,210.12,209.99,143
2023-05-04 18:28:00,2736,210.1353,210.1,210.07,210.2,210.06,84
2023-05-04 18:29:00,6847,210.0982,210.09,210.12,210.2,210.01,148
2023-05-04 18:30:00,5133,210.0318,210.06,210.0,210.13,209.98,123
2023-05-04 18:31:00,16680,210.0045,210.0,209.96,210.09,209.94,346
2023-05-04 18:32:00,3982,210.0595,210.0,210.155,210.16,209.94,157
2023-05-04 18:33:00,903,210.1304,210.14,210.15,210.15,210.14,39
2023-05-04 18:34:00,5130,210.1063,210.15,210.22,210.22,210.01,143
2023-05-04 18:35:00,6697,210.4133,210.28,210.4817,210.52,210.27,97
2023-05-04 18:36:00,7541,210.4861,210.48,210.6,210.6,210.44,141
2023-05-04 18:37:00,3575,210.5601,210.63,210.485,210.63,210.46,96
2023-05-04 18:38:00,4864,210.3204,210.51,210.2,210.53,210.2,131
2023-05-04 18:39:00,4390,210.2092,210.1536,210.28,210.29,210.1536,83
2023-05-04 18:40:00,2327,210.2909,210.32,210.25,210.32,210.25,67
2023-05-04 18:41:00,3011,210.2499,210.32,210.22,210.32,210.21,98
2023-05-04 18:42:00,1725,210.2193,210.2177,210.315,210.315,210.18,53
2023-05-04 18:43:00,4118,210.1192,210.14,210.13,210.16,210.085,69
2023-05-04 18:44:00,6301,210.1022,210.08,210.09,210.15,210.07,70
2023-05-04 18:45:00,9092,210.1221,210.0863,210.08,210.19,210.06,207
2023-05-04 18:46:00,9036,210.1136,210.085,210.06,210.25,210.02,236
2023-05-04 18:47:00,5217,210.0328,210.03,210.01,210.09,209.9501,101
2023-05-04 18:48:00,798,210.0495,209.98,210.065,210.065,209.98,37
2023-05-04 18:49:00,1160,210.025,210.01,210.05,210.05,209.99,54
2023-05-04 18:50:00,3064,210.1429,210.06,210.215,210.22,210.06,84
2023-05-04 18:51:00,1843,210.2179,210.2005,210.19,210.27,210.19,74
2023-05-04 18:52:00,1681,210.177,210.13,210.24,210.24,210.09,68
2023-05-04 18:53:00,4999,210.3693,210.34,210.35,210.42,210.335,116
2023-05-04 18:54:00,4054,210.2995,210.365,210.25,210.365,210.25,71
2023-05-04 18:55:00,2544,210.3294,210.35,210.35,210.375,210.29,56
2023-05-04 18:56:00,2275,210.3504,210.36,210.38,210.4,210.31,66
2023-05-04 18:57:00,1528,210.4559,210.38,210.47,210.52,210.38,81
2023-05-04 18:58:00,1957,210.4181,210.47,210.37,210.47,210.37,60
2023-05-04 18:59:00,7306,210.4836,210.44,210.61,210.62,210.44,143
2023-05-04 19:00:00,10710,210.646,210.64,210.63,210.7199,210.58,189
2023-05-04 19:01:00,2374,210.6464,210.7,210.7206,210.7206,210.59,82
2023-05-04 19:02:00,3223,210.6116,210.64,210.6216,210.65,210.55,64
2023-05-04 19:03:00,3506,210.6781,210.6257,210.7499,210.7499,210.6257,92
2023-05-04 19:04:00,4053,210.7325,210.75,210.765,210.8,210.71,133
2023-05-04 19:05:00,2612,210.755,210.73,210.8,210.81,210.7,86
2023-05-04 19:06:00,3425,210.8151,210.81,210.925,210.925,210.81,77
2023-05-04 19:07:00,14181,211.0322,210.93,210.9257,211.175,210.89,277
2023-05-04 19:08:00,3189,210.9608,210.92,210.98,210.98,210.86,87
2023-05-04 19:09:00,2014,210.9079,210.93,210.86,210.9405,210.86,43
2023-05-04 19:10:00,2082,210.8613,210.88,210.86,210.885,210.82,64
2023-05-04 19:11:00,1537,210.8149,210.86,210.8,210.86,210.8,49
2023-05-04 19:12:00,11978,210.6337,210.78,210.58,210.8099,210.54,250
2023-05-04 19:13:00,3828,210.5156,210.54,210.48,210.5549,210.48,97
2023-05-04 19:14:00,3124,210.4593,210.46,210.41,210.4868,210.41,94
2023-05-04 19:15:00,2706,210.2538,210.37,210.18,210.37,210.18,102
2023-05-04 19:16:00,2012,210.1236,210.12,210.15,210.15,210.12,71
2023-05-04 19:17:00,9352,210.032,210.145,210.02,210.145,209.95,248
2023-05-04 19:18:00,7374,210.0316,210.07,209.97,210.07,209.93,127
2023-05-04 19:19:00,4489,209.9604,209.96,210.05,210.055,209.91,121
2023-05-04 19:20:00,2579,210.0132,210.01,210.001,210.04,209.9868,76
2023-05-04 19:21:00,4326,209.9733,209.99,209.97,210.07,209.89,153
2023-05-04 19:22:00,3831,209.9676,209.9504,210.0242,210.0242,209.927,114
2023-05-04 19:23:00,7260,210.0829,210.03,210.14,210.19,209.97,145
2023-05-04 19:24:00,4199,210.1985,210.205,210.1969,210.25,210.178,95
2023-05-04 19:25:00,8395,210.3712,210.24,210.47,210.48,210.24,154
2023-05-04 19:26:00,3760,210.4148,210.4776,210.375,210.4776,210.3502,99
2023-05-04 19:27:00,4213,210.2585,210.33,210.205,210.33,210.205,124
2023-05-04 19:28:00,5348,210.2097,210.18,210.24,210.27,210.15,140
2023-05-04 19:29:00,7093,210.3599,210.26,210.39,210.41,210.26,191
2023-05-04 19:30:00,3823,210.4314,210.36,210.47,210.49,210.36,106
2023-05-04 19:31:00,9099,210.4997,210.47,210.51,210.5901,210.45,199
2023-05-04 19:32:00,2698,210.5367,210.555,210.5,210.58,210.48,109
2023-05-04 19:33:00,5162,210.4382,210.48,210.42,210.484,210.37,131
2023-05-04 19:34:00,5943,210.5612,210.5,210.595,210.64,210.5,178
2023-05-04 19:35:00,6202,210.5735,210.58,210.65,210.65,210.52,164
2023-05-04 19:36:00,5985,210.7236,210.6341,210.87,210.87,210.62,134
2023-05-04 19:37:00,10678,210.882,210.88,210.835,210.96,210.835,276
2023-05-04 19:38:00,9065,210.7057,210.8,210.62,210.82,210.6,213
2023-05-04 19:39:00,3331,210.6568,210.65,210.6,210.69,210.6,115
2023-05-04 19:40:00,12038,210.576,210.58,210.53,210.63,210.52,208
2023-05-04 19:41:00,11057,210.6238,210.55,210.57,210.67,210.55,231
2023-05-04 19:42:00,13122,210.3693,210.57,210.25,210.57,210.15,368
2023-05-04 19:43:00,6080,210.2384,210.295,210.2488,210.295,210.16,176
2023-05-04 19:44:00,11649,210.1542,210.2,210.11,210.2,210.11,301
2023-05-04 19:45:00,23883,209.9554,210.09,209.87,210.09,209.87,481
2023-05-04 19:46:00,14600,209.9805,209.9382,210.02,210.08,209.86,297
2023-05-04 19:47:00,10807,210.2976,210.0,210.34,210.44,209.99,212
2023-05-04 19:48:00,12171,210.2611,210.36,210.21,210.39,210.16,253
2023-05-04 19:49:00,9821,210.3585,210.27,210.32,210.42,210.25,237
2023-05-04 19:50:00,27357,209.9991,210.3,209.88,210.33,209.84,461
2023-05-04 19:51:00,19177,209.9865,209.87,210.0,210.07,209.87,423
2023-05-04 19:52:00,17880,210.117,210.02,210.18,210.19,209.995,356
2023-05-04 19:53:00,20182,210.1959,210.17,210.175,210.25,210.15,451
2023-05-04 19:54:00,26058,210.0947,210.17,210.06,210.2,210.0,499
2023-05-04 19:55:00,33440,210.1363,210.07,210.34,210.39,209.95,747
2023-05-04 19:56:00,30558,210.2591,210.32,210.31,210.35,210.2,592
2023-05-04 19:57:00,35041,210.3209,210.31,210.38,210.41,210.22,679
2023-05-04 19:58:00,50796,210.4597,210.42,210.57,210.58,210.37,928
2023-05-04 19:59:00,95259,210.4257,210.54,210.42,210.59,210.3,1475
2023-05-04 20:00:00,13746,210.38,210.38,210.38,210.38,210.38,25
2023-05-04 20:07:00,100,210.5,210.5,210.5,210.5,210.5,1
2023-05-04 20:14:00,101,210.4365,210.4372,210.4372,210.4372,210.4372,2
2023-05-04 20:15:00,4431,210.38,210.38,210.38,210.38,210.38,3
2023-05-04 20:25:00,25851,210.38,210.38,210.38,210.38,210.38,1
2023-05-04 20:34:00,426,210.3993,210.38,210.38,210.38,210.38,11
2023-05-04 20:49:00,160,210.0012,210.05,210.05,210.05,210.05,2
2023-05-04 23:26:00,100,210.95,210.95,210.95,210.95,210.95,1
2023-05-05 11:06:00,130,211.0297,211.01,211.01,211.01,211.01,4
2023-05-05 12:14:00,500,212.0,212.0,212.0,212.0,212.0,1
2023-05-05 12:30:00,1251,212.4671,212.5,212.5,212.5,212.5,11
2023-05-05 12:35:00,708,212.9308,212.9,212.98,212.98,212.9,6
2023-05-05 12:46:00,400,213.0,213.0,213.0,213.0,213.0,1
2023-05-05 12:48:00,313,212.9973,213.0,213.0,213.0,213.0,9
2023-05-05 12:49:00,1410,210.4123,210.38,210.38,210.38,210.38,5
2023-05-05 12:50:00,154,212.5245,212.51,212.51,212.51,212.51,4
2023-05-05 12:53:00,163,212.5355,212.52,212.52,212.52,212.52,4
2023-05-05 12:55:00,548,212.5138,212.51,212.51,212.51,212.51,9
2023-05-05 12:57:00,116,212.51,212.51,212.51,212.51,212.51,3
2023-05-05 13:03:00,100,213.0,213.0,213.0,213.0,213.0,1
2023-05-05 13:07:00,202,212.9161,212.96,212.96,212.96,212.96,4
2023-05-05 13:12:00,100,212.9999,212.9999,212.9999,212.9999,212.9999,1
2023-05-05 13:13:00,320,213.0004,213.0,213.0,213.0,213.0,4
2023-05-05 13:14:00,313,213.3697,213.46,213.46,213.46,213.46,5
2023-05-05 13:27:00,457,214.0718,214.01,214.01,214.01,214.01,17
2023-05-05 13:28:00,220,214.36,214.36,214.36,214.36,214.36,1
2023-05-05 13:29:00,100,214.34,214.34,214.34,214.34,214.34,1
2023-05-05 13:30:00,83400,213.8216,213.59,214.33,214.41,213.12,491
2023-05-05 13:31:00,32550,214.9517,214.52,214.965,215.38,214.52,358
2023-05-05 13:32:00,13528,214.6712,214.946,214.73,215.0,214.41,259
2023-05-05 13:33:00,4397,214.7931,215.0,214.695,215.0,214.5225,128
2023-05-05 13:34:00,30906,214.7838,214.56,214.765,215.045,214.3201,242
2023-05-05 13:35:00,11719,214.451,214.85,214.36,214.8899,214.22,187
2023-05-05 13:36:00,1776,214.2314,214.37,214.27,214.37,214.12,54
2023-05-05 13:37:00,8838,214.2827,214.32,214.62,214.62,214.07,183
2023-05-05 13:38:00,12737,214.683,214.55,214.695,214.82,214.55,252
2023-05-05 13:39:00,9272,214.5831,214.67,214.59,214.72,214.44,181
2023-05-05 13:40:00,12733,214.9124,214.6,214.76,215.0,214.6,183
2023-05-05 13:41:00,9178,214.9432,214.84,214.9975,215.005,214.82,143
2023-05-05 13:42:00,35402,215.2158,215.0,215.055,215.487,214.97,429
2023-05-05 13:43:00,10109,215.0424,215.15,214.83,215.17,214.83,173
2023-05-05 13:44:00,5381,215.033,214.82,215.255,215.255,214.8,153
2023-05-05 13:45:00,8070,215.3116,215.245,215.2411,215.45,215.2411,153
2023-05-05 13:46:00,5949,215.3833,215.35,215.375,215.47,215.28,88
2023-05-05 13:47:00,5504,215.2413,215.435,214.9972,215.46,214.9972,171
2023-05-05 13:48:00,11408,214.9181,215.14,214.62,215.16,214.6,201
2023-05-05 13:49:00,4309,214.6597,214.59,214.68,214.68,214.59,112
2023-05-05 13:50:00,3376,214.6008,214.8,214.53,214.8,214.41,129
2023-05-05 13:51:00,5450,214.2806,214.515,214.23,214.515,214.09,161
2023-05-05 13:52:00,2744,214.2029,214.2497,214.16,214.29,214.0493,117
2023-05-05 13:53:00,5875,214.1016,214.23,214.085,214.23,213.94,138
2023-05-05 13:54:00,13052,213.713,214.0,213.515,214.01,213.42,249
2023-05-05 13:55:00,8070,213.7279,213.545,213.98,214.0,213.475,218
2023-05-05 13:56:00,4768,213.9855,213.945,214.0981,214.0981,213.85,66
2023-05-05 13:57:00,3947,213.7878,213.94,213.6,213.94,213.6,104
2023-05-05 13:58:00,4729,213.6733,213.58,213.676,213.8044,213.58,50
2023-05-05 13:59:00,1933,213.7728,213.79,213.6987,213.88,213.6987,63
2023-05-05 14:00:00,6484,213.936,213.755,214.115,214.115,213.715,124
2023-05-05 14:01:00,7406,213.8417,214.055,213.64,214.055,213.625,160
2023-05-05 14:02:00,11965,213.523,213.68,213.25,213.68,213.18,235
2023-05-05 14:03:00,9868,213.0951,213.2,213.25,213.29,212.98,237
2023-05-05 14:04:00,4075,213.7089,213.45,213.94,213.95,213.45,135
2023-05-05 14:05:00,7772,213.9597,213.92,213.93,214.03,213.87,145
2023-05-05 14:06:00,3436,213.82,213.9,213.71,213.9814,213.71,76
2023-05-05 14:07:00,5027,213.9847,213.74,214.1,214.17,213.67,119
2023-05-05 14:08:00,2066,214.1866,214.2,214.15,214.23,214.15,58
2023-05-05 14:09:00,5320,214.2149,214.17,214.25,214.28,214.14,106
2023-05-05 14:10:00,7448,213.9009,214.25,214.01,214.3,213.99,161
2023-05-05 14:11:00,5670,214.0146,213.99,214.08,214.115,213.95,122
2023-05-05 14:12:00,2316,213.948,214.0,213.865,214.055,213.85,81
2023-05-05 14:13:00,3185,213.9052,213.85,214.0,214.0,213.8,87
2023-05-05 14:14:00,6544,213.9805,213.99,213.93,214.055,213.88,154
2023-05-05 14:15:00,3602,213.7487,213.87,213.75,213.87,213.63,117
2023-05-05 14:16:00,5527,213.6721,213.7899,213.5,213.7899,213.5,121
2023-05-05 14:17:00,5274,213.4789,213.47,213.65,213.65,213.3201,191
2023-05-05 14:18:00,2319,213.7187,213.75,213.72,213.77,213.67,67
2023-05-05 14:19:00,1537,213.7304,213.73,213.69,213.775,213.69,68
2023-05-05 14:20:00,6059,213.7343,213.77,213.88,213.88,213.67,202
2023-05-05 14:21:00,6007,213.8108,213.925,213.63,213.96,213.63,177
2023-05-05 14:22:00,6585,213.3995,213.625,213.265,213.66,213.15,173
2023-05-05 14:23:00,9174,213.2477,213.305,212.975,213.43,212.97,259
2023-05-05 14:24:00,3227,213.136,213.0125,213.2727,213.2727,213.0125,102
2023-05-05 14:25:00,3011,213.3789,213.31,213.45,213.45,213.27,84
2023-05-05 14:26:00,7017,213.5018,213.575,213.405,213.605,213.405,175
2023-05-05 14:27:00,4605,213.3562,213.45,213.26,213.45,213.22,156
2023-05-05 14:28:00,3463,213.2871,213.22,213.4599,213.4599,213.16,185
2023-05-05 14:29:00,4292,213.5026,213.48,213.48,213.55,213.45,142
2023-05-05 14:30:00,4661,213.7608,213.61,213.795,213.915,213.61,106
2023-05-05 14:31:00,6064,213.6545,213.775,213.55,213.78,213.55,181
2023-05-05 14:32:00,18554,213.5308,213.58,213.57,213.62,213.41,220
2023-05-05 14:33:00,3969,213.5983,213.59,213.54,213.682,213.515,87
2023-05-05 14:34:00,2077,213.5961,213.52,213.7,213.7,213.51,75
2023-05-05 14:35:00,3103,213.6752,213.76,213.61,213.83,213.56,99
2023-05-05 14:36:00,3511,213.6652,213.65,213.675,213.77,213.6101,73
2023-05-05 14:37:00,13686,213.5005,213.76,213.427,213.76,213.42,239
2023-05-05 14:38:00,7767,213.5188,213.465,213.685,213.685,213.46,117
2023-05-05 14:39:00,11947,213.5152,213.685,213.54,213.685,213.45,262
2023-05-05 14:40:00,10513,213.6049,213.685,213.575,213.72,213.54,187
2023-05-05 14:41:00,4734,213.4327,213.61,213.335,213.61,213.31,125
2023-05-05 14:42:00,2754,213.2302,213.34,213.155,213.34,213.155,83
2023-05-05 14:43:00,4004,213.0069,213.16,212.82,213.16,212.73,125
2023-05-05 14:44:00,4435,213.0172,212.84,213.155,213.17,212.84,97
2023-05-05 14:45:00,3602,213.0761,213.19,213.09,213.2,212.95,97
2023-05-05 14:46:00,4507,212.9358,212.95,212.995,212.995,212.855,126
2023-05-05 14:47:00,5013,213.2248,213.13,213.2,213.3,213.13,139
2023-05-05 14:48:00,7508,213.2133,213.21,213.24,213.32,213.13,123
2023-05-05 14:49:00,2589,213.2574,213.23,213.255,213.305,213.1801,65
2023-05-05 14:50:00,15770,213.4898,213.29,213.57,213.59,213.29,251
2023-05-05 14:51:00,7570,213.6337,213.57,213.64,213.685,213.57,118
2023-05-05 14:52:00,4161,213.7577,213.77,213.79,213.8,213.72,111
2023-05-05 14:53:00,4056,213.7886,213.78,213.805,213.85,213.74,119
2023-05-05 14:54:00,8846,213.7692,213.85,213.52,213.95,213.51,202
2023-05-05 14:55:00,9039,213.515,213.47,213.5257,213.6,213.36,203
2023-05-05 14:56:00,4778,213.4846,213.545,213.525,213.545,213.39,124
2023-05-05 14:57:00,2447,213.4923,213.5,213.545,213.545,213.4,94
2023-05-05 14:58:00,8457,213.533,213.545,213.555,213.6,213.45,154
2023-05-05 14:59:00,5589,213.6067,213.6,213.7,213.75,213.565,156
2023-05-05 15:00:00,5435,213.7953,213.74,213.91,213.91,213.73,102
2023-05-05 15:01:00,10406,213.9071,213.9,213.86,213.9286,213.86,44
2023-05-05 15:02:00,3903,213.8218,213.91,213.83,213.91,213.75,95
2023-05-05 15:03:00,799,213.7734,213.83,213.765,213.83,213.74,31
2023-05-05 15:04:00,664,213.7794,213.79,213.805,213.805,213.75,58
2023-05-05 15:05:00,3872,213.8572,213.805,213.79,213.92,213.79,97
2023-05-05 15:06:00,2606,213.8967,213.82,213.9,213.95,213.82,83
2023-05-05 15:07:00,4265,213.8552,213.85,213.77,213.94,213.77,119
2023-05-05 15:08:00,985,213.7646,213.82,213.71,213.82,213.71,38
2023-05-05 15:09:00,10267,213.5149,213.74,213.3697,213.74,213.28,237
2023-05-05 15:10:00,6023,213.2347,213.34,213.29,213.34,213.13,128
2023-05-05 15:11:00,10890,213.2863,213.3497,213.27,213.39,213.13,236
2023-05-05 15:12:00,2893,213.3162,213.24,213.25,213.33,213.24,79
2023-05-05 15:13:00,2551,213.1472,213.2223,213.1,213.2223,213.1,85
2023-05-05 15:14:00,2903,213.1065,213.055,213.14,213.14,213.0501,95
2023-05-05 15:15:00,3085,213.1213,213.14,213.16,213.19,213.055,92
2023-05-05 15:16:00,6610,213.2188,213.2,213.19,213.33,213.14,135
2023-05-05 15:17:00,6820,213.1067,213.14,213.05,213.15,213.045,141
2023-05-05 15:18:00,5214,212.9902,213.06,212.89,213.0799,212.86,126
2023-05-05 15:19:00,4721,212.7731,212.82,212.81,212.82,212.73,116
2023-05-05 15:20:00,3765,212.9527,212.805,212.995,213.03,212.805,89
2023-05-05 15:21:00,4115,212.903,212.96,212.865,212.96,212.81,99
2023-05-05 15:22:00,4256,212.7669,212.8,212.76,212.81,212.65,125
2023-05-05 15:23:00,3654,212.8845,212.71,212.96,213.01,212.7,89
2023-05-05 15:24:00,3548,212.9896,212.94,213.0308,213.06,212.94,94
2023-05-05 15:25:00,3297,212.9685,212.9844,212.975,213.0,212.92,80
2023-05-05 15:26:00,6458,212.8917,212.92,212.96,212.97,212.83,134
2023-05-05 15:27:00,1678,213.025,212.91,213.08,213.09,212.91,66
2023-05-05 15:28:00,3946,213.0477,213.0655,213.18,213.18,213.0,90
2023-05-05 15:29:00,6507,213.1553,213.18,213.195,213.215,213.03,126
2023-05-05 15:30:00,3213,213.187,213.24,213.17,213.24,213.15,79
2023-05-05 15:31:00,7354,213.0743,213.2,212.95,213.24,212.95,153
2023-05-05 15:32:00,4407,212.8843,212.9787,212.86,212.9787,212.82,95
2023-05-05 15:33:00,2392,212.8464,212.845,212.87,212.89,212.795,63
2023-05-05 15:34:00,3154,212.9155,212.9,212.92,212.96,212.87,86
2023-05-05 15:35:00,3616,212.841,212.91,212.85,212.91,212.78,95
2023-05-05 15:36:00,3824,212.7117,212.8,212.69,212.8,212.65,115
2023-05-05 15:37:00,2793,212.6426,212.62,212.7,212.7,212.61,76
2023-05-05 15:38:00,2873,212.8002,212.71,212.8433,212.88,212.71,118
2023-05-05 15:39:00,1970,212.8101,212.805,212.81,212.85,212.7832,95
2023-05-05 15:40:00,3172,212.7718,212.79,212.8591,212.8591,212.74,107
2023-05-05 15:41:00,5713,212.7291,212.855,212.68,212.89,212.58,123
2023-05-05 15:42:00,746,212.7287,212.69,212.77,212.8,212.69,39
2023-05-05 15:43:00,5143,212.625,212.72,212.63,212.72,212.5737,101
2023-05-05 15:44:00,7828,212.5581,212.67,212.455,212.72,212.4,133
2023-05-05 15:45:00,3224,212.5014,212.48,212.57,212.57,212.475,105
2023-05-05 15:46:00,3405,212.6875,212.6,212.675,212.77,212.6,130
2023-05-05 15:47:00,3529,212.6802,212.665,212.74,212.76,212.63,105
2023-05-05 15:48:00,2562,212.7528,212.74,212.76,212.7756,212.7256,65
2023-05-05 15:49:00,1851,212.768,212.755,212.76,212.8,212.755,47
2023-05-05 15:50:00,2873,212.8084,212.79,212.82,212.85,212.74,76
2023-05-05 15:51:00,4230,212.9446,212.85,212.91,213.0038,212.85,105
2023-05-05 15:52:00,4961,212.8392,212.92,212.74,212.93,212.73,105
2023-05-05 15:53:00,5811,212.6803,212.75,212.63,212.75,212.63,142
2023-05-05 15:54:00,2995,212.6658,212.68,212.69,212.7,212.63,67
2023-05-05 15:55:00,6736,212.7076,212.67,212.83,212.83,212.63,157
2023-05-05 15:56:00,12063,212.9225,212.85,212.835,212.96,212.835,246
2023-05-05 15:57:00,7371,212.8844,212.84,212.89,212.935,212.835,158
2023-05-05 15:58:00,5169,212.9964,212.89,212.99,213.07,212.89,121
2023-05-05 15:59:00,4497,213.0056,212.99,213.05,213.08,212.94,89
2023-05-05 16:00:00,2708,213.1018,213.1,213.13,213.14,213.085,57
2023-05-05 16:01:00,4063,213.1015,213.16,213.04,213.16,213.04,87
2023-05-05 16:02:00,8830,212.9884,213.03,213.1,213.124,212.9,206
2023-05-05 16:03:00,8896,213.0337,213.085,212.915,213.11,212.915,161
2023-05-05 16:04:00,3303,212.8638,212.8311,212.8222,212.9,212.8222,121
2023-05-05 16:05:00,3365,212.7888,212.74,212.8001,212.82,212.74,86
2023-05-05 16:06:00,3140,212.758,212.75,212.8,212.8,212.67,95
2023-05-05 16:07:00,5923,212.8464,212.84,212.77,212.93,212.77,161
2023-05-05 16:08:00,1364,212.7777,212.77,212.79,212.79,212.75,48
2023-05-05 16:09:00,5060,212.7915,212.81,212.8427,212.86,212.76,129
2023-05-05 16:10:00,2448,212.8307,212.82,212.9316,212.9316,212.79,67
2023-05-05 16:11:00,1983,212.9796,212.94,212.965,213.01,212.94,55
2023-05-05 16:12:00,4655,212.8787,212.98,212.825,212.98,212.75,105
2023-05-05 16:13:00,2030,212.8438,212.84,212.86,212.86,212.8001,57
2023-05-05 16:14:00,3416,212.8204,212.905,212.75,212.905,212.75,83
2023-05-05 16:15:00,2216,212.7717,212.75,212.81,212.81,212.75,68
2023-05-05 16:16:00,2238,212.8968,212.87,212.95,212.95,212.865,68
2023-05-05 16:17:00,5498,212.9308,212.92,212.92,212.9869,212.895,146
2023-05-05 16:18:00,4025,213.0042,212.95,213.06,213.08,212.93,113
2023-05-05 16:19:00,3467,212.9928,213.06,213.0399,213.06,212.945,81
2023-05-05 16:20:00,1556,213.026,213.0,213.045,213.05,212.98,55
2023-05-05 16:21:00,12864,213.0634,213.07,213.23,213.23,213.03,126
2023-05-05 16:22:00,6619,213.2695,213.255,213.3,213.32,213.2,134
2023-05-05 16:23:00,1335,213.2984,213.31,213.27,213.325,213.27,36
2023-05-05 16:24:00,7250,213.361,213.29,213.51,213.51,213.275,178
2023-05-05 16:25:00,3692,213.4828,213.54,213.49,213.59,213.45,87
2023-05-05 16:26:00,4481,213.4432,213.47,213.47,213.475,213.42,80
2023-05-05 16:27:00,3021,213.4162,213.42,213.375,213.47,213.37,99
2023-05-05 16:28:00,5742,213.3311,213.3,213.455,213.455,213.27,82
2023-05-05 16:29:00,2304,213.3619,213.41,213.35,213.41,213.32,62
2023-05-05 16:30:00,1930,213.373,213.375,213.41,213.41,213.375,63
2023-05-05 16:31:00,16933,213.3405,213.5,213.37,213.5,213.28,233
2023-05-05 16:32:00,3561,213.3377,213.3575,213.305,213.4,213.29,83
2023-05-05 16:33:00,1970,213.2945,213.29,213.3,213.3,213.28,76
2023-05-05 16:34:00,1139,213.3321,213.2933,213.38,213.38,213.275,54
2023-05-05 16:35:00,2257,213.3657,213.4,213.37,213.4,213.32,57
2023-05-05 16:36:00,2472,213.4167,213.45,213.36,213.47,213.35,77
2023-05-05 16:37:00,2277,213.3063,213.385,213.22,213.385,213.22,79
2023-05-05 16:38:00,2078,213.2882,213.27,213.31,213.33,213.26,73
2023-05-05 16:39:00,6484,213.2138,213.27,213.1501,213.27,213.1501,67
2023-05-05 16:40:00,994,213.1956,213.195,213.25,213.25,213.16,56
2023-05-05 16:41:00,2041,213.201,213.18,213.23,213.23,213.18,60
2023-05-05 16:42:00,2433,213.1573,213.215,213.14,213.215,213.11,65
2023-05-05 16:43:00,3207,213.0674,213.18,213.05,213.18,213.01,77
2023-05-05 16:44:00,2711,213.0222,213.05,212.98,213.06,212.98,65
2023-05-05 16:45:00,1633,212.9906,213.02,212.99,213.02,212.97,59
2023-05-05 16:46:00,2363,213.0319,212.99,213.03,213.11,212.96,69
2023-05-05 16:47:00,1645,213.0311,213.0275,213.005,213.075,213.005,53
2023-05-05 16:48:00,1597,212.8998,213.0,212.8,213.0,212.8,55
2023-05-05 16:49:00,3809,212.8879,212.8,212.92,212.93,212.8,131
2023-05-05 16:50:00,3790,212.9347,212.94,212.91,212.955,212.8701,127
2023-05-05 16:51:00,1094,212.9508,212.965,213.0,213.0,212.905,41
2023-05-05 16:52:00,2181,213.1091,212.985,213.21,213.21,212.985,76
2023-05-05 16:53:00,1880,213.2423,213.18,213.27,213.28,213.18,67
2023-05-05 16:54:00,1767,213.2255,213.21,213.225,213.26,213.2,48
2023-05-05 16:55:00,1141,213.2852,213.19,213.315,213.315,213.19,59
2023-05-05 16:56:00,4608,213.4419,213.4,213.52,213.54,213.39,127
2023-05-05 16:57:00,563,213.5421,213.56,213.555,213.56,213.555,31
2023-05-05 16:58:00,8490,213.4998,213.54,213.52,213.55,213.46,147
2023-05-05 16:59:00,1810,213.5564,213.495,213.5752,213.595,213.495,35
2023-05-05 17:00:00,6394,213.6029,213.59,213.645,213.665,213.57,151
2023-05-05 17:01:00,2258,213.5924,213.625,213.5826,213.63,213.58,66
2023-05-05 17:02:00,1312,213.6391,213.6,213.685,213.685,213.6,50
2023-05-05 17:03:00,1817,213.7656,213.73,213.76,213.8,213.73,83
2023-05-05 17:04:00,2665,213.7074,213.76,213.645,213.76,213.645,68
2023-05-05 17:05:00,3395,213.6302,213.6795,213.64,213.6795,213.58,86
2023-05-05 17:06:00,3523,213.5342,213.59,213.43,213.6,213.43,83
2023-05-05 17:07:00,1777,213.5081,213.49,213.53,213.535,213.48,53
2023-05-05 17:08:00,2661,213.4673,213.48,213.4,213.51,213.4,87
2023-05-05 17:09:00,3163,213.459,213.38,213.435,213.5,213.38,71
2023-05-05 17:10:00,818,213.4474,213.39,213.455,213.46,213.39,25
2023-05-05 17:11:00,1767,213.4247,213.43,213.395,213.48,213.38,54
2023-05-05 17:12:00,2325,213.3704,213.42,213.29,213.455,213.29,69
2023-05-05 17:13:00,1022,213.3526,213.39,213.39,213.39,213.39,48
2023-05-05 17:14:00,1912,213.338,213.34,213.305,213.36,213.305,58
2023-05-05 17:15:00,2241,213.3442,213.305,213.33,213.38,213.28,62
2023-05-05 17:16:00,581,213.3616,213.35,213.35,213.35,213.35,30
2023-05-05 17:17:00,4074,213.2212,213.34,213.11,213.34,213.095,121
2023-05-05 17:18:00,2162,213.1508,213.12,213.185,213.2,213.095,55
2023-05-05 17:19:00,2821,213.2113,213.2,213.225,213.225,213.19,67
2023-05-05 17:20:00,2860,213.3219,213.26,213.33,213.39,213.26,94
2023-05-05 17:21:00,7839,213.3472,213.33,213.31,213.42,213.3,155
2023-05-05 17:22:00,5629,213.4055,213.35,213.45,213.45,213.35,121
2023-05-05 17:23:00,2546,213.3605,213.41,213.3,213.41,213.2953,64
2023-05-05 17:24:00,1125,213.3405,213.34,213.3167,213.36,213.3167,43
2023-05-05 17:25:00,2953,213.4103,213.4,213.41,213.455,213.38,53
2023-05-05 17:26:00,2775,213.4689,213.445,213.4942,213.5,213.445,76
2023-05-05 17:27:00,874,213.4578,213.495,213.44,213.495,213.44,35
2023-05-05 17:28:00,7178,213.5243,213.4432,213.5,213.6,213.4432,149
2023-05-05 17:29:00,5041,213.4246,213.49,213.41,213.49,213.34,107
2023-05-05 17:30:00,2558,213.5292,213.4,213.56,213.6,213.38,63
2023-05-05 17:31:00,3663,213.4719,213.53,213.39,213.55,213.39,90
2023-05-05 17:32:00,1377,213.4195,213.42,213.42,213.4411,213.3878,36
2023-05-05 17:33:00,2421,213.4069,213.46,213.4,213.46,213.39,51
2023-05-05 17:34:00,1819,213.4487,213.44,213.4319,213.48,213.43,55
2023-05-05 17:35:00,1506,213.5453,213.51,213.54,213.555,213.51,46
2023-05-05 17:36:00,1891,213.5734,213.58,213.5887,213.5887,213.54,49
2023-05-05 17:37:00,2555,213.5772,213.59,213.56,213.6138,213.555,65
2023-05-05 17:38:00,4666,213.4657,213.57,213.385,213.57,213.385,97
2023-05-05 17:39:00,1624,213.4284,213.4,213.4276,213.46,213.4,44
2023-05-05 17:40:00,1023,213.4251,213.39,213.47,213.47,213.39,45
2023-05-05 17:41:00,3727,213.4738,213.4999,213.39,213.5299,213.39,78
2023-05-05 17:42:00,694,213.3734,213.38,213.37,213.38,213.37,36
2023-05-05 17:43:00,3953,213.3773,213.3201,213.37,213.41,213.3201,118
2023-05-05 17:44:00,3525,213.4026,213.41,213.39,213.43,213.36,131
2023-05-05 17:45:00,2302,213.4402,213.4,213.48,213.48,213.4,43
2023-05-05 17:46:00,2120,213.5084,213.51,213.49,213.54,213.49,57
2023-05-05 17:47:00,583,213.4668,213.49,213.48,213.49,213.48,17
2023-05-05 17:48:00,4217,213.4806,213.49,213.44,213.525,213.44,96
2023-05-05 17:49:00,1921,213.4544,213.45,213.43,213.475,213.43,60
2023-05-05 17:50:00,30687,213.5371,213.51,213.5,213.56,213.48,137
2023-05-05 17:51:00,1875,213.5112,213.51,213.5,213.545,213.48,49
2023-05-05 17:52:00,2706,213.4447,213.5,213.41,213.5,213.41,55
2023-05-05 17:53:00,2638,213.4012,213.39,213.4069,213.42,213.38,46
2023-05-05 17:54:00,2345,213.413,213.38,213.47,213.47,213.38,82
2023-05-05 17:55:00,2326,213.4706,213.49,213.44,213.5,213.44,51
2023-05-05 17:56:00,1413,213.4089,213.41,213.41,213.41,213.39,57
2023-05-05 17:57:00,1924,213.3881,213.44,213.4264,213.44,213.3501,63
2023-05-05 17:58:00,16677,213.5179,213.51,213.485,213.57,213.47,75
2023-05-05 17:59:00,2281,213.5801,213.54,213.62,213.62,213.54,69
2023-05-05 18:00:00,3427,213.6379,213.6,213.65,213.68,213.6,117
2023-05-05 18:01:00,2423,213.7137,213.66,213.78,213.78,213.66,69
2023-05-05 18:02:00,5288,213.78,213.78,213.79,213.81,213.74,190
2023-05-05 18:03:00,3758,213.7922,213.8299,213.77,213.835,213.77,85
2023-05-05 18:04:00,1798,213.8389,213.8,213.85,213.875,213.8,76
2023-05-05 18:05:00,3317,213.9102,213.895,213.93,213.93,213.89,83
2023-05-05 18:06:00,9527,213.994,213.96,214.04,214.04,213.95,154
2023-05-05 18:07:00,3224,214.0362,214.06,214.02,214.06,214.02,65
2023-05-05 18:08:00,2853,214.1396,214.03,214.228,214.228,214.03,76
2023-05-05 18:09:00,5830,214.25,214.25,214.23,214.33,214.21,129
2023-05-05 18:10:00,1472,214.3709,214.29,214.4,214.41,214.29,83
2023-05-05 18:11:00,3749,214.3148,214.37,214.252,214.37,214.245,97
2023-05-05 18:12:00,2270,214.2131,214.2566,214.21,214.2566,214.19,87
2023-05-05 18:13:00,2479,214.1323,214.14,214.14,214.16,214.09,83
2023-05-05 18:14:00,3011,214.148,214.135,214.1599,214.18,214.12,83
2023-05-05 18:15:00,1276,214.2333,214.17,214.315,214.315,214.17,45
2023-05-05 18:16:00,2969,214.2744,214.28,214.3,214.33,214.22,89
2023-05-05 18:17:00,4349,214.3103,214.28,214.24,214.39,214.24,122
2023-05-05 18:18:00,1657,214.2054,214.26,214.17,214.26,214.17,48
2023-05-05 18:19:00,2216,214.1224,214.16,214.061,214.16,214.061,78
2023-05-05 18:20:00,4205,214.1454,214.1,214.17,214.21,214.07,106
2023-05-05 18:21:00,2758,214.2009,214.22,214.25,214.25,214.135,118
2023-05-05 18:22:00,1426,214.3104,214.26,214.36,214.36,214.26,51
2023-05-05 18:23:00,2058,214.3275,214.32,214.355,214.355,214.3,52
2023-05-05 18:24:00,2486,214.2936,214.32,214.285,214.34,214.25,67
2023-05-05 18:25:00,6122,214.3093,214.2981,214.34,214.41,214.24,172
2023-05-05 18:26:00,1911,214.3522,214.39,214.34,214.39,214.315,76
2023-05-05 18:27:00,5611,214.555,214.395,214.6,214.69,214.395,150
2023-05-05 18:28:00,2252,214.6554,214.57,214.6912,214.7,214.57,67
2023-05-05 18:29:00,3272,214.622,214.675,214.56,214.68,214.56,126
2023-05-05 18:30:00,2032,214.5997,214.54,214.69,214.69,214.48,81
2023-05-05 18:31:00,2131,214.6595,214.65,214.72,214.72,214.605,84
2023-05-05 18:32:00,4612,214.7234,214.7,214.79,214.81,214.66,115
2023-05-05 18:33:00,4066,214.695,214.73,214.74,214.75,214.63,119
2023-05-05 18:34:00,3509,214.6463,214.69,214.63,214.69,214.628,93
2023-05-05 18:35:00,1967,214.7309,214.67,214.755,214.77,214.67,71
2023-05-05 18:36:00,2363,214.7747,214.7464,214.77,214.8322,214.7464,85
2023-05-05 18:37:00,2435,214.8358,214.795,214.8,214.865,214.795,79
2023-05-05 18:39:00,2335,214.7986,214.83,214.8,214.86,214.78,75
2023-05-05 18:40:00,3776,214.8754,214.83,214.89,214.905,214.83,79
2023-05-05 18:41:00,3490,214.8829,214.86,214.9,214.95,214.82,102
2023-05-05 18:42:00,2451,214.9148,214.895,214.9,214.95,214.895,73
2023-05-05 18:43:00,3031,214.926,214.94,214.9007,214.97,214.88,73
2023-05-05 18:44:00,3997,214.9267,214.9791,214.895,214.9791,214.87,58
2023-05-05 18:45:00,2979,214.9578,214.895,215.01,215.03,214.86,119
2023-05-05 18:46:00,4270,214.9512,214.96,214.945,215.01,214.9,96
2023-05-05 18:47:00,1063,214.9331,214.94,214.92,214.94,214.92,61
2023-05-05 18:48:00,5204,215.018,214.97,215.01,215.05,214.95,108
2023-05-05 18:49:00,2493,215.0697,215.02,215.13,215.13,215.01,84
2023-05-05 18:50:00,4210,215.1556,215.12,215.19,215.22,215.07,135
2023-05-05 18:51:00,1461,215.2446,215.195,215.2731,215.2731,215.195,80
2023-05-05 18:52:00,2707,215.2825,215.3,215.295,215.3299,215.26,75
2023-05-05 18:53:00,3511,215.2991,215.2933,215.3,215.3311,215.26,100
2023-05-05 18:54:00,2853,215.3392,215.34,215.31,215.372,215.3,92
2023-05-05 18:55:00,2677,215.3676,215.36,215.4,215.43,215.3137,90
2023-05-05 18:56:00,4416,215.4037,215.44,215.45,215.45,215.36,111
2023-05-05 18:57:00,12663,215.5356,215.3743,215.58,215.68,215.3743,302
2023-05-05 18:58:00,12802,215.4721,215.611,215.34,215.65,215.33,271
2023-05-05 18:59:00,10235,215.2673,215.335,215.22,215.37,215.169,228
2023-05-05 19:00:00,3792,215.222,215.28,215.1801,215.319,215.16,88
2023-05-05 19:01:00,3665,215.1764,215.21,215.13,215.21,215.125,85
2023-05-05 19:02:00,4512,215.1758,215.12,215.13,215.21,215.12,123
2023-05-05 19:03:00,2937,215.221,215.2,215.27,215.29,215.1601,92
2023-05-05 19:04:00,2788,215.2843,215.25,215.3,215.3499,215.23,86
2023-05-05 19:05:00,5152,215.3305,215.27,215.35,215.355,215.27,94
2023-05-05 19:06:00,3328,215.2797,215.35,215.26,215.35,215.18,98
2023-05-05 19:07:00,2565,215.2249,215.26,215.265,215.275,215.2,88
2023-05-05 19:08:00,2934,215.2686,215.22,215.29,215.3,215.21,79
2023-05-05 19:09:00,6181,215.2598,215.27,215.2,215.27,215.2,141
2023-05-05 19:10:00,2152,215.1714,215.17,215.175,215.175,215.16,72
2023-05-05 19:11:00,4609,215.1489,215.16,215.18,215.18,215.12,108
2023-05-05 19:12:00,6227,215.1914,215.18,215.15,215.225,215.15,196
2023-05-05 19:13:00,5862,215.1542,215.15,215.12,215.21,215.12,144
2023-05-05 19:14:00,5991,215.1143,215.12,215.14,215.17,215.08,190
2023-05-05 19:15:00,2671,215.1673,215.12,215.135,215.2,215.12,94
2023-05-05 19:16:00,3134,215.1781,215.19,215.19,215.22,215.14,104
2023-05-05 19:17:00,3659,215.1475,215.18,215.14,215.205,215.12,145
2023-05-05 19:18:00,2495,215.1027,215.14,215.08,215.14,215.08,70
2023-05-05 19:19:00,4255,214.9915,215.07,214.97,215.07,214.94,165
2023-05-05 19:20:00,6171,214.958,215.0,214.85,215.02,214.85,143
2023-05-05 19:21:00,1382,214.9668,214.895,215.0126,215.0126,214.895,71
2023-05-05 19:22:00,3815,215.0397,215.01,215.09,215.09,215.01,154
2023-05-05 19:23:00,4141,215.0651,215.12,215.04,215.12,215.04,123
2023-05-05 19:24:00,3315,215.0261,215.06,215.07,215.08,214.98,110
2023-05-05 19:25:00,5088,215.0348,215.085,215.02,215.085,215.0,131
2023-05-05 19:26:00,3335,215.0173,215.055,214.985,215.055,214.985,79
2023-05-05 19:27:00,3980,214.9873,214.98,214.995,215.015,214.96,131
2023-05-05 19:28:00,4817,215.008,215.02,215.07,215.07,214.92,145
2023-05-05 19:29:00,4249,215.0448,215.08,215.02,215.1299,214.99,102
2023-05-05 19:30:00,9409,214.9394,215.015,215.04,215.04,214.87,286
2023-05-05 19:31:00,6836,215.0688,215.01,215.07,215.13,214.98,163
2023-05-05 19:32:00,6608,215.0034,215.05,214.99,215.05,214.95,164
2023-05-05 19:33:00,5926,214.9253,214.98,214.88,214.99,214.87,156
2023-05-05 19:34:00,6701,214.8803,214.89,214.85,214.94,214.8201,207
2023-05-05 19:35:00,5155,214.8392,214.84,214.79,214.88,214.78,207
2023-05-05 19:36:00,7265,214.7536,214.82,214.67,214.82,214.66,187
2023-05-05 19:37:00,5506,214.7047,214.655,214.75,214.79,214.65,202
2023-05-05 19:38:00,6282,214.7544,214.78,214.77,214.81,214.71,176
2023-05-05 19:39:00,9386,214.7343,214.75,214.77,214.77,214.69,254
2023-05-05 19:40:00,6423,214.7583,214.76,214.8,214.8,214.73,228
2023-05-05 19:41:00,9367,214.7973,214.77,214.82,214.83,214.74,222
2023-05-05 19:42:00,7713,214.8986,214.83,214.93,214.97,214.83,243
2023-05-05 19:43:00,11727,214.9826,214.92,214.99,215.005,214.92,214
2023-05-05 19:44:00,8457,214.9568,215.01,214.88,215.03,214.88,239
2023-05-05 19:45:00,7009,214.8256,214.82,214.79,214.86,214.76,192
2023-05-05 19:46:00,6523,214.8519,214.82,214.88,214.88,214.82,180
2023-05-05 19:47:00,9928,214.8349,214.86,214.87,214.885,214.8,259
2023-05-05 19:48:00,9019,214.832,214.85,214.84,214.88,214.79,237
2023-05-05 19:49:00,12696,214.8902,214.84,214.95,214.97,214.84,285
2023-05-05 19:50:00,21116,214.713,214.89,214.735,214.89,214.62,495
2023-05-05 19:51:00,16048,214.6548,214.71,214.695,214.72,214.57,355
2023-05-05 19:52:00,16539,214.6239,214.69,214.67,214.69,214.56,310
2023-05-05 19:53:00,11172,214.6672,214.685,214.64,214.72,214.63,236
2023-05-05 19:54:00,23222,214.5577,214.63,214.63,214.63,214.475,523
2023-05-05 19:55:00,22319,214.7217,214.685,214.79,214.8,214.66,514
2023-05-05 19:56:00,18922,214.8267,214.8,214.885,214.9,214.79,375
2023-05-05 19:57:00,25538,214.8717,214.87,214.84,214.93,214.84,512
2023-05-05 19:58:00,33711,214.8689,214.83,214.9,214.97,214.82,686
2023-05-05 19:59:00,97999,215.0675,214.9,215.15,215.18,214.9,1510
2023-05-05 20:00:00,169210,215.09,215.09,215.09,215.09,215.09,28
2023-05-05 20:04:00,301,213.7877,211.25,215.05,215.05,211.25,4
2023-05-05 20:06:00,202,215.0523,215.05,215.05,215.05,215.05,5
2023-05-05 20:11:00,103,215.4869,215.5,215.5,215.5,215.5,2
2023-05-05 20:16:00,3446,215.09,215.09,215.09,215.09,215.09,3
2023-05-05 20:17:00,601,215.0501,215.05,215.05,215.05,215.05,5
2023-05-05 20:39:00,300,215.0,215.0,215.0,215.0,215.0,1
2023-05-05 21:02:00,13823,215.09,215.09,215.09,215.09,215.09,1
2023-05-05 23:58:00,100,215.0,215.0,215.0,215.0,215.0,1
2023-05-08 12:23:00,101,215.92,215.92,215.92,215.92,215.92,2
2023-05-08 12:37:00,200,215.9064,215.91,215.91,215.91,215.91,2
2023-05-08 12:47:00,534,215.9107,215.91,215.91,215.91,215.91,3
2023-05-08 12:54:00,1017,215.9186,215.9,215.9,215.9,215.9,4
2023-05-08 12:56:00,869,216.2529,216.25,216.2,216.25,216.2,10
2023-05-08 12:57:00,4844,216.5298,216.5495,216.55,216.55,216.25,19
2023-05-08 12:59:00,768,216.5839,216.6,216.6,216.6,216.6,6
2023-05-08 13:05:00,254,216.7094,216.51,216.51,216.51,216.51,7
2023-05-08 13:06:00,295,216.8209,216.85,216.85,216.85,216.85,16
2023-05-08 13:13:00,1608,216.8451,216.85,216.85,216.85,216.8455,9
2023-05-08 13:16:00,167,216.7234,216.7,216.7,216.7,216.7,4
2023-05-08 13:20:00,568,216.6451,216.65,216.65,216.65,216.65,11
2023-05-08 13:21:00,504,216.6893,216.85,216.85,216.85,216.85,12
2023-05-08 13:27:00,421,216.7662,216.7817,216.7817,216.7817,216.7817,9
2023-05-08 13:29:00,4397,216.5052,216.51,216.32,216.69,216.32,39
2023-05-08 13:30:00,79733,217.1416,216.44,217.37,217.81,216.44,718
2023-05-08 13:31:00,36312,217.7828,217.405,217.675,218.02,217.32,475
2023-05-08 13:32:00,23245,217.6081,217.79,217.32,217.98,217.19,437
2023-05-08 13:33:00,17920,217.137,217.335,216.9,217.39,216.8,378
2023-05-08 13:34:00,9528,216.8679,216.91,216.735,216.98,216.735,177
2023-05-08 13:35:00,8145,217.3357,216.69,217.7573,217.84,216.69,208
2023-05-08 13:36:00,14267,217.8366,217.85,217.6422,218.11,217.55,279
2023-05-08 13:37:00,8527,217.6688,217.75,217.65,217.76,217.53,208
2023-05-08 13:38:00,7225,217.5909,217.66,217.615,217.8393,217.44,135
2023-05-08 13:39:00,10249,217.6363,217.65,217.565,217.7868,217.5186,135
2023-05-08 13:40:00,8097,217.5417,217.63,217.64,217.7,217.435,216
2023-05-08 13:41:00,25223,217.6688,217.685,217.7358,217.7358,217.5,191
2023-05-08 13:42:00,12309,217.2737,217.665,216.97,217.7,216.92,246
2023-05-08 13:43:00,21346,216.6647,217.0375,216.37,217.15,216.37,347
2023-05-08 13:44:00,31095,215.7183,216.35,215.555,216.35,215.225,690
2023-05-08 13:45:00,13634,215.3731,215.56,215.28,215.56,215.2,344
2023-05-08 13:46:00,10996,215.4537,215.31,215.62,215.62,215.3,251
2023-05-08 13:47:00,20066,215.4182,215.53,215.45,215.57,215.2606,366
2023-05-08 13:48:00,22320,215.2415,215.3361,215.09,215.5999,214.88,500
2023-05-08 13:49:00,15102,214.7369,215.08,214.41,215.1986,214.35,306
2023-05-08 13:50:00,12852,214.4136,214.44,214.22,214.56,214.22,261
2023-05-08 13:51:00,11690,214.3918,214.28,214.88,214.9067,214.05,290
2023-05-08 13:52:00,9986,214.9937,214.86,214.81,215.1559,214.81,189
2023-05-08 13:53:00,7814,214.7234,214.8,214.759,214.85,214.6,174
2023-05-08 13:54:00,6141,214.7151,214.76,214.72,214.815,214.66,173
2023-05-08 13:55:00,8982,214.6566,214.66,214.51,214.78,214.5067,183
2023-05-08 13:56:00,16552,214.8333,214.61,214.991,215.04,214.55,238
2023-05-08 13:57:00,8860,214.8545,215.01,214.75,215.01,214.75,175
2023-05-08 13:58:00,2955,214.8066,214.685,214.82,214.8999,214.685,98
2023-05-08 13:59:00,12434,215.1247,214.875,215.1375,215.24,214.875,257
2023-05-08 14:00:00,12806,215.1803,215.16,215.4003,215.465,214.92,243
2023-05-08 14:01:00,4685,215.3773,215.45,215.46,215.4691,215.2997,75
2023-05-08 14:02:00,3286,215.3804,215.6,215.25,215.63,215.25,118
2023-05-08 14:03:00,1712,215.401,215.285,215.62,215.62,215.285,83
2023-05-08 14:04:00,8471,215.6053,215.62,215.62,215.688,215.555,144
2023-05-08 14:05:00,4500,215.4941,215.64,215.36,215.67,215.3,135
2023-05-08 14:06:00,4969,215.2986,215.245,215.49,215.49,215.18,134
2023-05-08 14:07:00,2454,215.2801,215.39,215.28,215.39,215.21,78
2023-05-08 14:08:00,6107,215.2559,215.19,215.22,215.41,215.1301,130
2023-05-08 14:09:00,9402,215.1576,215.28,214.89,215.33,214.87,222
2023-05-08 14:10:00,4265,214.9016,214.98,214.78,214.98,214.78,134
2023-05-08 14:11:00,4288,214.7795,214.79,214.7799,214.85,214.73,125
2023-05-08 14:12:00,8006,214.6101,214.66,214.64,214.6967,214.53,139
2023-05-08 14:13:00,5754,214.8371,214.9,214.8403,214.94,214.81,112
2023-05-08 14:14:00,3026,214.6605,214.73,214.62,214.73,214.6,99
2023-05-08 14:15:00,10582,214.7698,214.68,214.92,214.945,214.65,137
2023-05-08 14:16:00,5037,214.8752,214.9,215.03,215.06,214.696,119
2023-05-08 14:17:00,6141,214.9038,214.9218,214.81,215.034,214.74,153
2023-05-08 14:18:00,2683,214.7608,214.715,214.89,214.89,214.6645,96
2023-05-08 14:19:00,5269,215.0985,215.05,215.05,215.1699,215.03,100
2023-05-08 14:20:00,2648,215.0837,215.11,215.085,215.11,215.0299,79
2023-05-08 14:21:00,5399,215.0616,215.075,215.225,215.225,214.975,154
2023-05-08 14:22:00,4760,215.0596,215.235,214.89,215.235,214.85,141
2023-05-08 14:23:00,4847,214.7222,214.79,214.78,214.79,214.64,130
2023-05-08 14:24:00,1294,214.7663,214.83,214.78,214.83,214.725,63
2023-05-08 14:25:00,6186,214.812,214.71,214.66,214.95,214.66,140
2023-05-08 14:26:00,4786,214.7585,214.68,214.8,214.83,214.68,115
2023-05-08 14:27:00,5712,214.6943,214.835,214.58,214.835,214.58,143
2023-05-08 14:28:00,5451,214.67,214.71,214.56,214.71,214.56,108
2023-05-08 14:29:00,2360,214.6353,214.6,214.6576,214.71,214.6,97
2023-05-08 14:30:00,4110,214.9563,214.96,215.0,215.03,214.905,136
2023-05-08 14:31:00,3715,214.9783,215.0,214.95,215.06,214.9203,106
2023-05-08 14:32:00,3219,214.8256,215.06,214.73,215.06,214.64,136
2023-05-08 14:33:00,4741,214.7687,214.74,214.765,214.81,214.71,127
2023-05-08 14:34:00,2063,214.7585,214.7,214.76,214.84,214.7,90
2023-05-08 14:35:00,5771,214.6681,214.77,214.64,214.77,214.58,118
2023-05-08 14:36:00,5385,214.5117,214.6,214.45,214.6,214.39,176
2023-05-08 14:37:00,4295,214.5456,214.46,214.61,214.61,214.46,145
2023-05-08 14:38:00,3361,214.5912,214.57,214.55,214.66,214.55,105
2023-05-08 14:39:00,2350,214.6255,214.6,214.62,214.62,214.6,101
2023-05-08 14:40:00,3247,214.6103,214.61,214.62,214.66,214.565,115
2023-05-08 14:41:00,1671,214.7216,214.68,214.815,214.815,214.62,65
2023-05-08 14:42:00,3230,214.9021,214.9566,214.89,214.9566,214.8501,104
2023-05-08 14:43:00,5519,214.9056,214.91,214.8,214.9709,214.8,115
2023-05-08 14:44:00,3540,214.7181,214.77,214.6501,214.79,214.6501,98
2023-05-08 14:45:00,3164,214.8228,214.79,214.9,214.92,214.73,112
2023-05-08 14:46:00,4850,214.8474,214.915,214.79,214.92,214.75,139
2023-05-08 14:47:00,1106,214.8247,214.825,214.7911,214.8437,214.7911,59
2023-05-08 14:48:00,4745,214.737,214.85,214.67,214.85,214.64,169
2023-05-08 14:49:00,3546,214.8986,214.88,214.9,214.94,214.85,107
2023-05-08 14:50:00,1644,214.9727,214.895,214.99,215.04,214.895,47
2023-05-08 14:51:00,5465,215.0353,215.02,214.97,215.16,214.95,150
2023-05-08 14:52:00,4295,214.9509,214.9797,214.9,214.9797,214.9,57
2023-05-08 14:53:00,5702,214.9298,214.85,214.84,215.0,214.84,123
2023-05-08 14:54:00,3799,214.8342,214.83,214.87,214.87,214.78,91
2023-05-08 14:55:00,1202,214.9251,214.9,214.95,214.95,214.9,48
2023-05-08 14:56:00,12170,215.0718,214.99,214.995,215.2,214.94,251
2023-05-08 14:57:00,2412,215.1202,215.055,215.26,215.26,215.0537,91
2023-05-08 14:58:00,4481,215.205,215.27,215.16,215.28,215.16,131
2023-05-08 14:59:00,4089,215.256,215.145,215.275,215.325,215.145,123
2023-05-08 15:00:00,2693,215.3339,215.3999,215.41,215.41,215.26,98
2023-05-08 15:01:00,1265,215.4374,215.4505,215.4577,215.4986,215.4505,43
2023-05-08 15:02:00,6807,215.4448,215.41,215.5099,215.5099,215.35,181
2023-05-08 15:03:00,20140,215.6481,215.42,215.68,215.77,215.42,422
2023-05-08 15:04:00,11822,215.7509,215.72,215.74,215.82,215.675,269
2023-05-08 15:05:00,8207,215.7526,215.7442,215.73,215.8,215.72,209
2023-05-08 15:06:00,4450,215.6759,215.74,215.62,215.755,215.6,120
2023-05-08 15:07:00,2629,215.6397,215.629,215.5652,215.7,215.5652,91
2023-05-08 15:08:00,3495,215.5068,215.6465,215.23,215.6473,215.23,120
2023-05-08 15:09:00,2143,215.236,215.3171,215.2,215.3171,215.16,102
2023-05-08 15:10:00,2568,215.176,215.22,215.1362,215.22,215.0501,89
2023-05-08 15:11:00,4029,215.1831,215.1907,215.15,215.1907,215.15,64
2023-05-08 15:12:00,2176,215.2365,215.27,215.2735,215.2735,215.1996,50
2023-05-08 15:13:00,2545,215.2385,215.28,215.1522,215.3799,215.14,80
2023-05-08 15:14:00,3391,215.0313,215.1,214.923,215.1,214.923,131
2023-05-08 15:15:00,3390,215.0175,215.02,215.01,215.08,214.9628,95
2023-05-08 15:16:00,3831,214.979,215.01,214.922,215.085,214.9,103
2023-05-08 15:17:00,1061,214.9272,214.94,214.93,214.94,214.93,52
2023-05-08 15:18:00,1555,214.9365,214.9068,214.91,214.91,214.9068,52
2023-05-08 15:19:00,1995,215.0536,214.91,215.105,215.1325,214.91,64
2023-05-08 15:20:00,10992,215.1422,215.1,215.1758,215.26,215.06,258
2023-05-08 15:21:00,4468,215.1087,215.17,215.09,215.17,215.08,110
2023-05-08 15:22:00,9952,215.0636,215.1,214.9426,215.11,214.93,193
2023-05-08 15:23:00,2189,214.9193,214.88,214.956,214.956,214.88,55
2023-05-08 15:24:00,3091,214.98,214.955,214.915,215.06,214.915,92
2023-05-08 15:25:00,6943,214.7817,214.86,214.8,214.86,214.71,135
2023-05-08 15:26:00,4383,214.7854,214.815,214.74,214.8499,214.7323,102
2023-05-08 15:27:00,1675,214.6895,214.67,214.73,214.73,214.64,58
2023-05-08 15:28:00,2807,214.7362,214.75,214.685,214.78,214.685,65
2023-05-08 15:29:00,1860,214.7026,214.73,214.68,214.7373,214.68,53
2023-05-08 15:30:00,4451,214.5551,214.63,214.505,214.63,214.5,110
2023-05-08 15:31:00,3352,214.4999,214.5,214.59,214.59,214.44,151
2023-05-08 15:32:00,4109,214.5318,214.56,214.51,214.565,214.49,100
2023-05-08 15:33:00,2705,214.4608,214.47,214.4,214.51,214.4,78
2023-05-08 15:34:00,3895,214.5441,214.48,214.53,214.62,214.47,130
2023-05-08 15:35:00,2206,214.5186,214.49,214.5697,214.5697,214.48,65
2023-05-08 15:36:00,2240,214.577,214.575,214.54,214.63,214.54,91
2023-05-08 15:37:00,2927,214.4972,214.51,214.4409,214.55,214.4341,69
2023-05-08 15:38:00,3494,214.4705,214.43,214.44,214.56,214.42,112
2023-05-08 15:39:00,4186,214.4236,214.39,214.37,214.48,214.37,148
2023-05-08 15:40:00,4486,214.389,214.38,214.3771,214.43,214.34,128
2023-05-08 15:41:00,2250,214.3064,214.35,214.265,214.35,214.26,127
2023-05-08 15:42:00,2250,214.3057,214.345,214.33,214.345,214.27,56
2023-05-08 15:43:00,19341,214.3383,214.33,214.51,214.53,214.26,162
2023-05-08 15:44:00,1635,214.6172,214.535,214.6829,214.6829,214.535,61
2023-05-08 15:45:00,3038,214.7527,214.69,214.7662,214.81,214.69,103
2023-05-08 15:46:00,6322,214.8337,214.83,214.855,214.88,214.79,164
2023-05-08 15:47:00,4841,214.9094,214.89,214.9,214.97,214.88,132
2023-05-08 15:48:00,3123,214.9574,214.95,214.985,214.985,214.92,54
2023-05-08 15:49:00,1414,214.9844,214.97,215.03,215.03,214.94,58
2023-05-08 15:50:00,5705,215.0839,215.035,215.09,215.15,215.0,100
2023-05-08 15:51:00,2834,215.0907,215.085,215.09,215.1699,215.0434,68
2023-05-08 15:52:00,1292,215.089,215.1,215.09,215.1,215.09,44
2023-05-08 15:53:00,2960,215.0607,215.0578,215.1,215.14,215.05,73
2023-05-08 15:54:00,2032,215.1527,215.07,215.235,215.235,215.07,68
2023-05-08 15:55:00,3417,215.1355,215.19,215.05,215.19,215.05,97
2023-05-08 15:56:00,3391,215.0826,215.04,215.09,215.14,215.03,149
2023-05-08 15:57:00,2893,215.0528,215.145,215.06,215.145,214.9301,103
2023-05-08 15:58:00,3496,214.9739,214.93,214.98,215.06,214.9249,109
2023-05-08 15:59:00,1897,214.9368,214.9489,214.97,214.97,214.9489,96
2023-05-08 16:00:00,2716,214.9237,214.935,214.93,214.97,214.9,88
2023-05-08 16:01:00,2224,214.9543,214.94,214.9916,215.0,214.89,73
2023-05-08 16:02:00,1829,215.0197,215.03,215.0251,215.05,214.9987,43
2023-05-08 16:03:00,4209,214.8659,215.03,214.8,215.03,214.775,87
2023-05-08 16:04:00,5592,214.6985,214.78,214.65,214.8,214.62,138
2023-05-08 16:06:00,544,214.643,214.63,214.63,214.63,214.63,34
2023-05-08 16:07:00,4916,214.5266,214.54,214.5801,214.5837,214.4443,121
2023-05-08 16:08:00,3209,214.5721,214.61,214.59,214.6232,214.505,88
2023-05-08 16:09:00,1407,214.5368,214.55,214.49,214.58,214.49,61
2023-05-08 16:10:00,1818,214.3961,214.5,214.3455,214.5,214.345,60
2023-05-08 16:11:00,3656,214.3341,214.33,214.28,214.39,214.28,110
2023-05-08 16:12:00,7422,214.2348,214.3,214.21,214.3,214.21,80
2023-05-08 16:13:00,5801,214.2351,214.1401,214.31,214.42,214.12,173
2023-05-08 16:14:00,2534,214.3273,214.36,214.2658,214.36,214.2658,70
2023-05-08 16:15:00,2007,214.3592,214.4082,214.285,214.4082,214.285,58
2023-05-08 16:16:00,1986,214.3207,214.32,214.26,214.405,214.26,65
2023-05-08 16:17:00,1641,214.3481,214.3,214.4,214.4,214.29,58
2023-05-08 16:18:00,8026,214.6351,214.48,214.5701,214.7093,214.48,105
2023-05-08 16:19:00,983,214.7412,214.71,214.77,214.77,214.71,47
2023-05-08 16:20:00,4108,214.7369,214.77,214.79,214.79,214.71,108
2023-05-08 16:21:00,2667,214.8177,214.795,214.82,214.85,214.79,72
2023-05-08 16:22:00,3987,214.8025,214.855,214.71,214.9,214.7,119
2023-05-08 16:23:00,601,214.6758,214.69,214.69,214.69,214.66,22
2023-05-08 16:24:00,2524,214.6922,214.66,214.72,214.73,214.6461,75
2023-05-08 16:25:00,1484,214.7297,214.725,214.72,214.78,214.72,75
2023-05-08 16:26:00,3081,214.6742,214.71,214.68,214.71,214.64,75
2023-05-08 16:27:00,2893,214.6024,214.6528,214.605,214.6528,214.58,67
2023-05-08 16:28:00,1932,214.548,214.5999,214.51,214.5999,214.5,75
2023-05-08 16:29:00,2033,214.5441,214.53,214.5,214.5653,214.5,49
2023-05-08 16:30:00,2987,214.6306,214.6,214.73,214.73,214.58,100
2023-05-08 16:31:00,2329,214.8569,214.81,214.865,214.92,214.81,60
2023-05-08 16:32:00,5332,214.8843,214.84,214.92,214.92,214.84,117
2023-05-08 16:33:00,4076,214.9235,214.94,214.94,214.95,214.89,94
2023-05-08 16:34:00,4141,214.9135,214.955,214.93,214.955,214.88,82
2023-05-08 16:35:00,5230,214.8944,214.95,214.875,214.95,214.85,101
2023-05-08 16:36:00,1678,214.9065,214.89,214.94,214.94,214.88,58
2023-05-08 16:37:00,1694,215.0482,214.98,215.07,215.11,214.98,73
2023-05-08 16:38:00,3768,214.955,215.07,214.97,215.07,214.86,109
2023-05-08 16:39:00,2507,214.9967,214.98,215.015,215.06,214.98,66
2023-05-08 16:40:00,3833,214.9385,214.96,214.905,214.9888,214.88,94
2023-05-08 16:41:00,874,214.9071,214.89,214.92,214.92,214.88,40
2023-05-08 16:42:00,2637,214.8878,214.9,214.85,214.91,214.85,85
2023-05-08 16:43:00,1525,214.8374,214.865,214.835,214.865,214.81,52
2023-05-08 16:44:00,1806,214.9314,214.85,214.95,214.96,214.85,68
2023-05-08 16:45:00,2653,214.9425,214.945,214.91,214.97,214.91,63
2023-05-08 16:46:00,1454,214.8674,214.9,214.84,214.9,214.84,67
2023-05-08 16:47:00,1958,214.7516,214.73,214.7,214.73,214.7,65
2023-05-08 16:48:00,2081,214.6687,214.73,214.65,214.73,214.65,52
2023-05-08 16:49:00,1248,214.6766,214.62,214.6102,214.62,214.6102,57
2023-05-08 16:50:00,2272,214.6852,214.65,214.69,214.73,214.64,70
2023-05-08 16:51:00,1338,214.7047,214.68,214.728,214.728,214.68,54
2023-05-08 16:52:00,1477,214.6522,214.67,214.65,214.67,214.63,49
2023-05-08 16:53:00,3822,214.7581,214.69,214.812,214.812,214.64,112
2023-05-08 16:54:00,3088,214.7598,214.822,214.795,214.822,214.7501,33
2023-05-08 16:55:00,3140,214.6697,214.75,214.66,214.75,214.6,119
2023-05-08 16:56:00,1831,214.7092,214.71,214.73,214.73,214.695,59
2023-05-08 16:57:00,2466,214.7407,214.73,214.8,214.8,214.7,80
2023-05-08 16:58:00,4553,214.7948,214.795,214.89,214.89,214.69,104
2023-05-08 16:59:00,4067,214.8549,214.9,214.86,214.905,214.82,119
2023-05-08 17:00:00,10832,214.8565,214.9,214.94,214.98,214.76,282
2023-05-08 17:01:00,3192,214.8675,214.9,214.85,214.9,214.79,54
2023-05-08 17:02:00,6357,214.6827,214.77,214.62,214.77,214.62,139
2023-05-08 17:03:00,2423,214.6827,214.64,214.74,214.75,214.64,56
2023-05-08 17:04:00,2917,214.7081,214.735,214.7,214.75,214.7,31
2023-05-08 17:05:00,4464,214.6966,214.745,214.65,214.745,214.65,111
2023-05-08 17:06:00,8535,214.5818,214.66,214.705,214.72,214.55,121
2023-05-08 17:07:00,4357,214.6558,214.66,214.64,214.7288,214.64,77
2023-05-08 17:08:00,12275,214.6761,214.65,214.75,214.77,214.605,195
2023-05-08 17:09:00,1573,214.7082,214.74,214.675,214.74,214.66,44
2023-05-08 17:10:00,5989,214.6978,214.69,214.66,214.75,214.65,83
2023-05-08 17:11:00,1657,214.5937,214.6,214.57,214.6,214.56,85
2023-05-08 17:12:00,451,214.7138,214.73,214.72,214.73,214.6936,25
2023-05-08 17:13:00,1562,214.7205,214.755,214.78,214.78,214.69,56
2023-05-08 17:14:00,2085,214.6272,214.66,214.54,214.7499,214.54,52
2023-05-08 17:15:00,3270,214.5477,214.53,214.555,214.56,214.53,63
2023-05-08 17:16:00,2933,214.5225,214.58,214.53,214.58,214.47,109
2023-05-08 17:17:00,10735,214.4295,214.47,214.4,214.47,214.36,124
2023-05-08 17:19:00,673,214.4591,214.47,214.47,214.47,214.47,27
2023-05-08 17:20:00,4296,214.532,214.5,214.4919,214.579,214.4919,65
2023-05-08 17:21:00,3056,214.5974,214.5799,214.565,214.65,214.5278,114
2023-05-08 17:22:00,1258,214.6239,214.63,214.63,214.63,214.63,36
2023-05-08 17:23:00,1204,214.6484,214.71,214.63,214.71,214.63,38
2023-05-08 17:24:00,3038,214.5787,214.6,214.59,214.6,214.55,75
2023-05-08 17:25:00,662,214.7059,214.71,214.7407,214.7407,214.71,40
2023-05-08 17:26:00,3260,214.7289,214.71,214.71,214.75,214.6882,79
2023-05-08 17:27:00,2257,214.6808,214.69,214.67,214.69,214.67,77
2023-05-08 17:28:00,5617,214.581,214.67,214.49,214.67,214.47,150
2023-05-08 17:29:00,7237,214.3795,214.52,214.3,214.52,214.3,153
2023-05-08 17:30:00,6044,214.4267,214.345,214.49,214.49,214.345,171
2023-05-08 17:31:00,4808,214.43,214.485,214.415,214.485,214.41,105
2023-05-08 17:32:00,3221,214.5534,214.45,214.56,214.62,214.45,73
2023-05-08 17:33:00,971,214.6502,214.6775,214.65,214.6775,214.65,25
2023-05-08 17:34:00,1589,214.577,214.59,214.58,214.59,214.57,48
2023-05-08 17:35:00,8543,214.5555,214.625,214.575,214.64,214.5,146
2023-05-08 17:36:00,2199,214.5619,214.49,214.58,214.6,214.49,69
2023-05-08 17:37:00,1441,214.5072,214.53,214.505,214.53,214.5,64
2023-05-08 17:38:00,595,214.5123,214.5153,214.505,214.5153,214.505,41
2023-05-08 17:39:00,2700,214.5838,214.54,214.695,214.695,214.49,106
2023-05-08 17:40:00,1826,214.6798,214.65,214.749,214.749,214.64,43
2023-05-08 17:41:00,19283,214.6824,214.73,214.72,214.73,214.51,134
2023-05-08 17:42:00,2846,214.6837,214.705,214.59,214.74,214.59,46
2023-05-08 17:43:00,4488,214.5797,214.61,214.59,214.61,214.56,56
2023-05-08 17:44:00,634,214.6405,214.625,214.625,214.625,214.625,37
2023-05-08 17:45:00,1449,214.6398,214.67,214.63,214.67,214.63,78
2023-05-08 17:46:00,4294,214.7458,214.7,214.84,214.84,214.7,116
2023-05-08 17:47:00,1964,214.7835,214.88,214.7529,214.88,214.7529,53
2023-05-08 17:48:00,3027,214.6843,214.7,214.71,214.71,214.63,66
2023-05-08 17:49:00,1838,214.6656,214.7,214.61,214.7,214.61,39
2023-05-08 17:50:00,3280,214.5908,214.6,214.53,214.63,214.53,89
2023-05-08 17:51:00,2597,214.4746,214.4815,214.41,214.49,214.405,69
2023-05-08 17:52:00,3969,214.4192,214.39,214.409,214.43,214.375,69
2023-05-08 17:53:00,1506,214.3862,214.35,214.45,214.45,214.33,60
2023-05-08 17:54:00,1848,214.4461,214.45,214.42,214.48,214.42,75
2023-05-08 17:55:00,2547,214.461,214.45,214.4983,214.4983,214.42,74
2023-05-08 17:56:00,3735,214.4679,214.4303,214.56,214.56,214.42,64
2023-05-08 17:57:00,1703,214.5419,214.58,214.54,214.58,214.54,54
2023-05-08 17:58:00,1288,214.5059,214.475,214.55,214.55,214.44,41
2023-05-08 17:59:00,620,214.5644,214.56,214.56,214.56,214.56,31
2023-05-08 18:00:00,3751,214.6464,214.61,214.61,214.71,214.61,98
2023-05-08 18:01:00,1911,214.6984,214.71,214.74,214.74,214.64,44
2023-05-08 18:02:00,3328,214.6317,214.7,214.59,214.7,214.56,73
2023-05-08 18:03:00,2541,214.5676,214.55,214.56,214.62,214.55,62
2023-05-08 18:04:00,2254,214.494,214.54,214.46,214.54,214.43,86
2023-05-08 18:05:00,3598,214.4288,214.46,214.34,214.46,214.34,82
2023-05-08 18:06:00,5241,214.2898,214.4063,214.17,214.4063,214.17,135
2023-05-08 18:07:00,14628,213.9558,214.23,213.82,214.23,213.74,569
2023-05-08 18:08:00,2652,213.7075,213.68,213.8,213.8,213.63,83
2023-05-08 18:09:00,19855,213.82,213.8246,213.8,213.96,213.7601,245
2023-05-08 18:10:00,3639,213.7489,213.805,213.7,213.805,213.7,87
2023-05-08 18:11:00,6540,213.8106,213.725,213.8534,213.98,213.725,102
2023-05-08 18:12:00,4275,214.0129,213.98,214.01,214.07,213.97,113
2023-05-08 18:13:00,7816,214.1119,214.06,214.16,214.25,214.06,187
2023-05-08 18:14:00,5086,214.1353,214.18,214.0691,214.18,214.0691,118
2023-05-08 18:15:00,10548,214.1525,214.0764,214.13,214.28,214.0764,274
2023-05-08 18:16:00,1110,214.222,214.185,214.2313,214.28,214.185,42
2023-05-08 18:17:00,3720,214.3367,214.3,214.28,214.38,214.28,64
2023-05-08 18:18:00,1386,214.3556,214.31,214.41,214.41,214.31,39
2023-05-08 18:19:00,2272,214.4854,214.44,214.53,214.53,214.44,71
2023-05-08 18:20:00,2211,214.6416,214.56,214.735,214.735,214.56,67
2023-05-08 18:21:00,6511,214.8322,214.8,214.9999,214.9999,214.73,118
2023-05-08 18:22:00,5008,214.9411,215.0,214.96,215.0,214.9204,63
2023-05-08 18:23:00,3586,215.0531,214.9785,215.1,215.1,214.9785,85
2023-05-08 18:24:00,1702,215.0681,215.135,215.07,215.135,215.07,68
2023-05-08 18:25:00,2566,215.1417,215.21,215.13,215.21,215.12,60
2023-05-08 18:26:00,2168,215.1021,215.0908,215.04,215.17,215.04,70
2023-05-08 18:27:00,3698,215.0013,215.08,215.1099,215.1099,214.93,133
2023-05-08 18:28:00,2883,215.0366,215.0338,215.0,215.1,214.98,75
2023-05-08 18:29:00,1721,214.9681,214.955,215.015,215.015,214.95,45
2023-05-08 18:30:00,5027,215.1394,215.06,215.13,215.2,215.06,130
2023-05-08 18:31:00,3838,215.2089,215.1675,215.22,215.3099,215.1675,64
2023-05-08 18:32:00,1852,215.1757,215.16,215.18,215.19,215.16,58
2023-05-08 18:33:00,1935,215.1492,215.23,215.1292,215.23,215.12,60
2023-05-08 18:34:00,1784,215.2619,215.18,215.3,215.3,215.18,65
2023-05-08 18:35:00,4275,215.2433,215.33,215.28,215.33,215.185,103
2023-05-08 18:36:00,1825,215.2814,215.22,215.23,215.31,215.22,62
2023-05-08 18:37:00,6727,215.2747,215.275,215.285,215.32,215.2391,92
2023-05-08 18:38:00,2932,215.1778,215.23,215.19,215.23,215.12,60
2023-05-08 18:39:00,1339,215.1717,215.16,215.1716,215.2099,215.1401,34
2023-05-08 18:40:00,2591,215.0991,215.08,215.09,215.12,215.04,74
2023-05-08 18:41:00,3713,215.0922,215.09,215.22,215.23,215.01,102
2023-05-08 18:42:00,2022,215.1704,215.21,215.12,215.21,215.12,69
2023-05-08 18:43:00,1996,215.1342,215.06,215.1353,215.1689,215.06,51
2023-05-08 18:44:00,816,215.1503,215.19,215.13,215.19,215.1267,26
2023-05-08 18:45:00,4868,215.1158,215.16,215.11,215.16,215.09,109
2023-05-08 18:46:00,1885,215.1299,215.13,215.12,215.179,215.12,52
2023-05-08 18:47:00,2901,215.1757,215.17,215.21,215.2392,215.14,59
2023-05-08 18:48:00,2412,215.2002,215.215,215.14,215.215,215.14,81
2023-05-08 18:49:00,437,215.2058,215.18,215.22,215.22,215.18,19
2023-05-08 18:50:00,3085,215.2072,215.19,215.14,215.25,215.14,78
2023-05-08 18:51:00,5307,215.0964,215.14,215.09,215.1681,215.06,89
2023-05-08 18:52:00,1587,215.0921,215.15,215.035,215.15,215.035,47
2023-05-08 18:53:00,1141,215.0834,215.07,215.08,215.08,215.07,46
2023-05-08 18:54:00,2251,215.0607,215.095,215.03,215.095,215.03,80
2023-05-08 18:55:00,2070,215.1272,215.1,215.18,215.18,215.1,86
2023-05-08 18:56:00,3329,215.093,215.1,215.13,215.13,215.05,103
2023-05-08 18:57:00,1993,215.1159,215.12,215.135,215.14,215.1,61
2023-05-08 18:58:00,2362,215.1083,215.12,215.1,215.14,215.09,75
2023-05-08 18:59:00,3290,215.1018,215.08,215.1,215.12,215.07,86
2023-05-08 19:00:00,1390,215.0913,215.12,215.08,215.1212,215.07,63
2023-05-08 19:01:00,1763,215.0186,215.06,215.02,215.06,215.02,78
2023-05-08 19:02:00,1475,214.9699,214.97,214.965,214.9819,214.96,63
2023-05-08 19:03:00,2326,215.0535,215.01,215.0623,215.09,215.01,76
2023-05-08 19:04:00,3243,215.055,215.07,215.04,215.07,215.03,98
2023-05-08 19:05:00,1603,215.094,215.085,215.08,215.125,215.08,53
2023-05-08 19:06:00,3240,215.0368,215.06,215.01,215.09,215.0,91
2023-05-08 19:07:00,2303,214.9434,214.98,214.88,214.98,214.88,84
2023-05-08 19:08:00,1875,214.9066,214.9,214.84,214.91,214.84,60
2023-05-08 19:09:00,1747,214.8278,214.84,214.82,214.84,214.82,70
2023-05-08 19:10:00,2670,214.8185,214.8,214.81,214.85,214.78,105
2023-05-08 19:11:00,2513,214.8132,214.8,214.85,214.85,214.7746,91
2023-05-08 19:12:00,2956,214.9089,214.88,214.93,214.94,214.88,89
2023-05-08 19:13:00,5091,214.9147,214.94,214.91,214.97,214.88,113
2023-05-08 19:14:00,6313,214.7864,214.86,214.7177,214.86,214.7177,133
2023-05-08 19:15:00,1909,214.8226,214.8,214.79,214.85,214.77,58
2023-05-08 19:16:00,5839,214.6577,214.79,214.6,214.79,214.54,142
2023-05-08 19:17:00,3051,214.5976,214.565,214.63,214.66,214.53,95
2023-05-08 19:18:00,3632,214.6092,214.63,214.61,214.63,214.53,112
2023-05-08 19:19:00,1423,214.6074,214.59,214.62,214.62,214.59,54
2023-05-08 19:20:00,1986,214.6005,214.55,214.6,214.63,214.55,79
2023-05-08 19:21:00,1339,214.696,214.6356,214.71,214.76,214.6356,50
2023-05-08 19:22:00,2939,214.6706,214.7,214.6274,214.7,214.6274,100
2023-05-08 19:23:00,1500,214.6635,214.6749,214.62,214.695,214.62,37
2023-05-08 19:24:00,2106,214.6361,214.62,214.6892,214.6892,214.62,84
2023-05-08 19:25:00,10829,214.6956,214.6875,214.605,214.76,214.55,176
2023-05-08 19:26:00,2599,214.5506,214.57,214.56,214.57,214.53,78
2023-05-08 19:27:00,4201,214.5135,214.52,214.54,214.54,214.48,107
2023-05-08 19:28:00,3682,214.5512,214.51,214.51,214.58,214.51,98
2023-05-08 19:29:00,4380,214.3843,214.46,214.335,214.46,214.31,99
2023-05-08 19:30:00,3661,214.4057,214.3,214.5617,214.5617,214.3,118
2023-05-08 19:31:00,4817,214.5225,214.57,214.61,214.61,214.46,145
2023-05-08 19:32:00,2683,214.5755,214.58,214.615,214.62,214.53,71
2023-05-08 19:33:00,6186,214.5673,214.6,214.61,214.61,214.5,170
2023-05-08 19:34:00,2800,214.6244,214.62,214.65,214.65,214.6,79
2023-05-08 19:35:00,6656,214.7031,214.685,214.74,214.7477,214.67,193
2023-05-08 19:36:00,2716,214.709,214.75,214.675,214.75,214.675,92
2023-05-08 19:37:00,5748,214.7551,214.7,214.77,214.79,214.7,153
2023-05-08 19:38:00,3215,214.7886,214.79,214.83,214.845,214.79,107
2023-05-08 19:39:00,4985,214.7636,214.815,214.76,214.815,214.705,134
2023-05-08 19:40:00,3599,214.7957,214.78,214.87,214.87,214.77,94
2023-05-08 19:41:00,6164,214.8707,214.86,214.88,214.9,214.84,154
2023-05-08 19:42:00,10471,214.8586,214.85,214.84,214.88,214.81,184
2023-05-08 19:43:00,4016,214.7804,214.84,214.82,214.84,214.7,151
2023-05-08 19:44:00,3942,214.7842,214.78,214.79,214.82,214.74,137
2023-05-08 19:45:00,4879,214.7282,214.74,214.76,214.76,214.69,119
2023-05-08 19:46:00,4704,214.7126,214.73,214.74,214.76,214.67,139
2023-05-08 19:47:00,4210,214.7633,214.775,214.86,214.86,214.7103,158
2023-05-08 19:48:00,6940,214.8624,214.87,214.83,214.89,214.83,211
2023-05-08 19:49:00,10086,214.8258,214.81,214.77,214.9,214.77,227
2023-05-08 19:50:00,16694,214.739,214.81,214.76,214.81,214.67,379
2023-05-08 19:51:00,10309,214.6931,214.71,214.64,214.74,214.63,224
2023-05-08 19:52:00,8971,214.6859,214.71,214.68,214.75,214.64,256
2023-05-08 19:53:00,7911,214.6482,214.7,214.615,214.7,214.59,222
2023-05-08 19:54:00,13350,214.703,214.61,214.7,214.75,214.6,354
2023-05-08 19:55:00,18497,214.6881,214.73,214.75,214.79,214.63,438
2023-05-08 19:56:00,14336,214.7096,214.74,214.7,214.76,214.65,343
2023-05-08 19:57:00,20333,214.7933,214.71,214.88,214.88,214.71,441
2023-05-08 19:58:00,31264,214.891,214.87,214.93,214.95,214.82,612
2023-05-08 19:59:00,50678,214.767,214.93,214.81,214.93,214.65,922
2023-05-08 20:00:00,1663,214.79,214.79,214.79,214.79,214.79,32
2023-05-08 20:18:00,200,215.02,215.02,215.02,215.02,215.02,1
2023-05-08 23:58:00,100,214.55,214.55,214.55,214.55,214.55,1
