t,v,vw,o,c,h,l,n
2024-01-12 12:48:00,293,3.22,3.22,3.22,3.22,3.22,1
2024-01-12 12:51:00,470,3.2075,3.22,3.2,3.22,3.2,5
2024-01-12 13:00:00,701,3.2194,3.21,3.2455,3.2455,3.21,4
2024-01-12 13:04:00,101,3.2495,3.25,3.25,3.25,3.25,2
2024-01-12 13:26:00,100,3.2469,3.2469,3.2469,3.2469,3.2469,1
2024-01-12 13:51:00,200,3.24,3.24,3.24,3.24,3.24,1
2024-01-12 14:30:00,36855,3.2655,3.25,3.28,3.3,3.2429,118
2024-01-12 14:31:00,6233,3.2896,3.28,3.2899,3.2899,3.28,8
2024-01-12 14:32:00,706,3.2863,3.28,3.2877,3.29,3.28,9
2024-01-12 14:33:00,12330,3.2801,3.28,3.28,3.2899,3.28,77
2024-01-12 14:34:00,292,3.2795,3.278,3.28,3.28,3.278,12
2024-01-12 14:35:00,5723,3.2903,3.29,3.3,3.3,3.285,23
2024-01-12 14:36:00,571,3.3002,3.3,3.3,3.3,3.3,14
2024-01-12 14:37:00,12074,3.3101,3.31,3.315,3.315,3.31,19
2024-01-12 14:38:00,374,3.3161,3.3168,3.3168,3.3168,3.3168,12
2024-01-12 14:39:00,3993,3.3026,3.31,3.3001,3.31,3.3,42
2024-01-12 14:40:00,5904,3.302,3.3,3.315,3.315,3.2969,26
2024-01-12 14:41:00,781,3.3135,3.315,3.315,3.315,3.31,15
2024-01-12 14:42:00,12510,3.3071,3.3101,3.31,3.315,3.3,73
2024-01-12 14:43:00,4321,3.3244,3.32,3.33,3.33,3.32,51
2024-01-12 14:44:00,505,3.326,3.325,3.3282,3.3282,3.325,11
2024-01-12 14:45:00,14979,3.3266,3.3295,3.325,3.335,3.325,41
2024-01-12 14:46:00,8610,3.3389,3.335,3.345,3.35,3.331,44
2024-01-12 14:47:00,4001,3.3509,3.35,3.3508,3.3533,3.35,28
2024-01-12 14:48:00,4304,3.3534,3.36,3.3444,3.36,3.3444,29
2024-01-12 14:49:00,1935,3.3399,3.34,3.34,3.34,3.34,25
2024-01-12 14:50:00,4637,3.3306,3.34,3.33,3.34,3.32,57
2024-01-12 14:51:00,1558,3.3238,3.325,3.325,3.33,3.3208,18
2024-01-12 14:52:00,7901,3.3207,3.3201,3.32,3.325,3.32,32
2024-01-12 14:53:00,1020,3.32,3.32,3.32,3.32,3.32,16
2024-01-12 14:54:00,2008,3.3137,3.312,3.3153,3.3153,3.312,5
2024-01-12 14:55:00,1032,3.3158,3.315,3.32,3.32,3.312,12
2024-01-12 14:56:00,8545,3.323,3.313,3.3375,3.3375,3.313,40
2024-01-12 14:57:00,5879,3.325,3.33,3.33,3.33,3.32,28
2024-01-12 14:58:00,498,3.3201,3.32,3.32,3.32,3.32,13
2024-01-12 14:59:00,1175,3.3151,3.315,3.315,3.315,3.315,5
2024-01-12 15:00:00,528,3.3147,3.3191,3.315,3.3191,3.31,10
2024-01-12 15:01:00,313,3.3101,3.31,3.31,3.31,3.31,7
2024-01-12 15:02:00,1381,3.3079,3.31,3.3,3.31,3.3,23
2024-01-12 15:03:00,1356,3.3077,3.3047,3.31,3.31,3.3,8
2024-01-12 15:04:00,322,3.3049,3.3,3.305,3.31,3.3,5
2024-01-12 15:05:00,262,3.307,3.305,3.31,3.31,3.305,8
2024-01-12 15:06:00,2803,3.3121,3.31,3.32,3.32,3.31,33
2024-01-12 15:07:00,5798,3.325,3.3192,3.325,3.33,3.3192,36
2024-01-12 15:08:00,4618,3.32,3.32,3.32,3.32,3.32,33
2024-01-12 15:09:00,291,3.3193,3.32,3.32,3.32,3.32,10
2024-01-12 15:10:00,1408,3.3147,3.3114,3.32,3.32,3.3114,16
2024-01-12 15:11:00,890,3.3153,3.32,3.315,3.32,3.315,13
2024-01-12 15:12:00,1076,3.3115,3.3119,3.3106,3.3119,3.3106,8
2024-01-12 15:13:00,4133,3.3097,3.31,3.31,3.31,3.305,42
2024-01-12 15:14:00,5785,3.3104,3.31,3.3102,3.315,3.31,41
2024-01-12 15:15:00,433,3.3193,3.3175,3.32,3.32,3.3175,5
2024-01-12 15:17:00,1937,3.3156,3.32,3.315,3.32,3.31,20
2024-01-12 15:18:00,565,3.3111,3.3139,3.31,3.3139,3.31,10
2024-01-12 15:19:00,727,3.3166,3.3199,3.315,3.3199,3.31,8
2024-01-12 15:20:00,360,3.3178,3.3192,3.3192,3.3192,3.3192,11
2024-01-12 15:21:00,12971,3.3208,3.32,3.33,3.33,3.32,33
2024-01-12 15:22:00,5673,3.3198,3.32,3.32,3.325,3.315,69
2024-01-12 15:23:00,15470,3.3236,3.3196,3.3204,3.325,3.3196,28
2024-01-12 15:24:00,391,3.3265,3.3294,3.33,3.33,3.3294,6
2024-01-12 15:25:00,138,3.3292,3.3293,3.3293,3.3293,3.3293,6
2024-01-12 15:26:00,788,3.3246,3.325,3.32,3.325,3.32,23
2024-01-12 15:27:00,1075,3.3264,3.3275,3.325,3.3284,3.32,13
2024-01-12 15:28:00,711,3.3224,3.322,3.3201,3.325,3.3201,6
2024-01-12 15:29:00,2020,3.3257,3.325,3.325,3.3275,3.325,10
2024-01-12 15:30:00,787,3.3245,3.325,3.32,3.33,3.32,10
2024-01-12 15:31:00,1997,3.3285,3.33,3.325,3.33,3.325,20
2024-01-12 15:32:00,24404,3.3189,3.325,3.31,3.33,3.3046,159
2024-01-12 15:33:00,11320,3.3083,3.315,3.3,3.315,3.3,84
2024-01-12 15:34:00,1053,3.3017,3.3,3.3,3.3,3.3,17
2024-01-12 15:35:00,13220,3.3002,3.305,3.305,3.305,3.3,78
2024-01-12 15:36:00,1313,3.305,3.305,3.305,3.305,3.305,10
2024-01-12 15:38:00,1317,3.3055,3.3,3.3075,3.3075,3.3,17
2024-01-12 15:39:00,14071,3.3004,3.308,3.305,3.308,3.3,87
2024-01-12 15:40:00,1418,3.3019,3.305,3.3012,3.305,3.3,13
2024-01-12 15:41:00,524,3.3008,3.3002,3.3002,3.3002,3.3002,11
2024-01-12 15:42:00,3797,3.3004,3.305,3.3,3.305,3.3,42
2024-01-12 15:43:00,10881,3.2933,3.295,3.295,3.3,3.2821,74
2024-01-12 15:44:00,4969,3.2987,3.3,3.3,3.3,3.295,42
2024-01-12 15:45:00,2401,3.3004,3.3,3.3,3.305,3.3,39
2024-01-12 15:46:00,320,3.303,3.305,3.305,3.305,3.305,10
2024-01-12 15:47:00,4340,3.2976,3.3,3.29,3.3,3.29,38
2024-01-12 15:48:00,1757,3.2944,3.295,3.29,3.295,3.29,8
2024-01-12 15:49:00,1359,3.2915,3.29,3.2903,3.295,3.29,16
2024-01-12 15:50:00,744,3.2928,3.295,3.295,3.295,3.29,7
2024-01-12 15:51:00,265,3.2983,3.2993,3.2993,3.2993,3.2993,6
2024-01-12 15:52:00,1270,3.2942,3.2986,3.295,3.2986,3.29,20
2024-01-12 15:53:00,690,3.2914,3.2908,3.2908,3.2908,3.2908,10
2024-01-12 15:54:00,246,3.2931,3.29,3.29,3.29,3.29,11
2024-01-12 15:55:00,3052,3.2977,3.29,3.3,3.3,3.29,17
2024-01-12 15:56:00,5607,3.3006,3.3,3.305,3.305,3.3,73
2024-01-12 15:57:00,5006,3.3077,3.3081,3.305,3.3081,3.3,11
2024-01-12 15:58:00,231,3.306,3.3075,3.3075,3.3075,3.3075,12
2024-01-12 15:59:00,2510,3.3007,3.3,3.3075,3.3075,3.3,16
2024-01-12 16:00:00,3208,3.3003,3.3015,3.3,3.3015,3.3,37
2024-01-12 16:01:00,774,3.2922,3.295,3.2911,3.295,3.29,8
2024-01-12 16:02:00,416,3.2926,3.295,3.2918,3.295,3.2918,5
2024-01-12 16:03:00,10295,3.3,3.2999,3.3,3.305,3.2999,60
2024-01-12 16:05:00,180,3.2979,3.2999,3.2999,3.2999,3.2999,6
2024-01-12 16:06:00,129,3.2997,3.3,3.3,3.3,3.3,7
2024-01-12 16:07:00,2135,3.3,3.3,3.3,3.3,3.3,25
2024-01-12 16:08:00,726,3.3087,3.31,3.31,3.31,3.31,12
2024-01-12 16:09:00,1539,3.3095,3.309,3.3099,3.3099,3.309,5
2024-01-12 16:10:00,2537,3.3068,3.31,3.31,3.31,3.3,25
2024-01-12 16:11:00,2399,3.3106,3.31,3.315,3.315,3.31,36
2024-01-12 16:12:00,511,3.3144,3.31,3.315,3.3175,3.31,7
2024-01-12 16:13:00,502,3.3145,3.31,3.315,3.3175,3.31,5
2024-01-12 16:14:00,2263,3.3173,3.3189,3.3175,3.3189,3.31,12
2024-01-12 16:15:00,708,3.3135,3.31,3.315,3.315,3.31,13
2024-01-12 16:16:00,154,3.3166,3.3175,3.3175,3.3175,3.3175,5
2024-01-12 16:17:00,1836,3.3149,3.315,3.311,3.3175,3.311,20
2024-01-12 16:18:00,751,3.3174,3.315,3.315,3.32,3.315,13
2024-01-12 16:19:00,3684,3.3165,3.3111,3.315,3.32,3.3111,12
2024-01-12 16:20:00,1001,3.3151,3.315,3.315,3.315,3.315,9
2024-01-12 16:21:00,167,3.3139,3.315,3.315,3.315,3.315,6
2024-01-12 16:22:00,1616,3.3154,3.315,3.315,3.32,3.315,24
2024-01-12 16:23:00,1527,3.3128,3.315,3.315,3.32,3.3112,12
2024-01-12 16:24:00,3660,3.3205,3.32,3.325,3.325,3.32,39
2024-01-12 16:25:00,4589,3.3306,3.32,3.34,3.34,3.32,38
2024-01-12 16:26:00,116,3.3395,3.34,3.34,3.34,3.34,4
2024-01-12 16:27:00,467,3.3392,3.34,3.34,3.34,3.34,14
2024-01-12 16:28:00,4065,3.3406,3.34,3.3478,3.3478,3.3399,41
2024-01-12 16:29:00,1781,3.3466,3.34,3.345,3.35,3.34,19
2024-01-12 16:30:00,3199,3.3443,3.345,3.3412,3.35,3.34,20
2024-01-12 16:31:00,15547,3.3509,3.35,3.3512,3.36,3.35,92
2024-01-12 16:32:00,19879,3.3507,3.35,3.355,3.36,3.35,118
2024-01-12 16:33:00,2419,3.3508,3.35,3.3512,3.355,3.35,32
2024-01-12 16:34:00,6460,3.3494,3.35,3.34,3.35,3.34,53
2024-01-12 16:35:00,4907,3.3406,3.34,3.3415,3.3415,3.34,36
2024-01-12 16:36:00,3445,3.3381,3.34,3.33,3.34,3.33,44
2024-01-12 16:37:00,3940,3.3316,3.33,3.3225,3.335,3.3225,37
2024-01-12 16:38:00,319,3.3291,3.3271,3.3271,3.3271,3.3271,8
2024-01-12 16:39:00,827,3.3225,3.32,3.325,3.325,3.32,9
2024-01-12 16:40:00,322,3.3267,3.325,3.325,3.325,3.325,6
2024-01-12 16:41:00,917,3.3261,3.32,3.325,3.33,3.32,12
2024-01-12 16:42:00,1944,3.3248,3.325,3.32,3.325,3.32,17
2024-01-12 16:43:00,233,3.325,3.325,3.325,3.325,3.325,4
2024-01-12 16:45:00,3864,3.3278,3.33,3.325,3.33,3.325,27
2024-01-12 16:46:00,1068,3.3261,3.325,3.33,3.33,3.325,20
2024-01-12 16:47:00,1735,3.3276,3.33,3.33,3.33,3.323,18
2024-01-12 16:48:00,1611,3.3269,3.33,3.33,3.33,3.325,23
2024-01-12 16:49:00,731,3.327,3.33,3.325,3.33,3.325,14
2024-01-12 16:50:00,1216,3.325,3.325,3.325,3.325,3.325,15
2024-01-12 16:51:00,307,3.325,3.325,3.325,3.325,3.325,6
2024-01-12 16:52:00,2306,3.3224,3.325,3.32,3.325,3.32,28
2024-01-12 16:53:00,3496,3.3201,3.32,3.32,3.32,3.32,36
2024-01-12 16:55:00,457,3.3207,3.32,3.32,3.3205,3.32,16
2024-01-12 16:56:00,5526,3.3197,3.32,3.315,3.32,3.315,54
2024-01-12 16:57:00,845,3.3109,3.31,3.31,3.315,3.31,13
2024-01-12 16:58:00,2852,3.3142,3.315,3.315,3.315,3.314,10
2024-01-12 17:01:00,241,3.313,3.31,3.315,3.315,3.31,5
2024-01-12 17:02:00,986,3.3169,3.315,3.32,3.32,3.315,10
2024-01-12 17:03:00,109,3.3152,3.315,3.315,3.315,3.315,3
2024-01-12 17:04:00,1963,3.3193,3.315,3.32,3.32,3.315,19
2024-01-12 17:05:00,858,3.317,3.32,3.315,3.32,3.312,11
2024-01-12 17:06:00,765,3.3192,3.32,3.32,3.32,3.32,10
2024-01-12 17:07:00,537,3.3171,3.32,3.315,3.32,3.315,11
2024-01-12 17:08:00,634,3.3159,3.315,3.315,3.315,3.315,12
2024-01-12 17:09:00,1488,3.3144,3.315,3.31,3.32,3.31,18
2024-01-12 17:10:00,7034,3.3119,3.3101,3.32,3.32,3.3101,18
2024-01-12 17:11:00,671,3.3176,3.315,3.32,3.32,3.315,12
2024-01-12 17:12:00,726,3.3185,3.32,3.32,3.32,3.315,10
2024-01-12 17:13:00,10647,3.3224,3.32,3.33,3.33,3.3179,75
2024-01-12 17:14:00,328,3.3283,3.33,3.325,3.33,3.325,7
2024-01-12 17:15:00,769,3.3258,3.3201,3.325,3.33,3.3201,12
2024-01-12 17:16:00,336,3.3261,3.325,3.325,3.33,3.325,7
2024-01-12 17:17:00,950,3.3265,3.325,3.325,3.33,3.325,16
2024-01-12 17:18:00,1033,3.3275,3.325,3.33,3.33,3.325,10
2024-01-12 17:19:00,640,3.3262,3.33,3.325,3.33,3.325,10
2024-01-12 17:20:00,907,3.3256,3.33,3.325,3.33,3.32,10
2024-01-12 17:21:00,469,3.3268,3.324,3.33,3.33,3.324,11
2024-01-12 17:22:00,12322,3.3304,3.33,3.33,3.335,3.33,80
2024-01-12 17:23:00,2554,3.3324,3.335,3.335,3.335,3.33,28
2024-01-12 17:24:00,8460,3.3281,3.33,3.325,3.33,3.3213,46
2024-01-12 17:25:00,608,3.3217,3.32,3.325,3.325,3.32,8
2024-01-12 17:26:00,366,3.3291,3.33,3.33,3.33,3.33,4
2024-01-12 17:27:00,429,3.3235,3.32,3.325,3.325,3.32,5
2024-01-12 17:28:00,921,3.3245,3.32,3.325,3.325,3.32,6
2024-01-12 17:29:00,655,3.3255,3.325,3.325,3.325,3.325,4
2024-01-12 17:30:00,1074,3.3266,3.33,3.33,3.33,3.3213,10
2024-01-12 17:32:00,182,3.3278,3.33,3.33,3.33,3.33,5
2024-01-12 17:33:00,651,3.3237,3.32,3.325,3.325,3.32,8
2024-01-12 17:34:00,623,3.3276,3.325,3.33,3.33,3.325,7
2024-01-12 17:35:00,958,3.3275,3.325,3.325,3.3287,3.325,11
2024-01-12 17:36:00,201,3.325,3.325,3.325,3.325,3.325,3
2024-01-12 17:37:00,1611,3.3254,3.325,3.325,3.3257,3.325,7
2024-01-12 17:38:00,984,3.3282,3.33,3.325,3.33,3.325,5
2024-01-12 17:39:00,227,3.3246,3.325,3.325,3.325,3.325,6
2024-01-12 17:40:00,351,3.3294,3.33,3.33,3.33,3.33,9
2024-01-12 17:41:00,179,3.3252,3.325,3.325,3.325,3.325,6
2024-01-12 17:42:00,1115,3.327,3.325,3.325,3.33,3.325,14
2024-01-12 17:43:00,3528,3.3246,3.33,3.33,3.33,3.324,13
2024-01-12 17:44:00,1105,3.3296,3.33,3.33,3.33,3.33,15
2024-01-12 17:45:00,390,3.329,3.33,3.33,3.33,3.33,8
2024-01-12 17:46:00,1078,3.3295,3.33,3.33,3.33,3.33,19
2024-01-12 17:47:00,1221,3.3252,3.325,3.325,3.325,3.325,11
2024-01-12 17:48:00,767,3.326,3.325,3.33,3.33,3.3225,10
2024-01-12 17:49:00,657,3.3289,3.33,3.33,3.33,3.325,10
2024-01-12 17:50:00,906,3.3255,3.325,3.325,3.33,3.325,15
2024-01-12 17:51:00,390,3.3285,3.33,3.33,3.33,3.33,11
2024-01-12 17:52:00,414,3.3288,3.33,3.33,3.33,3.33,7
2024-01-12 17:53:00,10065,3.3305,3.3267,3.33,3.335,3.3267,84
2024-01-12 17:54:00,3060,3.3303,3.33,3.33,3.33,3.33,22
2024-01-12 17:55:00,248,3.3343,3.335,3.335,3.335,3.335,6
2024-01-12 17:56:00,1396,3.3354,3.335,3.34,3.34,3.335,12
2024-01-12 17:57:00,567,3.3312,3.33,3.33,3.33,3.33,18
2024-01-12 17:58:00,4322,3.3303,3.33,3.33,3.335,3.33,47
2024-01-12 17:59:00,464,3.3294,3.33,3.33,3.33,3.328,12
2024-01-12 18:00:00,9056,3.33,3.3225,3.3312,3.3312,3.3225,42
2024-01-12 18:01:00,524,3.3379,3.335,3.34,3.34,3.335,9
2024-01-12 18:03:00,116,3.3304,3.33,3.33,3.33,3.33,5
2024-01-12 18:04:00,590,3.3366,3.3381,3.335,3.3381,3.335,6
2024-01-12 18:05:00,865,3.3342,3.33,3.335,3.34,3.33,11
2024-01-12 18:09:00,15690,3.3383,3.3399,3.34,3.34,3.33,53
2024-01-12 18:10:00,1661,3.3396,3.34,3.34,3.34,3.34,21
2024-01-12 18:11:00,351,3.335,3.335,3.335,3.335,3.335,3
2024-01-12 18:12:00,811,3.3368,3.3399,3.335,3.34,3.3346,15
2024-01-12 18:13:00,833,3.3386,3.338,3.34,3.34,3.3351,12
2024-01-12 18:15:00,1328,3.3357,3.34,3.335,3.34,3.335,15
2024-01-12 18:16:00,1042,3.3354,3.335,3.335,3.34,3.335,13
2024-01-12 18:17:00,1465,3.3369,3.34,3.335,3.34,3.3332,22
2024-01-12 18:18:00,1113,3.3351,3.3335,3.335,3.34,3.3335,18
2024-01-12 18:19:00,633,3.3369,3.335,3.34,3.34,3.335,10
2024-01-12 18:20:00,745,3.3393,3.34,3.34,3.34,3.338,15
2024-01-12 18:21:00,1389,3.3371,3.335,3.3325,3.34,3.3325,21
2024-01-12 18:22:00,880,3.3382,3.335,3.34,3.34,3.335,11
2024-01-12 18:23:00,868,3.3395,3.34,3.34,3.34,3.34,16
2024-01-12 18:24:00,729,3.3367,3.34,3.335,3.34,3.3325,9
2024-01-12 18:25:00,961,3.339,3.34,3.34,3.34,3.34,17
2024-01-12 18:26:00,11387,3.3401,3.3399,3.345,3.345,3.3376,66
2024-01-12 18:27:00,452,3.3487,3.348,3.348,3.348,3.348,8
2024-01-12 18:28:00,300,3.3493,3.35,3.348,3.35,3.348,3
2024-01-12 18:29:00,1055,3.3484,3.35,3.35,3.35,3.345,11
2024-01-12 18:30:00,512,3.3484,3.35,3.345,3.35,3.345,13
2024-01-12 18:31:00,694,3.3487,3.35,3.35,3.35,3.35,11
2024-01-12 18:33:00,995,3.3491,3.35,3.35,3.35,3.3488,9
2024-01-12 18:34:00,36370,3.3531,3.35,3.355,3.36,3.3401,107
2024-01-12 18:35:00,28722,3.3431,3.35,3.34,3.35,3.34,53
2024-01-12 18:36:00,1782,3.3451,3.345,3.345,3.348,3.345,19
2024-01-12 18:37:00,10706,3.3449,3.34,3.34,3.345,3.34,13
2024-01-12 18:38:00,1003,3.3445,3.34,3.345,3.345,3.34,8
2024-01-12 18:39:00,1122,3.3447,3.34,3.345,3.35,3.34,9
2024-01-12 18:40:00,1516,3.3458,3.345,3.35,3.35,3.34,10
2024-01-12 18:41:00,1619,3.3419,3.345,3.34,3.345,3.34,20
2024-01-12 18:42:00,9216,3.3396,3.34,3.33,3.34,3.33,70
2024-01-12 18:44:00,1100,3.3387,3.3386,3.34,3.34,3.3386,2
2024-01-12 18:45:00,956,3.3366,3.34,3.335,3.34,3.33,12
2024-01-12 18:46:00,351,3.3385,3.3389,3.34,3.34,3.3389,4
2024-01-12 18:47:00,131,3.3342,3.335,3.335,3.335,3.335,4
2024-01-12 18:48:00,1350,3.3389,3.3325,3.34,3.34,3.3325,12
2024-01-12 18:50:00,622,3.3389,3.3397,3.3399,3.3399,3.3397,5
2024-01-12 18:51:00,877,3.3365,3.335,3.335,3.3398,3.335,7
2024-01-12 18:52:00,1261,3.3366,3.335,3.34,3.34,3.335,21
2024-01-12 18:53:00,695,3.3348,3.335,3.335,3.335,3.335,13
2024-01-12 18:54:00,887,3.3378,3.335,3.34,3.34,3.335,17
2024-01-12 18:55:00,323,3.3389,3.34,3.34,3.34,3.34,12
2024-01-12 18:56:00,1868,3.3363,3.34,3.34,3.34,3.335,10
2024-01-12 18:57:00,305,3.338,3.34,3.34,3.34,3.34,6
2024-01-12 18:58:00,420,3.3396,3.34,3.3398,3.34,3.3398,3
2024-01-12 18:59:00,961,3.3397,3.34,3.34,3.34,3.34,8
2024-01-12 19:00:00,2932,3.333,3.34,3.34,3.34,3.3301,20
2024-01-12 19:01:00,867,3.3378,3.339,3.335,3.34,3.335,12
2024-01-12 19:02:00,1952,3.3395,3.3395,3.34,3.34,3.3395,13
2024-01-12 19:03:00,2998,3.3381,3.34,3.335,3.34,3.335,24
2024-01-12 19:04:00,648,3.3397,3.34,3.34,3.34,3.34,12
2024-01-12 19:05:00,1139,3.3399,3.34,3.34,3.34,3.34,23
2024-01-12 19:06:00,777,3.3373,3.335,3.34,3.34,3.335,12
2024-01-12 19:07:00,657,3.3396,3.34,3.34,3.34,3.34,17
2024-01-12 19:08:00,1191,3.3399,3.34,3.34,3.34,3.34,20
2024-01-12 19:09:00,5877,3.3409,3.34,3.34,3.345,3.34,63
2024-01-12 19:10:00,7036,3.3407,3.34,3.34,3.345,3.34,56
2024-01-12 19:11:00,1908,3.3401,3.34,3.34,3.34,3.34,24
2024-01-12 19:12:00,1570,3.341,3.34,3.345,3.345,3.34,12
2024-01-12 19:13:00,4037,3.3369,3.34,3.335,3.34,3.335,41
2024-01-12 19:14:00,645,3.3382,3.335,3.3399,3.3399,3.335,8
2024-01-12 19:16:00,498,3.3381,3.34,3.335,3.34,3.335,6
2024-01-12 19:18:00,1022,3.3309,3.3313,3.335,3.335,3.33,15
2024-01-12 19:19:00,161,3.3348,3.3375,3.3375,3.3375,3.3375,9
2024-01-12 19:20:00,1416,3.3359,3.34,3.3375,3.34,3.3346,4
2024-01-12 19:21:00,372,3.3347,3.33,3.3375,3.3375,3.33,10
2024-01-12 19:22:00,8117,3.3294,3.33,3.325,3.33,3.325,93
2024-01-12 19:23:00,500,3.3268,3.325,3.325,3.325,3.325,4
2024-01-12 19:24:00,106,3.3251,3.325,3.325,3.325,3.325,3
2024-01-12 19:25:00,1843,3.3283,3.33,3.325,3.33,3.325,12
2024-01-12 19:26:00,137,3.3287,3.33,3.33,3.33,3.33,7
2024-01-12 19:27:00,710,3.3271,3.325,3.33,3.33,3.3201,10
2024-01-12 19:28:00,1994,3.3256,3.325,3.325,3.33,3.3241,18
2024-01-12 19:29:00,792,3.3257,3.325,3.325,3.33,3.325,12
2024-01-12 19:30:00,1142,3.3282,3.33,3.325,3.33,3.325,9
2024-01-12 19:31:00,2919,3.3252,3.325,3.325,3.33,3.32,36
2024-01-12 19:32:00,293,3.3216,3.32,3.32,3.32,3.32,6
2024-01-12 19:33:00,9827,3.3199,3.325,3.315,3.325,3.315,103
2024-01-12 19:34:00,2136,3.313,3.31,3.315,3.315,3.31,12
2024-01-12 19:35:00,1113,3.3119,3.3105,3.3105,3.3105,3.3105,16
2024-01-12 19:36:00,8877,3.3126,3.31,3.31,3.32,3.31,69
2024-01-12 19:37:00,670,3.3111,3.315,3.3111,3.315,3.31,14
2024-01-12 19:38:00,4016,3.3118,3.315,3.31,3.315,3.31,36
2024-01-12 19:39:00,12305,3.3076,3.315,3.305,3.315,3.3,59
2024-01-12 19:40:00,31275,3.3102,3.31,3.31,3.315,3.305,148
2024-01-12 19:41:00,2620,3.3062,3.307,3.305,3.307,3.305,12
2024-01-12 19:42:00,3066,3.3076,3.3077,3.3077,3.3077,3.3077,8
2024-01-12 19:43:00,1547,3.306,3.305,3.305,3.31,3.305,17
2024-01-12 19:44:00,505,3.307,3.305,3.31,3.31,3.305,9
2024-01-12 19:45:00,1251,3.3068,3.31,3.31,3.31,3.305,11
2024-01-12 19:46:00,2002,3.3091,3.31,3.3089,3.31,3.3089,7
2024-01-12 19:47:00,5352,3.3041,3.31,3.31,3.31,3.3013,15
2024-01-12 19:48:00,455,3.3065,3.31,3.305,3.31,3.3021,8
2024-01-12 19:49:00,952,3.3064,3.305,3.31,3.31,3.305,12
2024-01-12 19:50:00,2073,3.3088,3.308,3.31,3.31,3.305,15
2024-01-12 19:51:00,4178,3.3096,3.3099,3.31,3.31,3.3081,26
2024-01-12 19:52:00,4058,3.3098,3.3099,3.31,3.31,3.305,33
2024-01-12 19:53:00,1555,3.3097,3.31,3.31,3.31,3.31,18
2024-01-12 19:54:00,2917,3.3088,3.31,3.31,3.31,3.305,33
2024-01-12 19:55:00,2060,3.3085,3.31,3.31,3.31,3.305,20
2024-01-12 19:56:00,654,3.3098,3.31,3.31,3.31,3.31,16
2024-01-12 19:57:00,4711,3.3067,3.31,3.31,3.31,3.305,25
2024-01-12 19:58:00,609,3.3098,3.31,3.31,3.31,3.31,15
2024-01-12 19:59:00,2141,3.3094,3.31,3.305,3.31,3.305,24
2024-01-12 20:00:00,1651,3.3071,3.31,3.305,3.31,3.305,19
2024-01-12 20:01:00,2610,3.3062,3.305,3.305,3.31,3.3021,39
2024-01-12 20:02:00,1611,3.3086,3.31,3.31,3.31,3.305,14
2024-01-12 20:03:00,5166,3.3088,3.305,3.3021,3.31,3.3021,33
2024-01-12 20:04:00,3300,3.3094,3.31,3.31,3.31,3.305,30
2024-01-12 20:05:00,1444,3.3062,3.31,3.31,3.31,3.3,19
2024-01-12 20:06:00,1507,3.3079,3.31,3.31,3.31,3.31,17
2024-01-12 20:07:00,467,3.3095,3.31,3.31,3.31,3.31,9
2024-01-12 20:08:00,1671,3.3089,3.31,3.305,3.31,3.305,21
2024-01-12 20:09:00,3184,3.31,3.31,3.309,3.31,3.309,36
2024-01-12 20:10:00,1847,3.3081,3.31,3.31,3.31,3.305,28
2024-01-12 20:11:00,600,3.3094,3.31,3.308,3.31,3.308,6
2024-01-12 20:12:00,940,3.3095,3.31,3.308,3.31,3.308,15
2024-01-12 20:13:00,1233,3.3077,3.31,3.31,3.31,3.305,19
2024-01-12 20:14:00,3350,3.3065,3.305,3.31,3.31,3.305,25
2024-01-12 20:15:00,1347,3.3075,3.31,3.31,3.31,3.305,22
2024-01-12 20:16:00,2538,3.3085,3.31,3.31,3.31,3.305,26
2024-01-12 20:17:00,1406,3.3075,3.305,3.31,3.31,3.305,14
2024-01-12 20:18:00,1230,3.3093,3.31,3.31,3.31,3.31,23
2024-01-12 20:19:00,4161,3.3086,3.3094,3.305,3.31,3.305,23
2024-01-12 20:20:00,3845,3.3059,3.31,3.305,3.31,3.305,65
2024-01-12 20:21:00,2324,3.3055,3.31,3.305,3.31,3.305,28
2024-01-12 20:22:00,4136,3.304,3.305,3.3,3.31,3.3,55
2024-01-12 20:23:00,27450,3.2986,3.305,3.295,3.305,3.29,168
2024-01-12 20:24:00,1154,3.2954,3.295,3.295,3.295,3.295,12
2024-01-12 20:25:00,9752,3.2979,3.295,3.3,3.3,3.295,53
2024-01-12 20:26:00,2308,3.2996,3.3,3.3,3.3,3.3,24
2024-01-12 20:27:00,6699,3.2979,3.2969,3.3,3.3,3.295,35
2024-01-12 20:28:00,6086,3.2983,3.3,3.3,3.3,3.295,41
2024-01-12 20:29:00,1622,3.2971,3.295,3.295,3.3,3.295,19
2024-01-12 20:30:00,3107,3.2968,3.3,3.3,3.3,3.295,27
2024-01-12 20:31:00,1333,3.2959,3.295,3.295,3.3,3.29,16
2024-01-12 20:32:00,2787,3.2954,3.295,3.295,3.3,3.295,34
2024-01-12 20:33:00,6490,3.2957,3.295,3.295,3.3,3.295,42
2024-01-12 20:34:00,1591,3.2966,3.3,3.295,3.3,3.295,22
2024-01-12 20:35:00,1357,3.2977,3.295,3.3,3.3,3.295,15
2024-01-12 20:36:00,937,3.2977,3.295,3.3,3.3,3.295,15
2024-01-12 20:37:00,12578,3.2921,3.295,3.2999,3.2999,3.29,117
2024-01-12 20:38:00,5486,3.2908,3.295,3.29,3.295,3.29,54
2024-01-12 20:39:00,10628,3.29,3.29,3.29,3.2901,3.29,72
2024-01-12 20:40:00,4512,3.2893,3.29,3.28,3.2955,3.28,43
2024-01-12 20:41:00,2829,3.2847,3.285,3.28,3.285,3.28,28
2024-01-12 20:42:00,1418,3.284,3.285,3.28,3.29,3.28,16
2024-01-12 20:43:00,7619,3.2881,3.285,3.285,3.285,3.285,44
2024-01-12 20:44:00,2984,3.2878,3.29,3.285,3.29,3.285,22
2024-01-12 20:45:00,1783,3.288,3.29,3.285,3.29,3.285,16
2024-01-12 20:46:00,3793,3.2878,3.29,3.29,3.29,3.285,30
2024-01-12 20:47:00,3808,3.2883,3.285,3.29,3.29,3.285,43
2024-01-12 20:48:00,9008,3.2859,3.285,3.285,3.29,3.285,94
2024-01-12 20:49:00,3563,3.2867,3.285,3.29,3.29,3.285,54
2024-01-12 20:50:00,5565,3.2861,3.285,3.285,3.29,3.2813,42
2024-01-12 20:51:00,6078,3.2856,3.285,3.285,3.29,3.285,67
2024-01-12 20:52:00,6785,3.2868,3.29,3.285,3.29,3.285,82
2024-01-12 20:53:00,23343,3.2893,3.285,3.3,3.3,3.285,151
2024-01-12 20:54:00,6363,3.2945,3.3,3.295,3.3,3.295,54
2024-01-12 20:55:00,7264,3.2961,3.3,3.295,3.3,3.295,87
2024-01-12 20:56:00,11514,3.2965,3.295,3.295,3.3,3.295,103
2024-01-12 20:57:00,16722,3.2975,3.3,3.295,3.3,3.29,176
2024-01-12 20:58:00,19932,3.2971,3.3,3.3,3.3,3.29,155
2024-01-12 20:59:00,64215,3.2984,3.3,3.29,3.3,3.29,341
2024-01-12 21:00:00,7306,3.2999,3.3,3.3,3.3,3.3,9
2024-01-12 21:06:00,95623,3.3,3.3,3.3,3.3,3.3,1
2024-01-12 21:21:00,100,3.35,3.35,3.35,3.35,3.35,1
2024-01-12 21:22:00,700,3.28,3.28,3.28,3.28,3.28,1
2024-01-12 22:23:00,100,3.3,3.3,3.3,3.3,3.3,1
2024-01-12 22:59:00,100,3.31,3.31,3.31,3.31,3.31,1
2024-01-12 23:08:00,600,3.3382,3.3398,3.31,3.35,3.31,5
2024-01-12 23:56:00,115,3.32,3.32,3.32,3.32,3.32,1
2024-01-16 12:00:00,338,3.3246,3.33,3.33,3.33,3.33,46
2024-01-16 12:02:00,630,3.2475,3.26,3.26,3.26,3.23,7
2024-01-16 13:00:00,246,3.2907,3.3,3.3,3.3,3.3,8
2024-01-16 13:30:00,750,3.24,3.24,3.24,3.24,3.24,3
2024-01-16 14:17:00,100,3.1909,3.1909,3.1909,3.1909,3.1909,1
2024-01-16 14:22:00,125,3.177,3.177,3.177,3.177,3.177,1
2024-01-16 14:25:00,614,3.28,3.28,3.28,3.28,3.28,3
2024-01-16 14:30:00,52478,3.2794,3.28,3.28,3.28,3.25,163
2024-01-16 14:31:00,4450,3.2684,3.27,3.2594,3.275,3.2594,27
2024-01-16 14:32:00,3068,3.2472,3.255,3.2407,3.255,3.2407,33
2024-01-16 14:33:00,3271,3.2347,3.24,3.2306,3.24,3.23,29
2024-01-16 14:34:00,102,3.235,3.235,3.235,3.235,3.235,3
2024-01-16 14:35:00,329,3.2292,3.23,3.23,3.23,3.23,11
2024-01-16 14:36:00,408,3.2239,3.225,3.225,3.225,3.225,12
2024-01-16 14:37:00,521,3.2246,3.225,3.225,3.225,3.225,14
2024-01-16 14:38:00,409,3.2256,3.225,3.225,3.225,3.225,9
2024-01-16 14:39:00,1277,3.224,3.2202,3.225,3.225,3.2202,7
2024-01-16 14:40:00,315,3.2222,3.22,3.22,3.22,3.22,14
2024-01-16 14:41:00,436,3.2223,3.22,3.225,3.225,3.22,9
2024-01-16 14:42:00,504,3.225,3.225,3.225,3.225,3.225,10
2024-01-16 14:44:00,4011,3.2211,3.225,3.22,3.225,3.22,32
2024-01-16 14:45:00,647,3.2126,3.21,3.215,3.215,3.21,11
2024-01-16 14:46:00,7559,3.2199,3.2199,3.2199,3.2199,3.2199,5
2024-01-16 14:47:00,1780,3.2095,3.21,3.205,3.215,3.205,25
2024-01-16 14:48:00,612,3.2035,3.205,3.2001,3.206,3.2001,13
2024-01-16 14:49:00,5003,3.2099,3.2099,3.2099,3.2099,3.2099,4
2024-01-16 14:50:00,597,3.2075,3.2099,3.205,3.2099,3.205,9
2024-01-16 14:51:00,518,3.2079,3.21,3.21,3.21,3.21,17
2024-01-16 14:52:00,6748,3.2198,3.22,3.22,3.22,3.22,44
2024-01-16 14:53:00,1613,3.2171,3.2197,3.215,3.2197,3.215,12
2024-01-16 14:55:00,111,3.2147,3.215,3.215,3.215,3.215,8
2024-01-16 14:58:00,883,3.213,3.21,3.215,3.215,3.21,21
2024-01-16 15:00:00,5614,3.2048,3.21,3.2,3.215,3.2,48
2024-01-16 15:01:00,371,3.2084,3.21,3.21,3.21,3.21,8
2024-01-16 15:02:00,205,3.2026,3.2,3.205,3.205,3.2,5
2024-01-16 15:04:00,7519,3.1954,3.2,3.195,3.2,3.1909,34
2024-01-16 15:05:00,662,3.1949,3.195,3.195,3.195,3.195,11
2024-01-16 15:06:00,300,3.1939,3.195,3.1911,3.195,3.1911,3
2024-01-16 15:07:00,3317,3.1898,3.19,3.1882,3.19,3.1882,26
2024-01-16 15:08:00,2647,3.1893,3.185,3.19,3.19,3.185,41
2024-01-16 15:09:00,684,3.1943,3.2,3.19,3.2,3.19,9
2024-01-16 15:11:00,353,3.1912,3.1912,3.1912,3.1912,3.1912,1
2024-01-16 15:12:00,10938,3.2068,3.1998,3.21,3.21,3.1998,41
2024-01-16 15:13:00,577,3.2161,3.215,3.22,3.22,3.214,13
2024-01-16 15:14:00,378,3.2144,3.215,3.215,3.215,3.215,10
2024-01-16 15:15:00,946,3.2149,3.214,3.215,3.22,3.214,10
2024-01-16 15:16:00,185,3.2184,3.2193,3.2193,3.2193,3.2193,9
2024-01-16 15:17:00,1956,3.2142,3.215,3.2111,3.215,3.2111,16
2024-01-16 15:18:00,354,3.2154,3.215,3.22,3.22,3.215,10
2024-01-16 15:19:00,3300,3.2209,3.22,3.225,3.225,3.22,32
2024-01-16 15:20:00,1419,3.225,3.225,3.225,3.225,3.225,22
2024-01-16 15:21:00,493,3.2216,3.22,3.2275,3.2275,3.22,9
2024-01-16 15:22:00,313,3.2216,3.2211,3.2211,3.2211,3.2211,4
2024-01-16 15:23:00,1101,3.2236,3.2291,3.225,3.2291,3.2202,18
2024-01-16 15:24:00,301,3.2266,3.23,3.225,3.23,3.225,8
2024-01-16 15:25:00,336,3.2245,3.225,3.22,3.225,3.22,9
2024-01-16 15:27:00,752,3.2227,3.22,3.225,3.2275,3.22,15
2024-01-16 15:28:00,1019,3.2299,3.23,3.23,3.23,3.23,7
2024-01-16 15:29:00,112,3.2289,3.2294,3.2294,3.2294,3.2294,5
2024-01-16 15:30:00,794,3.2248,3.23,3.224,3.23,3.22,10
2024-01-16 15:31:00,461,3.225,3.225,3.225,3.225,3.225,7
2024-01-16 15:32:00,165,3.2238,3.225,3.225,3.225,3.225,11
2024-01-16 15:33:00,950,3.229,3.23,3.23,3.23,3.225,10
2024-01-16 15:34:00,133,3.2284,3.23,3.23,3.23,3.23,9
2024-01-16 15:35:00,3096,3.2313,3.2289,3.235,3.24,3.2289,38
2024-01-16 15:36:00,2596,3.23,3.23,3.23,3.23,3.23,30
2024-01-16 15:37:00,518,3.2258,3.23,3.225,3.23,3.225,10
2024-01-16 15:38:00,327,3.22,3.22,3.22,3.22,3.22,6
2024-01-16 15:39:00,552,3.2258,3.225,3.225,3.225,3.225,14
2024-01-16 15:40:00,1492,3.2303,3.23,3.235,3.235,3.23,33
2024-01-16 15:41:00,293,3.2345,3.235,3.235,3.235,3.235,21
2024-01-16 15:42:00,455,3.2347,3.235,3.235,3.235,3.235,26
2024-01-16 15:43:00,448,3.2383,3.235,3.24,3.24,3.235,12
2024-01-16 15:44:00,644,3.2356,3.235,3.24,3.24,3.235,15
2024-01-16 15:45:00,8239,3.23,3.23,3.23,3.23,3.23,65
2024-01-16 15:46:00,137,3.2248,3.225,3.225,3.225,3.225,5
2024-01-16 15:47:00,173,3.225,3.225,3.225,3.225,3.225,8
2024-01-16 15:48:00,211,3.2274,3.225,3.225,3.225,3.225,9
2024-01-16 15:49:00,214,3.224,3.2239,3.2239,3.2239,3.2239,3
2024-01-16 15:50:00,4827,3.2305,3.23,3.23,3.235,3.23,47
2024-01-16 15:51:00,656,3.2274,3.2294,3.2298,3.2298,3.224,7
2024-01-16 15:53:00,564,3.2284,3.23,3.23,3.23,3.225,10
2024-01-16 15:54:00,1720,3.2306,3.23,3.24,3.24,3.23,27
2024-01-16 15:55:00,4856,3.2316,3.24,3.24,3.24,3.231,8
2024-01-16 15:56:00,245,3.2358,3.24,3.24,3.24,3.24,9
2024-01-16 15:57:00,3414,3.2313,3.24,3.23,3.24,3.23,33
2024-01-16 15:58:00,323,3.2281,3.23,3.225,3.23,3.225,8
2024-01-16 15:59:00,455,3.2259,3.225,3.23,3.23,3.225,7
2024-01-16 16:00:00,4916,3.2203,3.225,3.21,3.225,3.21,31
2024-01-16 16:01:00,6359,3.2138,3.2108,3.215,3.2199,3.21,13
2024-01-16 16:02:00,615,3.2108,3.21,3.21,3.21,3.21,11
2024-01-16 16:03:00,202,3.21,3.21,3.21,3.21,3.21,3
2024-01-16 16:04:00,3031,3.2096,3.21,3.205,3.21,3.205,17
2024-01-16 16:05:00,1427,3.2101,3.21,3.21,3.21,3.21,22
2024-01-16 16:07:00,2700,3.2172,3.2198,3.2197,3.2198,3.21,19
2024-01-16 16:08:00,801,3.2122,3.21,3.215,3.215,3.21,12
2024-01-16 16:09:00,1291,3.2114,3.21,3.215,3.215,3.21,22
2024-01-16 16:10:00,474,3.2136,3.215,3.21,3.215,3.21,9
2024-01-16 16:11:00,616,3.2135,3.215,3.215,3.215,3.21,10
2024-01-16 16:12:00,2092,3.2102,3.21,3.21,3.21,3.21,19
2024-01-16 16:13:00,814,3.2048,3.205,3.2017,3.21,3.2017,11
2024-01-16 16:15:00,7082,3.2075,3.2075,3.2075,3.2075,3.2075,9
2024-01-16 16:16:00,2673,3.2103,3.205,3.21,3.215,3.205,39
2024-01-16 16:17:00,4198,3.2099,3.21,3.21,3.21,3.21,28
2024-01-16 16:19:00,103,3.2097,3.21,3.21,3.21,3.21,4
2024-01-16 16:20:00,2209,3.2009,3.2,3.21,3.21,3.2,5
2024-01-16 16:21:00,169,3.2091,3.21,3.21,3.21,3.21,8
2024-01-16 16:22:00,2699,3.2102,3.21,3.215,3.215,3.21,28
2024-01-16 16:23:00,1518,3.2171,3.22,3.22,3.22,3.215,10
2024-01-16 16:24:00,1113,3.2151,3.215,3.22,3.22,3.21,16
2024-01-16 16:25:00,327,3.2181,3.22,3.22,3.22,3.215,4
2024-01-16 16:26:00,6426,3.2188,3.215,3.21,3.22,3.21,15
2024-01-16 16:27:00,2755,3.2207,3.22,3.23,3.23,3.22,24
2024-01-16 16:28:00,321,3.2294,3.23,3.23,3.23,3.23,8
2024-01-16 16:29:00,957,3.2299,3.23,3.23,3.23,3.23,21
2024-01-16 16:30:00,6254,3.2355,3.23,3.2399,3.24,3.23,38
2024-01-16 16:31:00,483,3.24,3.24,3.24,3.24,3.24,6
2024-01-16 16:33:00,224,3.2393,3.24,3.24,3.24,3.24,9
2024-01-16 16:34:00,437,3.2362,3.235,3.235,3.235,3.235,7
2024-01-16 16:35:00,126,3.2348,3.235,3.235,3.235,3.235,9
2024-01-16 16:36:00,609,3.2358,3.235,3.235,3.24,3.235,7
2024-01-16 16:37:00,632,3.2349,3.235,3.235,3.235,3.235,9
2024-01-16 16:38:00,214,3.2337,3.235,3.2325,3.235,3.2325,4
2024-01-16 16:39:00,200,3.2375,3.235,3.24,3.24,3.235,2
2024-01-16 16:40:00,906,3.2366,3.235,3.235,3.24,3.235,15
2024-01-16 16:41:00,165,3.2377,3.2395,3.2395,3.2395,3.2395,7
2024-01-16 16:43:00,422,3.2359,3.235,3.235,3.235,3.235,9
2024-01-16 16:44:00,353,3.235,3.235,3.235,3.235,3.235,8
2024-01-16 16:46:00,983,3.2345,3.235,3.235,3.235,3.23,12
2024-01-16 16:47:00,112,3.2395,3.24,3.24,3.24,3.24,2
2024-01-16 16:48:00,104,3.2349,3.235,3.235,3.235,3.235,5
2024-01-16 16:50:00,348,3.2354,3.235,3.235,3.235,3.235,7
2024-01-16 16:51:00,1401,3.2338,3.235,3.24,3.24,3.2311,20
2024-01-16 16:52:00,343,3.2369,3.235,3.24,3.24,3.235,6
2024-01-16 16:53:00,104,3.2349,3.235,3.235,3.235,3.235,4
2024-01-16 16:54:00,218,3.235,3.235,3.235,3.235,3.235,4
2024-01-16 16:55:00,496,3.2347,3.23,3.235,3.24,3.23,10
2024-01-16 16:56:00,8684,3.2404,3.235,3.25,3.25,3.235,60
2024-01-16 16:57:00,10057,3.2408,3.245,3.23,3.245,3.23,70
2024-01-16 16:58:00,4191,3.2299,3.23,3.23,3.23,3.225,32
2024-01-16 16:59:00,959,3.2299,3.23,3.23,3.23,3.23,14
2024-01-16 17:00:00,2341,3.2303,3.23,3.23,3.23,3.23,24
2024-01-16 17:01:00,400,3.23,3.23,3.23,3.23,3.23,4
2024-01-16 17:02:00,670,3.2282,3.23,3.225,3.23,3.225,12
2024-01-16 17:04:00,445,3.2251,3.225,3.225,3.225,3.225,9
2024-01-16 17:05:00,201,3.225,3.225,3.225,3.225,3.225,3
2024-01-16 17:06:00,400,3.2252,3.225,3.225,3.2257,3.225,7
2024-01-16 17:07:00,434,3.2249,3.225,3.225,3.225,3.225,7
2024-01-16 17:08:00,423,3.225,3.225,3.225,3.225,3.225,6
2024-01-16 17:11:00,111,3.2248,3.225,3.225,3.225,3.225,7
2024-01-16 17:12:00,106,3.2248,3.225,3.225,3.225,3.225,3
2024-01-16 17:14:00,412,3.2255,3.2219,3.2219,3.2219,3.2219,8
2024-01-16 17:15:00,2505,3.2256,3.225,3.22,3.2292,3.22,28
2024-01-16 17:16:00,208,3.2248,3.225,3.225,3.225,3.225,6
2024-01-16 17:17:00,290,3.225,3.23,3.22,3.23,3.22,6
2024-01-16 17:18:00,202,3.225,3.225,3.225,3.225,3.225,4
2024-01-16 17:19:00,783,3.2256,3.225,3.2295,3.2295,3.225,9
2024-01-16 17:20:00,911,3.225,3.225,3.225,3.225,3.225,12
2024-01-16 17:21:00,324,3.225,3.225,3.225,3.225,3.225,3
2024-01-16 17:23:00,187,3.225,3.225,3.225,3.225,3.225,3
2024-01-16 17:25:00,1392,3.222,3.23,3.2201,3.23,3.2201,13
2024-01-16 17:26:00,384,3.225,3.225,3.225,3.225,3.225,6
2024-01-16 17:27:00,759,3.2248,3.225,3.225,3.225,3.225,9
2024-01-16 17:28:00,10132,3.2198,3.22,3.215,3.22,3.21,52
2024-01-16 17:29:00,1180,3.2143,3.21,3.22,3.22,3.21,13
2024-01-16 17:30:00,1599,3.2116,3.21,3.21,3.215,3.21,20
2024-01-16 17:31:00,5352,3.2098,3.21,3.205,3.21,3.205,32
2024-01-16 17:32:00,450,3.2049,3.2016,3.205,3.2094,3.2016,9
2024-01-16 17:34:00,304,3.2044,3.205,3.205,3.205,3.205,3
2024-01-16 17:35:00,331,3.205,3.2025,3.2025,3.2025,3.2025,5
2024-01-16 17:36:00,4751,3.2106,3.21,3.21,3.215,3.21,50
2024-01-16 17:37:00,710,3.215,3.215,3.215,3.215,3.215,7
2024-01-16 17:38:00,167,3.2148,3.215,3.215,3.215,3.215,3
2024-01-16 17:39:00,776,3.2136,3.215,3.21,3.215,3.21,9
2024-01-16 17:41:00,1862,3.2111,3.215,3.22,3.22,3.21,13
2024-01-16 17:43:00,302,3.215,3.215,3.215,3.215,3.215,5
2024-01-16 17:44:00,1145,3.2139,3.215,3.21,3.215,3.21,7
2024-01-16 17:45:00,4250,3.2096,3.21,3.205,3.21,3.205,40
2024-01-16 17:47:00,764,3.205,3.21,3.2,3.21,3.2,10
2024-01-16 17:48:00,118,3.2042,3.205,3.205,3.205,3.205,4
2024-01-16 17:49:00,752,3.2047,3.205,3.205,3.205,3.2025,11
2024-01-16 17:50:00,305,3.2049,3.205,3.205,3.205,3.205,4
2024-01-16 17:51:00,2021,3.2047,3.2,3.205,3.205,3.2,21
2024-01-16 17:52:00,147,3.2043,3.205,3.205,3.205,3.205,4
2024-01-16 17:53:00,429,3.2066,3.2094,3.205,3.2094,3.205,7
2024-01-16 17:54:00,295,3.2032,3.205,3.2,3.205,3.2,5
2024-01-16 17:55:00,740,3.2057,3.205,3.205,3.21,3.205,8
2024-01-16 17:56:00,477,3.2081,3.21,3.21,3.21,3.21,7
2024-01-16 17:57:00,221,3.2048,3.205,3.205,3.205,3.205,6
2024-01-16 17:58:00,615,3.2047,3.205,3.205,3.205,3.205,9
2024-01-16 17:59:00,507,3.2085,3.21,3.205,3.21,3.205,9
2024-01-16 18:01:00,599,3.2058,3.21,3.205,3.21,3.205,8
2024-01-16 18:02:00,141,3.2049,3.205,3.205,3.205,3.205,5
2024-01-16 18:03:00,291,3.2054,3.2071,3.205,3.2071,3.205,4
2024-01-16 18:04:00,397,3.2049,3.205,3.205,3.205,3.205,6
2024-01-16 18:05:00,1486,3.205,3.205,3.205,3.205,3.205,5
2024-01-16 18:06:00,278,3.205,3.205,3.205,3.205,3.205,6
2024-01-16 18:07:00,388,3.2065,3.205,3.205,3.21,3.205,6
2024-01-16 18:08:00,504,3.2069,3.205,3.2057,3.21,3.205,8
2024-01-16 18:09:00,300,3.205,3.205,3.205,3.205,3.205,3
2024-01-16 18:11:00,164,3.2049,3.205,3.205,3.205,3.205,6
2024-01-16 18:12:00,538,3.2059,3.205,3.205,3.21,3.205,15
2024-01-16 18:13:00,605,3.2066,3.21,3.205,3.21,3.205,9
2024-01-16 18:14:00,344,3.2056,3.2,3.205,3.205,3.2,5
2024-01-16 18:15:00,7590,3.2099,3.205,3.21,3.21,3.205,66
2024-01-16 18:16:00,428,3.21,3.21,3.21,3.21,3.21,6
2024-01-16 18:17:00,230,3.2092,3.21,3.21,3.21,3.21,8
2024-01-16 18:18:00,8281,3.2118,3.21,3.2175,3.22,3.21,52
2024-01-16 18:19:00,700,3.2154,3.215,3.2175,3.2175,3.215,6
2024-01-16 18:20:00,1318,3.2127,3.21,3.2175,3.2175,3.21,19
2024-01-16 18:21:00,9665,3.2101,3.2175,3.205,3.2175,3.205,67
2024-01-16 18:22:00,2200,3.2095,3.2099,3.205,3.2099,3.205,3
2024-01-16 18:23:00,2346,3.2091,3.205,3.21,3.21,3.205,9
2024-01-16 18:24:00,288,3.2039,3.205,3.205,3.205,3.205,7
2024-01-16 18:25:00,1032,3.2027,3.2,3.205,3.205,3.2,20
2024-01-16 18:26:00,214,3.2001,3.2,3.2,3.2,3.2,8
2024-01-16 18:27:00,379,3.2034,3.2,3.205,3.205,3.2,9
2024-01-16 18:28:00,147,3.2005,3.2,3.2,3.2,3.2,9
2024-01-16 18:30:00,563,3.2035,3.2,3.2,3.21,3.2,13
2024-01-16 18:31:00,16696,3.2012,3.205,3.195,3.205,3.195,80
2024-01-16 18:32:00,48107,3.1913,3.19,3.2,3.2,3.185,185
2024-01-16 18:33:00,714,3.1992,3.2,3.2,3.2,3.195,7
2024-01-16 18:34:00,879,3.1956,3.2,3.19,3.2,3.19,6
2024-01-16 18:35:00,2781,3.1966,3.2,3.195,3.2,3.195,24
2024-01-16 18:36:00,861,3.195,3.195,3.195,3.195,3.195,8
2024-01-16 18:37:00,1697,3.195,3.195,3.195,3.195,3.195,17
2024-01-16 18:38:00,12629,3.1909,3.195,3.1901,3.195,3.19,86
2024-01-16 18:39:00,3240,3.1893,3.19,3.18,3.19,3.18,26
2024-01-16 18:40:00,261,3.181,3.18,3.18,3.18,3.18,9
2024-01-16 18:41:00,8815,3.1867,3.18,3.185,3.19,3.18,64
2024-01-16 18:42:00,206,3.1847,3.185,3.185,3.185,3.185,7
2024-01-16 18:43:00,303,3.185,3.185,3.185,3.185,3.185,4
2024-01-16 18:44:00,473,3.1839,3.185,3.18,3.185,3.18,5
2024-01-16 18:45:00,1443,3.1825,3.185,3.185,3.185,3.18,16
2024-01-16 18:46:00,10344,3.1897,3.18,3.18,3.19,3.18,7
2024-01-16 18:47:00,511,3.1839,3.18,3.185,3.185,3.18,9
2024-01-16 18:48:00,1827,3.1847,3.185,3.18,3.19,3.18,18
2024-01-16 18:49:00,1033,3.1841,3.185,3.185,3.185,3.18,13
2024-01-16 18:50:00,609,3.1835,3.185,3.18,3.185,3.18,9
2024-01-16 18:51:00,926,3.1855,3.185,3.19,3.19,3.18,15
2024-01-16 18:52:00,625,3.1874,3.19,3.187,3.19,3.187,5
2024-01-16 18:53:00,962,3.1821,3.185,3.185,3.185,3.18,11
2024-01-16 18:54:00,918,3.1855,3.185,3.185,3.19,3.185,12
2024-01-16 18:55:00,705,3.1834,3.185,3.185,3.185,3.18,9
2024-01-16 18:56:00,861,3.182,3.18,3.185,3.185,3.18,9
2024-01-16 18:57:00,593,3.1849,3.18,3.185,3.19,3.18,9
2024-01-16 18:58:00,761,3.1858,3.185,3.185,3.19,3.185,13
2024-01-16 18:59:00,368,3.1841,3.185,3.18,3.185,3.18,10
2024-01-16 19:00:00,1100,3.1881,3.185,3.19,3.19,3.185,11
2024-01-16 19:01:00,375,3.1815,3.18,3.185,3.185,3.18,10
2024-01-16 19:02:00,288,3.185,3.185,3.185,3.185,3.185,7
2024-01-16 19:03:00,857,3.1854,3.185,3.185,3.1899,3.18,12
2024-01-16 19:04:00,1464,3.187,3.185,3.19,3.19,3.185,18
2024-01-16 19:05:00,291,3.1839,3.185,3.185,3.185,3.185,6
2024-01-16 19:06:00,1220,3.185,3.1852,3.1852,3.1852,3.1852,7
2024-01-16 19:07:00,367,3.1855,3.185,3.185,3.185,3.185,7
2024-01-16 19:08:00,1495,3.185,3.185,3.185,3.185,3.185,10
2024-01-16 19:09:00,106,3.1803,3.18,3.18,3.18,3.18,2
2024-01-16 19:10:00,1067,3.1844,3.185,3.19,3.19,3.18,18
2024-01-16 19:11:00,639,3.1849,3.18,3.185,3.19,3.18,11
2024-01-16 19:12:00,23345,3.1799,3.18,3.175,3.185,3.175,60
2024-01-16 19:13:00,1256,3.1733,3.17,3.175,3.175,3.17,14
2024-01-16 19:14:00,1089,3.1751,3.175,3.175,3.175,3.175,14
2024-01-16 19:15:00,1215,3.1781,3.1789,3.1789,3.1789,3.175,5
2024-01-16 19:16:00,4781,3.1785,3.1789,3.1799,3.18,3.17,30
2024-01-16 19:17:00,1718,3.1797,3.1789,3.18,3.18,3.1789,19
2024-01-16 19:18:00,1621,3.1788,3.18,3.18,3.18,3.175,26
2024-01-16 19:19:00,1436,3.1776,3.1735,3.17,3.18,3.17,22
2024-01-16 19:20:00,3300,3.1721,3.17,3.175,3.175,3.17,14
2024-01-16 19:21:00,1979,3.1755,3.175,3.17,3.1776,3.17,14
2024-01-16 19:22:00,1961,3.1743,3.175,3.1715,3.175,3.17,12
2024-01-16 19:23:00,843,3.1738,3.175,3.17,3.175,3.17,15
2024-01-16 19:24:00,358,3.1764,3.17,3.18,3.18,3.17,5
2024-01-16 19:25:00,1593,3.1759,3.175,3.175,3.18,3.175,18
2024-01-16 19:26:00,158,3.175,3.175,3.175,3.175,3.175,4
2024-01-16 19:27:00,965,3.1744,3.175,3.175,3.18,3.17,16
2024-01-16 19:28:00,1434,3.175,3.175,3.175,3.175,3.175,13
2024-01-16 19:29:00,1110,3.1736,3.175,3.175,3.175,3.172,14
2024-01-16 19:30:00,1417,3.1733,3.175,3.175,3.175,3.17,19
2024-01-16 19:31:00,1050,3.1756,3.175,3.175,3.18,3.175,10
2024-01-16 19:32:00,1460,3.1717,3.17,3.18,3.18,3.17,10
2024-01-16 19:33:00,331,3.1748,3.175,3.175,3.175,3.175,9
2024-01-16 19:34:00,8197,3.1795,3.17,3.175,3.18,3.17,80
2024-01-16 19:35:00,2842,3.1842,3.19,3.185,3.19,3.1815,23
2024-01-16 19:36:00,2980,3.1827,3.18,3.1812,3.185,3.18,36
2024-01-16 19:37:00,1244,3.1826,3.185,3.185,3.185,3.18,17
2024-01-16 19:38:00,602,3.1847,3.18,3.185,3.19,3.18,7
2024-01-16 19:39:00,100,3.185,3.185,3.185,3.185,3.185,1
2024-01-16 19:40:00,616,3.1847,3.185,3.185,3.185,3.185,9
2024-01-16 19:41:00,828,3.182,3.18,3.185,3.185,3.18,15
2024-01-16 19:42:00,800,3.1843,3.185,3.18,3.185,3.18,12
2024-01-16 19:43:00,1073,3.1849,3.185,3.185,3.185,3.185,12
2024-01-16 19:44:00,492,3.1813,3.185,3.18,3.185,3.18,8
2024-01-16 19:45:00,1153,3.1844,3.1812,3.1896,3.1896,3.1801,9
2024-01-16 19:46:00,643,3.1881,3.19,3.19,3.19,3.185,9
2024-01-16 19:47:00,1066,3.189,3.19,3.185,3.19,3.185,21
2024-01-16 19:48:00,1783,3.1853,3.19,3.185,3.19,3.185,17
2024-01-16 19:49:00,551,3.184,3.185,3.18,3.185,3.18,11
2024-01-16 19:50:00,1201,3.1847,3.185,3.18,3.185,3.18,14
2024-01-16 19:51:00,786,3.1864,3.185,3.19,3.19,3.185,13
2024-01-16 19:52:00,261,3.185,3.19,3.18,3.19,3.18,5
2024-01-16 19:53:00,344,3.1862,3.185,3.185,3.19,3.185,8
2024-01-16 19:54:00,1056,3.1891,3.19,3.19,3.19,3.185,16
2024-01-16 19:55:00,207,3.1897,3.19,3.19,3.19,3.19,3
2024-01-16 19:56:00,1257,3.1885,3.19,3.19,3.19,3.185,15
2024-01-16 19:57:00,303,3.19,3.19,3.19,3.19,3.19,5
2024-01-16 19:58:00,1073,3.186,3.185,3.185,3.19,3.185,13
2024-01-16 19:59:00,946,3.1879,3.19,3.19,3.19,3.185,11
2024-01-16 20:00:00,706,3.1891,3.19,3.19,3.19,3.185,10
2024-01-16 20:01:00,2185,3.1856,3.19,3.185,3.19,3.185,25
2024-01-16 20:02:00,907,3.185,3.185,3.18,3.19,3.18,11
2024-01-16 20:03:00,300,3.185,3.185,3.185,3.185,3.185,3
2024-01-16 20:04:00,3007,3.1848,3.185,3.185,3.19,3.1813,15
2024-01-16 20:05:00,2180,3.1888,3.19,3.185,3.19,3.185,7
2024-01-16 20:06:00,667,3.185,3.185,3.185,3.185,3.185,9
2024-01-16 20:07:00,1117,3.1848,3.185,3.185,3.185,3.185,11
2024-01-16 20:08:00,402,3.1863,3.185,3.185,3.19,3.185,6
2024-01-16 20:09:00,901,3.1855,3.185,3.185,3.19,3.185,18
2024-01-16 20:10:00,4988,3.191,3.19,3.2,3.2,3.19,63
2024-01-16 20:11:00,647,3.1957,3.195,3.195,3.195,3.195,7
2024-01-16 20:12:00,823,3.1955,3.195,3.195,3.2,3.195,12
2024-01-16 20:13:00,2686,3.1943,3.19,3.19,3.1999,3.19,11
2024-01-16 20:14:00,4245,3.1907,3.19,3.195,3.195,3.19,35
2024-01-16 20:15:00,200,3.19,3.19,3.19,3.19,3.19,2
2024-01-16 20:16:00,7589,3.19,3.19,3.19,3.19,3.19,57
2024-01-16 20:17:00,209,3.19,3.19,3.19,3.19,3.19,7
2024-01-16 20:18:00,4145,3.1909,3.19,3.19,3.195,3.19,36
2024-01-16 20:19:00,3864,3.1972,3.19,3.195,3.1999,3.19,19
2024-01-16 20:20:00,1340,3.1953,3.195,3.195,3.2,3.195,15
2024-01-16 20:21:00,482,3.196,3.2,3.2,3.2,3.1915,8
2024-01-16 20:22:00,1002,3.1946,3.195,3.195,3.195,3.195,13
2024-01-16 20:23:00,1009,3.1955,3.195,3.195,3.2,3.195,11
2024-01-16 20:24:00,612,3.1952,3.195,3.195,3.2,3.195,10
2024-01-16 20:25:00,637,3.195,3.195,3.195,3.195,3.195,6
2024-01-16 20:26:00,898,3.1948,3.195,3.2,3.2,3.19,15
2024-01-16 20:27:00,1242,3.1953,3.195,3.195,3.2,3.195,15
2024-01-16 20:28:00,1089,3.1944,3.19,3.195,3.195,3.19,12
2024-01-16 20:29:00,4365,3.1922,3.19,3.19,3.195,3.19,40
2024-01-16 20:30:00,1212,3.1918,3.19,3.195,3.195,3.19,15
2024-01-16 20:31:00,1785,3.1921,3.19,3.19,3.195,3.19,17
2024-01-16 20:32:00,14845,3.1896,3.19,3.19,3.19,3.185,63
2024-01-16 20:33:00,592,3.1862,3.19,3.185,3.19,3.1825,13
2024-01-16 20:34:00,2922,3.1867,3.1825,3.185,3.1895,3.1825,14
2024-01-16 20:35:00,3621,3.1872,3.185,3.19,3.19,3.1825,37
2024-01-16 20:36:00,10334,3.1901,3.19,3.195,3.195,3.185,75
2024-01-16 20:37:00,1150,3.1942,3.195,3.195,3.195,3.195,10
2024-01-16 20:38:00,2775,3.1931,3.2,3.2,3.2,3.195,16
2024-01-16 20:39:00,657,3.1966,3.2,3.195,3.2,3.195,7
2024-01-16 20:40:00,1380,3.1962,3.195,3.2,3.2,3.195,15
2024-01-16 20:41:00,2861,3.1975,3.195,3.2,3.2,3.195,21
2024-01-16 20:42:00,759,3.1951,3.195,3.195,3.195,3.195,10
2024-01-16 20:43:00,946,3.1983,3.195,3.2,3.2,3.195,11
2024-01-16 20:44:00,2054,3.1952,3.2,3.195,3.2,3.195,21
2024-01-16 20:45:00,1029,3.1955,3.2,3.195,3.2,3.195,15
2024-01-16 20:46:00,1488,3.196,3.195,3.195,3.2,3.195,19
2024-01-16 20:47:00,2953,3.1952,3.195,3.195,3.2,3.19,30
2024-01-16 20:48:00,5245,3.1956,3.195,3.195,3.2,3.1925,31
2024-01-16 20:49:00,1899,3.1958,3.1915,3.195,3.2,3.1915,20
2024-01-16 20:50:00,4504,3.1948,3.195,3.2,3.2,3.19,46
2024-01-16 20:51:00,3081,3.1947,3.195,3.195,3.195,3.1915,22
2024-01-16 20:52:00,3934,3.1953,3.195,3.195,3.2,3.1925,45
2024-01-16 20:53:00,2424,3.196,3.195,3.2,3.2,3.195,39
2024-01-16 20:54:00,18783,3.1956,3.2,3.195,3.2,3.19,134
2024-01-16 20:55:00,11043,3.1933,3.2,3.195,3.2,3.19,80
2024-01-16 20:56:00,6599,3.1946,3.195,3.195,3.195,3.19,55
2024-01-16 20:57:00,15578,3.1926,3.195,3.195,3.2,3.19,100
2024-01-16 20:58:00,21640,3.1966,3.195,3.195,3.2,3.19,155
2024-01-16 20:59:00,49570,3.1996,3.195,3.205,3.21,3.19,331
2024-01-16 21:00:00,22437,3.2,3.2,3.2,3.2,3.2,10
2024-01-16 21:01:00,543,3.2,3.2,3.2,3.2,3.2,2
2024-01-16 21:11:00,101,3.2395,3.2397,3.2397,3.2397,3.2397,2
2024-01-16 21:20:00,1449,3.2,3.2,3.2,3.2,3.2,2
2024-01-16 22:26:00,2001,3.22,3.22,3.22,3.22,3.22,2
2024-01-16 22:28:00,2000,3.24,3.24,3.24,3.24,3.24,1
2024-01-16 22:42:00,3700,3.24,3.24,3.24,3.24,3.24,1
2024-01-16 23:37:00,206,3.2205,3.22,3.22,3.22,3.22,3
2024-01-17 12:00:00,200,3.1993,3.2,3.2,3.2,3.2,5
2024-01-17 13:30:00,1166,3.1606,3.16,3.16,3.16,3.16,5
2024-01-17 14:30:00,24608,3.1515,3.15,3.175,3.1804,3.15,132
2024-01-17 14:31:00,11002,3.1597,3.16,3.16,3.165,3.15,49
2024-01-17 14:32:00,2809,3.1602,3.16,3.16,3.165,3.16,17
2024-01-17 14:33:00,1540,3.1611,3.16,3.17,3.17,3.16,13
2024-01-17 14:34:00,2052,3.1572,3.16,3.15,3.16,3.15,10
2024-01-17 14:35:00,25335,3.1192,3.15,3.13,3.15,3.11,122
2024-01-17 14:36:00,2080,3.1294,3.13,3.13,3.135,3.12,24
2024-01-17 14:37:00,1311,3.1304,3.135,3.13,3.135,3.13,10
2024-01-17 14:38:00,3301,3.1339,3.13,3.1338,3.1399,3.13,25
2024-01-17 14:39:00,1536,3.1335,3.1325,3.135,3.135,3.13,16
2024-01-17 14:40:00,3557,3.1376,3.14,3.13,3.15,3.13,33
2024-01-17 14:41:00,1198,3.1307,3.135,3.13,3.135,3.13,11
2024-01-17 14:42:00,4387,3.1304,3.13,3.1316,3.135,3.13,52
2024-01-17 14:43:00,2273,3.1306,3.135,3.13,3.135,3.13,33
2024-01-17 14:44:00,8865,3.1286,3.13,3.125,3.135,3.12,61
2024-01-17 14:45:00,1337,3.1275,3.125,3.13,3.13,3.125,20
2024-01-17 14:46:00,316,3.1323,3.135,3.13,3.135,3.13,15
2024-01-17 14:47:00,4613,3.1365,3.1306,3.1398,3.1398,3.13,19
2024-01-17 14:48:00,4451,3.1386,3.135,3.135,3.14,3.135,31
2024-01-17 14:49:00,1003,3.1435,3.14,3.145,3.145,3.14,13
2024-01-17 14:50:00,5734,3.1496,3.145,3.145,3.155,3.145,30
2024-01-17 14:51:00,1207,3.1465,3.1468,3.145,3.1468,3.145,5
2024-01-17 14:52:00,626,3.1383,3.14,3.135,3.14,3.135,14
2024-01-17 14:53:00,2872,3.1403,3.14,3.145,3.145,3.14,27
2024-01-17 14:54:00,3961,3.1415,3.145,3.15,3.15,3.14,31
2024-01-17 14:55:00,2252,3.1355,3.145,3.13,3.145,3.13,13
2024-01-17 14:56:00,8540,3.1398,3.135,3.1499,3.15,3.13,39
2024-01-17 14:57:00,551,3.1455,3.145,3.15,3.15,3.14,12
2024-01-17 14:58:00,4131,3.141,3.14,3.15,3.15,3.1387,38
2024-01-17 14:59:00,1661,3.1506,3.15,3.155,3.155,3.15,26
2024-01-17 15:00:00,1859,3.1512,3.155,3.15,3.155,3.15,18
2024-01-17 15:01:00,1995,3.15,3.15,3.15,3.15,3.15,24
2024-01-17 15:02:00,4856,3.1501,3.15,3.15,3.15,3.15,26
2024-01-17 15:03:00,1447,3.1599,3.16,3.16,3.16,3.16,24
2024-01-17 15:04:00,2792,3.1601,3.16,3.16,3.16,3.16,26
2024-01-17 15:06:00,814,3.1601,3.16,3.16,3.16,3.16,19
2024-01-17 15:07:00,1187,3.1601,3.16,3.16,3.16,3.16,10
2024-01-17 15:08:00,457,3.1605,3.16,3.1602,3.1608,3.16,10
2024-01-17 15:09:00,4989,3.1695,3.17,3.164,3.17,3.164,11
2024-01-17 15:11:00,753,3.1613,3.1607,3.165,3.165,3.1607,5
2024-01-17 15:13:00,1624,3.1648,3.165,3.165,3.165,3.165,7
2024-01-17 15:14:00,200,3.1625,3.16,3.16,3.16,3.16,3
2024-01-17 15:15:00,690,3.1691,3.17,3.165,3.17,3.165,17
2024-01-17 15:16:00,836,3.1694,3.17,3.165,3.17,3.165,15
2024-01-17 15:17:00,861,3.165,3.165,3.165,3.165,3.165,12
2024-01-17 15:18:00,466,3.1652,3.1611,3.1611,3.1611,3.1611,10
2024-01-17 15:19:00,2936,3.1604,3.16,3.16,3.165,3.16,33
2024-01-17 15:20:00,10565,3.1502,3.15,3.1587,3.1587,3.15,10
2024-01-17 15:24:00,139,3.1586,3.16,3.16,3.16,3.16,3
2024-01-17 15:25:00,318,3.1594,3.16,3.16,3.16,3.16,9
2024-01-17 15:26:00,912,3.1576,3.16,3.155,3.16,3.155,18
2024-01-17 15:27:00,2393,3.155,3.155,3.155,3.155,3.155,10
2024-01-17 15:28:00,417,3.1544,3.155,3.155,3.155,3.155,9
2024-01-17 15:29:00,1310,3.1537,3.15,3.155,3.155,3.15,21
2024-01-17 15:30:00,669,3.1535,3.155,3.155,3.155,3.15,12
2024-01-17 15:31:00,252,3.156,3.155,3.155,3.155,3.155,5
2024-01-17 15:32:00,5682,3.1505,3.155,3.15,3.155,3.15,34
2024-01-17 15:33:00,324,3.1449,3.145,3.145,3.145,3.145,9
2024-01-17 15:34:00,316,3.1466,3.145,3.145,3.145,3.145,8
2024-01-17 15:35:00,100,3.145,3.145,3.145,3.145,3.145,1
2024-01-17 15:36:00,2309,3.1418,3.145,3.1403,3.145,3.1403,7
2024-01-17 15:37:00,1594,3.1499,3.15,3.15,3.15,3.15,15
2024-01-17 15:38:00,1001,3.1518,3.15,3.155,3.155,3.15,15
2024-01-17 15:39:00,340,3.1534,3.155,3.155,3.155,3.155,7
2024-01-17 15:40:00,138,3.1549,3.155,3.155,3.155,3.155,8
2024-01-17 15:41:00,557,3.153,3.155,3.15,3.16,3.15,25
2024-01-17 15:42:00,124,3.1547,3.155,3.155,3.155,3.155,17
2024-01-17 15:43:00,3848,3.1506,3.15,3.15,3.155,3.15,33
2024-01-17 15:44:00,2903,3.1507,3.145,3.155,3.155,3.145,41
2024-01-17 15:45:00,105,3.1543,3.1543,3.1543,3.1543,3.1543,4
2024-01-17 15:47:00,131,3.1549,3.155,3.155,3.155,3.155,4
2024-01-17 15:48:00,2233,3.1548,3.155,3.155,3.155,3.1515,22
2024-01-17 15:49:00,200,3.155,3.155,3.155,3.155,3.155,2
2024-01-17 15:50:00,550,3.1593,3.16,3.16,3.16,3.16,10
2024-01-17 15:51:00,1827,3.1596,3.16,3.1599,3.16,3.155,7
2024-01-17 15:52:00,6364,3.1602,3.16,3.165,3.165,3.15,50
2024-01-17 15:54:00,928,3.1618,3.16,3.165,3.165,3.16,5
2024-01-17 15:55:00,128,3.165,3.165,3.165,3.165,3.165,3
2024-01-17 15:56:00,156,3.1689,3.1689,3.1689,3.1689,3.1689,1
2024-01-17 15:57:00,300,3.1651,3.165,3.165,3.165,3.165,5
2024-01-17 15:58:00,432,3.165,3.165,3.165,3.165,3.165,6
2024-01-17 15:59:00,1882,3.1663,3.1625,3.17,3.17,3.1625,13
2024-01-17 16:00:00,3760,3.1715,3.1625,3.175,3.175,3.1625,41
2024-01-17 16:01:00,328,3.1734,3.175,3.17,3.175,3.17,9
2024-01-17 16:02:00,300,3.175,3.175,3.175,3.175,3.175,2
2024-01-17 16:03:00,652,3.175,3.175,3.175,3.175,3.175,3
2024-01-17 16:04:00,100,3.175,3.175,3.175,3.175,3.175,1
2024-01-17 16:05:00,1255,3.1787,3.18,3.175,3.18,3.175,11
2024-01-17 16:06:00,1437,3.1752,3.175,3.175,3.1789,3.17,7
2024-01-17 16:07:00,6053,3.1743,3.175,3.175,3.175,3.17,58
2024-01-17 16:08:00,19973,3.1656,3.17,3.1588,3.17,3.15,80
2024-01-17 16:09:00,9581,3.1595,3.1599,3.16,3.16,3.155,55
2024-01-17 16:10:00,4071,3.1604,3.16,3.165,3.165,3.16,33
2024-01-17 16:11:00,2159,3.1676,3.165,3.165,3.17,3.165,15
2024-01-17 16:12:00,455,3.1667,3.165,3.165,3.17,3.165,6
2024-01-17 16:13:00,621,3.1659,3.17,3.165,3.17,3.165,8
2024-01-17 16:14:00,376,3.165,3.165,3.165,3.165,3.165,9
2024-01-17 16:15:00,21910,3.1749,3.165,3.175,3.18,3.165,67
2024-01-17 16:17:00,2370,3.1733,3.175,3.175,3.175,3.17,33
2024-01-17 16:18:00,739,3.175,3.175,3.175,3.175,3.175,17
2024-01-17 16:20:00,409,3.175,3.175,3.175,3.175,3.175,5
2024-01-17 16:21:00,1054,3.1727,3.17,3.17,3.175,3.17,20
2024-01-17 16:22:00,258,3.175,3.175,3.175,3.175,3.175,2
2024-01-17 16:23:00,139,3.1714,3.17,3.17,3.17,3.17,3
2024-01-17 16:24:00,219,3.1739,3.175,3.175,3.175,3.175,9
2024-01-17 16:25:00,209,3.1738,3.175,3.1725,3.175,3.1725,5
2024-01-17 16:26:00,122,3.1757,3.175,3.175,3.175,3.175,5
2024-01-17 16:27:00,608,3.1709,3.175,3.17,3.175,3.17,9
2024-01-17 16:28:00,1013,3.1738,3.175,3.17,3.175,3.17,12
2024-01-17 16:29:00,10866,3.1795,3.17,3.175,3.18,3.17,12
2024-01-17 16:30:00,115,3.175,3.175,3.175,3.175,3.175,3
2024-01-17 16:31:00,547,3.175,3.175,3.175,3.175,3.175,9
2024-01-17 16:32:00,500,3.174,3.175,3.175,3.175,3.17,6
2024-01-17 16:33:00,121,3.175,3.175,3.175,3.175,3.175,4
2024-01-17 16:34:00,377,3.1731,3.17,3.175,3.175,3.17,8
2024-01-17 16:35:00,941,3.1776,3.18,3.175,3.18,3.175,18
2024-01-17 16:36:00,433,3.1763,3.175,3.175,3.175,3.175,13
2024-01-17 16:37:00,320,3.1756,3.175,3.1725,3.18,3.1725,6
2024-01-17 16:38:00,254,3.1763,3.175,3.175,3.175,3.175,6
2024-01-17 16:39:00,399,3.1756,3.175,3.175,3.175,3.175,7
2024-01-17 16:40:00,381,3.1752,3.175,3.175,3.175,3.175,6
2024-01-17 16:41:00,757,3.1737,3.17,3.175,3.175,3.17,10
2024-01-17 16:42:00,474,3.1719,3.17,3.17,3.175,3.17,10
2024-01-17 16:44:00,518,3.1752,3.175,3.175,3.175,3.175,12
2024-01-17 16:45:00,247,3.174,3.1725,3.175,3.175,3.1725,4
2024-01-17 16:46:00,1206,3.1747,3.175,3.175,3.175,3.17,18
2024-01-17 16:47:00,317,3.1734,3.17,3.175,3.175,3.17,5
2024-01-17 16:49:00,869,3.174,3.17,3.175,3.175,3.17,14
2024-01-17 16:50:00,270,3.1735,3.175,3.17,3.175,3.17,5
2024-01-17 16:51:00,8787,3.1715,3.1709,3.175,3.175,3.1709,19
2024-01-17 16:52:00,268,3.1727,3.1713,3.1713,3.1713,3.1713,7
2024-01-17 16:53:00,750,3.1748,3.175,3.175,3.175,3.175,14
2024-01-17 16:54:00,369,3.175,3.175,3.175,3.175,3.175,6
2024-01-17 16:55:00,226,3.1717,3.17,3.1725,3.1725,3.17,5
2024-01-17 16:56:00,880,3.175,3.175,3.175,3.175,3.175,12
2024-01-17 16:57:00,2961,3.1795,3.18,3.175,3.18,3.175,30
2024-01-17 16:58:00,5554,3.1847,3.18,3.19,3.19,3.18,51
2024-01-17 16:59:00,156,3.1899,3.19,3.19,3.19,3.19,4
2024-01-17 17:00:00,865,3.1876,3.1825,3.185,3.19,3.1825,11
2024-01-17 17:01:00,100,3.1825,3.1825,3.1825,3.1825,3.1825,1
2024-01-17 17:03:00,1888,3.1861,3.185,3.185,3.19,3.185,31
2024-01-17 17:04:00,748,3.1846,3.185,3.185,3.185,3.1825,10
2024-01-17 17:05:00,2044,3.1835,3.18,3.185,3.185,3.18,11
2024-01-17 17:06:00,350,3.1847,3.185,3.185,3.185,3.185,8
2024-01-17 17:07:00,147,3.1801,3.18,3.18,3.18,3.18,6
2024-01-17 17:08:00,1892,3.185,3.185,3.185,3.185,3.185,11
2024-01-17 17:09:00,233,3.1871,3.185,3.185,3.185,3.185,9
2024-01-17 17:10:00,236,3.1829,3.18,3.185,3.185,3.18,7
2024-01-17 17:11:00,504,3.1846,3.185,3.185,3.185,3.1825,7
2024-01-17 17:12:00,205,3.1849,3.185,3.185,3.185,3.185,3
2024-01-17 17:13:00,1243,3.1856,3.185,3.185,3.185,3.185,21
2024-01-17 17:14:00,1677,3.187,3.185,3.185,3.19,3.185,15
2024-01-17 17:15:00,1571,3.1856,3.19,3.185,3.19,3.1813,20
2024-01-17 17:16:00,770,3.1849,3.185,3.185,3.185,3.185,9
2024-01-17 17:17:00,1109,3.1847,3.185,3.185,3.185,3.18,18
2024-01-17 17:18:00,6697,3.1829,3.18,3.18,3.185,3.18,72
2024-01-17 17:19:00,10528,3.178,3.18,3.175,3.185,3.17,77
2024-01-17 17:21:00,2959,3.1759,3.17,3.175,3.18,3.17,16
2024-01-17 17:22:00,736,3.1707,3.17,3.17,3.17,3.17,9
2024-01-17 17:23:00,3728,3.169,3.17,3.165,3.175,3.165,36
2024-01-17 17:24:00,270,3.1661,3.1699,3.165,3.1699,3.165,7
2024-01-17 17:25:00,804,3.1648,3.1699,3.16,3.1699,3.16,7
2024-01-17 17:26:00,200,3.165,3.165,3.165,3.165,3.165,1
2024-01-17 17:27:00,164,3.1648,3.165,3.165,3.165,3.165,5
2024-01-17 17:28:00,1405,3.1682,3.17,3.16,3.17,3.16,6
2024-01-17 17:29:00,1820,3.1618,3.165,3.17,3.17,3.16,6
2024-01-17 17:30:00,852,3.1654,3.165,3.165,3.165,3.165,17
2024-01-17 17:31:00,250,3.1642,3.165,3.165,3.165,3.165,3
2024-01-17 17:32:00,144,3.1648,3.165,3.165,3.165,3.165,3
2024-01-17 17:33:00,1400,3.1661,3.16,3.17,3.17,3.16,12
2024-01-17 17:34:00,150,3.1667,3.165,3.165,3.165,3.165,3
2024-01-17 17:35:00,2566,3.1649,3.1625,3.165,3.165,3.1625,11
2024-01-17 17:36:00,632,3.1641,3.16,3.165,3.165,3.16,10
2024-01-17 17:37:00,110,3.1653,3.165,3.165,3.165,3.165,5
2024-01-17 17:38:00,207,3.1673,3.165,3.165,3.165,3.165,6
2024-01-17 17:39:00,454,3.1639,3.16,3.165,3.165,3.16,8
2024-01-17 17:40:00,709,3.1625,3.1613,3.165,3.165,3.1613,6
2024-01-17 17:41:00,814,3.165,3.165,3.165,3.165,3.165,11
2024-01-17 17:42:00,2559,3.1611,3.165,3.165,3.165,3.16,8
2024-01-17 17:43:00,1088,3.1645,3.165,3.16,3.165,3.16,18
2024-01-17 17:44:00,23941,3.1563,3.1607,3.14,3.165,3.14,125
2024-01-17 17:45:00,499,3.1431,3.145,3.145,3.145,3.14,6
2024-01-17 17:46:00,1065,3.1494,3.15,3.145,3.15,3.145,9
2024-01-17 17:47:00,499,3.145,3.145,3.145,3.145,3.145,6
2024-01-17 17:48:00,4197,3.1498,3.145,3.15,3.15,3.145,35
2024-01-17 17:49:00,5835,3.1514,3.155,3.155,3.155,3.15,35
2024-01-17 17:50:00,511,3.1555,3.155,3.155,3.1575,3.155,8
2024-01-17 17:51:00,495,3.1548,3.155,3.155,3.155,3.155,7
2024-01-17 17:52:00,1307,3.1584,3.155,3.155,3.16,3.155,9
2024-01-17 17:53:00,306,3.1572,3.155,3.155,3.155,3.155,10
2024-01-17 17:54:00,19152,3.1609,3.16,3.17,3.17,3.155,97
2024-01-17 17:55:00,525,3.1673,3.17,3.165,3.17,3.165,13
2024-01-17 17:56:00,600,3.1637,3.165,3.165,3.165,3.165,7
2024-01-17 17:57:00,860,3.1657,3.17,3.165,3.17,3.165,11
2024-01-17 17:58:00,335,3.1681,3.17,3.17,3.17,3.165,7
2024-01-17 17:59:00,123,3.1643,3.165,3.165,3.165,3.165,5
2024-01-17 18:00:00,626,3.1651,3.165,3.16,3.17,3.16,9
2024-01-17 18:01:00,552,3.165,3.165,3.165,3.165,3.165,7
2024-01-17 18:02:00,243,3.1622,3.16,3.16,3.16,3.16,7
2024-01-17 18:03:00,101,3.165,3.165,3.165,3.165,3.165,2
2024-01-17 18:04:00,2831,3.1694,3.1694,3.17,3.17,3.1694,5
2024-01-17 18:05:00,8548,3.17,3.17,3.17,3.17,3.17,65
2024-01-17 18:06:00,2174,3.1699,3.17,3.17,3.17,3.17,9
2024-01-17 18:07:00,206,3.17,3.17,3.17,3.17,3.17,6
2024-01-17 18:08:00,3230,3.1689,3.17,3.165,3.17,3.165,23
2024-01-17 18:09:00,301,3.1633,3.16,3.165,3.165,3.16,4
2024-01-17 18:10:00,478,3.1647,3.165,3.165,3.165,3.165,8
2024-01-17 18:11:00,101,3.165,3.165,3.165,3.165,3.165,2
2024-01-17 18:13:00,909,3.1636,3.165,3.165,3.165,3.16,11
2024-01-17 18:14:00,237,3.1646,3.165,3.165,3.165,3.165,8
2024-01-17 18:15:00,1069,3.1649,3.165,3.165,3.165,3.165,16
2024-01-17 18:16:00,320,3.1633,3.165,3.165,3.165,3.16,7
2024-01-17 18:17:00,225,3.165,3.165,3.165,3.165,3.165,2
2024-01-17 18:18:00,681,3.1634,3.165,3.16,3.165,3.16,7
2024-01-17 18:19:00,401,3.165,3.165,3.17,3.17,3.16,5
2024-01-17 18:20:00,605,3.165,3.165,3.165,3.165,3.165,15
2024-01-17 18:21:00,613,3.165,3.165,3.165,3.165,3.165,7
2024-01-17 18:22:00,1163,3.1637,3.165,3.165,3.165,3.16,16
2024-01-17 18:23:00,998,3.1626,3.165,3.165,3.165,3.16,11
2024-01-17 18:24:00,4371,3.1644,3.165,3.165,3.165,3.16,60
2024-01-17 18:25:00,8748,3.1607,3.1605,3.165,3.165,3.16,7
2024-01-17 18:26:00,222,3.1648,3.165,3.165,3.165,3.165,5
2024-01-17 18:27:00,2427,3.1648,3.165,3.165,3.165,3.16,27
2024-01-17 18:28:00,2385,3.1648,3.165,3.16,3.165,3.16,42
2024-01-17 18:29:00,345,3.1654,3.165,3.165,3.165,3.165,11
2024-01-17 18:30:00,354,3.1649,3.165,3.165,3.165,3.165,9
2024-01-17 18:31:00,4452,3.1612,3.165,3.16,3.165,3.16,47
2024-01-17 18:32:00,1413,3.1578,3.155,3.16,3.16,3.155,11
2024-01-17 18:33:00,1364,3.1587,3.155,3.155,3.16,3.155,11
2024-01-17 18:34:00,3949,3.1645,3.16,3.165,3.17,3.16,31
2024-01-17 18:35:00,349,3.1624,3.165,3.1616,3.165,3.1616,7
2024-01-17 18:36:00,1444,3.1647,3.165,3.165,3.165,3.16,17
2024-01-17 18:37:00,209,3.1649,3.165,3.165,3.165,3.165,7
2024-01-17 18:38:00,3538,3.1641,3.165,3.165,3.165,3.16,30
2024-01-17 18:39:00,400,3.165,3.165,3.165,3.165,3.165,4
2024-01-17 18:40:00,399,3.1661,3.165,3.165,3.165,3.165,6
2024-01-17 18:42:00,2164,3.165,3.165,3.165,3.165,3.165,24
2024-01-17 18:43:00,302,3.1642,3.165,3.1625,3.165,3.1625,4
2024-01-17 18:44:00,524,3.1639,3.16,3.165,3.165,3.16,12
2024-01-17 18:45:00,204,3.1647,3.165,3.165,3.165,3.165,5
2024-01-17 18:46:00,614,3.1642,3.16,3.165,3.165,3.16,7
2024-01-17 18:47:00,724,3.1639,3.16,3.165,3.165,3.16,9
2024-01-17 18:48:00,200,3.165,3.165,3.165,3.165,3.165,2
2024-01-17 18:49:00,10574,3.1606,3.16,3.16,3.165,3.16,89
2024-01-17 18:50:00,1510,3.1623,3.16,3.165,3.165,3.16,18
2024-01-17 18:51:00,1122,3.1619,3.16,3.16,3.165,3.16,15
2024-01-17 18:52:00,914,3.1623,3.16,3.16,3.165,3.16,10
2024-01-17 18:53:00,521,3.1612,3.165,3.16,3.165,3.16,6
2024-01-17 18:54:00,13345,3.169,3.16,3.165,3.17,3.16,78
2024-01-17 18:56:00,2849,3.1632,3.165,3.165,3.17,3.16,39
2024-01-17 18:57:00,840,3.1644,3.165,3.165,3.165,3.1625,10
2024-01-17 18:58:00,513,3.1639,3.165,3.16,3.165,3.16,7
2024-01-17 18:59:00,1278,3.1642,3.16,3.165,3.165,3.16,16
2024-01-17 19:00:00,511,3.165,3.16,3.17,3.17,3.16,8
2024-01-17 19:01:00,1655,3.1695,3.17,3.17,3.17,3.17,15
2024-01-17 19:02:00,848,3.1644,3.165,3.165,3.17,3.16,11
2024-01-17 19:03:00,608,3.163,3.165,3.165,3.165,3.16,8
2024-01-17 19:04:00,233,3.1601,3.16,3.16,3.16,3.16,3
2024-01-17 19:05:00,1788,3.1686,3.165,3.17,3.17,3.165,14
2024-01-17 19:06:00,700,3.1679,3.17,3.165,3.17,3.165,12
2024-01-17 19:07:00,530,3.165,3.165,3.165,3.165,3.165,5
2024-01-17 19:08:00,1000,3.1685,3.17,3.165,3.17,3.165,10
2024-01-17 19:09:00,1420,3.1653,3.165,3.165,3.17,3.165,21
2024-01-17 19:10:00,212,3.1626,3.16,3.165,3.165,3.16,5
2024-01-17 19:11:00,1011,3.166,3.165,3.165,3.17,3.165,12
2024-01-17 19:12:00,439,3.1627,3.16,3.165,3.165,3.16,5
2024-01-17 19:13:00,2865,3.1623,3.16,3.16,3.165,3.16,21
2024-01-17 19:14:00,1547,3.1633,3.165,3.16,3.165,3.16,17
2024-01-17 19:15:00,888,3.1677,3.17,3.165,3.17,3.16,13
2024-01-17 19:16:00,656,3.1642,3.16,3.165,3.165,3.16,11
2024-01-17 19:17:00,117,3.1607,3.16,3.16,3.16,3.16,2
2024-01-17 19:19:00,351,3.1686,3.17,3.17,3.17,3.17,4
2024-01-17 19:20:00,1359,3.1666,3.165,3.17,3.17,3.165,21
2024-01-17 19:21:00,7039,3.1712,3.16,3.175,3.175,3.16,68
2024-01-17 19:22:00,2418,3.1749,3.175,3.175,3.175,3.175,6
2024-01-17 19:23:00,903,3.1783,3.175,3.18,3.18,3.175,7
2024-01-17 19:24:00,538,3.175,3.175,3.175,3.175,3.175,6
2024-01-17 19:25:00,211,3.175,3.175,3.175,3.175,3.175,4
2024-01-17 19:26:00,987,3.175,3.175,3.18,3.18,3.17,12
2024-01-17 19:27:00,535,3.1741,3.175,3.17,3.175,3.17,8
2024-01-17 19:28:00,496,3.178,3.175,3.18,3.18,3.175,10
2024-01-17 19:29:00,512,3.1751,3.175,3.175,3.175,3.175,7
2024-01-17 19:30:00,964,3.1746,3.175,3.175,3.18,3.17,14
2024-01-17 19:31:00,810,3.1788,3.18,3.175,3.18,3.175,9
2024-01-17 19:32:00,300,3.1717,3.175,3.17,3.175,3.17,3
2024-01-17 19:33:00,809,3.1744,3.17,3.175,3.175,3.17,7
2024-01-17 19:34:00,200,3.1725,3.17,3.17,3.17,3.17,3
2024-01-17 19:35:00,619,3.175,3.175,3.18,3.18,3.17,10
2024-01-17 19:36:00,896,3.1751,3.175,3.175,3.175,3.175,11
2024-01-17 19:37:00,766,3.1735,3.17,3.175,3.175,3.17,9
2024-01-17 19:38:00,2565,3.1785,3.18,3.175,3.18,3.175,16
2024-01-17 19:39:00,2280,3.1746,3.175,3.17,3.175,3.17,27
2024-01-17 19:40:00,302,3.1732,3.175,3.17,3.175,3.17,7
2024-01-17 19:41:00,2949,3.174,3.175,3.175,3.175,3.17,35
2024-01-17 19:42:00,1011,3.1744,3.175,3.17,3.175,3.17,15
2024-01-17 19:43:00,2105,3.1748,3.175,3.17,3.175,3.17,20
2024-01-17 19:44:00,2033,3.1746,3.175,3.17,3.175,3.17,25
2024-01-17 19:45:00,1292,3.1744,3.17,3.175,3.175,3.17,24
2024-01-17 19:46:00,1058,3.1745,3.175,3.175,3.175,3.17,17
2024-01-17 19:47:00,720,3.1736,3.175,3.17,3.175,3.17,9
2024-01-17 19:48:00,906,3.1738,3.17,3.175,3.175,3.17,11
2024-01-17 19:49:00,867,3.1738,3.175,3.17,3.175,3.17,14
2024-01-17 19:50:00,1175,3.1741,3.175,3.17,3.175,3.17,18
2024-01-17 19:51:00,504,3.173,3.175,3.175,3.175,3.17,9
2024-01-17 19:52:00,1334,3.175,3.175,3.175,3.175,3.175,17
2024-01-17 19:53:00,863,3.1737,3.175,3.17,3.175,3.17,13
2024-01-17 19:54:00,955,3.1755,3.175,3.175,3.1799,3.17,12
2024-01-17 19:55:00,1190,3.1734,3.17,3.175,3.175,3.17,15
2024-01-17 19:56:00,606,3.1726,3.17,3.17,3.175,3.17,8
2024-01-17 19:57:00,2987,3.1753,3.175,3.175,3.18,3.17,35
2024-01-17 19:58:00,1639,3.174,3.175,3.17,3.175,3.17,16
2024-01-17 19:59:00,1183,3.1737,3.175,3.17,3.175,3.17,15
2024-01-17 20:00:00,689,3.1734,3.175,3.175,3.175,3.17,12
2024-01-17 20:01:00,14593,3.1688,3.175,3.165,3.175,3.16,131
2024-01-17 20:02:00,708,3.1616,3.16,3.16,3.165,3.16,8
2024-01-17 20:03:00,1165,3.1644,3.165,3.16,3.165,3.16,12
2024-01-17 20:04:00,569,3.1641,3.165,3.16,3.165,3.16,11
2024-01-17 20:05:00,1063,3.1645,3.165,3.165,3.165,3.16,16
2024-01-17 20:06:00,19922,3.1703,3.16,3.175,3.175,3.16,97
2024-01-17 20:07:00,848,3.175,3.175,3.175,3.175,3.175,10
2024-01-17 20:08:00,720,3.175,3.175,3.175,3.175,3.175,14
2024-01-17 20:09:00,1124,3.175,3.175,3.175,3.175,3.175,9
2024-01-17 20:10:00,362,3.1746,3.175,3.175,3.175,3.175,8
2024-01-17 20:11:00,301,3.175,3.175,3.175,3.175,3.175,3
2024-01-17 20:12:00,1176,3.1746,3.175,3.175,3.175,3.17,13
2024-01-17 20:13:00,880,3.1739,3.175,3.175,3.175,3.17,17
2024-01-17 20:14:00,1436,3.1723,3.175,3.17,3.175,3.17,10
2024-01-17 20:15:00,3044,3.1727,3.175,3.175,3.175,3.17,26
2024-01-17 20:16:00,1842,3.1736,3.175,3.175,3.175,3.17,21
2024-01-17 20:17:00,2578,3.1735,3.17,3.17,3.175,3.17,31
2024-01-17 20:18:00,3130,3.1736,3.175,3.17,3.175,3.17,32
2024-01-17 20:19:00,2638,3.174,3.175,3.175,3.175,3.17,31
2024-01-17 20:20:00,1834,3.1736,3.175,3.175,3.175,3.17,21
2024-01-17 20:21:00,3164,3.1742,3.175,3.17,3.175,3.17,37
2024-01-17 20:22:00,3394,3.1743,3.175,3.17,3.18,3.17,34
2024-01-17 20:23:00,2763,3.1742,3.175,3.175,3.175,3.17,31
2024-01-17 20:24:00,1720,3.1741,3.175,3.175,3.175,3.17,18
2024-01-17 20:25:00,17480,3.1698,3.17,3.16,3.175,3.16,118
2024-01-17 20:26:00,3658,3.1642,3.165,3.165,3.17,3.16,26
2024-01-17 20:27:00,2403,3.1634,3.165,3.16,3.165,3.16,30
2024-01-17 20:28:00,2721,3.1601,3.16,3.16,3.16,3.16,40
2024-01-17 20:29:00,1674,3.1609,3.16,3.16,3.165,3.16,32
2024-01-17 20:30:00,1357,3.1612,3.16,3.165,3.165,3.16,18
2024-01-17 20:31:00,2748,3.163,3.165,3.165,3.165,3.16,30
2024-01-17 20:32:00,2169,3.165,3.165,3.16,3.17,3.16,27
2024-01-17 20:33:00,2463,3.1644,3.165,3.165,3.17,3.16,26
2024-01-17 20:34:00,1958,3.1632,3.165,3.165,3.165,3.16,21
2024-01-17 20:35:00,2514,3.1646,3.165,3.165,3.165,3.16,33
2024-01-17 20:36:00,1228,3.1646,3.165,3.165,3.165,3.16,14
2024-01-17 20:37:00,11938,3.1698,3.165,3.175,3.175,3.1625,82
2024-01-17 20:38:00,1237,3.1754,3.175,3.175,3.18,3.175,15
2024-01-17 20:39:00,1336,3.175,3.175,3.175,3.175,3.175,21
2024-01-17 20:40:00,2022,3.1752,3.1783,3.175,3.1783,3.175,25
2024-01-17 20:41:00,1183,3.175,3.175,3.175,3.175,3.175,18
2024-01-17 20:42:00,1106,3.1761,3.175,3.175,3.18,3.175,19
2024-01-17 20:43:00,1635,3.175,3.175,3.175,3.175,3.175,21
2024-01-17 20:44:00,1759,3.1749,3.175,3.175,3.175,3.175,23
2024-01-17 20:45:00,3480,3.1741,3.175,3.175,3.175,3.175,32
2024-01-17 20:46:00,2894,3.1745,3.175,3.17,3.175,3.17,38
2024-01-17 20:47:00,4544,3.1737,3.175,3.17,3.175,3.17,56
2024-01-17 20:48:00,2886,3.174,3.175,3.175,3.175,3.17,33
2024-01-17 20:49:00,5067,3.1745,3.17,3.175,3.1797,3.17,60
2024-01-17 20:50:00,7358,3.1746,3.175,3.175,3.175,3.17,70
2024-01-17 20:51:00,8082,3.1744,3.175,3.175,3.175,3.17,80
2024-01-17 20:52:00,5543,3.1738,3.17,3.175,3.175,3.17,66
2024-01-17 20:53:00,11491,3.1706,3.175,3.17,3.175,3.17,105
2024-01-17 20:54:00,15312,3.1697,3.17,3.165,3.175,3.16,116
2024-01-17 20:55:00,9584,3.1657,3.165,3.165,3.1687,3.16,63
2024-01-17 20:56:00,21881,3.167,3.165,3.165,3.17,3.16,149
2024-01-17 20:57:00,15134,3.1666,3.165,3.165,3.17,3.1625,114
2024-01-17 20:58:00,30017,3.1719,3.165,3.175,3.18,3.165,134
2024-01-17 20:59:00,25278,3.1758,3.175,3.18,3.18,3.17,195
2024-01-17 21:00:00,13053,3.17,3.17,3.17,3.17,3.17,4
2024-01-17 21:20:00,2783,3.17,3.17,3.17,3.17,3.17,1
2024-01-17 21:46:00,100,3.1995,3.1995,3.1995,3.1995,3.1995,1
2024-01-18 13:29:00,450,3.18,3.18,3.18,3.18,3.18,1
2024-01-18 13:33:00,231,3.0905,3.0905,3.0905,3.0905,3.0905,3
2024-01-18 14:21:00,483,3.2481,3.247,3.25,3.25,3.247,3
2024-01-18 14:30:00,19986,3.1911,3.18,3.2013,3.23,3.18,122
2024-01-18 14:31:00,1073,3.2012,3.2,3.2,3.2,3.2,6
2024-01-18 14:33:00,250,3.2047,3.205,3.205,3.205,3.205,10
2024-01-18 14:34:00,360,3.1982,3.2,3.195,3.2,3.195,8
2024-01-18 14:36:00,1181,3.1896,3.19,3.185,3.19,3.185,13
2024-01-18 14:37:00,1239,3.185,3.185,3.185,3.185,3.185,5
2024-01-18 14:38:00,438,3.1804,3.18,3.18,3.18,3.18,7
2024-01-18 14:39:00,296,3.1766,3.1775,3.1775,3.1775,3.1775,6
2024-01-18 14:40:00,5511,3.1797,3.1747,3.1812,3.185,3.1747,56
2024-01-18 14:41:00,348,3.1795,3.18,3.18,3.18,3.18,10
2024-01-18 14:42:00,1128,3.1737,3.17,3.174,3.174,3.17,5
2024-01-18 14:43:00,225,3.1706,3.1706,3.17,3.1706,3.17,4
2024-01-18 14:44:00,313,3.175,3.17,3.175,3.18,3.17,7
2024-01-18 14:45:00,884,3.1712,3.175,3.17,3.175,3.17,8
2024-01-18 14:46:00,1817,3.17,3.17,3.17,3.17,3.17,13
2024-01-18 14:47:00,1729,3.1769,3.17,3.175,3.18,3.17,17
2024-01-18 14:48:00,2046,3.1696,3.171,3.16,3.171,3.16,19
2024-01-18 14:49:00,1258,3.1601,3.1606,3.16,3.1606,3.16,7
2024-01-18 14:50:00,208,3.1534,3.155,3.155,3.155,3.155,4
2024-01-18 14:51:00,690,3.1543,3.155,3.155,3.155,3.1511,6
2024-01-18 14:55:00,731,3.1544,3.155,3.15,3.155,3.15,10
2024-01-18 14:56:00,1493,3.1599,3.16,3.16,3.16,3.16,21
2024-01-18 14:59:00,1094,3.1646,3.165,3.165,3.165,3.165,3
2024-01-18 15:00:00,116,3.165,3.165,3.165,3.165,3.165,3
2024-01-18 15:01:00,625,3.1618,3.16,3.16,3.165,3.16,18
2024-01-18 15:02:00,133,3.152,3.15,3.15,3.15,3.15,6
2024-01-18 15:04:00,280,3.1511,3.1511,3.1511,3.1511,3.1511,6
2024-01-18 15:08:00,1025,3.1534,3.16,3.155,3.16,3.15,9
2024-01-18 15:10:00,1840,3.155,3.155,3.155,3.155,3.155,8
2024-01-18 15:12:00,1094,3.1536,3.155,3.15,3.155,3.15,23
2024-01-18 15:13:00,1142,3.1593,3.1525,3.16,3.16,3.1525,24
2024-01-18 15:14:00,6171,3.161,3.16,3.17,3.17,3.16,53
2024-01-18 15:15:00,4986,3.16,3.16,3.155,3.165,3.155,48
2024-01-18 15:16:00,166,3.1587,3.16,3.16,3.16,3.16,5
2024-01-18 15:17:00,227,3.1594,3.16,3.16,3.16,3.16,4
2024-01-18 15:19:00,3835,3.1516,3.1507,3.15,3.155,3.15,23
2024-01-18 15:20:00,310,3.1502,3.15,3.15,3.15,3.15,7
2024-01-18 15:21:00,1124,3.1545,3.15,3.155,3.155,3.15,7
2024-01-18 15:23:00,121,3.1507,3.1506,3.1506,3.1506,3.1506,7
2024-01-18 15:24:00,2349,3.1479,3.15,3.145,3.15,3.145,32
2024-01-18 15:25:00,2025,3.1444,3.14,3.142,3.145,3.14,19
2024-01-18 15:26:00,736,3.1456,3.145,3.149,3.149,3.145,11
2024-01-18 15:27:00,378,3.1464,3.15,3.14,3.15,3.14,12
2024-01-18 15:28:00,705,3.1446,3.1425,3.145,3.145,3.1425,10
2024-01-18 15:29:00,469,3.1447,3.145,3.145,3.145,3.145,9
2024-01-18 15:30:00,7813,3.1498,3.145,3.155,3.155,3.145,56
2024-01-18 15:31:00,522,3.1529,3.154,3.154,3.154,3.154,14
2024-01-18 15:32:00,2420,3.1495,3.15,3.145,3.15,3.145,23
2024-01-18 15:33:00,680,3.1456,3.145,3.145,3.145,3.145,7
2024-01-18 15:34:00,176,3.1458,3.145,3.145,3.145,3.145,6
2024-01-18 15:37:00,322,3.1493,3.15,3.15,3.15,3.15,6
2024-01-18 15:39:00,570,3.1441,3.145,3.145,3.145,3.14,15
2024-01-18 15:40:00,27832,3.1565,3.1498,3.16,3.16,3.1498,99
2024-01-18 15:42:00,1447,3.1605,3.16,3.16,3.165,3.16,36
2024-01-18 15:43:00,1397,3.1578,3.16,3.1563,3.16,3.1563,16
2024-01-18 15:44:00,494,3.1542,3.155,3.15,3.155,3.15,14
2024-01-18 15:46:00,704,3.1503,3.15,3.15,3.15,3.15,12
2024-01-18 15:47:00,3321,3.1496,3.15,3.145,3.15,3.145,35
2024-01-18 15:48:00,437,3.1473,3.145,3.15,3.15,3.145,6
2024-01-18 15:50:00,1037,3.1449,3.145,3.145,3.145,3.145,12
2024-01-18 15:51:00,3342,3.1413,3.1499,3.134,3.1499,3.134,31
2024-01-18 15:52:00,133,3.14,3.14,3.14,3.14,3.14,3
2024-01-18 15:55:00,128,3.1341,3.135,3.135,3.135,3.135,7
2024-01-18 15:56:00,40885,3.1229,3.13,3.12,3.135,3.12,63
2024-01-18 15:57:00,5486,3.1251,3.1274,3.125,3.1274,3.125,19
2024-01-18 15:58:00,1826,3.1201,3.12,3.12,3.12,3.12,8
2024-01-18 16:00:00,960,3.1284,3.12,3.1298,3.1298,3.12,11
2024-01-18 16:02:00,4121,3.1267,3.1285,3.125,3.1285,3.125,9
2024-01-18 16:03:00,116,3.125,3.125,3.125,3.125,3.125,6
2024-01-18 16:04:00,234,3.1221,3.12,3.12,3.12,3.12,10
2024-01-18 16:05:00,266,3.1228,3.12,3.12,3.12,3.12,12
2024-01-18 16:06:00,1537,3.1207,3.12,3.1206,3.1206,3.12,13
2024-01-18 16:07:00,298,3.125,3.125,3.125,3.125,3.125,4
2024-01-18 16:08:00,824,3.1229,3.12,3.1209,3.125,3.12,11
2024-01-18 16:09:00,8727,3.1295,3.1299,3.13,3.13,3.1225,55
2024-01-18 16:11:00,1423,3.13,3.13,3.13,3.13,3.13,15
2024-01-18 16:15:00,1017,3.1264,3.125,3.13,3.13,3.125,13
2024-01-18 16:16:00,273,3.128,3.125,3.13,3.13,3.125,5
2024-01-18 16:18:00,341,3.1233,3.12,3.125,3.125,3.12,8
2024-01-18 16:19:00,858,3.1298,3.13,3.13,3.13,3.13,16
2024-01-18 16:21:00,288,3.128,3.129,3.129,3.129,3.129,8
2024-01-18 16:23:00,261,3.1231,3.125,3.12,3.125,3.12,14
2024-01-18 16:24:00,2167,3.1298,3.1298,3.1299,3.1299,3.1298,9
2024-01-18 16:25:00,1473,3.13,3.13,3.13,3.13,3.13,5
2024-01-18 16:26:00,133,3.1254,3.125,3.125,3.125,3.125,6
2024-01-18 16:27:00,410,3.1247,3.1214,3.125,3.125,3.1214,7
2024-01-18 16:29:00,160,3.1289,3.13,3.13,3.13,3.13,5
2024-01-18 16:30:00,785,3.1215,3.121,3.121,3.121,3.121,5
2024-01-18 16:32:00,698,3.129,3.13,3.13,3.13,3.125,10
2024-01-18 16:34:00,589,3.1233,3.1211,3.125,3.125,3.1211,6
2024-01-18 16:35:00,1905,3.1294,3.13,3.1297,3.13,3.1297,14
2024-01-18 16:37:00,3300,3.1289,3.125,3.13,3.13,3.125,18
2024-01-18 16:38:00,313,3.1262,3.125,3.125,3.125,3.125,10
2024-01-18 16:39:00,464,3.1227,3.12,3.125,3.125,3.12,16
2024-01-18 16:40:00,10520,3.1193,3.12,3.1101,3.125,3.11,90
2024-01-18 16:41:00,9519,3.1126,3.11,3.115,3.115,3.11,17
2024-01-18 16:42:00,271,3.1105,3.11,3.11,3.11,3.11,10
2024-01-18 16:43:00,5260,3.1098,3.11,3.105,3.11,3.105,36
2024-01-18 16:44:00,748,3.1046,3.105,3.105,3.105,3.105,14
2024-01-18 16:45:00,3316,3.1066,3.105,3.1013,3.11,3.1013,20
2024-01-18 16:46:00,970,3.1016,3.105,3.105,3.105,3.1,15
2024-01-18 16:49:00,386,3.1027,3.105,3.105,3.105,3.105,8
2024-01-18 16:50:00,308,3.1005,3.1,3.1,3.1,3.1,14
2024-01-18 16:52:00,384,3.1038,3.105,3.105,3.105,3.105,9
2024-01-18 16:53:00,136,3.1013,3.1,3.1,3.1,3.1,4
2024-01-18 16:54:00,170,3.1036,3.105,3.105,3.105,3.105,11
2024-01-18 16:55:00,472,3.1029,3.1,3.105,3.105,3.1,6
2024-01-18 16:56:00,708,3.105,3.105,3.105,3.105,3.105,12
2024-01-18 16:57:00,1300,3.1048,3.105,3.105,3.105,3.1025,10
2024-01-18 16:58:00,347,3.1029,3.1014,3.105,3.105,3.1014,5
2024-01-18 16:59:00,276,3.1048,3.105,3.105,3.105,3.105,10
2024-01-18 17:00:00,368,3.1036,3.1,3.105,3.105,3.1,8
2024-01-18 17:01:00,1197,3.1006,3.1,3.105,3.105,3.1,16
2024-01-18 17:02:00,3668,3.1076,3.105,3.11,3.11,3.105,40
2024-01-18 17:03:00,585,3.1083,3.1025,3.11,3.11,3.1025,8
2024-01-18 17:04:00,914,3.1009,3.1001,3.105,3.105,3.1001,4
2024-01-18 17:05:00,155,3.1018,3.1,3.1,3.1,3.1,4
2024-01-18 17:07:00,1105,3.105,3.105,3.105,3.105,3.105,12
2024-01-18 17:08:00,1598,3.1041,3.105,3.105,3.105,3.1,16
2024-01-18 17:10:00,1833,3.1009,3.1,3.105,3.105,3.1,10
2024-01-18 17:11:00,10793,3.1,3.1,3.1,3.105,3.095,96
2024-01-18 17:12:00,21547,3.0987,3.095,3.095,3.1,3.09,68
2024-01-18 17:13:00,1316,3.0977,3.095,3.09,3.1,3.09,10
2024-01-18 17:14:00,5689,3.0912,3.0911,3.0911,3.0911,3.0911,5
2024-01-18 17:15:00,790,3.0929,3.095,3.09,3.095,3.09,22
2024-01-18 17:16:00,1500,3.0947,3.095,3.095,3.095,3.09,10
2024-01-18 17:17:00,102,3.095,3.095,3.095,3.095,3.095,2
2024-01-18 17:18:00,1366,3.0935,3.095,3.095,3.0988,3.09,24
2024-01-18 17:19:00,326,3.0916,3.09,3.095,3.095,3.09,6
2024-01-18 17:20:00,903,3.0944,3.095,3.09,3.095,3.09,14
2024-01-18 17:21:00,244,3.0948,3.095,3.095,3.095,3.095,9
2024-01-18 17:22:00,386,3.0938,3.09,3.095,3.095,3.09,8
2024-01-18 17:23:00,240,3.0929,3.09,3.095,3.095,3.09,6
2024-01-18 17:24:00,137,3.0943,3.095,3.095,3.095,3.095,6
2024-01-18 17:25:00,687,3.0912,3.0912,3.09,3.095,3.09,10
2024-01-18 17:27:00,289,3.0952,3.0912,3.0912,3.0912,3.0912,10
2024-01-18 17:28:00,930,3.0912,3.09,3.09,3.09,3.09,9
2024-01-18 17:29:00,505,3.094,3.095,3.095,3.095,3.09,5
2024-01-18 17:30:00,431,3.0925,3.09,3.09,3.095,3.09,14
2024-01-18 17:31:00,2071,3.0933,3.09,3.095,3.095,3.09,17
2024-01-18 17:32:00,111,3.095,3.095,3.095,3.095,3.095,4
2024-01-18 17:33:00,511,3.095,3.095,3.095,3.095,3.095,2
2024-01-18 17:34:00,1336,3.0907,3.0907,3.09,3.0907,3.09,12
2024-01-18 17:35:00,1366,3.0974,3.0995,3.095,3.0995,3.09,7
2024-01-18 17:36:00,151,3.0912,3.09,3.09,3.09,3.09,5
2024-01-18 17:37:00,422,3.0914,3.09,3.095,3.095,3.09,11
2024-01-18 17:38:00,1499,3.0956,3.0977,3.095,3.0977,3.095,15
2024-01-18 17:39:00,584,3.0941,3.095,3.095,3.095,3.09,8
2024-01-18 17:40:00,1509,3.0943,3.09,3.095,3.0972,3.09,14
2024-01-18 17:41:00,685,3.0934,3.0988,3.095,3.0988,3.09,16
2024-01-18 17:42:00,40031,3.0841,3.09,3.085,3.09,3.08,80
2024-01-18 17:43:00,239,3.0829,3.085,3.08,3.085,3.08,4
2024-01-18 17:44:00,975,3.0887,3.0899,3.08,3.0899,3.08,6
2024-01-18 17:45:00,1742,3.0817,3.08,3.08,3.085,3.08,11
2024-01-18 17:46:00,804,3.0803,3.08,3.08,3.08,3.08,16
2024-01-18 17:47:00,968,3.084,3.08,3.08,3.085,3.08,10
2024-01-18 17:48:00,443,3.085,3.085,3.085,3.085,3.085,8
2024-01-18 17:49:00,544,3.0812,3.08,3.08,3.08,3.08,13
2024-01-18 17:50:00,240,3.0829,3.085,3.08,3.085,3.08,10
2024-01-18 17:51:00,334,3.0817,3.0812,3.0812,3.0812,3.0812,16
2024-01-18 17:52:00,6958,3.0787,3.08,3.07,3.08,3.07,49
2024-01-18 17:53:00,119,3.071,3.07,3.07,3.07,3.07,4
2024-01-18 17:55:00,128,3.07,3.07,3.07,3.07,3.07,5
2024-01-18 17:56:00,153,3.0702,3.07,3.07,3.07,3.07,5
2024-01-18 17:57:00,670,3.0757,3.07,3.08,3.08,3.07,9
2024-01-18 17:58:00,325,3.0724,3.07,3.075,3.075,3.07,12
2024-01-18 17:59:00,592,3.0709,3.075,3.07,3.075,3.07,20
2024-01-18 18:00:00,4431,3.0689,3.07,3.0625,3.07,3.06,51
2024-01-18 18:01:00,12052,3.0696,3.065,3.0786,3.0786,3.0611,57
2024-01-18 18:02:00,283,3.0732,3.07,3.075,3.075,3.07,10
2024-01-18 18:03:00,504,3.0755,3.0755,3.0755,3.0755,3.0755,5
2024-01-18 18:04:00,526,3.075,3.075,3.075,3.075,3.075,5
2024-01-18 18:05:00,822,3.0713,3.07,3.07,3.075,3.07,13
2024-01-18 18:06:00,535,3.07,3.07,3.07,3.07,3.07,10
2024-01-18 18:07:00,331,3.0704,3.07,3.07,3.07,3.07,6
2024-01-18 18:09:00,1852,3.07,3.07,3.07,3.07,3.07,4
2024-01-18 18:10:00,206,3.0725,3.07,3.07,3.07,3.07,6
2024-01-18 18:11:00,413,3.0711,3.0706,3.07,3.0706,3.07,12
2024-01-18 18:12:00,1929,3.07,3.075,3.065,3.075,3.065,25
2024-01-18 18:13:00,710,3.0673,3.065,3.065,3.065,3.065,14
2024-01-18 18:14:00,551,3.0638,3.06,3.0699,3.0699,3.06,12
2024-01-18 18:15:00,171,3.0635,3.065,3.065,3.065,3.065,6
2024-01-18 18:16:00,112,3.0602,3.06,3.06,3.06,3.06,8
2024-01-18 18:18:00,245,3.0649,3.065,3.065,3.065,3.065,9
2024-01-18 18:19:00,1273,3.065,3.065,3.065,3.065,3.065,12
2024-01-18 18:20:00,576,3.0658,3.07,3.06,3.07,3.06,13
2024-01-18 18:21:00,3874,3.0678,3.06,3.065,3.0699,3.06,11
2024-01-18 18:25:00,867,3.0615,3.06,3.0603,3.065,3.06,11
2024-01-18 18:27:00,247,3.0624,3.065,3.06,3.065,3.06,7
2024-01-18 18:28:00,856,3.0614,3.06,3.06,3.065,3.06,13
2024-01-18 18:29:00,285,3.062,3.06,3.065,3.065,3.06,7
2024-01-18 18:30:00,530,3.0621,3.0634,3.06,3.0634,3.06,9
2024-01-18 18:31:00,210,3.0611,3.06,3.06,3.06,3.06,6
2024-01-18 18:32:00,539,3.064,3.065,3.065,3.065,3.065,14
2024-01-18 18:33:00,732,3.063,3.06,3.065,3.065,3.06,18
2024-01-18 18:34:00,1406,3.063,3.065,3.065,3.065,3.06,23
2024-01-18 18:35:00,10528,3.0694,3.065,3.075,3.075,3.065,88
2024-01-18 18:36:00,177,3.0753,3.075,3.075,3.075,3.075,7
2024-01-18 18:38:00,10711,3.08,3.075,3.08,3.085,3.075,73
2024-01-18 18:41:00,435,3.075,3.075,3.075,3.075,3.075,9
2024-01-18 18:42:00,229,3.0752,3.075,3.075,3.075,3.075,5
2024-01-18 18:43:00,362,3.0741,3.075,3.0757,3.0757,3.075,10
2024-01-18 18:44:00,442,3.0754,3.08,3.08,3.08,3.08,12
2024-01-18 18:46:00,856,3.0742,3.07,3.075,3.075,3.07,16
2024-01-18 18:47:00,205,3.0742,3.075,3.075,3.075,3.075,10
2024-01-18 18:48:00,779,3.0745,3.075,3.075,3.075,3.075,12
2024-01-18 18:49:00,663,3.0748,3.075,3.075,3.075,3.075,10
2024-01-18 18:50:00,279,3.0732,3.075,3.0714,3.075,3.0714,7
2024-01-18 18:51:00,521,3.0736,3.0714,3.075,3.075,3.0714,8
2024-01-18 18:52:00,1847,3.0726,3.0789,3.075,3.0789,3.07,9
2024-01-18 18:53:00,8240,3.0801,3.08,3.08,3.085,3.08,75
2024-01-18 18:54:00,560,3.0848,3.085,3.085,3.085,3.085,10
2024-01-18 18:55:00,1209,3.0835,3.085,3.08,3.085,3.08,18
2024-01-18 18:56:00,2500,3.0796,3.0805,3.075,3.0805,3.075,25
2024-01-18 18:57:00,122,3.075,3.075,3.075,3.075,3.075,4
2024-01-18 18:58:00,301,3.0763,3.075,3.075,3.075,3.075,4
2024-01-18 18:59:00,620,3.0724,3.07,3.07,3.075,3.07,7
2024-01-18 19:00:00,513,3.0765,3.08,3.07,3.08,3.07,13
2024-01-18 19:01:00,373,3.0734,3.075,3.075,3.075,3.075,5
2024-01-18 19:02:00,486,3.0738,3.0713,3.075,3.075,3.0713,5
2024-01-18 19:03:00,506,3.074,3.07,3.075,3.075,3.07,9
2024-01-18 19:04:00,165,3.075,3.075,3.075,3.075,3.075,5
2024-01-18 19:05:00,1051,3.0742,3.074,3.075,3.08,3.07,6
2024-01-18 19:06:00,124,3.075,3.075,3.075,3.075,3.075,5
2024-01-18 19:07:00,637,3.0749,3.075,3.075,3.075,3.075,9
2024-01-18 19:08:00,560,3.0749,3.075,3.075,3.075,3.075,8
2024-01-18 19:09:00,543,3.0737,3.075,3.075,3.075,3.07,9
2024-01-18 19:10:00,700,3.0725,3.0712,3.075,3.075,3.07,15
2024-01-18 19:11:00,764,3.0743,3.075,3.075,3.075,3.07,15
2024-01-18 19:12:00,445,3.0747,3.075,3.075,3.075,3.075,12
2024-01-18 19:13:00,254,3.0719,3.07,3.07,3.07,3.07,9
2024-01-18 19:14:00,675,3.0772,3.075,3.075,3.08,3.075,4
2024-01-18 19:15:00,616,3.075,3.075,3.075,3.075,3.075,9
2024-01-18 19:16:00,1141,3.0716,3.0711,3.075,3.075,3.0711,5
2024-01-18 19:17:00,141,3.0749,3.075,3.075,3.075,3.075,3
2024-01-18 19:18:00,458,3.0739,3.075,3.075,3.075,3.07,11
2024-01-18 19:19:00,338,3.075,3.075,3.075,3.075,3.075,6
2024-01-18 19:20:00,728,3.0739,3.075,3.075,3.075,3.07,11
2024-01-18 19:21:00,547,3.0728,3.07,3.0731,3.075,3.07,10
2024-01-18 19:22:00,643,3.0747,3.075,3.07,3.0799,3.07,10
2024-01-18 19:23:00,512,3.073,3.075,3.075,3.075,3.07,8
2024-01-18 19:24:00,859,3.0753,3.075,3.075,3.075,3.075,15
2024-01-18 19:25:00,514,3.0745,3.075,3.075,3.075,3.075,14
2024-01-18 19:26:00,934,3.074,3.08,3.075,3.08,3.07,15
2024-01-18 19:27:00,6390,3.0784,3.079,3.075,3.079,3.075,15
2024-01-18 19:28:00,631,3.0738,3.07,3.075,3.075,3.07,14
2024-01-18 19:29:00,392,3.076,3.075,3.08,3.08,3.075,12
2024-01-18 19:30:00,12165,3.0815,3.08,3.09,3.09,3.08,104
2024-01-18 19:31:00,1001,3.0846,3.09,3.08,3.09,3.08,19
2024-01-18 19:32:00,845,3.0877,3.085,3.085,3.09,3.085,11
2024-01-18 19:33:00,407,3.0862,3.085,3.085,3.085,3.085,7
2024-01-18 19:34:00,1177,3.0858,3.09,3.085,3.09,3.085,19
2024-01-18 19:35:00,6442,3.085,3.0801,3.0898,3.0898,3.0801,16
2024-01-18 19:36:00,1395,3.0876,3.085,3.09,3.09,3.085,19
2024-01-18 19:37:00,1017,3.0878,3.0889,3.09,3.09,3.085,16
2024-01-18 19:38:00,1056,3.0875,3.09,3.085,3.09,3.085,14
2024-01-18 19:39:00,936,3.0855,3.085,3.085,3.09,3.085,19
2024-01-18 19:40:00,368,3.0877,3.09,3.09,3.09,3.085,10
2024-01-18 19:41:00,920,3.085,3.085,3.085,3.085,3.085,20
2024-01-18 19:42:00,1607,3.0815,3.085,3.085,3.09,3.08,20
2024-01-18 19:43:00,370,3.0836,3.082,3.085,3.085,3.082,9
2024-01-18 19:44:00,427,3.0824,3.08,3.085,3.085,3.08,12
2024-01-18 19:45:00,515,3.0808,3.08,3.081,3.081,3.08,14
2024-01-18 19:46:00,5417,3.0788,3.08,3.075,3.08,3.07,50
2024-01-18 19:47:00,437,3.0734,3.072,3.072,3.072,3.072,10
2024-01-18 19:48:00,1768,3.0753,3.07,3.075,3.08,3.07,15
2024-01-18 19:49:00,14953,3.0802,3.075,3.0809,3.085,3.075,59
2024-01-18 19:50:00,3385,3.0847,3.085,3.085,3.085,3.08,8
2024-01-18 19:51:00,594,3.085,3.085,3.085,3.085,3.085,8
2024-01-18 19:52:00,387,3.085,3.085,3.085,3.085,3.085,4
2024-01-18 19:53:00,847,3.0871,3.0888,3.085,3.0888,3.085,13
2024-01-18 19:54:00,337,3.0848,3.085,3.085,3.085,3.085,8
2024-01-18 19:55:00,437,3.0851,3.085,3.085,3.085,3.085,11
2024-01-18 19:56:00,292,3.085,3.085,3.085,3.085,3.085,9
2024-01-18 19:57:00,383,3.0832,3.085,3.0814,3.085,3.0814,12
2024-01-18 19:58:00,432,3.0874,3.085,3.09,3.09,3.085,10
2024-01-18 19:59:00,731,3.0848,3.085,3.09,3.09,3.085,11
2024-01-18 20:00:00,637,3.0844,3.085,3.08,3.085,3.08,10
2024-01-18 20:01:00,1145,3.0806,3.08,3.08,3.085,3.08,16
2024-01-18 20:02:00,404,3.0807,3.0805,3.0805,3.0805,3.0805,7
2024-01-18 20:03:00,3477,3.0818,3.08,3.085,3.085,3.08,51
2024-01-18 20:04:00,218,3.0804,3.08,3.08,3.08,3.08,8
2024-01-18 20:05:00,487,3.0811,3.085,3.08,3.085,3.08,6
2024-01-18 20:06:00,871,3.0815,3.08,3.08,3.085,3.08,10
2024-01-18 20:07:00,417,3.0805,3.08,3.08,3.08,3.08,8
2024-01-18 20:08:00,1642,3.084,3.085,3.085,3.085,3.08,16
2024-01-18 20:09:00,20820,3.0911,3.085,3.095,3.0989,3.08,110
2024-01-18 20:10:00,395,3.0942,3.095,3.095,3.095,3.095,7
2024-01-18 20:11:00,378,3.0932,3.095,3.095,3.095,3.095,13
2024-01-18 20:12:00,976,3.0922,3.095,3.095,3.095,3.09,10
2024-01-18 20:13:00,932,3.0907,3.0901,3.09,3.095,3.09,15
2024-01-18 20:14:00,210,3.0905,3.0905,3.09,3.0905,3.09,6
2024-01-18 20:15:00,246,3.0927,3.095,3.095,3.095,3.095,11
2024-01-18 20:16:00,857,3.0923,3.095,3.095,3.095,3.09,13
2024-01-18 20:17:00,1629,3.0936,3.09,3.095,3.095,3.09,23
2024-01-18 20:18:00,476,3.0932,3.09,3.095,3.095,3.09,10
2024-01-18 20:19:00,2957,3.0918,3.09,3.09,3.0975,3.09,35
2024-01-18 20:20:00,650,3.0904,3.09,3.09,3.09,3.09,14
2024-01-18 20:21:00,1609,3.0951,3.0908,3.09,3.0972,3.09,14
2024-01-18 20:22:00,896,3.0908,3.095,3.09,3.095,3.09,16
2024-01-18 20:23:00,2307,3.0933,3.095,3.09,3.095,3.09,18
2024-01-18 20:24:00,876,3.0906,3.095,3.09,3.095,3.09,13
2024-01-18 20:25:00,2392,3.0913,3.09,3.095,3.095,3.09,44
2024-01-18 20:26:00,1226,3.0914,3.09,3.09,3.095,3.09,27
2024-01-18 20:27:00,486,3.0913,3.09,3.09,3.09,3.09,11
2024-01-18 20:28:00,526,3.0911,3.09,3.09,3.095,3.09,11
2024-01-18 20:29:00,1485,3.0931,3.095,3.095,3.095,3.09,27
2024-01-18 20:30:00,2051,3.0944,3.095,3.095,3.095,3.095,25
2024-01-18 20:31:00,910,3.0939,3.095,3.095,3.095,3.09,14
2024-01-18 20:32:00,2148,3.0962,3.095,3.09,3.0999,3.09,21
2024-01-18 20:33:00,2526,3.0949,3.095,3.095,3.095,3.095,33
2024-01-18 20:34:00,920,3.0937,3.09,3.095,3.095,3.09,17
2024-01-18 20:35:00,3825,3.0936,3.095,3.09,3.0954,3.09,28
2024-01-18 20:36:00,2432,3.0942,3.09,3.095,3.095,3.09,39
2024-01-18 20:37:00,5401,3.091,3.095,3.09,3.095,3.09,47
2024-01-18 20:38:00,558,3.091,3.09,3.09,3.095,3.09,15
2024-01-18 20:39:00,2173,3.0906,3.095,3.09,3.095,3.09,29
2024-01-18 20:40:00,10090,3.0884,3.09,3.085,3.09,3.08,100
2024-01-18 20:41:00,2476,3.0851,3.085,3.085,3.085,3.0825,31
2024-01-18 20:42:00,18023,3.0906,3.085,3.095,3.095,3.085,96
2024-01-18 20:43:00,1620,3.096,3.095,3.095,3.1,3.095,19
2024-01-18 20:44:00,2810,3.0974,3.095,3.095,3.1,3.095,39
2024-01-18 20:45:00,1045,3.0946,3.095,3.095,3.095,3.09,30
2024-01-18 20:46:00,2707,3.091,3.095,3.095,3.095,3.09,19
2024-01-18 20:47:00,3367,3.0948,3.095,3.095,3.1,3.09,40
2024-01-18 20:48:00,1082,3.0959,3.095,3.095,3.1,3.095,33
2024-01-18 20:49:00,1934,3.095,3.095,3.095,3.095,3.095,29
2024-01-18 20:50:00,2119,3.0958,3.095,3.095,3.1,3.095,33
2024-01-18 20:51:00,4040,3.0945,3.095,3.095,3.1,3.09,44
2024-01-18 20:52:00,6631,3.0949,3.095,3.095,3.095,3.095,52
2024-01-18 20:53:00,9781,3.0912,3.09,3.09,3.095,3.09,86
2024-01-18 20:54:00,14097,3.0882,3.095,3.085,3.095,3.085,139
2024-01-18 20:55:00,5427,3.0867,3.09,3.085,3.09,3.085,45
2024-01-18 20:56:00,8810,3.0837,3.085,3.08,3.09,3.08,98
2024-01-18 20:57:00,6801,3.0849,3.09,3.09,3.09,3.08,90
2024-01-18 20:58:00,9136,3.0849,3.085,3.085,3.09,3.08,114
2024-01-18 20:59:00,31553,3.0837,3.08,3.085,3.09,3.08,292
2024-01-18 21:00:00,3004,3.08,3.08,3.08,3.08,3.08,4
2024-01-18 21:03:00,325,3.1099,3.1099,3.1099,3.1099,3.1099,1
2024-01-18 21:05:00,200,3.08,3.08,3.08,3.08,3.08,1
2024-01-18 21:06:00,1800,3.08,3.08,3.08,3.08,3.08,1
2024-01-18 21:18:00,1077,3.0803,3.08,3.08,3.08,3.08,3
2024-01-18 21:20:00,923,3.08,3.08,3.08,3.08,3.08,1
2024-01-18 23:40:00,3000,3.1,3.1,3.1,3.1,3.1,1
2024-01-19 00:14:00,401,3.07,3.07,3.07,3.07,3.07,4
2024-01-19 12:00:00,487,3.085,3.09,3.08,3.09,3.08,2
2024-01-19 13:00:00,2987,3.0997,3.1,3.11,3.11,3.0629,14
2024-01-19 13:47:00,150,3.1,3.1,3.1,3.1,3.1,2
2024-01-19 13:54:00,101,3.0998,3.1,3.1,3.1,3.1,2
2024-01-19 13:58:00,322,3.1,3.1,3.1,3.1,3.1,1
2024-01-19 14:30:00,33599,3.0974,3.1,3.07,3.1,3.07,87
2024-01-19 14:31:00,18809,3.0544,3.07,3.03,3.075,3.02,128
2024-01-19 14:32:00,3463,3.0251,3.02,3.035,3.035,3.02,31
2024-01-19 14:33:00,1520,3.04,3.04,3.041,3.041,3.04,16
2024-01-19 14:35:00,1395,3.0418,3.04,3.045,3.045,3.04,20
2024-01-19 14:36:00,1238,3.0454,3.05,3.045,3.05,3.0433,16
2024-01-19 14:37:00,6914,3.05,3.0499,3.05,3.05,3.0499,18
2024-01-19 14:38:00,535,3.0439,3.05,3.041,3.05,3.041,6
2024-01-19 14:39:00,1119,3.0407,3.045,3.0399,3.045,3.0399,14
2024-01-19 14:40:00,13011,3.04,3.04,3.04,3.045,3.04,89
2024-01-19 14:41:00,1837,3.0434,3.04,3.045,3.045,3.04,12
2024-01-19 14:42:00,1757,3.0423,3.045,3.04,3.045,3.04,11
2024-01-19 14:45:00,765,3.0406,3.0412,3.04,3.0412,3.04,8
2024-01-19 14:46:00,1690,3.0319,3.0325,3.032,3.035,3.0311,10
2024-01-19 14:47:00,2386,3.03,3.03,3.03,3.03,3.03,21
2024-01-19 14:48:00,519,3.0246,3.025,3.025,3.025,3.0239,8
2024-01-19 14:50:00,415,3.0201,3.02,3.02,3.02,3.02,5
2024-01-19 14:53:00,8524,3.0301,3.03,3.03,3.035,3.03,48
2024-01-19 14:55:00,1393,3.0301,3.03,3.03,3.03,3.03,23
2024-01-19 14:56:00,118,3.0356,3.035,3.035,3.035,3.035,4
2024-01-19 14:57:00,523,3.0348,3.035,3.035,3.035,3.035,7
2024-01-19 14:58:00,200,3.0372,3.04,3.04,3.04,3.04,6
2024-01-19 14:59:00,4145,3.046,3.035,3.05,3.05,3.035,28
2024-01-19 15:00:00,1715,3.049,3.05,3.05,3.05,3.05,18
2024-01-19 15:01:00,1692,3.0389,3.04,3.035,3.04,3.035,18
2024-01-19 15:02:00,1903,3.0297,3.0306,3.025,3.0306,3.025,22
2024-01-19 15:03:00,720,3.0209,3.025,3.0207,3.025,3.02,12
2024-01-19 15:04:00,568,3.03,3.03,3.0301,3.0301,3.03,10
2024-01-19 15:05:00,754,3.0287,3.03,3.025,3.03,3.025,12
2024-01-19 15:06:00,1191,3.0197,3.0209,3.015,3.0241,3.015,24
2024-01-19 15:07:00,564,3.0137,3.015,3.015,3.015,3.015,11
2024-01-19 15:08:00,133,3.0111,3.01,3.01,3.01,3.01,3
2024-01-19 15:09:00,626,3.014,3.015,3.01,3.015,3.01,7
2024-01-19 15:10:00,326,3.0165,3.01,3.02,3.02,3.01,5
2024-01-19 15:11:00,945,3.0145,3.0184,3.0125,3.02,3.0125,9
2024-01-19 15:12:00,397,3.0198,3.02,3.02,3.02,3.02,7
2024-01-19 15:13:00,195,3.0184,3.02,3.02,3.02,3.02,10
2024-01-19 15:14:00,4905,3.0118,3.015,3.019,3.02,3.0108,8
2024-01-19 15:15:00,316,3.0143,3.0131,3.02,3.02,3.01,7
2024-01-19 15:16:00,399,3.0143,3.02,3.02,3.02,3.02,16
2024-01-19 15:17:00,113,3.015,3.015,3.015,3.015,3.015,4
2024-01-19 15:18:00,4939,3.0227,3.01,3.03,3.03,3.01,48
2024-01-19 15:19:00,701,3.0245,3.025,3.025,3.025,3.025,17
2024-01-19 15:20:00,7373,3.0285,3.02,3.0301,3.04,3.02,35
2024-01-19 15:22:00,5385,3.0304,3.03,3.03,3.035,3.029,53
2024-01-19 15:23:00,405,3.0269,3.0289,3.02,3.0289,3.02,7
2024-01-19 15:25:00,544,3.0264,3.025,3.025,3.03,3.025,9
2024-01-19 15:26:00,424,3.0237,3.025,3.025,3.025,3.025,11
2024-01-19 15:28:00,318,3.0272,3.03,3.025,3.03,3.025,5
2024-01-19 15:29:00,309,3.0282,3.03,3.03,3.03,3.03,9
2024-01-19 15:30:00,830,3.0248,3.0292,3.02,3.0292,3.02,5
2024-01-19 15:31:00,196,3.0256,3.025,3.025,3.025,3.025,9
2024-01-19 15:32:00,1943,3.0235,3.0211,3.025,3.025,3.02,18
2024-01-19 15:33:00,1280,3.0298,3.03,3.03,3.03,3.03,13
2024-01-19 15:34:00,1634,3.0242,3.02,3.02,3.03,3.02,8
2024-01-19 15:35:00,2597,3.0282,3.025,3.04,3.04,3.0211,28
2024-01-19 15:36:00,5742,3.046,3.04,3.06,3.06,3.04,43
2024-01-19 15:38:00,1208,3.0539,3.05,3.055,3.055,3.05,16
2024-01-19 15:39:00,660,3.054,3.055,3.055,3.055,3.05,15
2024-01-19 15:40:00,436,3.0529,3.055,3.055,3.055,3.055,23
2024-01-19 15:42:00,1032,3.0512,3.05,3.055,3.055,3.05,18
2024-01-19 15:43:00,1938,3.057,3.055,3.0574,3.0574,3.055,12
2024-01-19 15:44:00,646,3.0545,3.05,3.055,3.055,3.05,17
2024-01-19 15:45:00,2657,3.0559,3.06,3.0557,3.06,3.05,15
2024-01-19 15:46:00,9810,3.0491,3.055,3.045,3.055,3.045,67
2024-01-19 15:47:00,4144,3.0502,3.05,3.055,3.055,3.05,28
2024-01-19 15:49:00,416,3.0549,3.055,3.055,3.055,3.055,6
2024-01-19 15:50:00,5105,3.0486,3.05,3.04,3.05,3.04,36
2024-01-19 15:51:00,581,3.0479,3.045,3.05,3.05,3.045,9
2024-01-19 15:52:00,1487,3.045,3.045,3.04,3.05,3.04,11
2024-01-19 15:53:00,914,3.045,3.045,3.04,3.045,3.04,9
2024-01-19 15:54:00,1398,3.0469,3.05,3.045,3.05,3.045,18
2024-01-19 15:55:00,142,3.0448,3.045,3.045,3.045,3.045,3
2024-01-19 15:56:00,535,3.045,3.05,3.045,3.05,3.04,12
2024-01-19 15:57:00,174,3.0485,3.05,3.05,3.05,3.05,4
2024-01-19 15:58:00,1176,3.0491,3.045,3.0498,3.0498,3.045,7
2024-01-19 15:59:00,408,3.0471,3.045,3.045,3.045,3.045,15
2024-01-19 16:00:00,644,3.0453,3.045,3.045,3.045,3.045,8
2024-01-19 16:01:00,1321,3.0451,3.045,3.045,3.045,3.045,15
2024-01-19 16:02:00,3088,3.0438,3.0437,3.0437,3.0437,3.0437,11
2024-01-19 16:03:00,18798,3.0555,3.045,3.06,3.065,3.045,91
2024-01-19 16:04:00,1017,3.0593,3.06,3.06,3.06,3.06,13
2024-01-19 16:05:00,209,3.0695,3.0697,3.0697,3.0697,3.0697,6
2024-01-19 16:06:00,123,3.0698,3.07,3.07,3.07,3.07,9
2024-01-19 16:07:00,472,3.065,3.065,3.065,3.065,3.065,8
2024-01-19 16:09:00,405,3.0647,3.065,3.065,3.065,3.065,10
2024-01-19 16:10:00,1388,3.0697,3.07,3.0699,3.07,3.0699,5
2024-01-19 16:11:00,4253,3.0724,3.07,3.075,3.075,3.07,46
2024-01-19 16:12:00,102,3.08,3.08,3.08,3.08,3.08,3
2024-01-19 16:13:00,248,3.0789,3.08,3.08,3.08,3.08,8
2024-01-19 16:14:00,7209,3.0711,3.08,3.08,3.08,3.0701,15
2024-01-19 16:15:00,1516,3.0751,3.08,3.075,3.08,3.075,8
2024-01-19 16:16:00,804,3.0781,3.08,3.08,3.08,3.075,11
2024-01-19 16:17:00,1221,3.0785,3.08,3.08,3.08,3.075,13
2024-01-19 16:18:00,390,3.0774,3.08,3.08,3.08,3.08,9
2024-01-19 16:19:00,224,3.0752,3.075,3.075,3.075,3.075,8
2024-01-19 16:20:00,324,3.0722,3.07,3.075,3.075,3.07,5
2024-01-19 16:21:00,899,3.0728,3.07,3.07,3.075,3.07,11
2024-01-19 16:22:00,1565,3.0728,3.075,3.0709,3.08,3.0709,7
2024-01-19 16:23:00,344,3.0765,3.075,3.08,3.08,3.075,8
2024-01-19 16:25:00,212,3.0774,3.08,3.08,3.08,3.08,6
2024-01-19 16:26:00,111,3.0704,3.07,3.07,3.07,3.07,4
2024-01-19 16:27:00,5425,3.0689,3.07,3.065,3.07,3.06,54
2024-01-19 16:28:00,463,3.0628,3.06,3.0661,3.0661,3.06,11
2024-01-19 16:29:00,4979,3.0599,3.06,3.0512,3.0675,3.0512,23
2024-01-19 16:30:00,682,3.0563,3.055,3.055,3.06,3.055,13
2024-01-19 16:31:00,105,3.0598,3.06,3.06,3.06,3.06,4
2024-01-19 16:32:00,245,3.0591,3.06,3.06,3.06,3.06,4
2024-01-19 16:33:00,946,3.0584,3.06,3.055,3.06,3.055,10
2024-01-19 16:34:00,1420,3.0518,3.055,3.05,3.055,3.05,19
2024-01-19 16:36:00,206,3.055,3.055,3.055,3.055,3.055,4
2024-01-19 16:37:00,264,3.0539,3.055,3.055,3.055,3.055,7
2024-01-19 16:38:00,918,3.0573,3.0598,3.055,3.0598,3.055,10
2024-01-19 16:39:00,22544,3.0451,3.05,3.055,3.055,3.04,117
2024-01-19 16:40:00,393,3.0504,3.05,3.05,3.05,3.05,6
2024-01-19 16:41:00,392,3.0523,3.05,3.055,3.055,3.05,9
2024-01-19 16:43:00,131,3.0543,3.055,3.055,3.055,3.055,5
2024-01-19 16:45:00,627,3.0538,3.055,3.055,3.055,3.055,9
2024-01-19 16:47:00,256,3.054,3.055,3.055,3.055,3.055,8
2024-01-19 16:49:00,481,3.0512,3.05,3.055,3.055,3.05,8
2024-01-19 16:50:00,641,3.052,3.05,3.055,3.055,3.05,9
2024-01-19 16:51:00,552,3.0541,3.055,3.055,3.055,3.055,13
2024-01-19 16:52:00,210,3.0501,3.05,3.05,3.05,3.05,4
2024-01-19 16:53:00,269,3.0523,3.055,3.055,3.055,3.055,4
2024-01-19 16:54:00,535,3.0536,3.055,3.055,3.055,3.055,8
2024-01-19 16:55:00,453,3.0546,3.055,3.055,3.055,3.055,6
2024-01-19 16:56:00,488,3.0512,3.05,3.055,3.055,3.05,8
2024-01-19 16:57:00,9962,3.0596,3.055,3.06,3.06,3.055,70
2024-01-19 16:58:00,12902,3.0665,3.06,3.065,3.07,3.05,35
2024-01-19 16:59:00,109,3.0696,3.07,3.07,3.07,3.07,8
2024-01-19 17:00:00,200,3.0675,3.065,3.07,3.07,3.065,2
2024-01-19 17:01:00,200,3.065,3.065,3.065,3.065,3.065,2
2024-01-19 17:02:00,408,3.0675,3.065,3.07,3.07,3.065,4
2024-01-19 17:03:00,511,3.0698,3.07,3.07,3.07,3.07,7
2024-01-19 17:04:00,598,3.0685,3.0699,3.0699,3.0699,3.0699,13
2024-01-19 17:05:00,215,3.0675,3.065,3.065,3.065,3.065,7
2024-01-19 17:07:00,1081,3.0646,3.07,3.064,3.07,3.064,6
2024-01-19 17:09:00,362,3.0652,3.065,3.065,3.065,3.065,10
2024-01-19 17:10:00,513,3.065,3.065,3.07,3.07,3.065,8
2024-01-19 17:11:00,1753,3.0645,3.06,3.065,3.07,3.06,25
2024-01-19 17:12:00,558,3.0691,3.07,3.069,3.07,3.069,10
2024-01-19 17:13:00,515,3.0658,3.07,3.0615,3.07,3.0615,6
2024-01-19 17:14:00,266,3.0669,3.065,3.07,3.07,3.065,7
2024-01-19 17:16:00,163,3.0683,3.07,3.07,3.07,3.07,6
2024-01-19 17:17:00,132,3.0686,3.07,3.07,3.07,3.07,6
2024-01-19 17:18:00,192,3.0652,3.065,3.065,3.065,3.065,7
2024-01-19 17:19:00,448,3.0686,3.07,3.07,3.07,3.065,11
2024-01-19 17:21:00,161,3.0683,3.07,3.07,3.07,3.07,9
2024-01-19 17:24:00,1324,3.0662,3.07,3.07,3.07,3.06,30
2024-01-19 17:26:00,107,3.07,3.07,3.07,3.07,3.07,2
2024-01-19 17:27:00,7303,3.0706,3.07,3.065,3.075,3.065,76
2024-01-19 17:28:00,771,3.068,3.0682,3.0682,3.0682,3.0682,4
2024-01-19 17:30:00,499,3.0679,3.065,3.07,3.07,3.065,8
2024-01-19 17:31:00,1838,3.07,3.07,3.07,3.07,3.07,17
2024-01-19 17:33:00,12473,3.0712,3.07,3.0789,3.0789,3.07,11
2024-01-19 17:35:00,752,3.0716,3.0714,3.0714,3.0714,3.0714,2
2024-01-19 17:36:00,950,3.0767,3.08,3.0797,3.08,3.07,3
2024-01-19 17:37:00,367,3.08,3.08,3.08,3.08,3.08,6
2024-01-19 17:38:00,272,3.0792,3.08,3.08,3.08,3.08,5
2024-01-19 17:39:00,374,3.08,3.08,3.08,3.08,3.08,9
2024-01-19 17:40:00,1413,3.0731,3.07,3.075,3.08,3.07,17
2024-01-19 17:41:00,326,3.0796,3.08,3.08,3.08,3.08,6
2024-01-19 17:42:00,313,3.0798,3.08,3.08,3.08,3.08,6
2024-01-19 17:43:00,105,3.075,3.075,3.075,3.075,3.075,2
2024-01-19 17:44:00,868,3.0737,3.08,3.07,3.08,3.07,11
2024-01-19 17:45:00,3518,3.0717,3.08,3.07,3.08,3.07,12
2024-01-19 17:46:00,278,3.0789,3.08,3.08,3.08,3.08,5
2024-01-19 17:47:00,906,3.0765,3.075,3.07,3.08,3.07,6
2024-01-19 17:48:00,697,3.0781,3.08,3.075,3.08,3.075,14
2024-01-19 17:49:00,205,3.0766,3.08,3.08,3.08,3.08,3
2024-01-19 17:50:00,209,3.0754,3.075,3.075,3.075,3.075,5
2024-01-19 17:51:00,570,3.0757,3.0789,3.07,3.0789,3.07,5
2024-01-19 17:52:00,201,3.0775,3.08,3.075,3.08,3.075,3
2024-01-19 17:53:00,563,3.0725,3.08,3.07,3.08,3.07,10
2024-01-19 17:54:00,644,3.0743,3.075,3.075,3.075,3.075,10
2024-01-19 17:55:00,728,3.073,3.075,3.08,3.08,3.07,9
2024-01-19 17:56:00,431,3.0773,3.075,3.08,3.08,3.075,9
2024-01-19 17:57:00,1152,3.0796,3.08,3.075,3.08,3.075,16
2024-01-19 17:58:00,7858,3.0815,3.08,3.085,3.09,3.08,64
2024-01-19 17:59:00,308,3.0865,3.09,3.09,3.09,3.09,10
2024-01-19 18:00:00,226,3.0896,3.09,3.09,3.09,3.09,9
2024-01-19 18:01:00,348,3.0862,3.085,3.09,3.09,3.085,8
2024-01-19 18:02:00,1191,3.0839,3.09,3.085,3.09,3.08,11
2024-01-19 18:03:00,1897,3.0838,3.0801,3.085,3.0887,3.08,14
2024-01-19 18:04:00,1905,3.0816,3.08,3.08,3.09,3.08,11
2024-01-19 18:05:00,444,3.0861,3.09,3.09,3.09,3.085,8
2024-01-19 18:06:00,1100,3.0885,3.085,3.0888,3.0888,3.085,2
2024-01-19 18:07:00,410,3.0817,3.08,3.08,3.08,3.08,4
2024-01-19 18:08:00,637,3.0897,3.09,3.09,3.09,3.09,8
2024-01-19 18:10:00,419,3.0852,3.0814,3.0814,3.0814,3.0814,7
2024-01-19 18:11:00,600,3.0839,3.09,3.08,3.09,3.08,4
2024-01-19 18:13:00,3697,3.0845,3.085,3.0839,3.09,3.0839,10
2024-01-19 18:14:00,855,3.0893,3.0899,3.09,3.09,3.0899,11
2024-01-19 18:15:00,4434,3.0926,3.09,3.0979,3.0979,3.09,52
2024-01-19 18:16:00,232,3.0993,3.1,3.1,3.1,3.1,4
2024-01-19 18:18:00,593,3.0944,3.1,3.09,3.1,3.09,7
2024-01-19 18:19:00,413,3.0939,3.095,3.095,3.095,3.095,11
2024-01-19 18:20:00,791,3.0934,3.1,3.1,3.1,3.091,6
2024-01-19 18:21:00,557,3.0977,3.1,3.1,3.1,3.095,12
2024-01-19 18:23:00,562,3.0927,3.09,3.092,3.092,3.09,10
2024-01-19 18:24:00,300,3.0972,3.1,3.1,3.1,3.1,11
2024-01-19 18:25:00,479,3.0974,3.1,3.095,3.1,3.095,12
2024-01-19 18:26:00,704,3.0925,3.095,3.09,3.095,3.09,16
2024-01-19 18:27:00,461,3.0959,3.1,3.095,3.1,3.095,10
2024-01-19 18:28:00,162,3.0972,3.1,3.1,3.1,3.1,7
2024-01-19 18:29:00,9997,3.1008,3.1,3.11,3.11,3.095,78
2024-01-19 18:30:00,499,3.107,3.11,3.11,3.11,3.11,16
2024-01-19 18:32:00,290,3.107,3.11,3.11,3.11,3.11,10
2024-01-19 18:33:00,9887,3.1121,3.11,3.12,3.12,3.11,52
2024-01-19 18:34:00,455,3.1198,3.12,3.12,3.12,3.12,10
2024-01-19 18:35:00,783,3.1158,3.12,3.12,3.12,3.12,14
2024-01-19 18:36:00,490,3.119,3.12,3.12,3.12,3.12,12
2024-01-19 18:37:00,920,3.1134,3.12,3.12,3.12,3.1113,8
2024-01-19 18:38:00,1669,3.114,3.11,3.12,3.12,3.11,24
2024-01-19 18:39:00,2037,3.117,3.115,3.12,3.12,3.115,15
2024-01-19 18:40:00,312,3.1181,3.115,3.12,3.12,3.115,7
2024-01-19 18:41:00,216,3.1173,3.12,3.12,3.12,3.12,7
2024-01-19 18:42:00,582,3.1163,3.1198,3.12,3.12,3.11,12
2024-01-19 18:43:00,385,3.1156,3.12,3.12,3.12,3.12,5
2024-01-19 18:44:00,1185,3.1116,3.1111,3.1111,3.1111,3.1111,7
2024-01-19 18:45:00,450,3.1179,3.12,3.12,3.12,3.12,12
2024-01-19 18:46:00,812,3.1153,3.11,3.12,3.12,3.11,9
2024-01-19 18:47:00,700,3.118,3.12,3.12,3.12,3.115,6
2024-01-19 18:49:00,446,3.1115,3.115,3.11,3.115,3.11,9
2024-01-19 18:51:00,582,3.1146,3.115,3.115,3.115,3.115,10
2024-01-19 18:52:00,593,3.116,3.115,3.1151,3.12,3.115,10
2024-01-19 18:53:00,300,3.1131,3.11,3.11,3.11,3.11,3
2024-01-19 18:55:00,833,3.1147,3.115,3.115,3.115,3.115,6
2024-01-19 18:56:00,1664,3.1149,3.114,3.12,3.12,3.114,9
2024-01-19 18:57:00,248,3.12,3.12,3.12,3.12,3.12,5
2024-01-19 18:58:00,495,3.1138,3.11,3.12,3.12,3.11,8
2024-01-19 19:00:00,101,3.115,3.115,3.115,3.115,3.115,2
2024-01-19 19:01:00,15109,3.1207,3.115,3.13,3.13,3.115,62
2024-01-19 19:02:00,200,3.1253,3.13,3.13,3.13,3.13,2
2024-01-19 19:03:00,914,3.1286,3.13,3.13,3.13,3.13,12
2024-01-19 19:04:00,1665,3.1297,3.13,3.1297,3.13,3.1297,10
2024-01-19 19:05:00,1680,3.1228,3.1227,3.12,3.1227,3.12,6
2024-01-19 19:06:00,9182,3.1303,3.13,3.1375,3.1375,3.13,74
2024-01-19 19:07:00,1960,3.1322,3.13,3.135,3.135,3.13,17
2024-01-19 19:08:00,3085,3.134,3.135,3.14,3.14,3.13,36
2024-01-19 19:09:00,2552,3.1336,3.135,3.13,3.14,3.13,18
2024-01-19 19:10:00,716,3.1357,3.13,3.135,3.14,3.13,10
2024-01-19 19:11:00,1512,3.1361,3.14,3.135,3.14,3.135,13
2024-01-19 19:12:00,1445,3.1318,3.1311,3.13,3.135,3.13,10
2024-01-19 19:13:00,1330,3.1301,3.13,3.13,3.13,3.13,15
2024-01-19 19:14:00,2547,3.132,3.1375,3.14,3.14,3.1311,12
2024-01-19 19:15:00,574,3.1366,3.14,3.14,3.14,3.135,11
2024-01-19 19:16:00,532,3.1378,3.14,3.14,3.14,3.14,8
2024-01-19 19:17:00,344,3.1308,3.13,3.13,3.13,3.13,4
2024-01-19 19:18:00,11684,3.1406,3.135,3.14,3.15,3.135,89
2024-01-19 19:19:00,1831,3.1443,3.14,3.1475,3.15,3.14,19
2024-01-19 19:20:00,1470,3.1437,3.145,3.145,3.1498,3.14,13
2024-01-19 19:21:00,14562,3.1359,3.14,3.13,3.14,3.125,64
2024-01-19 19:22:00,4529,3.1316,3.13,3.14,3.14,3.13,24
2024-01-19 19:24:00,309,3.1349,3.135,3.135,3.135,3.135,4
2024-01-19 19:26:00,1019,3.1351,3.135,3.135,3.135,3.135,8
2024-01-19 19:29:00,7104,3.1413,3.14,3.145,3.15,3.14,42
2024-01-19 19:30:00,1256,3.145,3.145,3.145,3.145,3.145,14
2024-01-19 19:31:00,2110,3.146,3.15,3.1475,3.15,3.145,19
2024-01-19 19:32:00,1132,3.1439,3.15,3.15,3.15,3.14,9
2024-01-19 19:33:00,860,3.1452,3.145,3.145,3.15,3.145,16
2024-01-19 19:34:00,9637,3.1413,3.15,3.135,3.15,3.135,55
2024-01-19 19:35:00,4189,3.1336,3.14,3.135,3.14,3.1312,20
2024-01-19 19:36:00,1914,3.1345,3.135,3.14,3.14,3.13,10
2024-01-19 19:37:00,1201,3.1354,3.135,3.135,3.135,3.135,5
2024-01-19 19:38:00,2666,3.1358,3.135,3.14,3.14,3.135,13
2024-01-19 19:40:00,321,3.1366,3.135,3.135,3.135,3.135,4
2024-01-19 19:41:00,1680,3.14,3.14,3.14,3.14,3.14,5
2024-01-19 19:42:00,890,3.1358,3.135,3.135,3.14,3.135,9
2024-01-19 19:43:00,502,3.1395,3.14,3.14,3.14,3.14,8
2024-01-19 19:44:00,684,3.1338,3.13,3.14,3.14,3.13,11
2024-01-19 19:45:00,549,3.1382,3.135,3.135,3.14,3.135,11
2024-01-19 19:46:00,324,3.1385,3.14,3.14,3.14,3.135,5
2024-01-19 19:47:00,2167,3.1382,3.14,3.135,3.14,3.135,11
2024-01-19 19:48:00,567,3.1348,3.135,3.13,3.14,3.13,9
2024-01-19 19:50:00,263,3.1389,3.14,3.14,3.14,3.14,6
2024-01-19 19:51:00,368,3.1378,3.135,3.14,3.14,3.135,13
2024-01-19 19:52:00,828,3.1356,3.14,3.135,3.14,3.13,10
2024-01-19 19:53:00,534,3.1357,3.135,3.14,3.14,3.135,6
2024-01-19 19:54:00,1415,3.1377,3.135,3.139,3.139,3.135,9
2024-01-19 19:55:00,640,3.1355,3.135,3.13,3.135,3.13,10
2024-01-19 19:57:00,3110,3.14,3.14,3.14,3.14,3.14,26
2024-01-19 19:59:00,469,3.1355,3.14,3.13,3.14,3.13,14
2024-01-19 20:00:00,591,3.1367,3.135,3.135,3.135,3.135,9
2024-01-19 20:01:00,765,3.1392,3.14,3.14,3.14,3.1388,10
2024-01-19 20:02:00,376,3.1377,3.135,3.14,3.14,3.135,8
2024-01-19 20:03:00,816,3.1339,3.135,3.135,3.135,3.13,10
2024-01-19 20:04:00,876,3.1363,3.135,3.14,3.14,3.135,13
2024-01-19 20:05:00,3849,3.135,3.135,3.135,3.135,3.135,12
2024-01-19 20:06:00,500,3.1365,3.14,3.14,3.14,3.14,8
2024-01-19 20:07:00,957,3.1351,3.13,3.14,3.14,3.13,13
2024-01-19 20:08:00,674,3.1369,3.135,3.14,3.14,3.135,15
2024-01-19 20:09:00,394,3.1344,3.135,3.13,3.135,3.13,10
2024-01-19 20:10:00,610,3.1375,3.135,3.14,3.14,3.135,14
2024-01-19 20:11:00,1182,3.1354,3.14,3.14,3.14,3.13,14
2024-01-19 20:12:00,456,3.1377,3.14,3.135,3.14,3.135,13
2024-01-19 20:13:00,264,3.1386,3.1388,3.1388,3.1388,3.1388,6
2024-01-19 20:14:00,1008,3.1389,3.14,3.14,3.14,3.135,10
2024-01-19 20:15:00,1458,3.1353,3.14,3.14,3.14,3.13,20
2024-01-19 20:16:00,1717,3.1347,3.1313,3.14,3.14,3.1313,15
2024-01-19 20:17:00,1742,3.1354,3.135,3.135,3.135,3.135,5
2024-01-19 20:18:00,389,3.1395,3.14,3.14,3.14,3.14,15
2024-01-19 20:19:00,2770,3.1349,3.13,3.135,3.135,3.13,28
2024-01-19 20:20:00,670,3.1359,3.135,3.135,3.14,3.135,13
2024-01-19 20:21:00,1923,3.1333,3.135,3.135,3.135,3.13,22
2024-01-19 20:22:00,962,3.1378,3.135,3.14,3.14,3.135,16
2024-01-19 20:23:00,1574,3.1342,3.13,3.135,3.14,3.13,18
2024-01-19 20:24:00,2317,3.1351,3.135,3.135,3.14,3.135,25
2024-01-19 20:25:00,1196,3.136,3.135,3.135,3.14,3.135,20
2024-01-19 20:26:00,740,3.1345,3.135,3.135,3.14,3.13,16
2024-01-19 20:27:00,1049,3.1385,3.135,3.14,3.14,3.135,14
2024-01-19 20:28:00,3462,3.1352,3.135,3.135,3.135,3.135,35
2024-01-19 20:29:00,2555,3.1356,3.14,3.135,3.14,3.135,35
2024-01-19 20:30:00,4276,3.1346,3.135,3.135,3.135,3.13,42
2024-01-19 20:31:00,2319,3.1353,3.135,3.135,3.14,3.135,29
2024-01-19 20:32:00,2329,3.1354,3.135,3.14,3.14,3.135,21
2024-01-19 20:33:00,835,3.1363,3.135,3.135,3.14,3.135,15
2024-01-19 20:34:00,821,3.1351,3.14,3.135,3.14,3.13,14
2024-01-19 20:35:00,3051,3.1358,3.135,3.14,3.14,3.135,19
2024-01-19 20:36:00,1073,3.1357,3.135,3.135,3.14,3.135,16
2024-01-19 20:37:00,720,3.1356,3.14,3.135,3.14,3.135,14
2024-01-19 20:38:00,2508,3.1349,3.135,3.14,3.14,3.13,27
2024-01-19 20:39:00,1475,3.1384,3.135,3.14,3.14,3.135,25
2024-01-19 20:40:00,769,3.1363,3.14,3.135,3.14,3.1301,12
2024-01-19 20:41:00,1812,3.1379,3.135,3.14,3.14,3.135,30
2024-01-19 20:42:00,1534,3.1373,3.14,3.135,3.14,3.13,16
2024-01-19 20:43:00,1897,3.1372,3.135,3.14,3.14,3.135,24
2024-01-19 20:44:00,3118,3.1385,3.14,3.135,3.14,3.135,32
2024-01-19 20:45:00,1787,3.138,3.14,3.14,3.14,3.135,31
2024-01-19 20:46:00,5054,3.1392,3.14,3.14,3.14,3.135,48
2024-01-19 20:47:00,5232,3.1387,3.138,3.14,3.14,3.135,47
2024-01-19 20:48:00,3475,3.137,3.135,3.138,3.14,3.135,24
2024-01-19 20:49:00,1948,3.1374,3.135,3.135,3.14,3.135,33
2024-01-19 20:50:00,4427,3.1372,3.135,3.14,3.14,3.13,39
2024-01-19 20:51:00,9341,3.1347,3.14,3.13,3.14,3.13,71
2024-01-19 20:52:00,5785,3.1336,3.14,3.135,3.14,3.1303,46
2024-01-19 20:53:00,9805,3.1327,3.135,3.135,3.1375,3.13,111
2024-01-19 20:54:00,9295,3.1311,3.13,3.135,3.1375,3.13,74
2024-01-19 20:55:00,6026,3.1351,3.135,3.135,3.1375,3.13,72
2024-01-19 20:56:00,11274,3.1358,3.135,3.135,3.14,3.13,109
2024-01-19 20:57:00,9280,3.136,3.14,3.135,3.14,3.13,112
2024-01-19 20:58:00,9130,3.1358,3.135,3.135,3.14,3.13,104
2024-01-19 20:59:00,32334,3.1333,3.13,3.135,3.14,3.13,292
2024-01-19 21:00:00,13716,3.13,3.13,3.13,3.13,3.13,10
2024-01-19 21:11:00,1034,3.1199,3.12,3.12,3.12,3.12,7
2024-01-19 21:16:00,204,3.1149,3.12,3.11,3.12,3.11,3
2024-01-19 21:31:00,336,3.11,3.11,3.11,3.11,3.11,1
