t,v,vw,o,c,h,l,n
2023-12-19 09:03:00,647,3.05,3.05,3.05,3.05,3.05,5
2023-12-19 09:08:00,1057,3.0509,3.06,3.05,3.06,3.05,9
2023-12-19 09:13:00,944,3.0521,3.06,3.05,3.06,3.05,8
2023-12-19 09:26:00,151,3.0467,3.045,3.045,3.045,3.045,2
2023-12-19 09:43:00,150,3.05,3.05,3.05,3.05,3.05,2
2023-12-19 09:48:00,250,3.05,3.05,3.05,3.05,3.05,2
2023-12-19 09:50:00,661,3.05,3.05,3.05,3.05,3.05,6
2023-12-19 10:03:00,300,3.07,3.07,3.07,3.07,3.07,2
2023-12-19 10:31:00,697,3.0679,3.065,3.07,3.07,3.065,6
2023-12-19 10:55:00,150,3.0933,3.09,3.09,3.09,3.09,4
2023-12-19 11:01:00,2000,3.1056,3.1,3.11,3.11,3.1,7
2023-12-19 11:14:00,384,3.114,3.11,3.12,3.12,3.11,5
2023-12-19 11:15:00,852,3.1094,3.12,3.1,3.12,3.1,6
2023-12-19 11:35:00,643,3.1092,3.105,3.11,3.11,3.105,4
2023-12-19 11:38:00,700,3.1,3.1,3.1,3.1,3.1,6
2023-12-19 11:52:00,100,3.09,3.09,3.09,3.09,3.09,1
2023-12-19 11:54:00,400,3.0922,3.09,3.09,3.09,3.09,3
2023-12-19 12:00:00,3509,3.08,3.08,3.08,3.08,3.08,7
2023-12-19 12:03:00,500,3.08,3.08,3.08,3.08,3.08,1
2023-12-19 12:11:00,202,3.075,3.075,3.075,3.075,3.075,2
2023-12-19 12:18:00,5558,3.0775,3.075,3.08,3.08,3.075,5
2023-12-19 12:20:00,200,3.08,3.08,3.08,3.08,3.08,1
2023-12-19 12:21:00,100,3.08,3.08,3.08,3.08,3.08,1
2023-12-19 12:22:00,100,3.08,3.08,3.08,3.08,3.08,1
2023-12-19 12:31:00,200,3.08,3.08,3.08,3.08,3.08,2
2023-12-19 12:44:00,110,3.08,3.08,3.08,3.08,3.08,2
2023-12-19 12:48:00,3000,3.08,3.08,3.08,3.08,3.08,2
2023-12-19 13:00:00,8471,3.0704,3.0701,3.08,3.08,3.07,12
2023-12-19 13:01:00,329,3.1049,3.1,3.11,3.11,3.1,9
2023-12-19 13:02:00,866,3.1103,3.1,3.08,3.13,3.08,9
2023-12-19 13:04:00,256,3.0778,3.08,3.08,3.08,3.08,2
2023-12-19 13:05:00,3054,3.0799,3.08,3.08,3.08,3.08,10
2023-12-19 13:07:00,1600,3.08,3.08,3.08,3.08,3.08,2
2023-12-19 13:08:00,22440,3.08,3.08,3.08,3.08,3.08,7
2023-12-19 13:09:00,295,3.0833,3.08,3.085,3.085,3.08,2
2023-12-19 13:10:00,163,3.0899,3.09,3.09,3.09,3.09,2
2023-12-19 13:18:00,1500,3.0904,3.08,3.1,3.1,3.08,14
2023-12-19 13:24:00,24126,3.1199,3.12,3.11,3.12,3.11,9
2023-12-19 13:25:00,300,3.11,3.11,3.11,3.11,3.11,2
2023-12-19 13:26:00,1924,3.1,3.1,3.1,3.1,3.1,17
2023-12-19 13:27:00,1315,3.1044,3.1,3.11,3.11,3.1,9
2023-12-19 13:31:00,1864,3.1,3.1,3.1,3.1,3.1,5
2023-12-19 13:33:00,576,3.1,3.1,3.1,3.1,3.1,2
2023-12-19 13:35:00,3203,3.1013,3.1,3.11,3.11,3.1,11
2023-12-19 13:41:00,250,3.112,3.11,3.11,3.11,3.11,2
2023-12-19 13:42:00,2557,3.1103,3.1101,3.1101,3.1101,3.1101,2
2023-12-19 13:44:00,4414,3.1153,3.11,3.11,3.12,3.11,9
2023-12-19 13:45:00,200,3.12,3.12,3.12,3.12,3.12,1
2023-12-19 13:51:00,1010,3.1101,3.11,3.11,3.11,3.11,2
2023-12-19 13:52:00,3786,3.11,3.11,3.11,3.11,3.11,18
2023-12-19 13:53:00,124,3.11,3.11,3.11,3.11,3.11,2
2023-12-19 13:55:00,200,3.11,3.11,3.11,3.11,3.11,1
2023-12-19 13:58:00,600,3.11,3.11,3.11,3.11,3.11,2
2023-12-19 14:00:00,657,3.111,3.11,3.11,3.11,3.11,7
2023-12-19 14:02:00,300,3.11,3.11,3.11,3.11,3.11,3
2023-12-19 14:09:00,350,3.1,3.1,3.1,3.1,3.1,1
2023-12-19 14:10:00,102,3.1,3.1,3.1,3.1,3.1,2
2023-12-19 14:12:00,550,3.1025,3.1008,3.1008,3.1008,3.1008,3
2023-12-19 14:14:00,100,3.1,3.1,3.1,3.1,3.1,1
2023-12-19 14:17:00,600,3.1,3.1,3.1,3.1,3.1,1
2023-12-19 14:23:00,100,3.11,3.11,3.11,3.11,3.11,1
2023-12-19 14:24:00,1000,3.12,3.12,3.12,3.12,3.12,1
2023-12-19 14:25:00,1894,3.1007,3.1,3.1,3.11,3.1,22
2023-12-19 14:26:00,1500,3.09,3.09,3.09,3.09,3.09,2
2023-12-19 14:27:00,1500,3.09,3.09,3.09,3.09,3.09,3
2023-12-19 14:28:00,413,3.09,3.09,3.09,3.09,3.09,6
2023-12-19 14:29:00,1773,3.09,3.09,3.09,3.09,3.09,5
2023-12-19 14:30:00,142554,3.093,3.08,3.11,3.135,3.08,211
2023-12-19 14:31:00,21910,3.1162,3.11,3.12,3.12,3.105,107
2023-12-19 14:32:00,60564,3.1476,3.12,3.1588,3.165,3.12,153
2023-12-19 14:33:00,37833,3.159,3.16,3.155,3.17,3.15,73
2023-12-19 14:34:00,48385,3.1605,3.16,3.1601,3.17,3.15,80
2023-12-19 14:35:00,44077,3.183,3.1648,3.1988,3.2,3.1648,122
2023-12-19 14:36:00,23819,3.1931,3.195,3.19,3.2,3.185,80
2023-12-19 14:37:00,34414,3.1911,3.19,3.175,3.2,3.17,183
2023-12-19 14:38:00,139800,3.1313,3.17,3.1399,3.18,3.11,418
2023-12-19 14:39:00,21397,3.1398,3.1399,3.14,3.1499,3.1314,46
2023-12-19 14:40:00,23643,3.1654,3.14,3.175,3.19,3.14,141
2023-12-19 14:41:00,29091,3.1701,3.17,3.17,3.18,3.1699,73
2023-12-19 14:42:00,32047,3.1702,3.17,3.175,3.18,3.165,122
2023-12-19 14:43:00,37370,3.1777,3.18,3.177,3.18,3.175,104
2023-12-19 14:44:00,13346,3.1699,3.18,3.17,3.18,3.1618,94
2023-12-19 14:45:00,17328,3.1545,3.16,3.16,3.17,3.1479,98
2023-12-19 14:46:00,19065,3.1631,3.16,3.16,3.175,3.15,112
2023-12-19 14:47:00,4926,3.161,3.16,3.15,3.165,3.15,34
2023-12-19 14:48:00,3207,3.1602,3.1599,3.17,3.17,3.1599,33
2023-12-19 14:49:00,14772,3.1706,3.165,3.176,3.18,3.165,53
2023-12-19 14:50:00,38996,3.1797,3.1701,3.19,3.19,3.17,162
2023-12-19 14:51:00,17195,3.1811,3.185,3.1887,3.19,3.18,26
2023-12-19 14:52:00,11296,3.1809,3.1887,3.175,3.1889,3.175,86
2023-12-19 14:53:00,38596,3.1566,3.17,3.154,3.1703,3.15,120
2023-12-19 14:54:00,6692,3.1582,3.155,3.16,3.16,3.15,40
2023-12-19 14:55:00,6094,3.1576,3.17,3.16,3.17,3.15,39
2023-12-19 14:56:00,37218,3.1467,3.155,3.1519,3.1675,3.13,198
2023-12-19 14:57:00,15088,3.1494,3.155,3.14,3.1599,3.1314,63
2023-12-19 14:58:00,6451,3.1356,3.14,3.1301,3.14,3.1301,24
2023-12-19 14:59:00,21322,3.1381,3.14,3.14,3.14,3.13,56
2023-12-19 15:00:00,26018,3.1281,3.14,3.115,3.14,3.115,102
2023-12-19 15:01:00,33628,3.1204,3.12,3.125,3.125,3.115,73
2023-12-19 15:02:00,16657,3.1167,3.12,3.11,3.12,3.11,57
2023-12-19 15:03:00,13214,3.1195,3.115,3.1222,3.125,3.115,56
2023-12-19 15:04:00,3687,3.126,3.12,3.13,3.13,3.12,26
2023-12-19 15:05:00,54851,3.1126,3.125,3.105,3.125,3.1,220
2023-12-19 15:06:00,35110,3.0989,3.11,3.1,3.11,3.0915,89
2023-12-19 15:07:00,34549,3.1002,3.095,3.105,3.1099,3.095,55
2023-12-19 15:08:00,23184,3.1031,3.105,3.0999,3.1094,3.0939,50
2023-12-19 15:09:00,7625,3.0861,3.095,3.08,3.095,3.08,46
2023-12-19 15:10:00,11421,3.0921,3.09,3.085,3.1,3.085,83
2023-12-19 15:11:00,7328,3.0869,3.08,3.085,3.0894,3.08,28
2023-12-19 15:12:00,3827,3.0856,3.085,3.085,3.09,3.08,26
2023-12-19 15:13:00,33732,3.0869,3.085,3.0894,3.09,3.0801,94
2023-12-19 15:14:00,3260,3.089,3.09,3.085,3.09,3.085,36
2023-12-19 15:15:00,26311,3.0752,3.0885,3.07,3.09,3.07,127
2023-12-19 15:16:00,8611,3.0625,3.065,3.0605,3.07,3.06,29
2023-12-19 15:17:00,52304,3.0737,3.065,3.08,3.08,3.0602,182
2023-12-19 15:18:00,32917,3.0847,3.075,3.085,3.09,3.075,85
2023-12-19 15:19:00,15725,3.0896,3.0814,3.09,3.095,3.0814,81
2023-12-19 15:20:00,30390,3.0923,3.09,3.105,3.105,3.08,69
2023-12-19 15:21:00,7875,3.0986,3.1,3.105,3.105,3.09,51
2023-12-19 15:22:00,10569,3.1006,3.11,3.105,3.11,3.1,51
2023-12-19 15:23:00,37779,3.109,3.11,3.11,3.12,3.1,138
2023-12-19 15:24:00,18705,3.1171,3.11,3.12,3.12,3.1099,36
2023-12-19 15:25:00,72950,3.1245,3.1101,3.13,3.135,3.1101,141
2023-12-19 15:26:00,20492,3.1316,3.1302,3.14,3.14,3.13,46
2023-12-19 15:27:00,28095,3.1391,3.14,3.125,3.1489,3.125,120
2023-12-19 15:28:00,5879,3.1341,3.13,3.14,3.14,3.13,41
2023-12-19 15:29:00,2153,3.1419,3.14,3.14,3.145,3.14,30
2023-12-19 15:30:00,2736,3.1461,3.14,3.1499,3.15,3.14,19
2023-12-19 15:31:00,6225,3.1484,3.15,3.15,3.15,3.145,38
2023-12-19 15:32:00,35885,3.1619,3.148,3.18,3.18,3.145,95
2023-12-19 15:33:00,34900,3.1876,3.1783,3.1911,3.2,3.1783,99
2023-12-19 15:34:00,16554,3.191,3.1955,3.1825,3.2,3.1815,78
2023-12-19 15:35:00,13808,3.181,3.19,3.185,3.19,3.18,79
2023-12-19 15:36:00,98283,3.1643,3.185,3.1722,3.1888,3.16,96
2023-12-19 15:37:00,11650,3.1721,3.175,3.1798,3.1798,3.165,69
2023-12-19 15:38:00,181415,3.212,3.1701,3.215,3.23,3.1701,274
2023-12-19 15:39:00,116593,3.204,3.21,3.2,3.22,3.2,208
2023-12-19 15:40:00,10830,3.1939,3.2,3.185,3.2,3.185,35
2023-12-19 15:41:00,18246,3.1854,3.185,3.19,3.2,3.18,51
2023-12-19 15:42:00,13135,3.1929,3.1915,3.195,3.2,3.19,39
2023-12-19 15:43:00,19109,3.1879,3.195,3.18,3.195,3.18,82
2023-12-19 15:44:00,6512,3.1859,3.185,3.19,3.19,3.1813,15
2023-12-19 15:45:00,41036,3.1898,3.19,3.19,3.195,3.185,147
2023-12-19 15:46:00,15985,3.1903,3.19,3.1921,3.2,3.185,62
2023-12-19 15:47:00,8165,3.1906,3.195,3.195,3.195,3.185,53
2023-12-19 15:48:00,8579,3.1967,3.2,3.195,3.2,3.19,62
2023-12-19 15:49:00,10449,3.2017,3.1921,3.2097,3.21,3.1921,49
2023-12-19 15:50:00,20448,3.2002,3.205,3.1912,3.21,3.1912,90
2023-12-19 15:51:00,8813,3.1991,3.195,3.2,3.2,3.19,81
2023-12-19 15:52:00,24714,3.2044,3.2,3.2004,3.21,3.2,23
2023-12-19 15:53:00,5203,3.2035,3.2023,3.2014,3.21,3.2,32
2023-12-19 15:54:00,12541,3.2014,3.2001,3.1925,3.21,3.1925,53
2023-12-19 15:55:00,6805,3.2009,3.1987,3.205,3.205,3.19,34
2023-12-19 15:56:00,6118,3.1971,3.2001,3.1901,3.205,3.19,28
2023-12-19 15:57:00,378,3.1959,3.2,3.195,3.2,3.195,8
2023-12-19 15:58:00,7812,3.1897,3.1901,3.1888,3.192,3.1821,49
2023-12-19 15:59:00,11910,3.1945,3.19,3.2,3.2,3.19,46
2023-12-19 16:00:00,361,3.1946,3.1951,3.195,3.1951,3.195,12
2023-12-19 16:01:00,7884,3.189,3.19,3.18,3.19,3.18,71
2023-12-19 16:02:00,3654,3.1904,3.1886,3.195,3.195,3.1886,38
2023-12-19 16:03:00,2906,3.1908,3.195,3.19,3.195,3.19,18
2023-12-19 16:04:00,1336,3.1925,3.19,3.1918,3.2,3.19,15
2023-12-19 16:05:00,4217,3.1922,3.195,3.19,3.2,3.19,27
2023-12-19 16:06:00,7296,3.1897,3.19,3.1821,3.195,3.1812,59
2023-12-19 16:07:00,13242,3.1903,3.19,3.195,3.1975,3.1895,82
2023-12-19 16:08:00,29723,3.1908,3.1955,3.19,3.2,3.185,134
2023-12-19 16:09:00,4566,3.19,3.1913,3.19,3.1913,3.185,37
2023-12-19 16:10:00,18041,3.1993,3.195,3.2,3.2,3.1906,69
2023-12-19 16:11:00,11346,3.2002,3.2018,3.205,3.205,3.195,66
2023-12-19 16:12:00,2480,3.2021,3.21,3.2099,3.21,3.2,13
2023-12-19 16:13:00,5955,3.2074,3.2077,3.205,3.21,3.205,12
2023-12-19 16:14:00,67962,3.214,3.205,3.225,3.225,3.205,158
2023-12-19 16:15:00,6675,3.2278,3.23,3.225,3.23,3.22,24
2023-12-19 16:16:00,4773,3.2227,3.225,3.22,3.23,3.22,20
2023-12-19 16:17:00,7022,3.2276,3.2218,3.2299,3.23,3.22,50
2023-12-19 16:18:00,17221,3.2277,3.23,3.235,3.235,3.2201,86
2023-12-19 16:19:00,5025,3.2356,3.235,3.2326,3.24,3.23,31
2023-12-19 16:20:00,27511,3.2416,3.24,3.25,3.25,3.24,97
2023-12-19 16:21:00,5802,3.246,3.25,3.2479,3.25,3.241,36
2023-12-19 16:22:00,26922,3.244,3.2401,3.2401,3.25,3.24,58
2023-12-19 16:23:00,8943,3.2434,3.2401,3.2408,3.25,3.2401,29
2023-12-19 16:24:00,3334,3.2442,3.245,3.2402,3.25,3.2401,27
2023-12-19 16:25:00,17525,3.2429,3.24,3.2411,3.25,3.24,91
2023-12-19 16:26:00,57546,3.2565,3.25,3.27,3.27,3.245,190
2023-12-19 16:27:00,9463,3.265,3.265,3.27,3.27,3.26,30
2023-12-19 16:28:00,19966,3.2698,3.27,3.2688,3.27,3.263,73
2023-12-19 16:29:00,53048,3.26,3.27,3.2487,3.275,3.2478,172
2023-12-19 16:30:00,12121,3.2438,3.245,3.2499,3.25,3.24,36
2023-12-19 16:31:00,5857,3.237,3.24,3.235,3.2475,3.2311,42
2023-12-19 16:32:00,4968,3.2317,3.235,3.235,3.24,3.2301,16
2023-12-19 16:33:00,4528,3.239,3.237,3.235,3.24,3.2301,22
2023-12-19 16:34:00,12480,3.2299,3.24,3.225,3.24,3.225,68
2023-12-19 16:35:00,2745,3.2313,3.23,3.24,3.24,3.23,20
2023-12-19 16:36:00,6785,3.2304,3.235,3.235,3.24,3.22,66
2023-12-19 16:37:00,10700,3.2314,3.2312,3.23,3.24,3.225,65
2023-12-19 16:38:00,838,3.226,3.23,3.23,3.23,3.2216,12
2023-12-19 16:39:00,16359,3.2318,3.23,3.23,3.24,3.23,104
2023-12-19 16:40:00,3805,3.2315,3.2303,3.23,3.24,3.23,31
2023-12-19 16:41:00,2614,3.2312,3.24,3.2302,3.24,3.23,33
2023-12-19 16:42:00,8145,3.2278,3.235,3.23,3.24,3.22,51
2023-12-19 16:43:00,5646,3.2399,3.235,3.25,3.25,3.2303,48
2023-12-19 16:44:00,6516,3.2466,3.245,3.25,3.25,3.24,38
2023-12-19 16:45:00,2325,3.2422,3.25,3.25,3.25,3.2401,17
2023-12-19 16:46:00,5601,3.2413,3.245,3.2405,3.25,3.2405,10
2023-12-19 16:47:00,10577,3.24,3.245,3.235,3.2475,3.23,67
2023-12-19 16:48:00,609,3.2351,3.24,3.24,3.24,3.2317,7
2023-12-19 16:49:00,1047,3.2358,3.24,3.24,3.24,3.2301,15
2023-12-19 16:50:00,3327,3.2348,3.2349,3.23,3.24,3.23,32
2023-12-19 16:51:00,8309,3.2296,3.2312,3.225,3.2312,3.225,64
2023-12-19 16:52:00,937,3.2259,3.225,3.23,3.23,3.225,8
2023-12-19 16:53:00,4102,3.2307,3.23,3.235,3.24,3.2295,39
2023-12-19 16:54:00,9839,3.2415,3.24,3.2414,3.25,3.24,32
2023-12-19 16:55:00,1661,3.247,3.245,3.25,3.25,3.2448,16
2023-12-19 16:56:00,3565,3.2452,3.25,3.245,3.25,3.24,28
2023-12-19 16:57:00,10668,3.2403,3.245,3.24,3.2475,3.235,67
2023-12-19 16:58:00,6804,3.2319,3.24,3.235,3.24,3.23,17
2023-12-19 16:59:00,11554,3.2264,3.23,3.225,3.235,3.2214,47
2023-12-19 17:00:00,1520,3.228,3.23,3.23,3.23,3.225,18
2023-12-19 17:01:00,19315,3.2373,3.23,3.2385,3.24,3.23,54
2023-12-19 17:02:00,5029,3.2391,3.235,3.2399,3.24,3.235,8
2023-12-19 17:03:00,7013,3.2354,3.2301,3.235,3.24,3.23,26
2023-12-19 17:04:00,2678,3.2384,3.2385,3.2322,3.24,3.2322,16
2023-12-19 17:05:00,8370,3.2382,3.24,3.24,3.24,3.23,17
2023-12-19 17:06:00,1187,3.2395,3.24,3.24,3.24,3.2381,12
2023-12-19 17:07:00,28247,3.2475,3.24,3.25,3.25,3.2395,128
2023-12-19 17:08:00,7851,3.2486,3.2512,3.2451,3.2512,3.245,43
2023-12-19 17:09:00,904,3.2409,3.2401,3.2401,3.2401,3.2401,8
2023-12-19 17:10:00,573,3.2454,3.2499,3.245,3.25,3.2403,7
2023-12-19 17:11:00,8726,3.2387,3.24,3.2399,3.24,3.23,58
2023-12-19 17:12:00,755,3.2326,3.24,3.2305,3.24,3.23,12
2023-12-19 17:13:00,16047,3.2312,3.235,3.23,3.235,3.23,44
2023-12-19 17:14:00,22307,3.2303,3.23,3.2353,3.2353,3.225,89
2023-12-19 17:15:00,15295,3.2397,3.2373,3.245,3.245,3.2333,45
2023-12-19 17:16:00,1914,3.2442,3.25,3.245,3.25,3.2402,12
2023-12-19 17:17:00,29303,3.2491,3.245,3.2497,3.25,3.2412,16
2023-12-19 17:18:00,4816,3.2488,3.2488,3.2401,3.2499,3.2401,9
2023-12-19 17:19:00,13789,3.2508,3.25,3.255,3.26,3.2489,58
2023-12-19 17:20:00,630,3.2564,3.26,3.2538,3.26,3.2538,11
2023-12-19 17:21:00,1286,3.2534,3.25,3.26,3.26,3.25,22
2023-12-19 17:22:00,30698,3.2477,3.251,3.242,3.2575,3.242,81
2023-12-19 17:23:00,19998,3.2347,3.24,3.23,3.24,3.22,98
2023-12-19 17:24:00,1522,3.2251,3.2216,3.225,3.23,3.2216,11
2023-12-19 17:25:00,997,3.2279,3.23,3.225,3.23,3.225,10
2023-12-19 17:26:00,4565,3.2305,3.23,3.2302,3.24,3.23,25
2023-12-19 17:27:00,1478,3.2314,3.23,3.2307,3.235,3.23,9
2023-12-19 17:28:00,4195,3.2321,3.235,3.232,3.235,3.232,11
2023-12-19 17:29:00,6303,3.2418,3.235,3.245,3.25,3.235,57
2023-12-19 17:30:00,3251,3.2505,3.2475,3.2579,3.26,3.245,24
2023-12-19 17:31:00,27904,3.2485,3.259,3.25,3.259,3.24,99
2023-12-19 17:32:00,15815,3.2508,3.25,3.25,3.255,3.245,62
2023-12-19 17:33:00,23118,3.2504,3.255,3.2501,3.26,3.25,57
2023-12-19 17:34:00,5151,3.2505,3.25,3.26,3.26,3.25,10
2023-12-19 17:35:00,5053,3.2563,3.2597,3.255,3.2597,3.2501,8
2023-12-19 17:36:00,610,3.2525,3.255,3.2501,3.255,3.25,6
2023-12-19 17:37:00,179,3.2548,3.255,3.255,3.255,3.255,10
2023-12-19 17:38:00,2043,3.2543,3.26,3.255,3.26,3.2501,15
2023-12-19 17:39:00,5497,3.2508,3.26,3.2501,3.26,3.2501,11
2023-12-19 17:40:00,33268,3.2623,3.26,3.2534,3.27,3.2534,118
2023-12-19 17:41:00,6373,3.2511,3.26,3.2513,3.26,3.25,15
2023-12-19 17:42:00,234,3.2542,3.2505,3.2575,3.2575,3.2505,7
2023-12-19 17:43:00,1797,3.2517,3.255,3.25,3.2568,3.25,23
2023-12-19 17:44:00,101,3.2574,3.2575,3.2575,3.2575,3.2575,2
2023-12-19 17:45:00,26116,3.2596,3.2505,3.265,3.27,3.2505,60
2023-12-19 17:46:00,762,3.2667,3.27,3.2682,3.27,3.265,10
2023-12-19 17:47:00,22406,3.2613,3.265,3.265,3.27,3.2608,29
2023-12-19 17:48:00,32325,3.2662,3.2688,3.27,3.27,3.26,26
2023-12-19 17:49:00,4326,3.2684,3.26,3.265,3.27,3.26,23
2023-12-19 17:50:00,3408,3.2675,3.265,3.27,3.27,3.265,24
2023-12-19 17:51:00,22457,3.2729,3.27,3.28,3.28,3.2695,90
2023-12-19 17:52:00,2671,3.2727,3.2799,3.275,3.2799,3.27,17
2023-12-19 17:53:00,11390,3.2708,3.2775,3.275,3.28,3.265,82
2023-12-19 17:54:00,12566,3.2732,3.275,3.2701,3.2799,3.27,68
2023-12-19 17:55:00,5850,3.2709,3.265,3.275,3.28,3.265,29
2023-12-19 17:56:00,9371,3.2782,3.275,3.277,3.28,3.275,11
2023-12-19 17:57:00,12552,3.2722,3.275,3.275,3.2799,3.271,13
2023-12-19 17:58:00,7376,3.2786,3.275,3.2784,3.28,3.275,9
2023-12-19 17:59:00,1361,3.2774,3.28,3.28,3.28,3.275,7
2023-12-19 18:00:00,998,3.2742,3.2778,3.275,3.2778,3.2724,17
2023-12-19 18:01:00,1546,3.2757,3.2799,3.28,3.28,3.2701,18
2023-12-19 18:02:00,2136,3.2756,3.2705,3.2779,3.2779,3.2701,16
2023-12-19 18:03:00,93358,3.2786,3.27,3.285,3.29,3.265,328
2023-12-19 18:04:00,12007,3.2892,3.285,3.29,3.29,3.2812,36
2023-12-19 18:05:00,1867,3.2944,3.2901,3.295,3.295,3.2901,15
2023-12-19 18:06:00,6386,3.2985,3.295,3.3,3.3,3.2919,44
2023-12-19 18:07:00,13505,3.2928,3.295,3.3,3.3,3.29,39
2023-12-19 18:08:00,1225,3.2945,3.295,3.295,3.295,3.29,7
2023-12-19 18:09:00,6491,3.2902,3.29,3.29,3.296,3.285,44
2023-12-19 18:10:00,2829,3.2885,3.29,3.29,3.29,3.285,31
2023-12-19 18:11:00,3158,3.2898,3.29,3.2899,3.29,3.2899,7
2023-12-19 18:12:00,12872,3.2913,3.29,3.2901,3.295,3.29,43
2023-12-19 18:13:00,45378,3.2848,3.295,3.285,3.295,3.28,88
2023-12-19 18:14:00,15908,3.2892,3.2896,3.285,3.295,3.28,65
2023-12-19 18:15:00,28145,3.2906,3.29,3.29,3.3,3.2857,64
2023-12-19 18:16:00,16293,3.2899,3.29,3.2898,3.29,3.2877,56
2023-12-19 18:17:00,7194,3.2913,3.29,3.29,3.3,3.29,26
2023-12-19 18:18:00,3512,3.29,3.3,3.29,3.3,3.285,33
2023-12-19 18:19:00,8672,3.2948,3.2899,3.29,3.3,3.2899,29
2023-12-19 18:20:00,5525,3.2906,3.295,3.2901,3.3,3.2901,12
2023-12-19 18:21:00,21191,3.2977,3.2973,3.2926,3.3,3.2901,17
2023-12-19 18:22:00,1859,3.298,3.2995,3.3,3.3,3.295,15
2023-12-19 18:23:00,1340,3.2962,3.295,3.29,3.2995,3.29,13
2023-12-19 18:24:00,405,3.2966,3.3,3.2943,3.3,3.2943,10
2023-12-19 18:25:00,4119,3.2927,3.29,3.29,3.2975,3.29,27
2023-12-19 18:26:00,2543,3.297,3.29,3.295,3.3,3.29,18
2023-12-19 18:27:00,1526,3.2955,3.295,3.3,3.3,3.29,13
2023-12-19 18:28:00,1300,3.2973,3.295,3.3,3.3,3.29,16
2023-12-19 18:29:00,5632,3.2927,3.2901,3.295,3.3,3.29,31
2023-12-19 18:30:00,259487,3.3054,3.3,3.305,3.33,3.29,372
2023-12-19 18:31:00,5969,3.3068,3.305,3.305,3.3097,3.3015,23
2023-12-19 18:32:00,2173,3.3075,3.305,3.3099,3.31,3.305,25
2023-12-19 18:33:00,2119,3.3047,3.31,3.305,3.31,3.3001,27
2023-12-19 18:34:00,3898,3.3057,3.305,3.3,3.3099,3.3,14
2023-12-19 18:35:00,5899,3.3091,3.305,3.305,3.31,3.305,25
2023-12-19 18:36:00,5148,3.3058,3.3077,3.31,3.31,3.3,25
2023-12-19 18:37:00,7029,3.3094,3.3099,3.31,3.31,3.305,31
2023-12-19 18:38:00,16963,3.3086,3.31,3.31,3.31,3.3001,52
2023-12-19 18:39:00,9121,3.3126,3.31,3.3175,3.3175,3.3052,40
2023-12-19 18:40:00,1865,3.3159,3.32,3.3167,3.32,3.3139,12
2023-12-19 18:41:00,2101,3.3193,3.3167,3.32,3.32,3.3167,12
2023-12-19 18:42:00,37858,3.3285,3.32,3.33,3.33,3.315,53
2023-12-19 18:43:00,3864,3.3261,3.32,3.3277,3.33,3.32,23
2023-12-19 18:44:00,7449,3.3285,3.33,3.3288,3.33,3.325,49
2023-12-19 18:45:00,656,3.3274,3.325,3.33,3.33,3.325,11
2023-12-19 18:46:00,1039,3.3291,3.33,3.33,3.33,3.3278,19
2023-12-19 18:47:00,1842,3.3285,3.33,3.33,3.33,3.3261,20
2023-12-19 18:48:00,16770,3.3297,3.325,3.329,3.33,3.325,50
2023-12-19 18:49:00,18653,3.3292,3.33,3.3299,3.33,3.32,30
2023-12-19 18:50:00,1259,3.3277,3.33,3.325,3.33,3.325,18
2023-12-19 18:51:00,26486,3.3204,3.32,3.32,3.325,3.31,114
2023-12-19 18:52:00,1301,3.3169,3.315,3.3173,3.3173,3.315,15
2023-12-19 18:53:00,2955,3.3179,3.3185,3.32,3.32,3.315,19
2023-12-19 18:54:00,7279,3.3186,3.32,3.3118,3.32,3.3118,13
2023-12-19 18:55:00,2524,3.3132,3.32,3.315,3.32,3.3119,12
2023-12-19 18:56:00,30406,3.3183,3.315,3.32,3.32,3.315,114
2023-12-19 18:57:00,24718,3.3261,3.3188,3.33,3.33,3.315,81
2023-12-19 18:58:00,883,3.3263,3.33,3.325,3.33,3.325,28
2023-12-19 18:59:00,882,3.3249,3.33,3.3201,3.33,3.3201,9
2023-12-19 19:00:00,985,3.3299,3.33,3.33,3.33,3.33,12
2023-12-19 19:01:00,18633,3.333,3.325,3.34,3.34,3.325,103
2023-12-19 19:02:00,7447,3.339,3.34,3.3388,3.34,3.335,17
2023-12-19 19:03:00,1313,3.3377,3.34,3.339,3.34,3.335,13
2023-12-19 19:04:00,15685,3.3405,3.3323,3.35,3.35,3.3323,56
2023-12-19 19:05:00,6369,3.3495,3.35,3.35,3.35,3.345,38
2023-12-19 19:06:00,9255,3.3496,3.35,3.35,3.35,3.345,39
2023-12-19 19:07:00,3935,3.3463,3.35,3.35,3.35,3.34,38
2023-12-19 19:08:00,8043,3.3467,3.3481,3.3483,3.35,3.34,18
2023-12-19 19:09:00,13038,3.3489,3.345,3.35,3.35,3.3425,24
2023-12-19 19:10:00,4915,3.3454,3.345,3.35,3.35,3.342,20
2023-12-19 19:11:00,1714,3.349,3.35,3.35,3.35,3.3467,30
2023-12-19 19:12:00,173021,3.3457,3.3475,3.36,3.36,3.335,324
2023-12-19 19:13:00,12322,3.357,3.3576,3.355,3.36,3.355,22
2023-12-19 19:14:00,10734,3.3589,3.36,3.36,3.36,3.3515,48
2023-12-19 19:15:00,968,3.3524,3.358,3.3512,3.36,3.3501,10
2023-12-19 19:16:00,3111,3.3535,3.3503,3.355,3.358,3.3501,11
2023-12-19 19:17:00,2869,3.3572,3.3599,3.36,3.36,3.355,14
2023-12-19 19:18:00,4415,3.3599,3.36,3.3597,3.36,3.3597,17
2023-12-19 19:19:00,1517,3.3592,3.36,3.36,3.36,3.3579,9
2023-12-19 19:20:00,959,3.3566,3.36,3.3501,3.36,3.3501,13
2023-12-19 19:21:00,2381,3.3559,3.3574,3.3585,3.3585,3.35,26
2023-12-19 19:22:00,3836,3.3567,3.36,3.3578,3.36,3.355,22
2023-12-19 19:23:00,22049,3.3596,3.3529,3.358,3.36,3.3529,26
2023-12-19 19:24:00,5516,3.3574,3.355,3.35,3.36,3.35,29
2023-12-19 19:25:00,39105,3.3469,3.3503,3.34,3.36,3.34,163
2023-12-19 19:26:00,14079,3.3401,3.34,3.335,3.345,3.335,45
2023-12-19 19:27:00,2527,3.3343,3.3303,3.3378,3.3378,3.3301,14
2023-12-19 19:28:00,12262,3.3368,3.3315,3.335,3.34,3.3301,24
2023-12-19 19:29:00,2088,3.3374,3.34,3.335,3.34,3.335,12
2023-12-19 19:30:00,7223,3.3392,3.335,3.3388,3.34,3.335,14
2023-12-19 19:31:00,85950,3.334,3.33,3.34,3.345,3.325,277
2023-12-19 19:32:00,1633,3.3359,3.335,3.34,3.34,3.335,9
2023-12-19 19:33:00,2732,3.3352,3.335,3.34,3.34,3.335,12
2023-12-19 19:34:00,5040,3.3365,3.3301,3.335,3.34,3.3301,13
2023-12-19 19:35:00,1949,3.3366,3.34,3.335,3.34,3.335,11
2023-12-19 19:36:00,6384,3.3371,3.3326,3.335,3.34,3.3301,13
2023-12-19 19:37:00,6517,3.3346,3.335,3.34,3.34,3.3327,27
2023-12-19 19:38:00,10249,3.3353,3.34,3.3303,3.34,3.3303,17
2023-12-19 19:39:00,1252,3.3387,3.34,3.34,3.34,3.3386,8
2023-12-19 19:40:00,14431,3.3336,3.3387,3.3375,3.34,3.33,59
2023-12-19 19:41:00,5983,3.3342,3.34,3.335,3.34,3.33,26
2023-12-19 19:42:00,6179,3.3387,3.3349,3.335,3.34,3.33,23
2023-12-19 19:43:00,2805,3.3343,3.335,3.33,3.335,3.33,19
2023-12-19 19:44:00,8482,3.3315,3.33,3.335,3.34,3.33,20
2023-12-19 19:45:00,26875,3.3308,3.335,3.3302,3.34,3.33,29
2023-12-19 19:46:00,22920,3.3351,3.335,3.34,3.34,3.33,29
2023-12-19 19:47:00,5854,3.334,3.33,3.3319,3.34,3.33,22
2023-12-19 19:48:00,4840,3.3372,3.34,3.335,3.34,3.33,28
2023-12-19 19:49:00,4275,3.3372,3.335,3.335,3.34,3.335,29
2023-12-19 19:50:00,17135,3.3377,3.335,3.335,3.34,3.33,40
2023-12-19 19:51:00,41807,3.3298,3.3301,3.3285,3.335,3.3219,121
2023-12-19 19:52:00,2996,3.3289,3.33,3.325,3.33,3.325,22
2023-12-19 19:53:00,8223,3.3306,3.33,3.34,3.34,3.33,40
2023-12-19 19:54:00,2764,3.3384,3.34,3.335,3.34,3.335,26
2023-12-19 19:55:00,6518,3.3322,3.335,3.3375,3.34,3.33,14
2023-12-19 19:56:00,1162,3.3399,3.34,3.34,3.34,3.34,6
2023-12-19 19:57:00,4655,3.3349,3.3357,3.3319,3.34,3.3319,21
2023-12-19 19:58:00,6285,3.337,3.3388,3.3327,3.34,3.33,26
2023-12-19 19:59:00,5455,3.3336,3.335,3.3301,3.34,3.3301,25
2023-12-19 20:00:00,20804,3.3387,3.335,3.345,3.345,3.33,119
2023-12-19 20:01:00,27145,3.3495,3.35,3.345,3.355,3.34,108
2023-12-19 20:02:00,1263,3.3438,3.342,3.35,3.35,3.342,10
2023-12-19 20:03:00,2816,3.341,3.345,3.35,3.35,3.3403,8
2023-12-19 20:04:00,15236,3.3448,3.345,3.3498,3.35,3.3412,42
2023-12-19 20:05:00,34904,3.3501,3.345,3.358,3.358,3.3401,86
2023-12-19 20:06:00,4331,3.3559,3.355,3.36,3.36,3.35,24
2023-12-19 20:07:00,40589,3.3584,3.3502,3.35,3.3587,3.35,16
2023-12-19 20:08:00,102571,3.3606,3.35,3.3697,3.37,3.35,229
2023-12-19 20:09:00,20680,3.3749,3.37,3.375,3.38,3.37,87
2023-12-19 20:10:00,6952,3.3747,3.3774,3.3705,3.3774,3.37,18
2023-12-19 20:11:00,4288,3.3751,3.375,3.3701,3.3775,3.3701,30
2023-12-19 20:12:00,18787,3.3766,3.3717,3.375,3.3799,3.3717,58
2023-12-19 20:13:00,12391,3.374,3.375,3.37,3.38,3.37,44
2023-12-19 20:14:00,9824,3.374,3.375,3.38,3.38,3.37,49
2023-12-19 20:15:00,34496,3.3676,3.37,3.3665,3.375,3.36,176
2023-12-19 20:16:00,16666,3.3672,3.365,3.365,3.37,3.362,37
2023-12-19 20:17:00,42661,3.3778,3.37,3.38,3.385,3.37,193
2023-12-19 20:18:00,38031,3.3811,3.38,3.39,3.39,3.3715,160
2023-12-19 20:19:00,5290,3.3836,3.385,3.39,3.39,3.38,27
2023-12-19 20:20:00,7129,3.384,3.38,3.39,3.39,3.38,52
2023-12-19 20:21:00,18759,3.3818,3.3807,3.39,3.39,3.38,42
2023-12-19 20:22:00,10428,3.3876,3.3801,3.385,3.39,3.3801,41
2023-12-19 20:23:00,2778,3.3891,3.3877,3.39,3.39,3.385,37
2023-12-19 20:24:00,1953,3.3868,3.3897,3.39,3.39,3.3825,21
2023-12-19 20:25:00,64064,3.3891,3.385,3.39,3.39,3.38,69
2023-12-19 20:26:00,39158,3.3939,3.385,3.395,3.4,3.385,143
2023-12-19 20:27:00,40364,3.4019,3.4,3.41,3.41,3.395,142
2023-12-19 20:28:00,25492,3.4033,3.41,3.41,3.41,3.4014,57
2023-12-19 20:29:00,19777,3.4112,3.4086,3.42,3.42,3.4077,100
2023-12-19 20:30:00,17006,3.4174,3.4197,3.42,3.42,3.4115,29
2023-12-19 20:31:00,16540,3.4162,3.415,3.42,3.42,3.415,39
2023-12-19 20:32:00,7657,3.4179,3.415,3.42,3.42,3.41,36
2023-12-19 20:33:00,5311,3.4167,3.42,3.42,3.42,3.415,35
2023-12-19 20:34:00,110071,3.4131,3.4164,3.4,3.425,3.39,315
2023-12-19 20:35:00,51605,3.391,3.3918,3.395,3.4,3.39,54
2023-12-19 20:36:00,18177,3.3982,3.39,3.4,3.4,3.39,40
2023-12-19 20:37:00,40052,3.4005,3.395,3.4,3.41,3.395,137
2023-12-19 20:38:00,43642,3.4008,3.405,3.4032,3.41,3.395,148
2023-12-19 20:39:00,3281,3.4055,3.4012,3.405,3.41,3.4,25
2023-12-19 20:40:00,25535,3.4104,3.405,3.4102,3.42,3.4001,84
2023-12-19 20:41:00,33581,3.4104,3.415,3.405,3.42,3.4015,157
2023-12-19 20:42:00,7742,3.4035,3.4003,3.4019,3.41,3.4,37
2023-12-19 20:43:00,5361,3.4089,3.41,3.41,3.41,3.4,34
2023-12-19 20:44:00,10211,3.4078,3.41,3.41,3.41,3.4015,47
2023-12-19 20:45:00,22872,3.4046,3.4095,3.405,3.41,3.4,135
2023-12-19 20:46:00,18802,3.408,3.41,3.405,3.41,3.405,92
2023-12-19 20:47:00,17603,3.4063,3.41,3.405,3.41,3.4033,56
2023-12-19 20:48:00,16606,3.4051,3.405,3.4014,3.41,3.4,96
2023-12-19 20:49:00,27973,3.408,3.405,3.4095,3.41,3.4002,115
2023-12-19 20:50:00,44307,3.4103,3.4081,3.42,3.42,3.4048,167
2023-12-19 20:51:00,33009,3.4161,3.42,3.42,3.42,3.41,198
2023-12-19 20:52:00,76510,3.4224,3.42,3.43,3.43,3.415,263
2023-12-19 20:53:00,32694,3.4297,3.43,3.43,3.43,3.4242,101
2023-12-19 20:54:00,98073,3.4213,3.4295,3.416,3.43,3.41,374
2023-12-19 20:55:00,88539,3.4117,3.41,3.42,3.42,3.405,156
2023-12-19 20:56:00,27912,3.4187,3.42,3.42,3.42,3.4139,97
2023-12-19 20:57:00,37357,3.4187,3.42,3.42,3.42,3.41,132
2023-12-19 20:58:00,98123,3.4214,3.42,3.43,3.43,3.415,207
2023-12-19 20:59:00,143512,3.4282,3.43,3.43,3.43,3.42,384
2023-12-19 21:00:00,9749,3.4207,3.42,3.43,3.43,3.42,10
2023-12-19 21:01:00,1027,3.43,3.43,3.43,3.43,3.43,6
2023-12-19 21:03:00,536,3.4399,3.44,3.44,3.44,3.44,5
2023-12-19 21:05:00,226,3.4331,3.43,3.43,3.43,3.43,7
2023-12-19 21:06:00,560,3.4398,3.44,3.44,3.44,3.44,9
2023-12-19 21:07:00,26101,3.4201,3.44,3.42,3.44,3.42,3
2023-12-19 21:08:00,11012,3.4437,3.43,3.45,3.45,3.43,34
2023-12-19 21:09:00,133,3.4354,3.4308,3.4308,3.4308,3.4308,4
2023-12-19 21:10:00,108,3.4394,3.44,3.44,3.44,3.44,3
2023-12-19 21:11:00,920,3.4492,3.45,3.45,3.45,3.45,4
2023-12-19 21:12:00,1520,3.4467,3.45,3.44,3.45,3.44,3
2023-12-19 21:13:00,28691,3.3441,3.43,3.36,3.43,3.31,72
2023-12-19 21:14:00,3935,3.3568,3.36,3.3506,3.36,3.3506,28
2023-12-19 21:15:00,617,3.39,3.39,3.39,3.39,3.39,2
2023-12-19 21:16:00,266,3.3697,3.37,3.37,3.37,3.37,4
2023-12-19 21:17:00,432,3.3516,3.3501,3.3501,3.3501,3.3501,3
2023-12-19 21:19:00,2482,3.3585,3.3517,3.38,3.38,3.3517,5
2023-12-19 21:20:00,4967,3.4186,3.42,3.38,3.42,3.38,5
2023-12-19 21:21:00,505,3.38,3.38,3.38,3.38,3.38,3
2023-12-19 21:22:00,850,3.3504,3.35,3.35,3.35,3.35,2
2023-12-19 21:23:00,150,3.38,3.38,3.38,3.38,3.38,1
2023-12-19 21:25:00,300,3.39,3.39,3.39,3.39,3.39,1
2023-12-19 21:26:00,1103,3.3537,3.35,3.39,3.39,3.35,3
2023-12-19 21:27:00,780,3.3608,3.38,3.35,3.38,3.35,3
2023-12-19 21:28:00,110,3.3899,3.39,3.39,3.39,3.39,5
2023-12-19 21:30:00,199,3.3899,3.39,3.39,3.39,3.39,3
2023-12-19 21:37:00,3276,3.3606,3.3605,3.36,3.37,3.36,34
2023-12-19 21:38:00,2423,3.354,3.35,3.36,3.36,3.35,22
2023-12-19 21:47:00,1159,3.3715,3.3699,3.37,3.37,3.3699,11
2023-12-19 21:49:00,675,3.38,3.38,3.38,3.38,3.38,1
2023-12-19 21:50:00,501,3.37,3.37,3.37,3.37,3.37,2
2023-12-19 21:51:00,199,3.37,3.37,3.37,3.37,3.37,1
2023-12-19 21:59:00,6101,3.3889,3.39,3.38,3.39,3.38,5
2023-12-19 22:00:00,350,3.39,3.39,3.39,3.39,3.39,2
2023-12-19 22:04:00,1095,3.3718,3.371,3.371,3.371,3.371,2
2023-12-19 22:05:00,1120,3.3702,3.37,3.37,3.37,3.37,5
2023-12-19 22:07:00,500,3.38,3.38,3.38,3.38,3.38,1
2023-12-19 22:08:00,100,3.38,3.38,3.38,3.38,3.38,1
2023-12-19 22:14:00,400,3.37,3.37,3.37,3.37,3.37,1
2023-12-19 22:17:00,578,3.3752,3.38,3.37,3.38,3.37,3
2023-12-19 22:24:00,100,3.37,3.37,3.37,3.37,3.37,1
2023-12-19 22:25:00,400,3.37,3.37,3.37,3.37,3.37,1
2023-12-19 22:28:00,453,3.38,3.38,3.38,3.38,3.38,2
2023-12-19 22:30:00,602,3.38,3.38,3.38,3.38,3.38,2
2023-12-19 22:31:00,203,3.39,3.39,3.39,3.39,3.39,3
2023-12-19 22:32:00,450,3.39,3.39,3.39,3.39,3.39,2
2023-12-19 22:50:00,312,3.39,3.39,3.39,3.39,3.39,2
2023-12-19 23:04:00,480,3.38,3.38,3.38,3.38,3.38,4
2023-12-19 23:05:00,129,3.38,3.38,3.38,3.38,3.38,2
2023-12-19 23:15:00,1205,3.39,3.39,3.39,3.39,3.39,7
2023-12-19 23:17:00,120,3.3883,3.39,3.39,3.39,3.39,2
2023-12-19 23:23:00,174,3.3801,3.38,3.38,3.38,3.38,5
2023-12-19 23:26:00,320,3.37,3.37,3.37,3.37,3.37,5
2023-12-19 23:29:00,1030,3.37,3.37,3.37,3.37,3.37,2
2023-12-19 23:30:00,990,3.386,3.38,3.39,3.39,3.38,3
2023-12-19 23:33:00,1000,3.3907,3.39,3.39,3.39,3.39,6
2023-12-19 23:35:00,340,3.39,3.39,3.39,3.39,3.39,1
2023-12-19 23:36:00,450,3.4082,3.4,3.41,3.42,3.4,7
2023-12-19 23:47:00,1553,3.4119,3.41,3.42,3.42,3.41,8
2023-12-19 23:48:00,1800,3.4395,3.44,3.44,3.44,3.44,9
2023-12-19 23:50:00,500,3.44,3.44,3.44,3.44,3.44,1
2023-12-19 23:52:00,1000,3.4217,3.43,3.42,3.43,3.42,4
2023-12-19 23:53:00,874,3.42,3.42,3.42,3.42,3.42,2
2023-12-19 23:57:00,101,3.42,3.42,3.42,3.42,3.42,1
2023-12-20 00:02:00,430,3.4194,3.42,3.42,3.42,3.42,3
2023-12-20 00:08:00,296,3.4199,3.42,3.42,3.42,3.42,3
2023-12-20 00:22:00,1010,3.3905,3.3902,3.3902,3.3902,3.3902,2
2023-12-20 00:29:00,455,3.3909,3.3909,3.3909,3.3909,3.3909,1
2023-12-20 00:44:00,356,3.4196,3.42,3.42,3.42,3.42,5
2023-12-20 00:50:00,252,3.44,3.44,3.44,3.44,3.44,3
2023-12-20 00:57:00,708,3.4348,3.42,3.4399,3.4399,3.42,4
2023-12-20 00:58:00,500,3.42,3.42,3.42,3.42,3.42,2
2023-12-20 00:59:00,202,3.4399,3.44,3.44,3.44,3.44,4
2023-12-20 09:00:00,150,3.437,3.44,3.44,3.44,3.44,2
2023-12-20 09:07:00,110,3.41,3.41,3.41,3.41,3.41,2
2023-12-20 09:08:00,678,3.4107,3.41,3.41,3.41,3.41,8
2023-12-20 09:11:00,406,3.4,3.4,3.4,3.4,3.4,3
2023-12-20 09:14:00,669,3.4,3.4,3.4,3.4,3.4,8
2023-12-20 09:26:00,300,3.39,3.39,3.39,3.39,3.39,2
2023-12-20 09:36:00,1100,3.3618,3.38,3.36,3.38,3.36,10
2023-12-20 09:37:00,1030,3.36,3.36,3.36,3.36,3.36,7
2023-12-20 09:39:00,1112,3.36,3.36,3.36,3.36,3.36,2
2023-12-20 10:22:00,500,3.36,3.36,3.36,3.36,3.36,3
2023-12-20 10:38:00,100,3.36,3.36,3.36,3.36,3.36,1
2023-12-20 10:41:00,154,3.3509,3.35,3.35,3.35,3.35,3
2023-12-20 10:43:00,5700,3.36,3.36,3.36,3.36,3.36,9
2023-12-20 10:44:00,3081,3.35,3.35,3.35,3.35,3.35,9
2023-12-20 10:46:00,7300,3.3522,3.36,3.35,3.36,3.33,24
2023-12-20 10:47:00,200,3.345,3.35,3.34,3.35,3.34,2
2023-12-20 10:50:00,647,3.3599,3.36,3.36,3.36,3.36,2
2023-12-20 10:51:00,600,3.36,3.36,3.36,3.36,3.36,6
2023-12-20 11:05:00,150,3.36,3.36,3.36,3.36,3.36,3
2023-12-20 11:08:00,343,3.37,3.37,3.37,3.37,3.37,4
2023-12-20 11:13:00,100,3.38,3.38,3.38,3.38,3.38,1
2023-12-20 11:23:00,500,3.38,3.38,3.38,3.38,3.38,4
2023-12-20 11:26:00,300,3.37,3.37,3.37,3.37,3.37,2
2023-12-20 11:31:00,488,3.3769,3.37,3.38,3.38,3.37,5
2023-12-20 11:33:00,164,3.39,3.39,3.39,3.39,3.39,2
2023-12-20 11:39:00,860,3.38,3.38,3.38,3.38,3.38,10
2023-12-20 11:44:00,700,3.37,3.37,3.37,3.37,3.37,4
2023-12-20 11:53:00,447,3.38,3.38,3.38,3.38,3.38,7
2023-12-20 11:54:00,758,3.39,3.39,3.39,3.39,3.39,7
2023-12-20 12:00:00,408,3.3949,3.39,3.4,3.4,3.39,7
2023-12-20 12:14:00,2000,3.416,3.41,3.44,3.44,3.41,16
2023-12-20 12:16:00,263,3.4138,3.41,3.41,3.41,3.41,4
2023-12-20 12:18:00,500,3.41,3.41,3.41,3.41,3.41,4
2023-12-20 12:39:00,600,3.4,3.4,3.4,3.4,3.4,7
2023-12-20 12:45:00,500,3.39,3.39,3.39,3.39,3.39,5
2023-12-20 12:46:00,833,3.38,3.38,3.38,3.38,3.38,2
2023-12-20 13:00:00,7848,3.3941,3.3993,3.41,3.43,3.38,26
2023-12-20 13:02:00,907,3.4186,3.42,3.43,3.43,3.41,13
2023-12-20 13:03:00,3177,3.4236,3.41,3.43,3.43,3.4,27
2023-12-20 13:07:00,106,3.3901,3.39,3.39,3.39,3.39,3
2023-12-20 13:08:00,1455,3.3742,3.38,3.37,3.38,3.37,13
2023-12-20 13:12:00,205,3.3802,3.38,3.38,3.38,3.38,2
2023-12-20 13:14:00,30615,3.39,3.39,3.39,3.39,3.39,7
2023-12-20 13:15:00,929,3.3946,3.4,3.4,3.4,3.39,7
2023-12-20 13:18:00,1300,3.4023,3.41,3.39,3.41,3.39,2
2023-12-20 13:22:00,1295,3.41,3.41,3.41,3.41,3.41,3
2023-12-20 13:23:00,240,3.41,3.41,3.41,3.41,3.41,1
2023-12-20 13:25:00,1057,3.3933,3.4,3.4,3.4,3.39,6
2023-12-20 13:26:00,400,3.4,3.4,3.4,3.4,3.4,2
2023-12-20 13:28:00,5000,3.4002,3.41,3.4,3.41,3.4,2
2023-12-20 13:30:00,2113,3.4,3.4,3.4,3.4,3.4,3
2023-12-20 13:31:00,1054,3.401,3.4,3.4,3.41,3.4,8
2023-12-20 13:32:00,1005,3.4,3.4,3.4001,3.4001,3.4,4
2023-12-20 13:33:00,540,3.4083,3.41,3.41,3.41,3.41,2
2023-12-20 13:35:00,1868,3.4,3.4,3.4,3.4,3.4,13
2023-12-20 13:36:00,111,3.41,3.41,3.41,3.41,3.41,2
2023-12-20 13:38:00,1292,3.4091,3.41,3.41,3.41,3.4,14
2023-12-20 13:40:00,57562,3.4121,3.4099,3.42,3.42,3.4,38
2023-12-20 13:41:00,100,3.4199,3.4199,3.4199,3.4199,3.4199,1
2023-12-20 13:42:00,200,3.4173,3.42,3.42,3.42,3.42,4
2023-12-20 13:46:00,320,3.4182,3.42,3.42,3.42,3.42,6
2023-12-20 13:47:00,1522,3.4101,3.41,3.41,3.41,3.41,9
2023-12-20 13:51:00,2001,3.4,3.4,3.4,3.4,3.4,15
2023-12-20 13:54:00,2051,3.3902,3.39,3.39,3.39,3.39,3
2023-12-20 13:56:00,7290,3.4001,3.4,3.41,3.41,3.4,7
2023-12-20 13:57:00,5264,3.4023,3.42,3.4,3.42,3.4,11
2023-12-20 13:58:00,389,3.39,3.39,3.39,3.39,3.39,2
2023-12-20 14:01:00,488,3.3968,3.4,3.39,3.4,3.39,7
2023-12-20 14:02:00,1181,3.39,3.39,3.39,3.39,3.39,11
2023-12-20 14:05:00,250,3.3995,3.3995,3.3995,3.3995,3.3995,1
2023-12-20 14:07:00,1097,3.3923,3.39,3.39,3.4,3.39,7
2023-12-20 14:08:00,500,3.38,3.38,3.38,3.38,3.38,1
2023-12-20 14:10:00,1011,3.3741,3.38,3.37,3.38,3.37,11
2023-12-20 14:13:00,203,3.3645,3.3646,3.3646,3.3646,3.3646,2
2023-12-20 14:14:00,1200,3.3701,3.3601,3.4,3.4,3.3601,2
2023-12-20 14:15:00,106,3.3906,3.39,3.39,3.39,3.39,2
2023-12-20 14:17:00,1479,3.3987,3.39,3.4,3.4,3.39,12
2023-12-20 14:18:00,5111,3.4224,3.41,3.43,3.4499,3.41,39
2023-12-20 14:19:00,150,3.43,3.43,3.43,3.43,3.43,2
2023-12-20 14:20:00,1500,3.42,3.42,3.42,3.42,3.42,1
2023-12-20 14:24:00,415,3.41,3.41,3.41,3.41,3.41,6
2023-12-20 14:25:00,2252,3.4,3.4,3.4,3.4,3.39,9
2023-12-20 14:26:00,300,3.4,3.4,3.4,3.4,3.4,1
2023-12-20 14:27:00,1152,3.3797,3.38,3.38,3.38,3.38,14
2023-12-20 14:28:00,886,3.38,3.38,3.38,3.38,3.38,14
2023-12-20 14:29:00,500,3.4,3.4,3.4,3.4,3.4,1
2023-12-20 14:30:00,477830,3.3337,3.39,3.28,3.39,3.26,895
2023-12-20 14:31:00,28711,3.2855,3.28,3.27,3.305,3.265,135
2023-12-20 14:32:00,77640,3.2712,3.26,3.2968,3.2968,3.255,342
2023-12-20 14:33:00,36291,3.3057,3.3,3.31,3.32,3.29,191
2023-12-20 14:34:00,49816,3.3327,3.315,3.34,3.3428,3.315,204
2023-12-20 14:35:00,30317,3.3442,3.335,3.37,3.38,3.32,115
2023-12-20 14:36:00,59719,3.3924,3.375,3.4,3.4,3.375,205
2023-12-20 14:37:00,23266,3.3969,3.4005,3.4,3.41,3.39,124
2023-12-20 14:38:00,27185,3.4052,3.4,3.42,3.42,3.3931,167
2023-12-20 14:39:00,110935,3.4253,3.415,3.44,3.44,3.41,583
2023-12-20 14:40:00,38517,3.4282,3.435,3.42,3.44,3.4,175
2023-12-20 14:41:00,11277,3.4112,3.415,3.415,3.42,3.405,88
2023-12-20 14:42:00,82320,3.4152,3.415,3.4099,3.43,3.38,240
2023-12-20 14:43:00,14906,3.3942,3.4013,3.3917,3.405,3.39,62
2023-12-20 14:44:00,15465,3.4058,3.4,3.42,3.42,3.395,140
2023-12-20 14:45:00,28251,3.4198,3.4183,3.43,3.43,3.41,154
2023-12-20 14:46:00,13587,3.4267,3.42,3.43,3.43,3.42,93
2023-12-20 14:47:00,57745,3.4059,3.425,3.42,3.425,3.4,168
2023-12-20 14:48:00,11375,3.4302,3.4212,3.4381,3.4381,3.42,96
2023-12-20 14:49:00,75762,3.4459,3.4379,3.445,3.46,3.4312,187
2023-12-20 14:50:00,18345,3.444,3.445,3.442,3.45,3.44,109
2023-12-20 14:51:00,49620,3.4352,3.44,3.44,3.45,3.41,239
2023-12-20 14:52:00,25996,3.4514,3.4383,3.45,3.4593,3.435,89
2023-12-20 14:53:00,23088,3.4425,3.4498,3.43,3.45,3.43,83
2023-12-20 14:54:00,13641,3.4422,3.44,3.4409,3.45,3.438,66
2023-12-20 14:55:00,34049,3.4498,3.4496,3.45,3.4584,3.44,76
2023-12-20 14:56:00,15702,3.4483,3.45,3.4405,3.45,3.44,55
2023-12-20 14:57:00,17591,3.4198,3.44,3.42,3.44,3.41,96
2023-12-20 14:58:00,10834,3.4252,3.41,3.44,3.4495,3.41,90
2023-12-20 14:59:00,20538,3.4369,3.44,3.44,3.44,3.43,74
2023-12-20 15:00:00,21588,3.4384,3.435,3.445,3.4492,3.4261,123
2023-12-20 15:01:00,20536,3.4376,3.445,3.445,3.4497,3.425,116
2023-12-20 15:02:00,36823,3.453,3.4408,3.47,3.47,3.4386,154
2023-12-20 15:03:00,75117,3.4756,3.4688,3.4793,3.48,3.46,161
2023-12-20 15:04:00,262644,3.5036,3.48,3.52,3.5271,3.48,595
2023-12-20 15:05:00,105838,3.5379,3.521,3.545,3.55,3.52,229
2023-12-20 15:06:00,45053,3.5333,3.5409,3.53,3.55,3.51,142
2023-12-20 15:07:00,50695,3.5371,3.53,3.53,3.55,3.53,185
2023-12-20 15:08:00,75045,3.5485,3.54,3.55,3.555,3.53,224
2023-12-20 15:09:00,62630,3.5518,3.548,3.5523,3.56,3.54,176
2023-12-20 15:10:00,50093,3.5549,3.555,3.5402,3.565,3.54,187
2023-12-20 15:11:00,65419,3.5621,3.5462,3.575,3.5786,3.545,296
2023-12-20 15:12:00,118795,3.5807,3.5799,3.585,3.59,3.57,417
2023-12-20 15:13:00,54227,3.5897,3.59,3.6,3.6,3.58,179
2023-12-20 15:14:00,91769,3.5968,3.6,3.58,3.605,3.58,255
2023-12-20 15:15:00,73108,3.5757,3.59,3.57,3.59,3.56,314
2023-12-20 15:16:00,35951,3.5828,3.575,3.585,3.5997,3.57,120
2023-12-20 15:17:00,97035,3.6038,3.585,3.62,3.62,3.585,231
2023-12-20 15:18:00,5919,3.613,3.62,3.61,3.62,3.61,53
2023-12-20 15:19:00,28376,3.5952,3.615,3.5801,3.615,3.58,147
2023-12-20 15:20:00,31134,3.5731,3.585,3.575,3.59,3.565,156
2023-12-20 15:21:00,81093,3.5538,3.5719,3.55,3.575,3.5401,227
2023-12-20 15:22:00,22539,3.5379,3.545,3.53,3.55,3.53,127
2023-12-20 15:23:00,34218,3.5241,3.5316,3.52,3.535,3.52,68
2023-12-20 15:24:00,82693,3.5062,3.525,3.5099,3.5288,3.5,170
2023-12-20 15:25:00,110269,3.4987,3.5,3.5089,3.51,3.48,175
2023-12-20 15:26:00,9489,3.5039,3.51,3.5017,3.51,3.5,40
2023-12-20 15:27:00,21791,3.5095,3.505,3.51,3.52,3.5,118
2023-12-20 15:28:00,64649,3.497,3.5,3.495,3.51,3.48,131
2023-12-20 15:29:00,7896,3.4922,3.49,3.49,3.5,3.49,54
2023-12-20 15:30:00,38679,3.4963,3.48,3.5,3.51,3.48,171
2023-12-20 15:31:00,19844,3.5018,3.5,3.4993,3.51,3.495,79
2023-12-20 15:32:00,11390,3.5022,3.4915,3.51,3.51,3.4915,40
2023-12-20 15:33:00,3092,3.5039,3.5089,3.5,3.51,3.5,32
2023-12-20 15:34:00,46694,3.5234,3.505,3.5398,3.54,3.5,179
2023-12-20 15:35:00,77486,3.5395,3.5392,3.5299,3.55,3.525,140
2023-12-20 15:36:00,31033,3.5395,3.5213,3.545,3.55,3.5213,150
2023-12-20 15:37:00,36295,3.5544,3.5494,3.57,3.57,3.5494,79
2023-12-20 15:38:00,78438,3.5519,3.568,3.54,3.57,3.53,294
2023-12-20 15:39:00,43437,3.5391,3.5485,3.525,3.55,3.52,157
2023-12-20 15:40:00,32450,3.5204,3.52,3.51,3.525,3.51,98
2023-12-20 15:41:00,33206,3.5217,3.515,3.51,3.53,3.5021,170
2023-12-20 15:42:00,20659,3.5204,3.51,3.525,3.525,3.51,55
2023-12-20 15:43:00,17974,3.5303,3.525,3.5315,3.54,3.5203,79
2023-12-20 15:44:00,26820,3.5446,3.54,3.55,3.55,3.535,110
2023-12-20 15:45:00,23559,3.5407,3.54,3.55,3.55,3.53,118
2023-12-20 15:46:00,13556,3.5436,3.5488,3.5425,3.55,3.5325,93
2023-12-20 15:47:00,19109,3.5356,3.545,3.53,3.55,3.53,112
2023-12-20 15:48:00,48406,3.5163,3.53,3.5125,3.53,3.505,126
2023-12-20 15:49:00,14445,3.5148,3.5125,3.5067,3.5199,3.505,45
2023-12-20 15:50:00,55156,3.4955,3.505,3.495,3.505,3.49,180
2023-12-20 15:51:00,54413,3.4722,3.495,3.475,3.495,3.46,175
2023-12-20 15:52:00,85295,3.4488,3.47,3.44,3.475,3.4314,180
2023-12-20 15:53:00,76123,3.4275,3.44,3.42,3.44,3.42,113
2023-12-20 15:54:00,4921,3.4221,3.43,3.42,3.43,3.42,37
2023-12-20 15:55:00,22191,3.419,3.4203,3.42,3.425,3.41,102
2023-12-20 15:56:00,35754,3.4153,3.415,3.42,3.42,3.41,80
2023-12-20 15:57:00,24658,3.4154,3.41,3.42,3.42,3.4095,68
2023-12-20 15:58:00,11323,3.4158,3.42,3.42,3.42,3.41,56
2023-12-20 15:59:00,54781,3.4024,3.4125,3.4,3.42,3.39,196
2023-12-20 16:00:00,49244,3.3857,3.4,3.395,3.4,3.38,106
2023-12-20 16:01:00,21205,3.3855,3.392,3.3801,3.392,3.38,93
2023-12-20 16:02:00,39787,3.3879,3.38,3.38,3.39,3.38,81
2023-12-20 16:03:00,48341,3.4067,3.385,3.4076,3.42,3.38,136
2023-12-20 16:04:00,27996,3.4113,3.41,3.415,3.42,3.4,42
2023-12-20 16:05:00,11285,3.4108,3.4122,3.4088,3.42,3.405,70
2023-12-20 16:06:00,8360,3.4104,3.4078,3.415,3.42,3.4,40
2023-12-20 16:07:00,9830,3.4173,3.415,3.42,3.42,3.41,31
2023-12-20 16:08:00,50394,3.4315,3.4199,3.4299,3.44,3.415,157
2023-12-20 16:09:00,36742,3.4148,3.425,3.43,3.43,3.41,118
2023-12-20 16:10:00,65493,3.4218,3.43,3.43,3.43,3.41,205
2023-12-20 16:11:00,7687,3.4197,3.43,3.415,3.43,3.4101,41
2023-12-20 16:12:00,35559,3.3957,3.4125,3.38,3.42,3.38,143
2023-12-20 16:13:00,5029,3.3736,3.37,3.375,3.3776,3.37,40
2023-12-20 16:14:00,12812,3.3749,3.37,3.385,3.385,3.37,70
2023-12-20 16:15:00,19649,3.3811,3.385,3.39,3.39,3.375,60
2023-12-20 16:16:00,4675,3.381,3.381,3.38,3.385,3.38,22
2023-12-20 16:17:00,17305,3.3831,3.3888,3.385,3.3899,3.38,87
2023-12-20 16:18:00,4957,3.3838,3.3899,3.3801,3.39,3.3801,12
2023-12-20 16:19:00,31550,3.3722,3.385,3.38,3.385,3.37,79
2023-12-20 16:20:00,9593,3.3905,3.38,3.3985,3.4,3.38,67
2023-12-20 16:21:00,1578,3.3985,3.399,3.3985,3.4,3.395,19
2023-12-20 16:22:00,16156,3.3937,3.39,3.405,3.405,3.39,89
2023-12-20 16:23:00,3205,3.4032,3.405,3.4,3.41,3.4,31
2023-12-20 16:24:00,6015,3.4063,3.405,3.4,3.41,3.4,35
2023-12-20 16:25:00,2080,3.4046,3.4056,3.4,3.41,3.4,20
2023-12-20 16:26:00,23722,3.4167,3.405,3.415,3.42,3.405,131
2023-12-20 16:27:00,3396,3.4167,3.42,3.42,3.42,3.41,25
2023-12-20 16:28:00,51876,3.4198,3.42,3.42,3.43,3.4125,85
2023-12-20 16:29:00,8220,3.4293,3.42,3.4225,3.43,3.42,13
2023-12-20 16:30:00,25334,3.4277,3.43,3.41,3.4399,3.41,75
2023-12-20 16:31:00,16572,3.4138,3.41,3.415,3.4199,3.41,31
2023-12-20 16:32:00,2519,3.4164,3.41,3.42,3.42,3.41,24
2023-12-20 16:33:00,14498,3.4233,3.42,3.415,3.4293,3.41,45
2023-12-20 16:34:00,12708,3.4217,3.415,3.425,3.43,3.4125,98
2023-12-20 16:35:00,32744,3.4204,3.428,3.4125,3.43,3.41,93
2023-12-20 16:36:00,656,3.4161,3.415,3.4125,3.42,3.4125,20
2023-12-20 16:37:00,13387,3.419,3.415,3.415,3.42,3.41,24
2023-12-20 16:38:00,13908,3.4126,3.415,3.4025,3.42,3.4025,73
2023-12-20 16:39:00,7109,3.417,3.41,3.4186,3.42,3.41,20
2023-12-20 16:40:00,16779,3.4123,3.41,3.415,3.415,3.41,62
2023-12-20 16:41:00,13071,3.4191,3.415,3.43,3.43,3.415,93
2023-12-20 16:42:00,8047,3.4272,3.425,3.425,3.43,3.42,16
2023-12-20 16:43:00,9835,3.4297,3.42,3.44,3.44,3.42,63
2023-12-20 16:44:00,9494,3.4363,3.4399,3.44,3.44,3.43,21
2023-12-20 16:45:00,21057,3.4337,3.4392,3.42,3.44,3.42,73
2023-12-20 16:46:00,4967,3.4227,3.415,3.4212,3.43,3.415,28
2023-12-20 16:47:00,19635,3.4459,3.43,3.44,3.455,3.43,93
2023-12-20 16:48:00,17858,3.4438,3.44,3.4492,3.4492,3.435,58
2023-12-20 16:49:00,3082,3.4431,3.445,3.4447,3.445,3.44,16
2023-12-20 16:50:00,29848,3.4495,3.44,3.455,3.455,3.44,75
2023-12-20 16:51:00,12062,3.4516,3.455,3.45,3.4578,3.45,79
2023-12-20 16:52:00,33486,3.4456,3.45,3.445,3.45,3.44,42
2023-12-20 16:53:00,1705,3.4449,3.445,3.4401,3.45,3.44,25
2023-12-20 16:54:00,39760,3.4348,3.45,3.42,3.45,3.42,113
2023-12-20 16:55:00,19950,3.4174,3.42,3.42,3.422,3.41,91
2023-12-20 16:56:00,863,3.4111,3.41,3.41,3.415,3.41,13
2023-12-20 16:57:00,10505,3.41,3.41,3.41,3.41,3.4025,70
2023-12-20 16:58:00,9930,3.4124,3.415,3.415,3.42,3.41,17
2023-12-20 16:59:00,1525,3.4149,3.415,3.4125,3.42,3.41,16
2023-12-20 17:00:00,6209,3.4218,3.415,3.425,3.425,3.415,37
2023-12-20 17:01:00,6967,3.42,3.425,3.42,3.425,3.42,51
2023-12-20 17:02:00,1762,3.4153,3.415,3.415,3.4178,3.415,10
2023-12-20 17:03:00,11554,3.4109,3.415,3.415,3.415,3.41,18
2023-12-20 17:04:00,33499,3.4095,3.41,3.405,3.415,3.4025,49
2023-12-20 17:05:00,20574,3.4092,3.4025,3.41,3.4184,3.4025,65
2023-12-20 17:06:00,254,3.4026,3.405,3.405,3.405,3.405,6
2023-12-20 17:07:00,15626,3.4002,3.4,3.405,3.405,3.395,78
2023-12-20 17:08:00,2022,3.4047,3.4001,3.4061,3.4061,3.4001,19
2023-12-20 17:09:00,1923,3.4017,3.4025,3.4,3.405,3.4,19
2023-12-20 17:10:00,4591,3.4024,3.4,3.4025,3.41,3.4,14
2023-12-20 17:11:00,26174,3.4001,3.4001,3.39,3.405,3.39,159
2023-12-20 17:12:00,11348,3.3996,3.3987,3.3997,3.4,3.398,11
2023-12-20 17:13:00,4045,3.3923,3.3981,3.3962,3.4,3.39,13
2023-12-20 17:14:00,3303,3.3944,3.3954,3.395,3.4,3.3914,8
2023-12-20 17:15:00,6210,3.3996,3.39,3.395,3.4,3.39,18
2023-12-20 17:16:00,2216,3.3968,3.3925,3.3925,3.4,3.3925,10
2023-12-20 17:17:00,14565,3.3889,3.395,3.3892,3.395,3.38,72
2023-12-20 17:18:00,14188,3.3814,3.3825,3.3868,3.3868,3.3806,17
2023-12-20 17:19:00,36099,3.3784,3.38,3.37,3.39,3.37,90
2023-12-20 17:20:00,16771,3.3614,3.3625,3.3625,3.37,3.36,48
2023-12-20 17:21:00,966,3.3647,3.3625,3.365,3.37,3.36,10
2023-12-20 17:22:00,12113,3.3738,3.3697,3.385,3.385,3.3676,78
2023-12-20 17:23:00,7517,3.3784,3.385,3.3782,3.385,3.37,44
2023-12-20 17:24:00,34196,3.381,3.38,3.39,3.39,3.38,134
2023-12-20 17:25:00,4166,3.3907,3.38,3.395,3.395,3.38,37
2023-12-20 17:26:00,18090,3.3996,3.395,3.395,3.405,3.3915,71
2023-12-20 17:27:00,15630,3.3888,3.395,3.385,3.3983,3.38,64
2023-12-20 17:28:00,326,3.385,3.385,3.385,3.385,3.385,6
2023-12-20 17:29:00,15752,3.3768,3.39,3.3625,3.39,3.36,85
2023-12-20 17:30:00,7414,3.3735,3.365,3.385,3.385,3.365,59
2023-12-20 17:31:00,1551,3.3819,3.38,3.3801,3.385,3.38,9
2023-12-20 17:32:00,7731,3.3806,3.38,3.381,3.385,3.38,52
2023-12-20 17:33:00,12088,3.3799,3.38,3.385,3.385,3.375,61
2023-12-20 17:34:00,5239,3.3824,3.388,3.39,3.39,3.38,32
2023-12-20 17:35:00,876,3.3849,3.385,3.38,3.39,3.38,13
2023-12-20 17:36:00,1973,3.3829,3.38,3.38,3.3852,3.38,21
2023-12-20 17:37:00,5700,3.3792,3.38,3.37,3.38,3.37,44
2023-12-20 17:38:00,5842,3.3782,3.371,3.3821,3.385,3.37,41
2023-12-20 17:39:00,6144,3.3893,3.3899,3.387,3.39,3.3825,9
2023-12-20 17:40:00,17738,3.3901,3.3825,3.39,3.395,3.38,90
2023-12-20 17:41:00,17612,3.3894,3.39,3.395,3.395,3.3801,100
2023-12-20 17:42:00,1355,3.399,3.4,3.3999,3.4,3.399,5
2023-12-20 17:43:00,3080,3.3969,3.395,3.395,3.4,3.395,20
2023-12-20 17:44:00,104631,3.3829,3.3987,3.38,3.4,3.37,201
2023-12-20 17:45:00,14932,3.3812,3.38,3.38,3.3864,3.375,84
2023-12-20 17:46:00,1561,3.3845,3.38,3.3825,3.3852,3.38,8
2023-12-20 17:47:00,2972,3.3872,3.3897,3.3825,3.3899,3.3825,11
2023-12-20 17:48:00,1225,3.3819,3.3819,3.38,3.385,3.38,14
2023-12-20 17:49:00,10996,3.3848,3.38,3.395,3.395,3.375,73
2023-12-20 17:50:00,1892,3.3957,3.3925,3.395,3.4,3.39,21
2023-12-20 17:51:00,13830,3.3961,3.39,3.395,3.4,3.39,59
2023-12-20 17:52:00,10943,3.3997,3.395,3.4,3.4,3.395,12
2023-12-20 17:53:00,2608,3.3943,3.3985,3.395,3.3985,3.39,29
2023-12-20 17:54:00,5260,3.4001,3.4,3.4,3.4,3.4,38
2023-12-20 17:55:00,11390,3.4007,3.4,3.4,3.4099,3.395,67
2023-12-20 17:56:00,3474,3.3992,3.4,3.395,3.4,3.395,27
2023-12-20 17:57:00,1018,3.3943,3.395,3.395,3.3976,3.39,17
2023-12-20 17:58:00,7620,3.3911,3.39,3.39,3.3978,3.39,17
2023-12-20 17:59:00,17072,3.3898,3.39,3.4,3.4,3.38,105
2023-12-20 18:00:00,6862,3.3989,3.3999,3.4,3.4,3.39,16
2023-12-20 18:01:00,1595,3.3979,3.3988,3.3988,3.4,3.395,10
2023-12-20 18:02:00,323,3.3918,3.39,3.39,3.39,3.39,8
2023-12-20 18:03:00,14488,3.3985,3.391,3.4,3.4,3.391,31
2023-12-20 18:04:00,2052,3.4002,3.3991,3.405,3.405,3.3991,17
2023-12-20 18:05:00,4869,3.3998,3.405,3.395,3.405,3.395,30
2023-12-20 18:06:00,831,3.3939,3.395,3.3901,3.395,3.3901,10
2023-12-20 18:07:00,1447,3.3987,3.399,3.395,3.399,3.395,7
2023-12-20 18:08:00,447,3.3985,3.4,3.3983,3.4,3.395,9
2023-12-20 18:09:00,1989,3.3961,3.395,3.4,3.4,3.395,15
2023-12-20 18:10:00,757,3.3992,3.4,3.395,3.4,3.395,6
2023-12-20 18:11:00,3803,3.3952,3.3984,3.395,3.4,3.39,30
2023-12-20 18:12:00,5005,3.3983,3.4,3.4,3.4,3.3925,18
2023-12-20 18:13:00,2929,3.3939,3.395,3.395,3.395,3.39,26
2023-12-20 18:14:00,10443,3.3895,3.395,3.3857,3.395,3.385,74
2023-12-20 18:15:00,6189,3.3895,3.39,3.3899,3.39,3.38,12
2023-12-20 18:16:00,12149,3.3896,3.38,3.3823,3.395,3.38,82
2023-12-20 18:17:00,8688,3.38,3.38,3.38,3.38,3.3799,40
2023-12-20 18:18:00,1910,3.3733,3.37,3.38,3.38,3.37,13
2023-12-20 18:19:00,17598,3.38,3.38,3.385,3.385,3.37,36
2023-12-20 18:20:00,1185,3.3837,3.3825,3.38,3.3885,3.38,9
2023-12-20 18:21:00,10945,3.38,3.385,3.3852,3.3852,3.375,74
2023-12-20 18:22:00,9555,3.3848,3.3813,3.385,3.39,3.38,15
2023-12-20 18:23:00,2512,3.3834,3.385,3.38,3.3884,3.38,23
2023-12-20 18:24:00,11492,3.3829,3.38,3.38,3.39,3.375,52
2023-12-20 18:25:00,411,3.3881,3.3899,3.3825,3.3899,3.3825,4
2023-12-20 18:26:00,11287,3.3897,3.38,3.39,3.39,3.38,10
2023-12-20 18:27:00,1367,3.3881,3.3825,3.39,3.39,3.3825,13
2023-12-20 18:28:00,5671,3.3829,3.3825,3.38,3.39,3.38,31
2023-12-20 18:29:00,14784,3.3805,3.38,3.3801,3.39,3.375,72
2023-12-20 18:30:00,315,3.3864,3.39,3.3825,3.39,3.3825,4
2023-12-20 18:31:00,472,3.3839,3.3825,3.3825,3.385,3.3825,6
2023-12-20 18:32:00,15057,3.3904,3.3825,3.395,3.395,3.3825,81
2023-12-20 18:33:00,11146,3.391,3.395,3.395,3.3977,3.39,60
2023-12-20 18:34:00,7333,3.3883,3.39,3.39,3.39,3.385,38
2023-12-20 18:35:00,5247,3.3918,3.3889,3.39,3.395,3.3889,38
2023-12-20 18:36:00,4178,3.3899,3.39,3.39,3.39,3.3876,33
2023-12-20 18:37:00,16974,3.397,3.385,3.395,3.4,3.385,43
2023-12-20 18:38:00,5080,3.3962,3.395,3.3928,3.3988,3.39,25
2023-12-20 18:39:00,2534,3.3969,3.4,3.4,3.4,3.39,27
2023-12-20 18:40:00,13280,3.3997,3.4,3.4005,3.4006,3.395,70
2023-12-20 18:41:00,4706,3.3965,3.4,3.395,3.4,3.39,33
2023-12-20 18:42:00,2979,3.3904,3.39,3.39,3.4,3.39,19
2023-12-20 18:43:00,7065,3.3894,3.39,3.39,3.39,3.383,33
2023-12-20 18:44:00,4004,3.3907,3.39,3.395,3.395,3.39,33
2023-12-20 18:45:00,1230,3.3926,3.397,3.39,3.397,3.39,22
2023-12-20 18:46:00,3828,3.3948,3.395,3.395,3.3997,3.39,15
2023-12-20 18:47:00,2591,3.3969,3.395,3.3957,3.3988,3.39,21
2023-12-20 18:48:00,2460,3.3937,3.39,3.3934,3.395,3.39,14
2023-12-20 18:49:00,3299,3.3915,3.4,3.3929,3.4,3.39,22
2023-12-20 18:50:00,2025,3.392,3.392,3.39,3.395,3.39,26
2023-12-20 18:51:00,8070,3.3891,3.39,3.3825,3.39,3.3825,63
2023-12-20 18:52:00,2168,3.3872,3.3825,3.3886,3.39,3.3825,11
2023-12-20 18:53:00,987,3.3854,3.3825,3.3825,3.39,3.3825,10
2023-12-20 18:54:00,8369,3.3807,3.385,3.38,3.385,3.38,39
2023-12-20 18:55:00,12109,3.3744,3.38,3.365,3.38,3.36,93
2023-12-20 18:56:00,2132,3.3655,3.3625,3.365,3.37,3.36,17
2023-12-20 18:57:00,1971,3.3656,3.365,3.3661,3.37,3.36,15
2023-12-20 18:58:00,4580,3.3633,3.36,3.36,3.3697,3.36,23
2023-12-20 18:59:00,4793,3.3625,3.365,3.365,3.365,3.36,32
2023-12-20 19:00:00,3108,3.3689,3.369,3.365,3.37,3.36,13
2023-12-20 19:01:00,2444,3.364,3.37,3.36,3.37,3.36,27
2023-12-20 19:02:00,11000,3.3581,3.3603,3.355,3.3676,3.355,74
2023-12-20 19:03:00,24936,3.3478,3.3574,3.345,3.3574,3.34,113
2023-12-20 19:04:00,22559,3.3495,3.342,3.355,3.3582,3.34,140
2023-12-20 19:05:00,2022,3.355,3.355,3.355,3.355,3.355,6
2023-12-20 19:06:00,1552,3.3569,3.3582,3.355,3.3582,3.355,14
2023-12-20 19:07:00,3002,3.3534,3.3502,3.355,3.355,3.35,10
2023-12-20 19:08:00,5507,3.3498,3.35,3.345,3.3515,3.345,52
2023-12-20 19:09:00,2143,3.3412,3.348,3.34,3.348,3.34,21
2023-12-20 19:10:00,19600,3.3479,3.3402,3.35,3.35,3.34,28
2023-12-20 19:11:00,3534,3.3468,3.345,3.35,3.35,3.34,16
2023-12-20 19:12:00,1675,3.3419,3.3425,3.34,3.35,3.34,11
2023-12-20 19:13:00,1205,3.3456,3.3499,3.35,3.35,3.3425,10
2023-12-20 19:14:00,3775,3.3455,3.3425,3.35,3.35,3.34,25
2023-12-20 19:15:00,16759,3.3501,3.3425,3.355,3.355,3.3425,106
2023-12-20 19:16:00,1596,3.3551,3.355,3.355,3.355,3.3534,20
2023-12-20 19:17:00,1421,3.3543,3.3524,3.355,3.36,3.3524,12
2023-12-20 19:18:00,6620,3.3561,3.355,3.36,3.36,3.35,33
2023-12-20 19:19:00,3791,3.3569,3.36,3.3591,3.36,3.355,10
2023-12-20 19:20:00,1167,3.3587,3.36,3.355,3.36,3.355,17
2023-12-20 19:21:00,1149,3.3573,3.36,3.3525,3.36,3.3525,15
2023-12-20 19:22:00,7278,3.3562,3.36,3.36,3.36,3.35,55
2023-12-20 19:23:00,4968,3.3559,3.355,3.36,3.36,3.35,41
2023-12-20 19:24:00,12685,3.3577,3.35,3.35,3.36,3.35,18
2023-12-20 19:25:00,10702,3.3605,3.36,3.37,3.37,3.3599,83
2023-12-20 19:26:00,800,3.3656,3.36,3.37,3.37,3.36,8
2023-12-20 19:27:00,20254,3.3551,3.37,3.355,3.37,3.35,66
2023-12-20 19:28:00,2129,3.3524,3.355,3.35,3.355,3.35,13
2023-12-20 19:29:00,800,3.3511,3.35,3.35,3.3522,3.35,7
2023-12-20 19:30:00,17482,3.349,3.35,3.345,3.35,3.34,75
2023-12-20 19:31:00,1360,3.3409,3.34,3.34,3.345,3.34,15
2023-12-20 19:32:00,8099,3.3395,3.34,3.335,3.3425,3.335,64
2023-12-20 19:33:00,3220,3.336,3.34,3.335,3.34,3.33,19
2023-12-20 19:34:00,16731,3.3312,3.331,3.335,3.34,3.3225,106
2023-12-20 19:35:00,3788,3.3345,3.335,3.335,3.34,3.3311,19
2023-12-20 19:36:00,10372,3.3316,3.3389,3.33,3.3389,3.325,56
2023-12-20 19:37:00,26512,3.3184,3.33,3.3199,3.33,3.31,104
2023-12-20 19:38:00,1440,3.3127,3.31,3.315,3.315,3.31,9
2023-12-20 19:39:00,15589,3.3109,3.3199,3.31,3.32,3.305,87
2023-12-20 19:40:00,7328,3.311,3.305,3.32,3.32,3.305,48
2023-12-20 19:41:00,12189,3.3177,3.315,3.315,3.325,3.3101,67
2023-12-20 19:42:00,12797,3.3107,3.315,3.3032,3.3186,3.3032,65
2023-12-20 19:43:00,8143,3.3125,3.3042,3.315,3.32,3.3042,44
2023-12-20 19:44:00,51255,3.3009,3.31,3.295,3.315,3.29,153
2023-12-20 19:45:00,25028,3.2987,3.295,3.295,3.305,3.2909,100
2023-12-20 19:46:00,1580,3.2949,3.295,3.2934,3.2975,3.2933,12
2023-12-20 19:47:00,62546,3.2866,3.2976,3.28,3.2976,3.28,98
2023-12-20 19:48:00,10546,3.2769,3.281,3.2701,3.281,3.27,31
2023-12-20 19:49:00,26251,3.2697,3.2701,3.2754,3.2754,3.2622,99
2023-12-20 19:50:00,6893,3.2792,3.28,3.271,3.285,3.27,44
2023-12-20 19:51:00,31091,3.2608,3.27,3.261,3.27,3.2501,107
2023-12-20 19:52:00,25342,3.2574,3.26,3.2541,3.2614,3.2537,36
2023-12-20 19:53:00,206618,3.2446,3.25,3.23,3.255,3.23,473
2023-12-20 19:54:00,65599,3.2406,3.23,3.2614,3.265,3.225,292
2023-12-20 19:55:00,35385,3.263,3.2601,3.26,3.27,3.255,159
2023-12-20 19:56:00,7314,3.2582,3.265,3.25,3.265,3.25,46
2023-12-20 19:57:00,9196,3.2489,3.25,3.251,3.255,3.245,59
2023-12-20 19:58:00,25704,3.249,3.26,3.245,3.26,3.241,78
2023-12-20 19:59:00,6408,3.2401,3.2446,3.2399,3.2499,3.2322,43
2023-12-20 20:00:00,32827,3.2327,3.23,3.23,3.24,3.23,83
2023-12-20 20:01:00,27349,3.2237,3.2305,3.215,3.24,3.2115,112
2023-12-20 20:02:00,22313,3.2161,3.22,3.2101,3.23,3.2101,72
2023-12-20 20:03:00,49964,3.2071,3.2139,3.2,3.22,3.2,102
2023-12-20 20:04:00,394698,3.1891,3.2001,3.195,3.21,3.175,1022
2023-12-20 20:05:00,17424,3.1927,3.195,3.195,3.2,3.19,28
2023-12-20 20:06:00,75770,3.1967,3.2,3.1808,3.205,3.1801,207
2023-12-20 20:07:00,48924,3.1715,3.1817,3.165,3.185,3.16,162
2023-12-20 20:08:00,125380,3.1591,3.165,3.165,3.18,3.1401,414
2023-12-20 20:09:00,15542,3.173,3.17,3.1745,3.18,3.17,36
2023-12-20 20:10:00,53739,3.1952,3.175,3.195,3.21,3.175,135
2023-12-20 20:11:00,85184,3.2142,3.1999,3.22,3.22,3.195,59
2023-12-20 20:12:00,53132,3.2062,3.215,3.21,3.215,3.195,116
2023-12-20 20:13:00,11656,3.2012,3.2075,3.2017,3.21,3.2,22
2023-12-20 20:14:00,72153,3.1943,3.2,3.2,3.2099,3.19,110
2023-12-20 20:15:00,29628,3.2121,3.195,3.2159,3.22,3.195,92
2023-12-20 20:16:00,24653,3.2196,3.22,3.2184,3.2269,3.215,77
2023-12-20 20:17:00,29199,3.227,3.22,3.235,3.235,3.22,62
2023-12-20 20:18:00,29359,3.2334,3.235,3.2283,3.24,3.221,96
2023-12-20 20:19:00,6412,3.2286,3.225,3.23,3.23,3.22,15
2023-12-20 20:20:00,3382,3.2278,3.23,3.225,3.23,3.225,19
2023-12-20 20:21:00,6720,3.2238,3.23,3.225,3.23,3.22,30
2023-12-20 20:22:00,41693,3.2194,3.225,3.215,3.2258,3.21,102
2023-12-20 20:23:00,7128,3.2194,3.2126,3.21,3.22,3.21,21
2023-12-20 20:24:00,25156,3.2046,3.21,3.19,3.21,3.19,81
2023-12-20 20:25:00,34568,3.19,3.1987,3.19,3.1987,3.18,84
2023-12-20 20:26:00,18913,3.1889,3.19,3.1855,3.195,3.18,72
2023-12-20 20:27:00,21705,3.1893,3.185,3.1817,3.195,3.1802,127
2023-12-20 20:28:00,12311,3.1793,3.1816,3.1715,3.1816,3.1715,61
2023-12-20 20:29:00,20195,3.1677,3.17,3.165,3.17,3.16,85
2023-12-20 20:30:00,56147,3.1767,3.165,3.185,3.19,3.165,194
2023-12-20 20:31:00,15513,3.187,3.19,3.19,3.19,3.18,73
2023-12-20 20:32:00,38192,3.183,3.1899,3.18,3.19,3.18,162
2023-12-20 20:33:00,13180,3.1787,3.18,3.18,3.18,3.1703,85
2023-12-20 20:34:00,19427,3.1768,3.1701,3.185,3.19,3.1701,72
2023-12-20 20:35:00,32181,3.1808,3.185,3.18,3.1898,3.18,113
2023-12-20 20:36:00,13025,3.1772,3.175,3.18,3.18,3.1732,64
2023-12-20 20:37:00,48649,3.1805,3.1798,3.175,3.19,3.175,184
2023-12-20 20:38:00,9334,3.1767,3.175,3.175,3.18,3.175,57
2023-12-20 20:39:00,24193,3.1729,3.1731,3.175,3.18,3.17,86
2023-12-20 20:40:00,6344,3.1779,3.175,3.175,3.18,3.175,60
2023-12-20 20:41:00,14517,3.1775,3.175,3.18,3.18,3.17,86
2023-12-20 20:42:00,121183,3.1803,3.1785,3.175,3.19,3.17,380
2023-12-20 20:43:00,43285,3.1744,3.17,3.175,3.18,3.17,120
2023-12-20 20:44:00,68587,3.1715,3.175,3.175,3.18,3.16,281
2023-12-20 20:45:00,34509,3.1674,3.17,3.165,3.17,3.1624,125
2023-12-20 20:46:00,7996,3.1652,3.165,3.165,3.165,3.16,59
2023-12-20 20:47:00,10758,3.1649,3.165,3.16,3.17,3.16,62
2023-12-20 20:48:00,14520,3.1645,3.165,3.165,3.17,3.16,57
2023-12-20 20:49:00,62666,3.1708,3.165,3.179,3.18,3.16,252
2023-12-20 20:50:00,48729,3.18,3.175,3.175,3.19,3.175,154
2023-12-20 20:51:00,9687,3.1751,3.18,3.175,3.18,3.17,77
2023-12-20 20:52:00,40140,3.17,3.175,3.165,3.175,3.16,149
2023-12-20 20:53:00,20609,3.1638,3.165,3.165,3.17,3.16,126
2023-12-20 20:54:00,25989,3.165,3.165,3.17,3.17,3.16,160
2023-12-20 20:55:00,105283,3.1603,3.165,3.155,3.165,3.15,283
2023-12-20 20:56:00,18615,3.1583,3.155,3.155,3.1598,3.15,109
2023-12-20 20:57:00,41460,3.1541,3.155,3.15,3.16,3.15,194
2023-12-20 20:58:00,57383,3.1582,3.155,3.155,3.16,3.15,197
2023-12-20 20:59:00,183516,3.1583,3.155,3.155,3.16,3.15,442
2023-12-20 21:00:00,1877,3.1553,3.15,3.16,3.16,3.15,9
2023-12-20 21:01:00,1370,3.1577,3.16,3.15,3.16,3.15,7
2023-12-20 21:04:00,161,3.1578,3.16,3.16,3.16,3.16,3
2023-12-20 21:05:00,2201,3.16,3.16,3.16,3.16,3.16,5
2023-12-20 21:06:00,114,3.1599,3.1599,3.1599,3.1599,3.1599,2
2023-12-20 21:07:00,563,3.16,3.16,3.16,3.16,3.16,5
2023-12-20 21:11:00,500,3.16,3.16,3.16,3.16,3.16,6
2023-12-20 21:12:00,13100,3.16,3.16,3.16,3.16,3.16,2
2023-12-20 21:16:00,406,3.16,3.16,3.16,3.16,3.16,3
2023-12-20 21:17:00,649,3.1592,3.16,3.16,3.16,3.16,5
2023-12-20 21:20:00,1255,3.16,3.16,3.16,3.16,3.16,10
2023-12-20 21:22:00,1000,3.17,3.17,3.17,3.17,3.17,1
2023-12-20 21:23:00,100,3.17,3.17,3.17,3.17,3.17,1
2023-12-20 21:24:00,27657,3.1697,3.17,3.17,3.17,3.16,11
2023-12-20 21:26:00,2342,3.17,3.17,3.17,3.17,3.17,18
2023-12-20 21:29:00,1609,3.17,3.17,3.17,3.17,3.17,3
2023-12-20 21:31:00,986,3.1791,3.18,3.18,3.18,3.1799,5
2023-12-20 21:32:00,100,3.18,3.18,3.18,3.18,3.18,1
2023-12-20 21:33:00,510,3.1798,3.1798,3.1798,3.1798,3.1798,2
2023-12-20 21:35:00,668,3.1775,3.17,3.18,3.18,3.17,2
2023-12-20 21:36:00,1200,3.18,3.1799,3.18,3.18,3.1799,2
2023-12-20 21:39:00,100,3.18,3.18,3.18,3.18,3.18,1
2023-12-20 21:40:00,110,3.18,3.18,3.18,3.18,3.18,2
2023-12-20 21:41:00,2000,3.18,3.18,3.18,3.18,3.18,1
2023-12-20 21:42:00,376,3.1773,3.17,3.18,3.18,3.17,3
2023-12-20 21:44:00,1262,3.17,3.17,3.17,3.17,3.17,13
2023-12-20 21:46:00,200,3.16,3.16,3.16,3.16,3.16,1
2023-12-20 21:49:00,1046,3.17,3.17,3.17,3.17,3.17,2
2023-12-20 21:51:00,100,3.17,3.17,3.17,3.17,3.17,1
2023-12-20 21:52:00,188,3.17,3.17,3.17,3.17,3.17,1
2023-12-20 21:53:00,400,3.17,3.17,3.17,3.17,3.17,1
2023-12-20 21:54:00,815,3.16,3.16,3.16,3.16,3.16,9
2023-12-20 21:56:00,850,3.1694,3.17,3.17,3.17,3.17,8
2023-12-20 21:57:00,8000,3.17,3.17,3.17,3.17,3.17,8
2023-12-20 21:58:00,160,3.1713,3.17,3.17,3.17,3.17,3
2023-12-20 22:01:00,386,3.17,3.17,3.17,3.17,3.17,1
2023-12-20 22:04:00,24869,3.18,3.18,3.18,3.18,3.18,12
2023-12-20 22:06:00,3667,3.1923,3.19,3.2,3.2,3.19,25
2023-12-20 22:08:00,192,3.211,3.21,3.21,3.21,3.21,2
2023-12-20 22:09:00,200,3.21,3.21,3.21,3.21,3.21,1
2023-12-20 22:10:00,1000,3.21,3.21,3.21,3.21,3.21,1
2023-12-20 22:17:00,500,3.21,3.21,3.21,3.21,3.21,1
2023-12-20 22:21:00,100,3.21,3.21,3.21,3.21,3.21,1
2023-12-20 22:22:00,3600,3.21,3.21,3.21,3.21,3.21,4
2023-12-20 22:23:00,3600,3.2083,3.21,3.2,3.21,3.2,12
2023-12-20 22:25:00,100,3.2,3.2,3.2,3.2,3.2,1
2023-12-20 22:26:00,590,3.2001,3.2001,3.2001,3.2001,3.2001,1
2023-12-20 22:35:00,600,3.2817,3.29,3.28,3.29,3.28,2
2023-12-20 22:42:00,5391,3.3639,3.3695,3.27,3.3695,3.27,3
2023-12-20 22:43:00,1280,3.3066,3.3418,3.29,3.35,3.29,3
2023-12-20 22:49:00,1107,3.26,3.26,3.26,3.26,3.26,1
2023-12-20 22:59:00,309,3.2899,3.29,3.29,3.29,3.29,2
2023-12-20 23:13:00,15270,3.2591,3.26,3.21,3.26,3.21,2
2023-12-20 23:15:00,4013,3.26,3.26,3.26,3.26,3.26,1
2023-12-20 23:16:00,100,3.22,3.22,3.22,3.22,3.22,1
2023-12-20 23:25:00,140,3.2129,3.21,3.21,3.21,3.21,2
2023-12-20 23:26:00,1198,3.2119,3.22,3.21,3.22,3.21,6
2023-12-20 23:27:00,1305,3.21,3.21,3.21,3.21,3.21,2
2023-12-20 23:29:00,2181,3.22,3.22,3.22,3.22,3.22,1
2023-12-20 23:31:00,100,3.21,3.21,3.21,3.21,3.21,1
2023-12-20 23:32:00,623,3.2196,3.22,3.22,3.22,3.22,2
2023-12-20 23:37:00,4000,3.22,3.22,3.22,3.22,3.22,1
2023-12-20 23:39:00,100,3.21,3.21,3.21,3.21,3.21,1
2023-12-20 23:41:00,300,3.2,3.2,3.2,3.2,3.2,1
2023-12-20 23:54:00,1111,3.2,3.2,3.2,3.2,3.2,8
2023-12-20 23:56:00,106,3.19,3.19,3.19,3.19,3.19,6
2023-12-20 23:59:00,200,3.1988,3.1976,3.2,3.2,3.1976,2
2023-12-21 00:00:00,345,3.18,3.18,3.18,3.18,3.18,2
2023-12-21 00:03:00,100,3.1898,3.1898,3.1898,3.1898,3.1898,1
2023-12-21 00:05:00,7301,3.1827,3.19,3.1805,3.19,3.18,5
2023-12-21 00:13:00,900,3.19,3.19,3.19,3.19,3.19,2
2023-12-21 00:24:00,301,3.18,3.18,3.18,3.18,3.18,2
2023-12-21 00:30:00,1399,3.1988,3.19,3.2,3.2,3.19,6
2023-12-21 00:34:00,400,3.2,3.2,3.2,3.2,3.1999,3
2023-12-21 00:36:00,327,3.1901,3.1901,3.1901,3.1901,3.1901,1
2023-12-21 00:40:00,150,3.2,3.2,3.2,3.2,3.2,2
2023-12-21 00:42:00,1712,3.2342,3.21,3.24,3.24,3.21,8
2023-12-21 00:43:00,100,3.24,3.24,3.24,3.24,3.24,1
2023-12-21 00:47:00,1107,3.2183,3.2,3.22,3.22,3.2,4
2023-12-21 00:54:00,100,3.24,3.24,3.24,3.24,3.24,1
2023-12-21 09:03:00,740,3.2367,3.22,3.27,3.27,3.22,9
2023-12-21 09:04:00,100,3.27,3.27,3.27,3.27,3.27,1
2023-12-21 09:05:00,203,3.27,3.27,3.27,3.27,3.27,3
2023-12-21 09:27:00,502,3.234,3.23,3.23,3.23,3.23,11
2023-12-21 09:29:00,436,3.24,3.24,3.24,3.24,3.24,4
2023-12-21 09:30:00,500,3.256,3.25,3.26,3.26,3.25,4
2023-12-21 09:43:00,100,3.27,3.27,3.27,3.27,3.27,1
2023-12-21 09:49:00,100,3.26,3.26,3.26,3.26,3.26,1
2023-12-21 09:55:00,4645,3.2727,3.27,3.275,3.28,3.27,20
2023-12-21 10:01:00,1229,3.2666,3.27,3.26,3.27,3.26,13
2023-12-21 10:02:00,100,3.26,3.26,3.26,3.26,3.26,1
2023-12-21 10:05:00,2531,3.2268,3.24,3.22,3.24,3.22,26
2023-12-21 10:36:00,300,3.24,3.24,3.24,3.24,3.24,1
2023-12-21 10:41:00,346,3.24,3.24,3.24,3.24,3.24,1
2023-12-21 11:28:00,356,3.2429,3.25,3.25,3.25,3.25,7
2023-12-21 11:54:00,214,3.2497,3.25,3.25,3.25,3.25,2
2023-12-21 11:55:00,2187,3.2479,3.24,3.25,3.25,3.24,10
2023-12-21 11:58:00,100,3.24,3.24,3.24,3.24,3.24,1
2023-12-21 12:00:00,1100,3.2436,3.25,3.24,3.25,3.24,9
2023-12-21 12:07:00,100,3.24,3.24,3.24,3.24,3.24,1
2023-12-21 12:09:00,150,3.24,3.24,3.24,3.24,3.24,2
2023-12-21 12:13:00,165,3.2418,3.24,3.24,3.24,3.24,4
2023-12-21 12:14:00,400,3.2475,3.24,3.25,3.25,3.24,4
2023-12-21 12:19:00,161,3.25,3.25,3.25,3.25,3.25,2
2023-12-21 12:27:00,118,3.25,3.25,3.25,3.25,3.25,2
2023-12-21 12:31:00,1023,3.2505,3.25,3.25,3.25,3.25,11
2023-12-21 12:32:00,100,3.25,3.25,3.25,3.25,3.25,1
2023-12-21 12:41:00,516,3.26,3.26,3.26,3.26,3.26,12
2023-12-21 12:57:00,687,3.28,3.28,3.28,3.28,3.28,8
2023-12-21 13:00:00,28291,3.2823,3.24,3.28,3.3,3.24,24
2023-12-21 13:01:00,285,3.29,3.29,3.29,3.29,3.29,3
2023-12-21 13:02:00,1355,3.275,3.29,3.27,3.3,3.26,21
2023-12-21 13:03:00,726,3.2411,3.24,3.24,3.27,3.24,7
2023-12-21 13:05:00,200,3.28,3.28,3.28,3.28,3.28,2
2023-12-21 13:06:00,500,3.28,3.28,3.28,3.28,3.28,4
2023-12-21 13:08:00,2449,3.2801,3.28,3.28,3.28,3.28,3
2023-12-21 13:09:00,200,3.28,3.28,3.28,3.28,3.28,1
2023-12-21 13:11:00,340,3.2829,3.28,3.29,3.29,3.28,3
2023-12-21 13:12:00,200,3.285,3.28,3.28,3.28,3.28,3
2023-12-21 13:14:00,1030,3.2874,3.285,3.29,3.29,3.285,4
2023-12-21 13:17:00,366,3.29,3.29,3.29,3.29,3.29,3
2023-12-21 13:19:00,150,3.29,3.29,3.29,3.29,3.29,2
2023-12-21 13:20:00,350,3.28,3.28,3.28,3.28,3.28,1
2023-12-21 13:21:00,1269,3.2813,3.28,3.29,3.29,3.28,11
2023-12-21 13:23:00,220,3.281,3.28,3.2802,3.2802,3.28,3
2023-12-21 13:25:00,2122,3.28,3.28,3.28,3.28,3.28,13
2023-12-21 13:28:00,437,3.2633,3.27,3.26,3.27,3.26,2
2023-12-21 13:29:00,205,3.27,3.27,3.27,3.27,3.27,3
2023-12-21 13:30:00,200,3.3,3.3,3.3,3.3,3.3,1
2023-12-21 13:31:00,345,3.2942,3.29,3.3,3.3,3.29,4
2023-12-21 13:36:00,657,3.2601,3.26,3.26,3.26,3.26,4
2023-12-21 13:37:00,502,3.26,3.26,3.26,3.26,3.26,2
2023-12-21 13:38:00,2703,3.2588,3.26,3.25,3.26,3.25,15
2023-12-21 13:39:00,1000,3.267,3.26,3.27,3.27,3.26,5
2023-12-21 13:40:00,309,3.2538,3.26,3.25,3.26,3.25,3
2023-12-21 13:41:00,680,3.2674,3.26,3.27,3.27,3.26,7
2023-12-21 13:42:00,1231,3.2781,3.27,3.28,3.28,3.27,5
2023-12-21 13:43:00,157,3.27,3.27,3.27,3.27,3.27,7
2023-12-21 13:44:00,1710,3.2801,3.28,3.28,3.28,3.28,8
2023-12-21 13:48:00,1258,3.2908,3.29,3.29,3.3,3.29,14
2023-12-21 13:49:00,230,3.2887,3.29,3.29,3.29,3.29,2
2023-12-21 13:50:00,3516,3.2801,3.28,3.28,3.28,3.28,8
2023-12-21 13:51:00,3001,3.2797,3.27,3.28,3.28,3.27,5
2023-12-21 13:53:00,386,3.2787,3.275,3.28,3.28,3.275,5
2023-12-21 13:59:00,1530,3.27,3.27,3.27,3.27,3.27,2
2023-12-21 14:07:00,125,3.28,3.28,3.28,3.28,3.28,1
2023-12-21 14:10:00,2600,3.28,3.28,3.28,3.28,3.28,15
2023-12-21 14:12:00,3000,3.2899,3.2899,3.2899,3.2899,3.2899,1
2023-12-21 14:13:00,501,3.2895,3.2895,3.2895,3.2895,3.2895,2
2023-12-21 14:16:00,124,3.28,3.28,3.28,3.28,3.28,2
2023-12-21 14:17:00,1730,3.283,3.28,3.29,3.29,3.28,12
2023-12-21 14:19:00,2500,3.29,3.29,3.29,3.29,3.29,10
2023-12-21 14:20:00,400,3.2977,3.3,3.2908,3.3,3.2908,4
2023-12-21 14:22:00,1001,3.2901,3.2901,3.2901,3.2901,3.2901,2
2023-12-21 14:23:00,2015,3.29,3.29,3.29,3.29,3.29,7
2023-12-21 14:25:00,876,3.3,3.3,3.3,3.3,3.3,11
2023-12-21 14:26:00,402,3.3,3.3,3.3,3.3,3.3,2
2023-12-21 14:27:00,5401,3.3164,3.3,3.3,3.34,3.3,31
2023-12-21 14:30:00,170415,3.3197,3.3,3.33,3.36,3.3,373
2023-12-21 14:31:00,55344,3.3486,3.34,3.355,3.365,3.34,127
2023-12-21 14:32:00,68530,3.3166,3.3578,3.315,3.3599,3.3,167
2023-12-21 14:33:00,12230,3.3347,3.31,3.3339,3.3475,3.31,41
2023-12-21 14:34:00,28372,3.3402,3.3398,3.35,3.35,3.33,96
2023-12-21 14:35:00,25677,3.3527,3.36,3.34,3.365,3.335,146
2023-12-21 14:36:00,37941,3.3105,3.33,3.31,3.33,3.3,178
2023-12-21 14:37:00,39455,3.2957,3.32,3.29,3.32,3.28,121
2023-12-21 14:38:00,6186,3.2964,3.295,3.29,3.3,3.29,54
2023-12-21 14:39:00,10342,3.2784,3.285,3.275,3.289,3.27,54
2023-12-21 14:40:00,10750,3.263,3.27,3.265,3.275,3.26,60
2023-12-21 14:41:00,36064,3.2691,3.27,3.245,3.28,3.245,71
2023-12-21 14:42:00,10270,3.2469,3.245,3.26,3.26,3.2409,50
2023-12-21 14:43:00,15322,3.2568,3.25,3.2789,3.2789,3.24,72
2023-12-21 14:44:00,7035,3.2772,3.275,3.2786,3.2795,3.27,23
2023-12-21 14:45:00,18825,3.2715,3.2706,3.26,3.28,3.26,87
2023-12-21 14:46:00,20520,3.2712,3.27,3.2899,3.29,3.26,87
2023-12-21 14:47:00,9897,3.2815,3.29,3.27,3.29,3.27,77
2023-12-21 14:48:00,92927,3.284,3.27,3.305,3.31,3.27,456
2023-12-21 14:49:00,37896,3.3043,3.3,3.3197,3.3197,3.29,173
2023-12-21 14:50:00,9388,3.3107,3.315,3.305,3.315,3.3014,29
2023-12-21 14:51:00,18131,3.3129,3.3,3.3099,3.32,3.3,44
2023-12-21 14:52:00,25145,3.3067,3.305,3.315,3.32,3.3,102
2023-12-21 14:53:00,27232,3.3076,3.315,3.3099,3.32,3.3,77
2023-12-21 14:54:00,7281,3.3031,3.3088,3.3,3.31,3.3,40
2023-12-21 14:55:00,12446,3.3037,3.3,3.3,3.31,3.3,62
2023-12-21 14:56:00,18744,3.3012,3.3,3.305,3.305,3.3,81
2023-12-21 14:57:00,21959,3.3012,3.305,3.3,3.3086,3.3,100
2023-12-21 14:58:00,7842,3.2869,3.2999,3.2759,3.3,3.2759,52
2023-12-21 14:59:00,14153,3.2767,3.2749,3.278,3.28,3.27,17
2023-12-21 15:00:00,5880,3.2767,3.2739,3.2799,3.2799,3.27,17
2023-12-21 15:01:00,40322,3.2666,3.2775,3.263,3.2775,3.26,97
2023-12-21 15:02:00,30050,3.2636,3.2699,3.265,3.27,3.25,66
2023-12-21 15:03:00,9183,3.264,3.266,3.255,3.266,3.255,27
2023-12-21 15:04:00,9571,3.2594,3.2578,3.265,3.265,3.255,44
2023-12-21 15:05:00,3135,3.266,3.26,3.2699,3.2699,3.26,12
2023-12-21 15:06:00,10356,3.2583,3.265,3.2518,3.265,3.2518,43
2023-12-21 15:07:00,4608,3.255,3.25,3.25,3.26,3.25,21
2023-12-21 15:08:00,1866,3.2534,3.255,3.255,3.2597,3.25,32
2023-12-21 15:09:00,5632,3.2541,3.25,3.255,3.2563,3.25,23
2023-12-21 15:10:00,30014,3.2784,3.26,3.29,3.2985,3.26,129
2023-12-21 15:11:00,29535,3.2768,3.285,3.28,3.29,3.27,102
2023-12-21 15:12:00,8625,3.2905,3.28,3.295,3.3,3.28,41
2023-12-21 15:13:00,52111,3.3007,3.3,3.305,3.31,3.298,174
2023-12-21 15:14:00,7640,3.3084,3.305,3.31,3.31,3.3,19
2023-12-21 15:15:00,5677,3.3025,3.3054,3.3042,3.31,3.3,41
2023-12-21 15:16:00,9570,3.3049,3.31,3.3099,3.31,3.3009,32
2023-12-21 15:17:00,24461,3.3119,3.31,3.315,3.32,3.305,48
2023-12-21 15:18:00,13700,3.3191,3.32,3.32,3.32,3.3101,63
2023-12-21 15:19:00,22172,3.3162,3.32,3.31,3.325,3.305,108
2023-12-21 15:20:00,5692,3.3096,3.3001,3.315,3.315,3.3001,55
2023-12-21 15:21:00,10746,3.3218,3.32,3.325,3.33,3.315,76
2023-12-21 15:22:00,26024,3.3296,3.3299,3.325,3.33,3.325,127
2023-12-21 15:23:00,10410,3.3285,3.325,3.3283,3.3299,3.3237,25
2023-12-21 15:24:00,9594,3.3149,3.32,3.305,3.325,3.305,68
2023-12-21 15:25:00,14103,3.292,3.31,3.285,3.31,3.28,93
2023-12-21 15:26:00,8114,3.2742,3.2817,3.2791,3.2817,3.265,44
2023-12-21 15:27:00,8751,3.2726,3.2713,3.28,3.28,3.2709,28
2023-12-21 15:28:00,9490,3.2707,3.275,3.2686,3.275,3.26,79
2023-12-21 15:29:00,9673,3.2725,3.27,3.275,3.2799,3.27,37
2023-12-21 15:30:00,2369,3.2741,3.2784,3.275,3.28,3.2701,25
2023-12-21 15:31:00,5170,3.2748,3.28,3.2709,3.28,3.27,19
2023-12-21 15:32:00,29085,3.2796,3.275,3.28,3.28,3.275,84
2023-12-21 15:33:00,6816,3.2736,3.275,3.27,3.2784,3.265,41
2023-12-21 15:34:00,6705,3.2768,3.27,3.285,3.285,3.2699,40
2023-12-21 15:35:00,14176,3.2713,3.28,3.26,3.285,3.26,65
2023-12-21 15:36:00,2664,3.2678,3.27,3.2692,3.27,3.265,23
2023-12-21 15:37:00,3306,3.2678,3.27,3.265,3.27,3.2603,26
2023-12-21 15:38:00,8093,3.2591,3.2602,3.255,3.265,3.25,60
2023-12-21 15:39:00,7517,3.2552,3.26,3.255,3.26,3.2501,37
2023-12-21 15:40:00,31166,3.2476,3.2533,3.2301,3.2556,3.23,116
2023-12-21 15:41:00,11302,3.2471,3.24,3.25,3.25,3.24,64
2023-12-21 15:42:00,15914,3.2625,3.255,3.27,3.27,3.2501,51
2023-12-21 15:43:00,25007,3.2697,3.2697,3.2699,3.27,3.265,12
2023-12-21 15:44:00,2161,3.2692,3.27,3.27,3.27,3.2691,13
2023-12-21 15:45:00,5523,3.2684,3.26,3.275,3.28,3.26,49
2023-12-21 15:46:00,4524,3.2683,3.27,3.265,3.275,3.26,38
2023-12-21 15:47:00,3501,3.2638,3.265,3.2601,3.2667,3.26,24
2023-12-21 15:48:00,3381,3.2599,3.2682,3.2585,3.2682,3.255,41
2023-12-21 15:49:00,4792,3.259,3.26,3.2583,3.26,3.2503,15
2023-12-21 15:50:00,26447,3.2437,3.255,3.245,3.26,3.23,130
2023-12-21 15:51:00,14236,3.2582,3.25,3.2582,3.265,3.25,97
2023-12-21 15:52:00,1951,3.2576,3.255,3.26,3.26,3.25,11
2023-12-21 15:53:00,1661,3.2544,3.255,3.25,3.26,3.25,12
2023-12-21 15:54:00,10284,3.2433,3.25,3.25,3.25,3.2401,32
2023-12-21 15:55:00,2554,3.2488,3.245,3.2412,3.25,3.2412,14
2023-12-21 15:56:00,3092,3.2451,3.245,3.25,3.25,3.245,20
2023-12-21 15:57:00,909,3.2426,3.245,3.24,3.245,3.24,11
2023-12-21 15:58:00,8448,3.2493,3.25,3.245,3.255,3.245,67
2023-12-21 15:59:00,4843,3.2569,3.25,3.265,3.265,3.245,57
2023-12-21 16:00:00,409,3.2635,3.26,3.265,3.265,3.26,8
2023-12-21 16:01:00,5275,3.2626,3.27,3.2605,3.27,3.26,41
2023-12-21 16:02:00,8160,3.2668,3.265,3.2693,3.27,3.26,37
2023-12-21 16:03:00,14615,3.2701,3.27,3.275,3.275,3.265,66
2023-12-21 16:04:00,4495,3.2728,3.275,3.27,3.275,3.27,32
2023-12-21 16:05:00,397,3.2667,3.2699,3.265,3.2699,3.265,8
2023-12-21 16:06:00,3684,3.2684,3.2685,3.265,3.27,3.265,7
2023-12-21 16:07:00,3935,3.262,3.26,3.27,3.27,3.26,28
2023-12-21 16:08:00,634,3.2664,3.27,3.265,3.27,3.265,9
2023-12-21 16:09:00,3629,3.2593,3.26,3.26,3.2675,3.255,41
2023-12-21 16:10:00,2289,3.2621,3.26,3.2676,3.2687,3.255,28
2023-12-21 16:11:00,14710,3.2699,3.265,3.27,3.27,3.265,4
2023-12-21 16:12:00,5313,3.2709,3.27,3.28,3.28,3.27,54
2023-12-21 16:13:00,13921,3.271,3.27,3.27,3.275,3.27,53
2023-12-21 16:14:00,1590,3.2702,3.2699,3.28,3.28,3.265,14
2023-12-21 16:15:00,1001,3.2782,3.28,3.275,3.28,3.275,14
2023-12-21 16:16:00,722,3.2757,3.2799,3.275,3.2799,3.275,7
2023-12-21 16:17:00,3579,3.2695,3.27,3.27,3.27,3.265,48
2023-12-21 16:18:00,1224,3.272,3.27,3.28,3.28,3.27,13
2023-12-21 16:19:00,433,3.276,3.275,3.28,3.28,3.275,9
2023-12-21 16:20:00,662,3.2731,3.2701,3.275,3.275,3.2701,4
2023-12-21 16:21:00,7491,3.2801,3.275,3.28,3.2875,3.275,48
2023-12-21 16:22:00,5548,3.2777,3.275,3.278,3.278,3.275,8
2023-12-21 16:23:00,2579,3.2784,3.28,3.28,3.28,3.275,15
2023-12-21 16:24:00,10759,3.2797,3.2781,3.2797,3.28,3.2781,16
2023-12-21 16:25:00,1922,3.2772,3.2798,3.275,3.2798,3.2705,12
2023-12-21 16:26:00,5215,3.2795,3.2769,3.285,3.285,3.2769,41
2023-12-21 16:27:00,2057,3.2867,3.2812,3.285,3.2899,3.2812,10
2023-12-21 16:28:00,7445,3.2905,3.29,3.2905,3.3,3.29,47
2023-12-21 16:29:00,1054,3.2959,3.295,3.295,3.3,3.29,14
2023-12-21 16:30:00,5559,3.2992,3.3,3.3,3.3,3.2993,11
2023-12-21 16:31:00,15738,3.2918,3.3,3.29,3.3,3.285,85
2023-12-21 16:32:00,42225,3.279,3.285,3.27,3.285,3.27,48
2023-12-21 16:33:00,8532,3.2677,3.27,3.27,3.27,3.26,50
2023-12-21 16:34:00,5899,3.2701,3.265,3.27,3.275,3.265,51
2023-12-21 16:35:00,18630,3.2692,3.27,3.2773,3.2773,3.2637,58
2023-12-21 16:36:00,39217,3.2766,3.27,3.29,3.29,3.27,126
2023-12-21 16:37:00,2721,3.2832,3.28,3.2883,3.2883,3.28,14
2023-12-21 16:38:00,8240,3.2863,3.2899,3.28,3.29,3.28,23
2023-12-21 16:39:00,8041,3.2779,3.28,3.2775,3.28,3.27,39
2023-12-21 16:40:00,13224,3.2772,3.28,3.275,3.28,3.27,11
2023-12-21 16:41:00,3420,3.2774,3.2774,3.28,3.28,3.2701,25
2023-12-21 16:42:00,2083,3.2757,3.28,3.275,3.28,3.275,18
2023-12-21 16:43:00,2070,3.2756,3.275,3.27,3.2779,3.27,14
2023-12-21 16:44:00,4340,3.273,3.275,3.27,3.28,3.27,18
2023-12-21 16:45:00,4729,3.2817,3.275,3.285,3.285,3.275,40
2023-12-21 16:46:00,3023,3.2879,3.2889,3.2805,3.2889,3.2805,9
2023-12-21 16:47:00,3017,3.2875,3.285,3.285,3.2889,3.2835,17
2023-12-21 16:48:00,774,3.2839,3.285,3.2875,3.2875,3.285,14
2023-12-21 16:49:00,4036,3.2879,3.286,3.285,3.29,3.285,11
2023-12-21 16:50:00,507,3.2892,3.29,3.29,3.29,3.2883,8
2023-12-21 16:51:00,13731,3.28,3.28,3.2801,3.285,3.275,71
2023-12-21 16:52:00,1604,3.2794,3.28,3.275,3.28,3.275,18
2023-12-21 16:53:00,10756,3.2806,3.2781,3.285,3.285,3.275,30
2023-12-21 16:54:00,1616,3.2865,3.285,3.285,3.2898,3.2801,8
2023-12-21 16:55:00,10250,3.28,3.2888,3.275,3.2888,3.27,60
2023-12-21 16:56:00,3229,3.276,3.28,3.275,3.28,3.275,12
2023-12-21 16:57:00,2234,3.2828,3.28,3.2821,3.288,3.28,13
2023-12-21 16:58:00,3941,3.2871,3.285,3.29,3.29,3.2847,16
2023-12-21 16:59:00,11692,3.2899,3.2803,3.285,3.2975,3.28,80
2023-12-21 17:00:00,18421,3.2854,3.28,3.285,3.29,3.275,58
2023-12-21 17:01:00,5086,3.2901,3.285,3.3,3.3,3.285,47
2023-12-21 17:02:00,4425,3.2954,3.295,3.29,3.2999,3.29,19
2023-12-21 17:03:00,17958,3.2878,3.2999,3.285,3.2999,3.28,43
2023-12-21 17:04:00,2290,3.2841,3.285,3.2837,3.285,3.28,7
2023-12-21 17:05:00,2118,3.2889,3.285,3.285,3.29,3.285,13
2023-12-21 17:06:00,1389,3.2839,3.29,3.2816,3.29,3.2816,7
2023-12-21 17:07:00,1645,3.2884,3.29,3.2881,3.29,3.2833,16
2023-12-21 17:08:00,2213,3.2856,3.2875,3.29,3.29,3.28,15
2023-12-21 17:09:00,9897,3.2774,3.2801,3.275,3.2801,3.27,38
2023-12-21 17:10:00,4688,3.2711,3.2701,3.275,3.275,3.2701,7
2023-12-21 17:11:00,4126,3.2807,3.275,3.28,3.29,3.275,36
2023-12-21 17:12:00,774,3.2847,3.2822,3.285,3.2882,3.2822,14
2023-12-21 17:13:00,8816,3.2736,3.28,3.271,3.28,3.271,35
2023-12-21 17:14:00,5181,3.2701,3.27,3.2736,3.2736,3.27,6
2023-12-21 17:15:00,3667,3.2793,3.275,3.285,3.285,3.275,33
2023-12-21 17:16:00,5065,3.2873,3.28,3.285,3.2879,3.28,11
2023-12-21 17:17:00,11398,3.276,3.28,3.272,3.28,3.27,48
2023-12-21 17:18:00,5159,3.2795,3.28,3.28,3.28,3.275,28
2023-12-21 17:19:00,891,3.2861,3.285,3.285,3.29,3.2801,9
2023-12-21 17:20:00,4877,3.2849,3.285,3.285,3.285,3.285,9
2023-12-21 17:21:00,5555,3.2822,3.2898,3.275,3.2898,3.275,43
2023-12-21 17:22:00,455,3.2739,3.27,3.275,3.275,3.27,6
2023-12-21 17:23:00,393,3.277,3.27,3.27,3.27,3.27,8
2023-12-21 17:24:00,5178,3.2793,3.2773,3.28,3.28,3.275,37
2023-12-21 17:25:00,9540,3.2795,3.285,3.275,3.285,3.275,28
2023-12-21 17:26:00,4104,3.28,3.275,3.285,3.285,3.275,35
2023-12-21 17:27:00,375,3.2867,3.28,3.29,3.29,3.28,3
2023-12-21 17:28:00,10631,3.2814,3.29,3.28,3.29,3.28,52
2023-12-21 17:29:00,1088,3.2796,3.28,3.2787,3.28,3.2787,11
2023-12-21 17:30:00,6031,3.2796,3.28,3.28,3.28,3.272,54
2023-12-21 17:31:00,9787,3.2896,3.29,3.285,3.295,3.28,97
2023-12-21 17:32:00,7055,3.2965,3.289,3.2985,3.3,3.289,22
2023-12-21 17:33:00,2123,3.2921,3.2901,3.295,3.295,3.2901,17
2023-12-21 17:34:00,3764,3.2898,3.29,3.29,3.29,3.29,25
2023-12-21 17:35:00,6632,3.2853,3.28,3.28,3.289,3.275,32
2023-12-21 17:36:00,3348,3.2833,3.28,3.28,3.2885,3.28,28
2023-12-21 17:37:00,441,3.2891,3.29,3.29,3.29,3.29,12
2023-12-21 17:38:00,2674,3.2869,3.29,3.28,3.29,3.28,23
2023-12-21 17:39:00,3131,3.285,3.285,3.285,3.285,3.285,11
2023-12-21 17:40:00,653,3.2835,3.285,3.285,3.285,3.28,8
2023-12-21 17:42:00,1329,3.2861,3.29,3.285,3.29,3.285,23
2023-12-21 17:43:00,6517,3.2806,3.2885,3.275,3.2885,3.275,52
2023-12-21 17:44:00,1410,3.2746,3.27,3.28,3.28,3.27,11
2023-12-21 17:45:00,8472,3.286,3.2798,3.29,3.29,3.2798,24
2023-12-21 17:47:00,7257,3.2775,3.28,3.275,3.28,3.27,48
2023-12-21 17:48:00,3158,3.2752,3.28,3.275,3.28,3.275,7
2023-12-21 17:49:00,3304,3.2795,3.28,3.28,3.28,3.28,6
2023-12-21 17:50:00,277,3.274,3.275,3.275,3.275,3.275,8
2023-12-21 17:51:00,680,3.2727,3.2713,3.275,3.275,3.2713,8
2023-12-21 17:52:00,313,3.2722,3.275,3.27,3.275,3.27,8
2023-12-21 17:53:00,14220,3.2739,3.2797,3.27,3.2797,3.265,57
2023-12-21 17:54:00,372,3.2651,3.265,3.265,3.265,3.265,5
2023-12-21 17:55:00,2316,3.2627,3.2614,3.265,3.265,3.26,15
2023-12-21 17:56:00,1418,3.266,3.2626,3.2626,3.2626,3.2626,8
2023-12-21 17:57:00,9805,3.2613,3.265,3.255,3.2699,3.255,52
2023-12-21 17:58:00,2606,3.2571,3.2585,3.26,3.26,3.255,12
2023-12-21 18:00:00,8022,3.2607,3.26,3.265,3.27,3.26,64
2023-12-21 18:01:00,419,3.2631,3.265,3.265,3.265,3.265,13
2023-12-21 18:02:00,745,3.2641,3.265,3.27,3.27,3.2612,7
2023-12-21 18:03:00,4444,3.2693,3.265,3.27,3.27,3.265,12
2023-12-21 18:04:00,15398,3.2676,3.27,3.274,3.274,3.2615,25
2023-12-21 18:05:00,1564,3.2738,3.27,3.27,3.275,3.27,9
2023-12-21 18:06:00,592,3.2754,3.275,3.275,3.2775,3.275,9
2023-12-21 18:07:00,15737,3.265,3.27,3.265,3.27,3.255,80
2023-12-21 18:08:00,479,3.2665,3.265,3.2699,3.2699,3.265,7
2023-12-21 18:09:00,2774,3.2723,3.2686,3.28,3.28,3.2686,21
2023-12-21 18:10:00,475,3.2735,3.2701,3.2773,3.2773,3.27,11
2023-12-21 18:11:00,3475,3.2775,3.27,3.2788,3.2788,3.27,9
2023-12-21 18:12:00,1452,3.2741,3.275,3.2731,3.275,3.2731,6
2023-12-21 18:13:00,1000,3.2733,3.275,3.2713,3.2775,3.27,15
2023-12-21 18:14:00,3654,3.2689,3.27,3.2684,3.27,3.265,37
2023-12-21 18:15:00,4055,3.268,3.265,3.2681,3.2688,3.26,14
2023-12-21 18:17:00,13909,3.254,3.265,3.2504,3.27,3.2504,40
2023-12-21 18:18:00,1910,3.2509,3.2511,3.2501,3.2511,3.25,10
2023-12-21 18:19:00,12544,3.2495,3.2538,3.245,3.2538,3.245,68
2023-12-21 18:20:00,6367,3.241,3.2433,3.245,3.245,3.24,34
2023-12-21 18:21:00,3943,3.2496,3.25,3.25,3.25,3.245,37
2023-12-21 18:22:00,9311,3.262,3.26,3.265,3.27,3.26,39
2023-12-21 18:23:00,155,3.265,3.265,3.265,3.265,3.265,5
2023-12-21 18:24:00,1480,3.265,3.265,3.265,3.265,3.265,5
2023-12-21 18:25:00,424,3.2619,3.26,3.26,3.26,3.26,10
2023-12-21 18:26:00,14331,3.2598,3.26,3.265,3.265,3.2525,74
2023-12-21 18:27:00,503,3.2601,3.26,3.26,3.26,3.26,4
2023-12-21 18:28:00,856,3.2614,3.2603,3.265,3.265,3.2601,7
2023-12-21 18:29:00,1093,3.2649,3.2635,3.265,3.265,3.2635,15
2023-12-21 18:30:00,7101,3.2688,3.265,3.27,3.27,3.265,73
2023-12-21 18:31:00,288,3.2759,3.275,3.275,3.275,3.275,8
2023-12-21 18:32:00,5422,3.2716,3.275,3.2776,3.2776,3.2702,9
2023-12-21 18:34:00,579,3.2715,3.2716,3.27,3.2716,3.27,8
2023-12-21 18:35:00,16180,3.27,3.275,3.27,3.2775,3.27,95
2023-12-21 18:36:00,972,3.2745,3.275,3.275,3.275,3.275,9
2023-12-21 18:37:00,17729,3.2796,3.28,3.28,3.285,3.27,65
2023-12-21 18:38:00,314,3.2769,3.2798,3.275,3.2798,3.275,10
2023-12-21 18:39:00,247,3.2786,3.28,3.28,3.28,3.28,6
2023-12-21 18:42:00,3487,3.2776,3.275,3.285,3.285,3.275,22
2023-12-21 18:43:00,1197,3.2848,3.285,3.285,3.285,3.2801,13
2023-12-21 18:44:00,2254,3.2892,3.29,3.29,3.29,3.2886,7
2023-12-21 18:45:00,12655,3.2899,3.2899,3.29,3.29,3.285,10
2023-12-21 18:46:00,1289,3.2871,3.29,3.29,3.29,3.29,17
2023-12-21 18:47:00,2214,3.2862,3.2897,3.28,3.29,3.28,24
2023-12-21 18:48:00,1091,3.2819,3.2837,3.285,3.285,3.28,15
2023-12-21 18:49:00,842,3.2812,3.2875,3.2801,3.2875,3.2801,6
2023-12-21 18:50:00,1102,3.2825,3.28,3.29,3.29,3.28,20
2023-12-21 18:51:00,504,3.2874,3.2874,3.2873,3.2875,3.2873,4
2023-12-21 18:52:00,22376,3.2918,3.285,3.295,3.3,3.285,60
2023-12-21 18:53:00,10020,3.2916,3.295,3.3,3.3,3.2901,24
2023-12-21 18:54:00,10110,3.2895,3.295,3.286,3.295,3.2801,56
2023-12-21 18:55:00,7947,3.2903,3.29,3.292,3.295,3.29,40
2023-12-21 18:56:00,7507,3.2952,3.295,3.295,3.3,3.295,16
2023-12-21 18:57:00,6685,3.2988,3.2999,3.2999,3.2999,3.29,16
2023-12-21 18:58:00,3151,3.2966,3.3,3.2943,3.3,3.2943,17
2023-12-21 18:59:00,27217,3.3017,3.2998,3.3087,3.31,3.2998,84
2023-12-21 19:00:00,725,3.3061,3.305,3.305,3.31,3.305,13
2023-12-21 19:02:00,284,3.3066,3.305,3.31,3.31,3.305,10
2023-12-21 19:03:00,3118,3.3084,3.309,3.305,3.31,3.305,15
2023-12-21 19:04:00,1211,3.3078,3.3075,3.3,3.31,3.3,5
2023-12-21 19:05:00,1725,3.3094,3.3099,3.305,3.3099,3.305,6
2023-12-21 19:06:00,3021,3.3081,3.3083,3.31,3.31,3.308,7
2023-12-21 19:07:00,903,3.3061,3.305,3.31,3.31,3.305,12
2023-12-21 19:08:00,3751,3.3063,3.3099,3.305,3.31,3.3,20
2023-12-21 19:09:00,6398,3.3049,3.3009,3.3088,3.3088,3.3009,10
2023-12-21 19:10:00,332,3.3054,3.3,3.305,3.31,3.3,6
2023-12-21 19:11:00,1170,3.3081,3.305,3.31,3.31,3.305,19
2023-12-21 19:12:00,34908,3.3077,3.305,3.31,3.32,3.3,113
2023-12-21 19:13:00,10266,3.3,3.305,3.3,3.305,3.295,46
2023-12-21 19:14:00,190,3.295,3.2976,3.2976,3.2976,3.2976,3
2023-12-21 19:15:00,19225,3.2942,3.295,3.295,3.3,3.291,17
2023-12-21 19:16:00,304,3.2983,3.295,3.3,3.3,3.295,4
2023-12-21 19:17:00,260,3.295,3.295,3.295,3.295,3.295,4
2023-12-21 19:18:00,6912,3.2977,3.295,3.2971,3.3,3.295,44
2023-12-21 19:19:00,11128,3.2995,3.3,3.2996,3.3,3.295,16
2023-12-21 19:20:00,17983,3.2993,3.295,3.2988,3.3005,3.2901,64
2023-12-21 19:21:00,6250,3.2902,3.295,3.29,3.295,3.29,41
2023-12-21 19:22:00,1206,3.2863,3.29,3.2862,3.29,3.285,9
2023-12-21 19:23:00,5719,3.286,3.285,3.285,3.29,3.2801,16
2023-12-21 19:24:00,276,3.2837,3.2812,3.285,3.285,3.2812,9
2023-12-21 19:25:00,1916,3.2812,3.285,3.281,3.285,3.28,20
2023-12-21 19:26:00,4612,3.2849,3.29,3.28,3.29,3.28,11
2023-12-21 19:27:00,3602,3.2879,3.29,3.2877,3.29,3.285,19
2023-12-21 19:28:00,11847,3.2895,3.285,3.2899,3.2899,3.285,8
2023-12-21 19:29:00,6186,3.2839,3.285,3.285,3.285,3.2823,7
2023-12-21 19:30:00,24436,3.2883,3.28,3.281,3.29,3.28,17
2023-12-21 19:31:00,20296,3.2897,3.2898,3.285,3.2898,3.285,6
2023-12-21 19:32:00,19642,3.2904,3.29,3.295,3.295,3.285,136
2023-12-21 19:33:00,8828,3.2865,3.29,3.2879,3.2913,3.2801,33
2023-12-21 19:34:00,4810,3.2894,3.29,3.29,3.29,3.285,30
2023-12-21 19:35:00,1126,3.2917,3.295,3.29,3.295,3.29,15
2023-12-21 19:36:00,4695,3.2897,3.295,3.29,3.295,3.285,25
2023-12-21 19:37:00,5710,3.2904,3.285,3.29,3.295,3.285,39
2023-12-21 19:38:00,1834,3.2934,3.29,3.295,3.295,3.29,10
2023-12-21 19:39:00,3002,3.2956,3.295,3.295,3.3,3.295,18
2023-12-21 19:40:00,5621,3.2945,3.2988,3.2999,3.2999,3.29,20
2023-12-21 19:41:00,327,3.2964,3.295,3.3,3.3,3.295,8
2023-12-21 19:42:00,3816,3.2987,3.295,3.2907,3.3,3.2907,13
2023-12-21 19:43:00,2088,3.2958,3.295,3.3,3.3,3.295,19
2023-12-21 19:44:00,23022,3.3,3.3,3.295,3.3,3.295,123
2023-12-21 19:45:00,700,3.2926,3.295,3.29,3.295,3.29,8
2023-12-21 19:46:00,4995,3.2905,3.29,3.29,3.2975,3.29,48
2023-12-21 19:47:00,9452,3.2903,3.285,3.295,3.3,3.285,60
2023-12-21 19:48:00,858,3.2929,3.29,3.2918,3.2999,3.29,16
2023-12-21 19:49:00,13200,3.2902,3.295,3.28,3.295,3.28,39
2023-12-21 19:50:00,526,3.2855,3.2855,3.2855,3.2855,3.2855,5
2023-12-21 19:51:00,5823,3.287,3.2899,3.28,3.2899,3.28,15
2023-12-21 19:52:00,298,3.2832,3.285,3.28,3.285,3.28,10
2023-12-21 19:53:00,5190,3.2822,3.281,3.28,3.285,3.28,24
2023-12-21 19:54:00,12824,3.2796,3.28,3.275,3.28,3.275,59
2023-12-21 19:55:00,12870,3.2804,3.2799,3.285,3.285,3.2799,36
2023-12-21 19:56:00,5005,3.285,3.285,3.28,3.2881,3.28,28
2023-12-21 19:57:00,4817,3.2807,3.2813,3.275,3.2813,3.275,43
2023-12-21 19:58:00,3953,3.2754,3.275,3.2782,3.28,3.2701,23
2023-12-21 19:59:00,25364,3.2805,3.28,3.285,3.285,3.28,64
2023-12-21 20:00:00,10302,3.2873,3.285,3.29,3.29,3.2812,15
2023-12-21 20:01:00,3798,3.2898,3.29,3.288,3.29,3.288,21
2023-12-21 20:02:00,9124,3.2918,3.29,3.2975,3.3,3.29,57
2023-12-21 20:03:00,2531,3.2953,3.295,3.2974,3.2978,3.29,15
2023-12-21 20:04:00,1541,3.2957,3.295,3.295,3.3,3.295,15
2023-12-21 20:05:00,6762,3.2976,3.293,3.295,3.3,3.293,20
2023-12-21 20:06:00,1285,3.2959,3.295,3.2975,3.3,3.2935,9
2023-12-21 20:07:00,494,3.2933,3.295,3.295,3.295,3.295,13
2023-12-21 20:08:00,3029,3.2951,3.3,3.3,3.3,3.29,19
2023-12-21 20:09:00,800,3.2949,3.295,3.295,3.295,3.295,6
2023-12-21 20:10:00,13663,3.2998,3.3,3.3075,3.3075,3.295,65
2023-12-21 20:11:00,797,3.3017,3.3,3.3098,3.3098,3.3,10
2023-12-21 20:12:00,8366,3.3062,3.3085,3.305,3.31,3.305,12
2023-12-21 20:13:00,12493,3.3101,3.31,3.315,3.315,3.305,84
2023-12-21 20:14:00,2862,3.3147,3.3175,3.32,3.32,3.31,10
2023-12-21 20:15:00,9112,3.3105,3.31,3.315,3.315,3.31,10
2023-12-21 20:16:00,2494,3.3143,3.315,3.32,3.32,3.315,12
2023-12-21 20:17:00,5901,3.3157,3.3114,3.32,3.32,3.311,32
2023-12-21 20:18:00,2813,3.3188,3.32,3.32,3.32,3.31,23
2023-12-21 20:19:00,727,3.3132,3.31,3.32,3.32,3.31,10
2023-12-21 20:20:00,3932,3.3186,3.32,3.3181,3.32,3.315,19
2023-12-21 20:21:00,28984,3.3096,3.315,3.31,3.32,3.305,101
2023-12-21 20:22:00,3447,3.3089,3.31,3.305,3.31,3.305,18
2023-12-21 20:23:00,4338,3.3066,3.305,3.305,3.31,3.305,25
2023-12-21 20:24:00,10282,3.3092,3.3,3.315,3.315,3.3,51
2023-12-21 20:25:00,461,3.3165,3.315,3.315,3.319,3.315,8
2023-12-21 20:26:00,2966,3.3152,3.315,3.315,3.32,3.31,15
2023-12-21 20:27:00,7558,3.3169,3.315,3.3145,3.32,3.3145,30
2023-12-21 20:28:00,2990,3.319,3.32,3.32,3.32,3.313,28
2023-12-21 20:29:00,17847,3.3244,3.315,3.33,3.33,3.315,63
2023-12-21 20:30:00,22034,3.3202,3.33,3.315,3.33,3.31,82
2023-12-21 20:31:00,1351,3.3149,3.31,3.32,3.32,3.31,9
2023-12-21 20:32:00,1733,3.3177,3.315,3.32,3.32,3.315,22
2023-12-21 20:33:00,2798,3.3178,3.3154,3.315,3.32,3.3103,16
2023-12-21 20:34:00,19176,3.3103,3.31,3.31,3.3175,3.31,88
2023-12-21 20:35:00,8081,3.3029,3.3002,3.3081,3.31,3.3,25
2023-12-21 20:36:00,2814,3.3051,3.3,3.3,3.31,3.3,20
2023-12-21 20:37:00,3925,3.3062,3.3,3.305,3.31,3.3,28
2023-12-21 20:38:00,5770,3.3032,3.309,3.3016,3.31,3.3,30
2023-12-21 20:39:00,3413,3.3047,3.3,3.305,3.305,3.3,15
2023-12-21 20:40:00,7656,3.3051,3.305,3.305,3.31,3.3,31
2023-12-21 20:41:00,3657,3.3052,3.305,3.305,3.31,3.305,20
2023-12-21 20:42:00,2122,3.3073,3.305,3.305,3.31,3.305,26
2023-12-21 20:43:00,2093,3.304,3.305,3.305,3.305,3.3022,14
2023-12-21 20:44:00,5846,3.306,3.305,3.31,3.31,3.3001,45
2023-12-21 20:45:00,7218,3.3037,3.305,3.305,3.31,3.301,30
2023-12-21 20:46:00,41912,3.3096,3.31,3.3057,3.315,3.3,189
2023-12-21 20:47:00,971,3.3096,3.31,3.31,3.31,3.31,11
2023-12-21 20:48:00,3889,3.309,3.31,3.31,3.31,3.305,44
2023-12-21 20:49:00,16454,3.3114,3.3003,3.315,3.32,3.3003,84
2023-12-21 20:50:00,6650,3.3168,3.32,3.3164,3.32,3.31,28
2023-12-21 20:51:00,10712,3.3111,3.315,3.315,3.32,3.315,23
2023-12-21 20:52:00,7743,3.3151,3.3169,3.315,3.32,3.3121,54
2023-12-21 20:53:00,54278,3.3107,3.32,3.31,3.32,3.305,185
2023-12-21 20:54:00,30369,3.3081,3.305,3.305,3.31,3.305,105
2023-12-21 20:55:00,19673,3.3079,3.31,3.31,3.31,3.305,97
2023-12-21 20:56:00,123116,3.3115,3.31,3.3115,3.32,3.305,264
2023-12-21 20:57:00,40798,3.3084,3.31,3.305,3.315,3.305,120
2023-12-21 20:58:00,44101,3.3035,3.3001,3.305,3.31,3.3,138
2023-12-21 20:59:00,79383,3.3047,3.305,3.305,3.31,3.3,401
2023-12-21 21:00:00,80649,3.31,3.31,3.31,3.31,3.31,8
2023-12-21 21:01:00,652,3.3092,3.31,3.31,3.31,3.31,5
2023-12-21 21:02:00,520,3.301,3.3,3.3,3.3,3.3,4
2023-12-21 21:08:00,629,3.3016,3.3,3.31,3.31,3.3,2
2023-12-21 21:11:00,1702,3.3,3.3,3.3,3.3,3.3,2
2023-12-21 21:13:00,23680,3.3129,3.31,3.33,3.33,3.31,11
2023-12-21 21:18:00,634,3.3293,3.33,3.3291,3.33,3.3291,4
2023-12-21 21:19:00,484,3.33,3.33,3.33,3.33,3.33,3
2023-12-21 21:22:00,630,3.33,3.33,3.33,3.33,3.33,3
2023-12-21 21:36:00,243,3.32,3.32,3.32,3.32,3.32,3
2023-12-21 21:43:00,500,3.32,3.32,3.32,3.32,3.32,1
2023-12-21 21:44:00,1500,3.3198,3.32,3.3197,3.32,3.3197,2
2023-12-21 21:46:00,300,3.32,3.32,3.32,3.32,3.32,2
2023-12-21 21:47:00,900,3.33,3.33,3.33,3.33,3.33,1
2023-12-21 21:48:00,525,3.33,3.33,3.33,3.33,3.33,2
2023-12-21 21:49:00,1288,3.3219,3.3106,3.33,3.33,3.3106,3
2023-12-21 21:59:00,100,3.31,3.31,3.31,3.31,3.31,1
2023-12-21 22:02:00,1000,3.33,3.33,3.33,3.33,3.33,1
2023-12-21 22:06:00,3017,3.32,3.32,3.32,3.32,3.32,1
2023-12-21 22:09:00,1608,3.3133,3.31,3.32,3.32,3.31,5
2023-12-21 22:13:00,200,3.33,3.33,3.33,3.33,3.33,1
2023-12-21 22:18:00,1250,3.31,3.31,3.31,3.31,3.31,1
2023-12-21 22:39:00,100,3.33,3.33,3.33,3.33,3.33,1
2023-12-21 22:42:00,1651,3.33,3.33,3.33,3.33,3.33,3
2023-12-21 22:53:00,441,3.31,3.31,3.31,3.31,3.31,7
2023-12-21 23:19:00,300,3.31,3.31,3.31,3.31,3.31,1
2023-12-21 23:24:00,150,3.31,3.31,3.31,3.31,3.31,1
2023-12-21 23:29:00,1000,3.31,3.31,3.31,3.31,3.31,1
2023-12-21 23:32:00,200,3.31,3.31,3.31,3.31,3.31,1
2023-12-21 23:33:00,200,3.31,3.31,3.31,3.31,3.31,1
2023-12-21 23:49:00,205,3.3,3.3,3.3,3.3,3.3,2
2023-12-21 23:54:00,232,3.3078,3.3099,3.3099,3.3099,3.3099,2
2023-12-22 00:10:00,1000,3.3,3.3,3.3,3.3,3.3,1
2023-12-22 00:16:00,320,3.31,3.31,3.31,3.31,3.31,3
2023-12-22 00:26:00,2003,3.31,3.31,3.31,3.31,3.31,2
2023-12-22 00:35:00,190,3.31,3.31,3.31,3.31,3.31,1
2023-12-22 00:42:00,1408,3.3,3.3,3.3,3.3,3.3,8
2023-12-22 00:47:00,3152,3.3,3.3,3.3,3.3,3.3,4
2023-12-22 00:49:00,1858,3.3,3.3,3.3,3.3,3.3,1
2023-12-22 09:04:00,200,3.31,3.31,3.31,3.31,3.31,1
2023-12-22 09:15:00,1000,3.31,3.31,3.31,3.31,3.31,4
2023-12-22 09:37:00,100,3.31,3.31,3.31,3.31,3.31,1
2023-12-22 09:49:00,224,3.31,3.31,3.31,3.31,3.31,3
2023-12-22 09:52:00,1010,3.3226,3.32,3.32,3.33,3.31,8
2023-12-22 09:55:00,100,3.31,3.31,3.31,3.31,3.31,1
2023-12-22 10:08:00,1000,3.316,3.31,3.31,3.32,3.31,9
2023-12-22 10:09:00,1200,3.3142,3.31,3.32,3.32,3.31,6
2023-12-22 10:23:00,100,3.31,3.31,3.31,3.31,3.31,1
2023-12-22 10:25:00,400,3.31,3.31,3.31,3.31,3.31,4
2023-12-22 10:28:00,1517,3.3001,3.3,3.3,3.3,3.3,18
2023-12-22 10:36:00,288,3.3,3.3,3.3,3.3,3.3,3
2023-12-22 11:21:00,500,3.31,3.31,3.31,3.31,3.31,2
2023-12-22 11:25:00,124,3.306,3.305,3.305,3.305,3.305,2
2023-12-22 11:58:00,561,3.3103,3.31,3.31,3.31,3.31,5
2023-12-22 11:59:00,854,3.3147,3.31,3.32,3.32,3.31,5
2023-12-22 12:00:00,102,3.3199,3.32,3.32,3.32,3.32,3
2023-12-22 12:13:00,1017,3.33,3.33,3.33,3.33,3.33,8
2023-12-22 12:32:00,100,3.32,3.32,3.32,3.32,3.32,1
2023-12-22 12:37:00,500,3.33,3.33,3.33,3.33,3.33,1
2023-12-22 12:39:00,1293,3.32,3.32,3.32,3.32,3.32,8
2023-12-22 12:46:00,100,3.32,3.32,3.32,3.32,3.32,1
2023-12-22 12:59:00,373,3.32,3.32,3.32,3.32,3.32,3
2023-12-22 13:00:00,1218,3.3292,3.3298,3.33,3.33,3.3298,6
2023-12-22 13:04:00,1002,3.3292,3.3292,3.3292,3.3292,3.3292,2
2023-12-22 13:06:00,200,3.33,3.33,3.33,3.33,3.33,1
2023-12-22 13:09:00,253,3.3202,3.3201,3.3201,3.3201,3.3201,4
2023-12-22 13:25:00,1521,3.33,3.33,3.33,3.33,3.33,6
2023-12-22 13:32:00,511,3.32,3.32,3.32,3.32,3.32,4
2023-12-22 13:34:00,1000,3.31,3.31,3.31,3.31,3.31,1
2023-12-22 13:41:00,1000,3.33,3.33,3.33,3.33,3.33,1
2023-12-22 13:45:00,283,3.3298,3.3297,3.3297,3.3297,3.3297,5
2023-12-22 13:48:00,11640,3.3304,3.33,3.33,3.34,3.33,23
2023-12-22 13:53:00,1857,3.321,3.33,3.32,3.33,3.32,6
2023-12-22 13:57:00,1035,3.34,3.34,3.34,3.34,3.34,9
2023-12-22 13:58:00,1071,3.3497,3.35,3.35,3.35,3.35,9
2023-12-22 14:00:00,120,3.34,3.34,3.34,3.34,3.34,2
2023-12-22 14:01:00,593,3.37,3.37,3.37,3.37,3.37,1
2023-12-22 14:02:00,350,3.3499,3.34,3.36,3.36,3.34,5
2023-12-22 14:06:00,25419,3.3598,3.36,3.3598,3.36,3.3598,3
2023-12-22 14:07:00,820,3.35,3.35,3.35,3.35,3.35,2
2023-12-22 14:10:00,100,3.34,3.34,3.34,3.34,3.34,1
2023-12-22 14:11:00,100,3.34,3.34,3.34,3.34,3.34,1
2023-12-22 14:12:00,1008,3.34,3.34,3.34,3.34,3.34,11
2023-12-22 14:19:00,734,3.35,3.35,3.35,3.35,3.35,6
2023-12-22 14:22:00,529,3.36,3.36,3.36,3.36,3.36,6
2023-12-22 14:23:00,1486,3.37,3.37,3.37,3.37,3.37,3
2023-12-22 14:24:00,220,3.37,3.37,3.37,3.37,3.37,4
2023-12-22 14:27:00,2976,3.3525,3.36,3.35,3.36,3.35,25
2023-12-22 14:28:00,3130,3.3501,3.35,3.35,3.35,3.35,10
2023-12-22 14:29:00,6744,3.3699,3.37,3.37,3.38,3.36,13
2023-12-22 14:30:00,91769,3.3265,3.34,3.29,3.34,3.28,286
2023-12-22 14:31:00,13027,3.2753,3.29,3.275,3.29,3.27,100
2023-12-22 14:32:00,22893,3.2718,3.2793,3.2984,3.3,3.26,142
2023-12-22 14:33:00,30075,3.3409,3.295,3.335,3.35,3.295,87
2023-12-22 14:34:00,20986,3.3565,3.34,3.36,3.365,3.34,79
2023-12-22 14:35:00,22172,3.3638,3.3621,3.375,3.375,3.355,99
2023-12-22 14:36:00,32294,3.3911,3.37,3.4198,3.42,3.37,160
2023-12-22 14:37:00,66047,3.427,3.42,3.44,3.44,3.41,153
2023-12-22 14:38:00,63637,3.4552,3.44,3.47,3.47,3.425,219
2023-12-22 14:39:00,139771,3.4918,3.47,3.495,3.51,3.46,226
2023-12-22 14:40:00,71795,3.4941,3.5,3.5114,3.52,3.48,211
2023-12-22 14:41:00,47892,3.5186,3.5199,3.52,3.53,3.5,241
2023-12-22 14:42:00,38050,3.5087,3.5199,3.51,3.52,3.5,133
2023-12-22 14:43:00,40452,3.5007,3.5,3.51,3.515,3.49,229
2023-12-22 14:44:00,163807,3.5099,3.51,3.515,3.52,3.49,209
2023-12-22 14:45:00,48446,3.5064,3.51,3.505,3.52,3.49,191
2023-12-22 14:46:00,35019,3.4919,3.5015,3.495,3.5015,3.4803,96
2023-12-22 14:47:00,12179,3.481,3.49,3.4812,3.4984,3.465,69
2023-12-22 14:48:00,53684,3.4929,3.4887,3.5,3.5,3.4887,157
2023-12-22 14:49:00,4211,3.4929,3.4999,3.4832,3.5,3.48,56
2023-12-22 14:50:00,49383,3.4775,3.482,3.4888,3.4942,3.47,228
2023-12-22 14:51:00,6391,3.4925,3.49,3.5,3.5,3.4801,43
2023-12-22 14:52:00,34895,3.498,3.4999,3.5033,3.509,3.49,137
2023-12-22 14:53:00,28373,3.5126,3.51,3.505,3.52,3.5,121
2023-12-22 14:54:00,25551,3.5084,3.51,3.5,3.51,3.5,156
2023-12-22 14:55:00,15265,3.4957,3.495,3.5,3.51,3.4916,75
2023-12-22 14:56:00,6354,3.5026,3.51,3.506,3.51,3.5,39
2023-12-22 14:57:00,16599,3.5,3.51,3.495,3.51,3.4901,96
2023-12-22 14:58:00,26296,3.4893,3.5,3.48,3.5,3.4784,100
2023-12-22 14:59:00,20867,3.469,3.4797,3.4612,3.4797,3.46,90
2023-12-22 15:00:00,39522,3.4646,3.47,3.465,3.47,3.46,155
2023-12-22 15:01:00,27521,3.4677,3.47,3.475,3.48,3.455,111
2023-12-22 15:02:00,12559,3.4758,3.47,3.47,3.48,3.465,83
2023-12-22 15:03:00,8909,3.4778,3.465,3.48,3.49,3.465,59
2023-12-22 15:04:00,14695,3.4715,3.485,3.4572,3.485,3.455,117
2023-12-22 15:05:00,29090,3.452,3.455,3.45,3.46,3.45,96
2023-12-22 15:06:00,49427,3.438,3.44,3.4351,3.45,3.43,114
2023-12-22 15:07:00,2253,3.4331,3.435,3.43,3.435,3.43,27
2023-12-22 15:08:00,11439,3.4391,3.43,3.435,3.44,3.43,72
2023-12-22 15:09:00,6105,3.4373,3.435,3.4383,3.44,3.43,46
2023-12-22 15:10:00,46964,3.4203,3.43,3.415,3.43,3.41,185
2023-12-22 15:11:00,48304,3.4278,3.415,3.43,3.4376,3.415,159
2023-12-22 15:12:00,57729,3.4317,3.43,3.43,3.44,3.43,97
2023-12-22 15:13:00,47755,3.4172,3.425,3.41,3.43,3.41,139
2023-12-22 15:14:00,33091,3.4159,3.41,3.42,3.425,3.4001,139
2023-12-22 15:15:00,49342,3.3988,3.41,3.4,3.415,3.39,255
2023-12-22 15:16:00,3620,3.3956,3.4,3.3952,3.4,3.39,32
2023-12-22 15:17:00,15163,3.3987,3.3986,3.395,3.4,3.39,69
2023-12-22 15:18:00,2897,3.3947,3.3955,3.395,3.3999,3.39,27
2023-12-22 15:19:00,32258,3.3809,3.3985,3.3716,3.3985,3.37,122
2023-12-22 15:20:00,31070,3.3581,3.37,3.3586,3.3788,3.35,185
2023-12-22 15:21:00,45929,3.3536,3.3598,3.36,3.37,3.35,103
2023-12-22 15:22:00,9729,3.3549,3.3597,3.355,3.3597,3.35,28
2023-12-22 15:23:00,5665,3.3576,3.355,3.3576,3.36,3.35,46
2023-12-22 15:24:00,8018,3.3571,3.3591,3.35,3.36,3.35,37
2023-12-22 15:25:00,14065,3.3595,3.355,3.36,3.365,3.35,83
2023-12-22 15:26:00,14523,3.3685,3.365,3.365,3.37,3.36,89
2023-12-22 15:27:00,13859,3.3728,3.365,3.375,3.38,3.365,71
2023-12-22 15:28:00,11061,3.3771,3.375,3.3785,3.38,3.37,43
2023-12-22 15:29:00,25366,3.3784,3.375,3.375,3.385,3.37,97
2023-12-22 15:30:00,3351,3.3786,3.375,3.38,3.38,3.375,40
2023-12-22 15:31:00,30135,3.3701,3.3783,3.37,3.38,3.367,126
2023-12-22 15:32:00,4463,3.3716,3.375,3.365,3.3774,3.365,61
2023-12-22 15:33:00,35306,3.368,3.37,3.3697,3.37,3.365,112
2023-12-22 15:34:00,16127,3.3702,3.37,3.365,3.375,3.365,86
2023-12-22 15:35:00,53522,3.3773,3.3691,3.375,3.38,3.365,191
2023-12-22 15:36:00,49384,3.3816,3.375,3.395,3.395,3.3749,108
2023-12-22 15:37:00,25169,3.3944,3.395,3.3913,3.4,3.39,90
2023-12-22 15:38:00,22560,3.3732,3.39,3.36,3.395,3.36,120
2023-12-22 15:39:00,14138,3.3575,3.365,3.355,3.365,3.3501,66
2023-12-22 15:40:00,6528,3.352,3.35,3.36,3.36,3.35,25
2023-12-22 15:41:00,10681,3.3525,3.35,3.35,3.3593,3.35,76
2023-12-22 15:42:00,22042,3.3466,3.35,3.3482,3.35,3.34,114
2023-12-22 15:43:00,31302,3.3366,3.3499,3.335,3.3499,3.3301,86
2023-12-22 15:44:00,31789,3.3375,3.335,3.33,3.3487,3.33,103
2023-12-22 15:45:00,31026,3.3263,3.335,3.3117,3.335,3.31,103
2023-12-22 15:46:00,19396,3.3143,3.315,3.319,3.32,3.31,66
2023-12-22 15:47:00,68309,3.3168,3.3137,3.318,3.32,3.31,219
2023-12-22 15:48:00,80065,3.3143,3.315,3.31,3.3279,3.31,165
2023-12-22 15:49:00,22955,3.3118,3.31,3.315,3.32,3.305,83
2023-12-22 15:50:00,32235,3.3106,3.31,3.305,3.32,3.305,167
2023-12-22 15:51:00,17461,3.3013,3.3021,3.3003,3.31,3.3,51
2023-12-22 15:52:00,931,3.305,3.31,3.305,3.31,3.3,12
2023-12-22 15:53:00,33701,3.3107,3.3099,3.3126,3.3189,3.305,81
2023-12-22 15:54:00,11114,3.3239,3.32,3.3297,3.33,3.32,49
2023-12-22 15:55:00,5194,3.3257,3.33,3.325,3.33,3.32,19
2023-12-22 15:56:00,7691,3.3268,3.32,3.325,3.33,3.32,22
2023-12-22 15:57:00,29291,3.3163,3.325,3.315,3.325,3.31,134
2023-12-22 15:58:00,7310,3.3094,3.315,3.3022,3.315,3.3,63
2023-12-22 15:59:00,100802,3.3018,3.3093,3.305,3.315,3.295,174
2023-12-22 16:00:00,34220,3.2848,3.3,3.2924,3.305,3.28,101
2023-12-22 16:01:00,3421,3.2954,3.29,3.295,3.3,3.29,18
2023-12-22 16:02:00,22329,3.3059,3.3,3.3134,3.315,3.3,86
2023-12-22 16:03:00,4729,3.3126,3.315,3.315,3.315,3.31,31
2023-12-22 16:04:00,3562,3.3121,3.315,3.3113,3.3197,3.31,27
2023-12-22 16:05:00,21230,3.3117,3.3176,3.305,3.32,3.305,74
2023-12-22 16:06:00,5386,3.3063,3.3,3.305,3.31,3.3,38
2023-12-22 16:07:00,11926,3.2998,3.31,3.31,3.31,3.2915,82
2023-12-22 16:08:00,1037,3.3098,3.31,3.3099,3.31,3.3099,9
2023-12-22 16:09:00,17137,3.3079,3.3099,3.31,3.315,3.3014,73
2023-12-22 16:10:00,3939,3.3146,3.315,3.315,3.3199,3.31,21
2023-12-22 16:11:00,8410,3.3162,3.3159,3.315,3.3197,3.315,23
2023-12-22 16:12:00,13673,3.3109,3.315,3.312,3.32,3.31,36
2023-12-22 16:13:00,3325,3.3124,3.32,3.3121,3.32,3.31,30
2023-12-22 16:14:00,3420,3.3151,3.315,3.32,3.32,3.3125,18
2023-12-22 16:15:00,32021,3.3194,3.3118,3.315,3.33,3.31,133
2023-12-22 16:16:00,2754,3.3175,3.315,3.3199,3.32,3.315,19
2023-12-22 16:17:00,50887,3.3198,3.3183,3.315,3.32,3.315,33
2023-12-22 16:18:00,18174,3.3201,3.32,3.31,3.325,3.31,85
2023-12-22 16:19:00,6116,3.317,3.315,3.321,3.325,3.31,45
2023-12-22 16:20:00,2260,3.3291,3.325,3.33,3.33,3.325,17
2023-12-22 16:21:00,23819,3.3365,3.33,3.335,3.3397,3.33,37
2023-12-22 16:22:00,36767,3.3321,3.335,3.325,3.34,3.325,126
2023-12-22 16:23:00,10054,3.3128,3.325,3.3112,3.3289,3.31,51
2023-12-22 16:24:00,7840,3.3102,3.315,3.315,3.315,3.305,59
2023-12-22 16:25:00,1900,3.3138,3.31,3.315,3.3167,3.31,17
2023-12-22 16:26:00,2615,3.3168,3.3101,3.315,3.32,3.3101,20
2023-12-22 16:27:00,650,3.3135,3.315,3.31,3.315,3.31,16
2023-12-22 16:28:00,9451,3.3223,3.32,3.325,3.3299,3.315,58
2023-12-22 16:29:00,4430,3.3199,3.32,3.3101,3.32,3.3101,46
2023-12-22 16:30:00,11290,3.32,3.32,3.3199,3.325,3.315,99
2023-12-22 16:31:00,8603,3.3195,3.3199,3.3101,3.32,3.3101,16
2023-12-22 16:32:00,10012,3.3167,3.3142,3.31,3.32,3.31,62
2023-12-22 16:33:00,4949,3.3126,3.315,3.32,3.32,3.31,32
2023-12-22 16:34:00,2439,3.3136,3.315,3.315,3.315,3.311,18
2023-12-22 16:35:00,2588,3.3154,3.3185,3.315,3.32,3.31,33
2023-12-22 16:36:00,4532,3.3143,3.315,3.31,3.32,3.31,35
2023-12-22 16:37:00,7568,3.3217,3.315,3.3298,3.33,3.315,69
2023-12-22 16:38:00,4126,3.3231,3.325,3.325,3.33,3.32,47
2023-12-22 16:39:00,1388,3.3249,3.33,3.325,3.33,3.32,30
2023-12-22 16:40:00,7120,3.3202,3.33,3.315,3.33,3.315,100
2023-12-22 16:41:00,9865,3.3138,3.315,3.315,3.32,3.31,45
2023-12-22 16:42:00,986,3.3122,3.315,3.31,3.3175,3.31,23
2023-12-22 16:43:00,1526,3.3161,3.315,3.319,3.32,3.31,24
2023-12-22 16:44:00,2726,3.3113,3.32,3.3107,3.32,3.31,24
2023-12-22 16:45:00,16127,3.3163,3.3188,3.325,3.33,3.31,150
2023-12-22 16:46:00,5622,3.3291,3.325,3.3296,3.3296,3.325,23
2023-12-22 16:47:00,7314,3.3303,3.33,3.335,3.335,3.33,45
2023-12-22 16:48:00,7816,3.3306,3.33,3.33,3.335,3.33,25
2023-12-22 16:49:00,10264,3.3284,3.335,3.325,3.335,3.32,54
2023-12-22 16:50:00,13557,3.3342,3.33,3.33,3.3398,3.325,59
2023-12-22 16:51:00,1890,3.3348,3.335,3.335,3.335,3.332,16
2023-12-22 16:52:00,6883,3.3379,3.335,3.335,3.34,3.335,38
2023-12-22 16:53:00,21485,3.3403,3.335,3.345,3.345,3.335,94
2023-12-22 16:54:00,9744,3.3404,3.345,3.34,3.3499,3.335,63
2023-12-22 16:55:00,19740,3.3405,3.34,3.3402,3.345,3.34,50
2023-12-22 16:56:00,6697,3.3446,3.345,3.34,3.345,3.34,21
2023-12-22 16:57:00,5043,3.3446,3.34,3.34,3.3493,3.34,28
2023-12-22 16:58:00,5304,3.3395,3.34,3.33,3.34,3.33,63
2023-12-22 16:59:00,1425,3.3347,3.33,3.335,3.335,3.33,12
2023-12-22 17:00:00,4623,3.3387,3.34,3.34,3.34,3.335,41
2023-12-22 17:01:00,19365,3.3432,3.34,3.335,3.3499,3.335,86
2023-12-22 17:02:00,2623,3.3322,3.3314,3.34,3.34,3.3303,17
2023-12-22 17:03:00,8094,3.3357,3.34,3.33,3.34,3.33,29
2023-12-22 17:04:00,10549,3.338,3.335,3.3399,3.34,3.33,34
2023-12-22 17:05:00,952,3.3338,3.34,3.3317,3.34,3.3317,20
2023-12-22 17:06:00,5048,3.3314,3.3397,3.335,3.34,3.33,21
2023-12-22 17:07:00,19033,3.3268,3.335,3.315,3.34,3.315,108
2023-12-22 17:08:00,8930,3.3197,3.3189,3.315,3.32,3.315,80
2023-12-22 17:09:00,3036,3.3167,3.3127,3.315,3.315,3.3127,16
2023-12-22 17:10:00,8744,3.3098,3.31,3.305,3.315,3.305,65
2023-12-22 17:11:00,1189,3.3074,3.305,3.3088,3.31,3.305,29
2023-12-22 17:12:00,22514,3.3123,3.31,3.3193,3.3193,3.31,55
2023-12-22 17:13:00,2115,3.3148,3.315,3.315,3.315,3.3145,22
2023-12-22 17:14:00,33041,3.3175,3.3153,3.32,3.32,3.315,49
2023-12-22 17:15:00,20999,3.3265,3.32,3.335,3.34,3.32,99
2023-12-22 17:16:00,5870,3.3359,3.335,3.34,3.34,3.33,43
2023-12-22 17:17:00,657,3.335,3.335,3.335,3.34,3.3324,22
2023-12-22 17:18:00,4442,3.332,3.34,3.33,3.34,3.33,47
2023-12-22 17:19:00,9831,3.3327,3.34,3.335,3.34,3.3308,37
2023-12-22 17:20:00,1184,3.3332,3.34,3.34,3.34,3.33,26
2023-12-22 17:21:00,420,3.3374,3.34,3.335,3.34,3.335,9
2023-12-22 17:22:00,15569,3.3282,3.3333,3.325,3.34,3.32,69
2023-12-22 17:23:00,9187,3.3275,3.33,3.335,3.335,3.32,111
2023-12-22 17:24:00,3376,3.3364,3.335,3.333,3.34,3.333,30
2023-12-22 17:25:00,2977,3.3393,3.34,3.34,3.34,3.33,36
2023-12-22 17:26:00,7402,3.3394,3.34,3.34,3.345,3.335,68
2023-12-22 17:27:00,2696,3.3407,3.34,3.345,3.345,3.335,45
2023-12-22 17:28:00,458,3.3471,3.345,3.35,3.35,3.345,13
2023-12-22 17:29:00,11453,3.3457,3.345,3.34,3.35,3.34,22
2023-12-22 17:30:00,3128,3.3441,3.34,3.35,3.35,3.34,25
2023-12-22 17:31:00,3007,3.3433,3.341,3.345,3.3476,3.341,12
2023-12-22 17:32:00,11171,3.3494,3.345,3.35,3.35,3.34,17
2023-12-22 17:33:00,33620,3.3537,3.345,3.365,3.37,3.345,154
2023-12-22 17:34:00,9343,3.3605,3.3612,3.355,3.365,3.355,53
2023-12-22 17:35:00,12190,3.3488,3.3554,3.34,3.3554,3.34,45
2023-12-22 17:36:00,7544,3.3476,3.35,3.35,3.35,3.34,59
2023-12-22 17:37:00,3131,3.359,3.36,3.36,3.36,3.35,24
2023-12-22 17:38:00,467,3.3574,3.355,3.3582,3.36,3.355,6
2023-12-22 17:39:00,658,3.3557,3.36,3.355,3.36,3.355,14
2023-12-22 17:40:00,7863,3.3603,3.3546,3.365,3.3682,3.3546,83
2023-12-22 17:41:00,874,3.365,3.365,3.36,3.37,3.36,16
2023-12-22 17:42:00,4527,3.3684,3.3695,3.37,3.37,3.3628,28
2023-12-22 17:43:00,864,3.3661,3.37,3.365,3.37,3.365,22
2023-12-22 17:44:00,19977,3.3706,3.365,3.375,3.38,3.365,116
2023-12-22 17:45:00,27064,3.3713,3.3773,3.37,3.38,3.365,93
2023-12-22 17:46:00,22693,3.3801,3.38,3.385,3.385,3.375,109
2023-12-22 17:47:00,2976,3.3844,3.3834,3.38,3.385,3.38,10
2023-12-22 17:48:00,19735,3.3852,3.39,3.382,3.39,3.381,55
2023-12-22 17:49:00,10787,3.3803,3.385,3.38,3.385,3.3729,120
2023-12-22 17:50:00,4927,3.3795,3.38,3.3791,3.38,3.3784,29
2023-12-22 17:51:00,9398,3.3802,3.375,3.3803,3.3888,3.375,53
2023-12-22 17:52:00,191,3.382,3.3814,3.3814,3.3814,3.3814,17
2023-12-22 17:53:00,14956,3.3786,3.38,3.3783,3.38,3.37,56
2023-12-22 17:54:00,6313,3.3815,3.375,3.385,3.385,3.375,76
2023-12-22 17:55:00,1011,3.3802,3.38,3.38,3.38,3.38,12
2023-12-22 17:56:00,13500,3.3805,3.3875,3.38,3.3875,3.38,64
2023-12-22 17:57:00,17994,3.3774,3.38,3.375,3.38,3.37,68
2023-12-22 17:58:00,4023,3.3788,3.3757,3.38,3.38,3.375,34
2023-12-22 17:59:00,12812,3.3826,3.3787,3.385,3.39,3.3787,70
2023-12-22 18:00:00,9456,3.3861,3.38,3.39,3.39,3.38,42
2023-12-22 18:01:00,22145,3.3897,3.3801,3.385,3.39,3.3801,37
2023-12-22 18:02:00,6249,3.3842,3.385,3.38,3.3881,3.38,47
2023-12-22 18:03:00,50248,3.3806,3.38,3.39,3.39,3.375,147
2023-12-22 18:04:00,28633,3.3908,3.385,3.395,3.4,3.385,73
2023-12-22 18:05:00,6725,3.3996,3.395,3.3933,3.4,3.3933,46
2023-12-22 18:06:00,15654,3.4005,3.4,3.405,3.405,3.4,52
2023-12-22 18:07:00,5267,3.4105,3.41,3.4199,3.4199,3.41,60
2023-12-22 18:08:00,43547,3.4182,3.415,3.415,3.425,3.41,166
2023-12-22 18:09:00,24399,3.4035,3.41,3.4,3.41,3.4,69
2023-12-22 18:10:00,2071,3.4061,3.405,3.408,3.4085,3.405,26
2023-12-22 18:11:00,6236,3.4031,3.4,3.405,3.4088,3.4,41
2023-12-22 18:12:00,767,3.4008,3.4,3.405,3.405,3.4,13
2023-12-22 18:13:00,9231,3.4079,3.405,3.415,3.415,3.4018,83
2023-12-22 18:14:00,7600,3.414,3.4199,3.415,3.42,3.4114,24
2023-12-22 18:15:00,12256,3.4104,3.4101,3.4121,3.42,3.4101,25
2023-12-22 18:16:00,32087,3.4141,3.4112,3.41,3.42,3.41,36
2023-12-22 18:17:00,24273,3.4133,3.4109,3.42,3.425,3.405,173
2023-12-22 18:18:00,6697,3.4275,3.4225,3.43,3.43,3.4221,26
2023-12-22 18:19:00,50630,3.4338,3.425,3.4376,3.4387,3.425,76
2023-12-22 18:20:00,3422,3.4316,3.44,3.4316,3.44,3.4301,10
2023-12-22 18:21:00,56292,3.4431,3.4301,3.445,3.45,3.4301,90
2023-12-22 18:22:00,7892,3.4478,3.445,3.45,3.45,3.445,50
2023-12-22 18:23:00,53369,3.4448,3.45,3.44,3.45,3.44,43
2023-12-22 18:24:00,4177,3.4486,3.45,3.445,3.45,3.4401,44
2023-12-22 18:25:00,4280,3.4481,3.45,3.45,3.45,3.445,66
2023-12-22 18:26:00,2860,3.4478,3.445,3.445,3.45,3.445,33
2023-12-22 18:27:00,3493,3.4473,3.45,3.45,3.45,3.445,39
2023-12-22 18:28:00,51970,3.4538,3.45,3.44,3.465,3.44,247
2023-12-22 18:29:00,2399,3.4435,3.45,3.45,3.45,3.44,16
2023-12-22 18:30:00,14556,3.4458,3.445,3.445,3.45,3.44,22
2023-12-22 18:31:00,2404,3.4467,3.45,3.4486,3.45,3.442,26
2023-12-22 18:32:00,2683,3.4441,3.4483,3.445,3.45,3.44,24
2023-12-22 18:33:00,884,3.4442,3.445,3.45,3.45,3.44,16
2023-12-22 18:34:00,6756,3.4472,3.45,3.44,3.45,3.44,37
2023-12-22 18:35:00,2685,3.4447,3.445,3.45,3.45,3.44,36
2023-12-22 18:36:00,987,3.4478,3.45,3.45,3.45,3.445,21
2023-12-22 18:37:00,1331,3.4476,3.45,3.44,3.45,3.44,30
2023-12-22 18:38:00,8976,3.4472,3.4482,3.45,3.45,3.44,82
2023-12-22 18:39:00,38688,3.4408,3.45,3.4326,3.45,3.42,226
2023-12-22 18:40:00,6401,3.4383,3.435,3.43,3.44,3.43,19
2023-12-22 18:41:00,14018,3.4387,3.44,3.4399,3.44,3.43,33
2023-12-22 18:42:00,7198,3.4392,3.4387,3.435,3.44,3.435,25
2023-12-22 18:43:00,6591,3.4445,3.44,3.445,3.45,3.44,84
2023-12-22 18:44:00,1568,3.4494,3.445,3.4499,3.45,3.445,18
2023-12-22 18:45:00,22064,3.4406,3.45,3.445,3.45,3.435,110
2023-12-22 18:46:00,8514,3.45,3.445,3.46,3.46,3.445,80
2023-12-22 18:47:00,2147,3.4591,3.455,3.4599,3.4599,3.455,17
2023-12-22 18:48:00,23576,3.4598,3.46,3.45,3.46,3.45,137
2023-12-22 18:49:00,7284,3.4556,3.4584,3.45,3.4598,3.45,67
2023-12-22 18:50:00,5587,3.4486,3.45,3.445,3.45,3.44,57
2023-12-22 18:51:00,852,3.442,3.4414,3.445,3.445,3.4414,4
2023-12-22 18:52:00,3889,3.4421,3.4401,3.445,3.445,3.4401,22
2023-12-22 18:53:00,1143,3.4451,3.44,3.445,3.45,3.44,28
2023-12-22 18:54:00,22265,3.4504,3.45,3.45,3.4571,3.445,121
2023-12-22 18:55:00,2763,3.4555,3.46,3.46,3.46,3.45,37
2023-12-22 18:56:00,13096,3.4594,3.46,3.455,3.4605,3.4522,67
2023-12-22 18:57:00,4093,3.4565,3.455,3.455,3.46,3.4521,17
2023-12-22 18:58:00,1268,3.4552,3.455,3.4554,3.4554,3.455,24
2023-12-22 18:59:00,6146,3.4528,3.455,3.4501,3.46,3.4501,30
2023-12-22 19:00:00,8378,3.4492,3.455,3.4464,3.455,3.44,83
2023-12-22 19:01:00,2651,3.4413,3.4401,3.445,3.445,3.44,15
2023-12-22 19:02:00,26560,3.433,3.44,3.43,3.44,3.425,151
2023-12-22 19:03:00,1749,3.4346,3.435,3.43,3.4362,3.43,13
2023-12-22 19:04:00,5168,3.4341,3.4317,3.43,3.435,3.43,15
2023-12-22 19:05:00,21475,3.43,3.4314,3.43,3.435,3.425,141
2023-12-22 19:06:00,23293,3.4398,3.435,3.44,3.44,3.435,48
2023-12-22 19:07:00,2781,3.4444,3.445,3.445,3.45,3.44,26
2023-12-22 19:08:00,41390,3.4425,3.445,3.45,3.45,3.4401,74
2023-12-22 19:09:00,30729,3.4465,3.455,3.45,3.455,3.44,104
2023-12-22 19:10:00,11922,3.4502,3.45,3.45,3.4507,3.45,37
2023-12-22 19:11:00,3126,3.4507,3.4509,3.4516,3.4516,3.45,18
2023-12-22 19:12:00,2309,3.4507,3.45,3.455,3.455,3.45,20
2023-12-22 19:13:00,15237,3.45,3.4508,3.4512,3.4547,3.445,112
2023-12-22 19:14:00,17139,3.4517,3.4501,3.4505,3.455,3.4501,34
2023-12-22 19:15:00,22133,3.4497,3.4507,3.4401,3.458,3.44,61
2023-12-22 19:16:00,8768,3.4398,3.445,3.435,3.445,3.435,67
2023-12-22 19:17:00,19316,3.4433,3.44,3.4326,3.45,3.4326,77
2023-12-22 19:18:00,13636,3.4348,3.433,3.435,3.435,3.43,44
2023-12-22 19:19:00,21594,3.4419,3.44,3.44,3.445,3.44,97
2023-12-22 19:20:00,16049,3.4381,3.4476,3.4316,3.4476,3.4316,61
2023-12-22 19:21:00,6165,3.4284,3.43,3.425,3.43,3.425,64
2023-12-22 19:22:00,11600,3.4174,3.425,3.4124,3.425,3.41,60
2023-12-22 19:23:00,29945,3.4059,3.4103,3.4,3.415,3.4,141
2023-12-22 19:24:00,16034,3.4005,3.4,3.4016,3.405,3.395,79
2023-12-22 19:25:00,12936,3.3984,3.4,3.395,3.4088,3.395,59
2023-12-22 19:26:00,11292,3.3992,3.4,3.395,3.4,3.395,60
2023-12-22 19:27:00,9074,3.3956,3.3907,3.395,3.3999,3.3907,22
2023-12-22 19:28:00,22710,3.3935,3.395,3.39,3.4,3.385,131
2023-12-22 19:29:00,6982,3.3935,3.3986,3.385,3.3986,3.385,45
2023-12-22 19:30:00,7145,3.3885,3.39,3.385,3.39,3.385,39
2023-12-22 19:31:00,19226,3.3817,3.385,3.3899,3.3899,3.38,123
2023-12-22 19:32:00,23699,3.3798,3.38,3.385,3.385,3.3705,136
2023-12-22 19:33:00,18229,3.3905,3.3888,3.395,3.395,3.3888,67
2023-12-22 19:34:00,32107,3.3947,3.3908,3.39,3.3994,3.385,96
2023-12-22 19:35:00,10881,3.3915,3.385,3.39,3.3986,3.385,52
2023-12-22 19:36:00,5048,3.3911,3.39,3.3902,3.395,3.39,25
2023-12-22 19:37:00,14256,3.407,3.4,3.415,3.415,3.4,107
2023-12-22 19:38:00,13479,3.4138,3.4199,3.42,3.42,3.41,56
2023-12-22 19:39:00,6108,3.4188,3.42,3.42,3.42,3.415,45
2023-12-22 19:40:00,5561,3.419,3.415,3.4195,3.42,3.415,34
2023-12-22 19:41:00,7305,3.4201,3.42,3.42,3.43,3.42,67
2023-12-22 19:42:00,9098,3.4247,3.42,3.43,3.43,3.42,66
2023-12-22 19:43:00,3105,3.429,3.4314,3.4227,3.4314,3.4227,28
2023-12-22 19:44:00,4903,3.4219,3.425,3.43,3.43,3.421,21
2023-12-22 19:45:00,7824,3.4298,3.425,3.44,3.44,3.425,48
2023-12-22 19:46:00,17337,3.4388,3.4391,3.435,3.4391,3.435,18
2023-12-22 19:47:00,10995,3.4295,3.435,3.425,3.44,3.4217,61
2023-12-22 19:48:00,3486,3.4269,3.425,3.43,3.43,3.42,20
2023-12-22 19:49:00,2771,3.4236,3.425,3.425,3.43,3.4216,18
2023-12-22 19:50:00,1904,3.4291,3.43,3.425,3.43,3.425,31
2023-12-22 19:51:00,4862,3.4218,3.43,3.4201,3.43,3.42,20
2023-12-22 19:52:00,15822,3.4272,3.425,3.44,3.44,3.4209,86
2023-12-22 19:53:00,6237,3.4363,3.435,3.44,3.44,3.435,35
2023-12-22 19:54:00,17862,3.4381,3.44,3.44,3.44,3.43,41
2023-12-22 19:55:00,837,3.4389,3.44,3.44,3.44,3.4317,18
2023-12-22 19:56:00,5622,3.4349,3.44,3.4378,3.44,3.4301,27
2023-12-22 19:57:00,1916,3.4354,3.435,3.4325,3.44,3.4318,21
2023-12-22 19:58:00,47929,3.4334,3.4388,3.425,3.44,3.425,236
2023-12-22 19:59:00,14450,3.429,3.425,3.43,3.43,3.425,79
2023-12-22 20:00:00,16477,3.4266,3.435,3.42,3.435,3.415,103
2023-12-22 20:01:00,6720,3.4201,3.418,3.43,3.43,3.415,61
2023-12-22 20:02:00,4863,3.4273,3.425,3.425,3.43,3.4227,27
2023-12-22 20:03:00,5167,3.4266,3.4217,3.425,3.43,3.4217,57
2023-12-22 20:04:00,4834,3.4281,3.425,3.43,3.43,3.4212,45
2023-12-22 20:05:00,12787,3.4286,3.43,3.4237,3.435,3.4237,73
2023-12-22 20:06:00,1365,3.4252,3.425,3.43,3.43,3.4224,20
2023-12-22 20:07:00,4790,3.4229,3.425,3.42,3.43,3.42,33
2023-12-22 20:08:00,17579,3.4199,3.42,3.42,3.42,3.415,119
2023-12-22 20:09:00,7459,3.4198,3.42,3.42,3.42,3.415,64
2023-12-22 20:10:00,3003,3.42,3.42,3.42,3.42,3.415,30
2023-12-22 20:11:00,4006,3.4199,3.415,3.425,3.43,3.415,37
2023-12-22 20:12:00,2368,3.4286,3.425,3.4299,3.43,3.425,28
2023-12-22 20:13:00,34958,3.4299,3.43,3.421,3.435,3.4201,141
2023-12-22 20:14:00,10896,3.4313,3.43,3.44,3.44,3.4299,83
2023-12-22 20:15:00,4368,3.4397,3.44,3.44,3.44,3.435,37
2023-12-22 20:16:00,9314,3.4359,3.435,3.435,3.44,3.4301,74
2023-12-22 20:17:00,80195,3.4342,3.43,3.4301,3.45,3.43,304
2023-12-22 20:18:00,9654,3.4388,3.435,3.445,3.445,3.435,46
2023-12-22 20:19:00,2317,3.4469,3.4416,3.45,3.45,3.4416,19
2023-12-22 20:20:00,2303,3.4445,3.445,3.445,3.445,3.445,17
2023-12-22 20:21:00,32457,3.4411,3.445,3.445,3.445,3.435,152
2023-12-22 20:22:00,6133,3.4461,3.445,3.445,3.45,3.445,21
2023-12-22 20:23:00,6593,3.4482,3.4475,3.45,3.45,3.445,43
2023-12-22 20:24:00,24063,3.4504,3.45,3.455,3.46,3.45,64
2023-12-22 20:25:00,5921,3.457,3.455,3.455,3.46,3.455,29
2023-12-22 20:26:00,51899,3.4591,3.46,3.455,3.465,3.45,179
2023-12-22 20:27:00,92233,3.455,3.455,3.47,3.47,3.45,230
2023-12-22 20:28:00,4658,3.4649,3.465,3.47,3.47,3.4601,18
2023-12-22 20:29:00,551,3.4662,3.465,3.465,3.465,3.465,19
2023-12-22 20:30:00,36610,3.47,3.47,3.475,3.475,3.465,114
2023-12-22 20:31:00,3235,3.4733,3.475,3.4799,3.4799,3.47,30
2023-12-22 20:32:00,19456,3.4785,3.475,3.472,3.48,3.47,46
2023-12-22 20:33:00,6063,3.475,3.48,3.48,3.48,3.4721,27
2023-12-22 20:34:00,22190,3.4714,3.48,3.475,3.48,3.47,52
2023-12-22 20:35:00,76458,3.4706,3.475,3.4701,3.4775,3.47,238
2023-12-22 20:36:00,38333,3.4787,3.4783,3.485,3.485,3.47,121
2023-12-22 20:37:00,1053,3.4848,3.485,3.485,3.485,3.4802,14
2023-12-22 20:38:00,18270,3.4815,3.485,3.48,3.4872,3.48,68
2023-12-22 20:39:00,7055,3.485,3.485,3.485,3.485,3.485,50
2023-12-22 20:40:00,18454,3.4812,3.48,3.48,3.49,3.48,84
2023-12-22 20:41:00,4457,3.4837,3.485,3.48,3.485,3.48,36
2023-12-22 20:42:00,13147,3.4826,3.485,3.4812,3.49,3.48,85
2023-12-22 20:43:00,27271,3.486,3.48,3.485,3.49,3.48,110
2023-12-22 20:44:00,69263,3.4904,3.49,3.485,3.5,3.485,221
2023-12-22 20:45:00,10756,3.4844,3.485,3.485,3.485,3.48,70
2023-12-22 20:46:00,9733,3.4834,3.485,3.48,3.4883,3.48,49
2023-12-22 20:47:00,15877,3.4855,3.485,3.485,3.49,3.48,92
2023-12-22 20:48:00,17892,3.4852,3.485,3.485,3.49,3.48,58
2023-12-22 20:49:00,31208,3.4843,3.4899,3.4825,3.49,3.48,127
2023-12-22 20:50:00,40822,3.4792,3.48,3.47,3.485,3.47,194
2023-12-22 20:51:00,35102,3.4817,3.48,3.485,3.49,3.48,114
2023-12-22 20:52:00,15941,3.4817,3.485,3.485,3.4894,3.48,86
2023-12-22 20:53:00,10003,3.484,3.485,3.4841,3.49,3.48,85
2023-12-22 20:54:00,43451,3.4808,3.49,3.48,3.49,3.47,234
2023-12-22 20:55:00,27703,3.4712,3.47,3.4701,3.4783,3.47,132
2023-12-22 20:56:00,23881,3.4734,3.475,3.475,3.4792,3.47,130
2023-12-22 20:57:00,17170,3.474,3.475,3.475,3.48,3.47,142
2023-12-22 20:58:00,56079,3.4775,3.475,3.48,3.48,3.47,253
2023-12-22 20:59:00,213351,3.4748,3.48,3.48,3.48,3.47,742
2023-12-22 21:00:00,71656,3.47,3.47,3.47,3.47,3.47,6
2023-12-22 21:02:00,1015,3.46,3.4601,3.46,3.4601,3.46,3
2023-12-22 21:04:00,7530,3.468,3.47,3.46,3.47,3.46,3
2023-12-22 21:16:00,400,3.46,3.46,3.46,3.46,3.46,3
2023-12-22 21:17:00,1177,3.47,3.47,3.47,3.47,3.47,4
2023-12-22 21:19:00,1012,3.4699,3.47,3.47,3.47,3.47,5
2023-12-22 21:20:00,1500,3.46,3.46,3.46,3.46,3.46,1
2023-12-22 21:24:00,100,3.46,3.46,3.46,3.46,3.46,1
2023-12-22 21:28:00,100,3.46,3.46,3.46,3.46,3.46,1
2023-12-22 21:30:00,178,3.47,3.47,3.47,3.47,3.47,1
2023-12-22 21:39:00,103,3.4601,3.4601,3.4601,3.4601,3.4601,1
2023-12-22 21:48:00,630,3.4607,3.4602,3.4602,3.4602,3.4602,2
2023-12-22 21:55:00,1185,3.47,3.47,3.47,3.47,3.47,12
2023-12-22 21:56:00,105,3.47,3.47,3.47,3.47,3.47,2
2023-12-22 21:58:00,707,3.4614,3.46,3.47,3.47,3.46,3
2023-12-22 21:59:00,720,3.46,3.46,3.46,3.46,3.46,1
2023-12-22 22:01:00,703,3.4628,3.46,3.47,3.47,3.46,5
2023-12-22 22:02:00,128,3.4688,3.47,3.47,3.47,3.47,3
2023-12-22 22:09:00,170,3.46,3.46,3.46,3.46,3.46,1
2023-12-22 22:21:00,170,3.46,3.46,3.46,3.46,3.46,2
2023-12-22 22:36:00,150,3.49,3.49,3.49,3.49,3.49,1
2023-12-22 22:43:00,1000,3.46,3.46,3.46,3.46,3.46,1
2023-12-22 22:49:00,2527,3.4602,3.4603,3.46,3.4603,3.46,4
2023-12-22 22:57:00,362,3.4605,3.4605,3.4605,3.4605,3.4605,1
2023-12-22 23:19:00,1010,3.4602,3.46,3.46,3.46,3.46,5
2023-12-22 23:35:00,180,3.45,3.45,3.45,3.45,3.45,3
2023-12-22 23:42:00,400,3.4508,3.4508,3.4508,3.4508,3.4508,1
2023-12-22 23:48:00,1410,3.4571,3.46,3.45,3.46,3.45,5
2023-12-22 23:56:00,100,3.48,3.48,3.48,3.48,3.48,1
2023-12-23 00:10:00,110,3.46,3.46,3.46,3.46,3.46,1
2023-12-23 00:11:00,720,3.46,3.46,3.46,3.46,3.46,1
2023-12-23 00:38:00,100,3.47,3.47,3.47,3.47,3.47,1
2023-12-23 00:42:00,300,3.48,3.48,3.48,3.48,3.48,1
2023-12-23 00:43:00,300,3.46,3.46,3.46,3.46,3.46,1
2023-12-23 00:45:00,2686,3.46,3.46,3.46,3.46,3.46,5
2023-12-23 00:56:00,100,3.43,3.43,3.43,3.43,3.43,1
2023-12-23 00:59:00,2655,3.4033,3.41,3.4,3.41,3.4,4
2023-12-26 09:00:00,800,3.45,3.45,3.45,3.45,3.45,1
2023-12-26 09:08:00,300,3.45,3.45,3.45,3.45,3.45,1
2023-12-26 09:11:00,402,3.4587,3.46,3.46,3.46,3.46,7
2023-12-26 09:27:00,180,3.4801,3.48,3.48,3.48,3.48,3
2023-12-26 09:29:00,100,3.48,3.48,3.48,3.48,3.48,1
2023-12-26 09:31:00,210,3.4852,3.49,3.49,3.49,3.49,4
2023-12-26 09:32:00,100,3.49,3.49,3.49,3.49,3.49,1
2023-12-26 09:34:00,100,3.49,3.49,3.49,3.49,3.49,1
2023-12-26 09:37:00,224,3.49,3.49,3.49,3.49,3.49,3
2023-12-26 09:41:00,244,3.49,3.49,3.49,3.49,3.49,4
2023-12-26 09:42:00,220,3.49,3.49,3.49,3.49,3.49,2
2023-12-26 09:46:00,400,3.4886,3.49,3.485,3.49,3.485,4
2023-12-26 09:49:00,1000,3.476,3.48,3.47,3.48,3.47,9
2023-12-26 09:55:00,519,3.48,3.48,3.48,3.48,3.48,4
2023-12-26 10:00:00,220,3.4877,3.49,3.49,3.49,3.49,4
2023-12-26 10:07:00,521,3.49,3.49,3.49,3.49,3.49,4
2023-12-26 10:12:00,100,3.49,3.49,3.49,3.49,3.49,1
2023-12-26 10:15:00,115,3.49,3.49,3.49,3.49,3.49,2
2023-12-26 10:17:00,2828,3.49,3.49,3.49,3.49,3.49,14
2023-12-26 10:21:00,150,3.49,3.49,3.49,3.49,3.49,2
2023-12-26 10:34:00,100,3.48,3.48,3.48,3.48,3.48,1
2023-12-26 11:19:00,100,3.48,3.48,3.48,3.48,3.48,1
2023-12-26 11:55:00,3145,3.48,3.48,3.48,3.48,3.48,6
2023-12-26 11:56:00,157,3.48,3.48,3.48,3.48,3.48,2
2023-12-26 12:00:00,115,3.4801,3.48,3.48,3.48,3.48,5
2023-12-26 12:06:00,2341,3.4881,3.48,3.49,3.49,3.48,11
2023-12-26 12:15:00,631,3.5,3.5,3.5,3.5,3.5,10
2023-12-26 12:16:00,3859,3.5136,3.51,3.52,3.52,3.51,19
2023-12-26 12:17:00,737,3.5132,3.52,3.51,3.52,3.51,6
2023-12-26 12:22:00,100,3.5,3.5,3.5,3.5,3.5,1
2023-12-26 12:24:00,807,3.51,3.51,3.51,3.51,3.51,8
2023-12-26 12:33:00,163,3.51,3.51,3.51,3.51,3.51,1
2023-12-26 12:41:00,670,3.51,3.51,3.51,3.51,3.51,1
2023-12-26 12:47:00,114,3.51,3.51,3.51,3.51,3.51,2
2023-12-26 12:48:00,100,3.52,3.52,3.52,3.52,3.52,1
2023-12-26 12:52:00,2628,3.52,3.52,3.52,3.52,3.52,28
2023-12-26 12:53:00,372,3.52,3.52,3.52,3.52,3.52,1
2023-12-26 12:54:00,221,3.52,3.52,3.52,3.52,3.52,2
2023-12-26 13:00:00,3951,3.497,3.5,3.47,3.52,3.47,14
2023-12-26 13:01:00,971,3.5199,3.52,3.52,3.52,3.52,6
2023-12-26 13:02:00,3400,3.3979,3.38,3.41,3.52,3.37,57
2023-12-26 13:03:00,323,3.5196,3.53,3.53,3.53,3.53,7
2023-12-26 13:04:00,1048,3.4753,3.39,3.51,3.51,3.39,9
2023-12-26 13:07:00,1000,3.5185,3.51,3.52,3.52,3.51,9
2023-12-26 13:16:00,158,3.5118,3.51,3.51,3.51,3.51,3
2023-12-26 13:17:00,193,3.515,3.515,3.515,3.515,3.515,2
2023-12-26 13:19:00,210,3.5205,3.52,3.52,3.52,3.52,2
2023-12-26 13:22:00,670,3.5224,3.52,3.52,3.52,3.52,9
2023-12-26 13:25:00,400,3.52,3.52,3.52,3.52,3.52,3
2023-12-26 13:26:00,190,3.5289,3.53,3.53,3.53,3.53,4
2023-12-26 13:31:00,1020,3.52,3.52,3.52,3.52,3.52,7
2023-12-26 13:32:00,200,3.52,3.52,3.52,3.52,3.52,3
2023-12-26 13:33:00,300,3.53,3.53,3.53,3.53,3.53,5
2023-12-26 13:37:00,200,3.525,3.53,3.52,3.53,3.52,2
2023-12-26 13:42:00,1350,3.5156,3.52,3.5103,3.52,3.5103,15
2023-12-26 13:45:00,600,3.5283,3.52,3.53,3.53,3.52,9
2023-12-26 13:50:00,300,3.53,3.53,3.53,3.53,3.53,3
2023-12-26 13:54:00,101,3.53,3.53,3.53,3.53,3.53,2
2023-12-26 13:56:00,400,3.5299,3.5299,3.5299,3.5299,3.5299,1
2023-12-26 13:57:00,225,3.5248,3.53,3.52,3.53,3.52,4
2023-12-26 13:58:00,270,3.53,3.53,3.53,3.53,3.53,1
2023-12-26 14:13:00,125,3.52,3.52,3.52,3.52,3.52,4
2023-12-26 14:16:00,603,3.52,3.52,3.52,3.52,3.52,3
2023-12-26 14:17:00,1000,3.52,3.52,3.52,3.52,3.52,1
2023-12-26 14:18:00,100,3.5298,3.5298,3.5298,3.5298,3.5298,1
2023-12-26 14:20:00,100,3.53,3.53,3.53,3.53,3.53,1
2023-12-26 14:25:00,763,3.5195,3.52,3.52,3.52,3.52,10
2023-12-26 14:26:00,1377,3.5052,3.5,3.52,3.52,3.5,8
2023-12-26 14:29:00,270,3.52,3.52,3.52,3.52,3.52,2
2023-12-26 14:30:00,107697,3.5058,3.52,3.515,3.54,3.5,377
2023-12-26 14:31:00,41882,3.53,3.52,3.54,3.545,3.515,233
2023-12-26 14:32:00,7168,3.5349,3.54,3.5299,3.545,3.52,58
2023-12-26 14:33:00,13972,3.52,3.52,3.5387,3.5387,3.51,93
2023-12-26 14:34:00,10868,3.5398,3.535,3.545,3.548,3.53,70
2023-12-26 14:35:00,69809,3.5391,3.545,3.54,3.55,3.525,182
2023-12-26 14:36:00,17490,3.5318,3.535,3.515,3.54,3.515,57
2023-12-26 14:37:00,6027,3.5333,3.52,3.54,3.54,3.52,38
2023-12-26 14:38:00,14835,3.538,3.538,3.55,3.55,3.53,62
2023-12-26 14:39:00,15311,3.5362,3.5387,3.5253,3.5468,3.5253,81
2023-12-26 14:40:00,3025,3.521,3.52,3.52,3.5288,3.51,34
2023-12-26 14:41:00,15196,3.5122,3.525,3.505,3.525,3.505,101
2023-12-26 14:42:00,56772,3.4953,3.505,3.48,3.51,3.48,210
2023-12-26 14:43:00,22416,3.4955,3.488,3.49,3.5,3.485,128
2023-12-26 14:44:00,7069,3.4959,3.4905,3.49,3.5,3.49,25
2023-12-26 14:45:00,2569,3.4963,3.4917,3.4975,3.4999,3.491,30
2023-12-26 14:46:00,7666,3.4951,3.495,3.49,3.4976,3.49,29
2023-12-26 14:47:00,5783,3.494,3.4934,3.49,3.5,3.49,37
2023-12-26 14:48:00,42762,3.5134,3.4907,3.52,3.53,3.4907,196
2023-12-26 14:49:00,12832,3.5105,3.515,3.5189,3.52,3.5016,100
2023-12-26 14:50:00,6013,3.5221,3.52,3.525,3.525,3.52,38
2023-12-26 14:51:00,50057,3.5272,3.5278,3.52,3.54,3.52,240
2023-12-26 14:52:00,12247,3.524,3.5201,3.53,3.53,3.52,25
2023-12-26 14:53:00,9471,3.5304,3.525,3.535,3.5395,3.52,47
2023-12-26 14:54:00,14167,3.5317,3.53,3.5381,3.54,3.525,66
2023-12-26 14:55:00,50811,3.5494,3.54,3.555,3.56,3.535,131
2023-12-26 14:56:00,38022,3.5488,3.55,3.5597,3.56,3.54,102
2023-12-26 14:57:00,19023,3.5497,3.555,3.545,3.56,3.54,102
2023-12-26 14:58:00,3882,3.5418,3.5481,3.54,3.5481,3.54,29
2023-12-26 14:59:00,7030,3.534,3.5387,3.53,3.54,3.53,48
2023-12-26 15:00:00,17423,3.5411,3.54,3.535,3.55,3.53,92
2023-12-26 15:01:00,19946,3.5276,3.54,3.515,3.54,3.515,106
2023-12-26 15:02:00,37813,3.4908,3.5129,3.48,3.5129,3.475,195
2023-12-26 15:03:00,13176,3.4753,3.4712,3.47,3.48,3.47,45
2023-12-26 15:04:00,39432,3.4694,3.475,3.462,3.4799,3.46,117
2023-12-26 15:05:00,54169,3.4626,3.47,3.475,3.475,3.45,163
2023-12-26 15:06:00,21818,3.4587,3.47,3.45,3.4783,3.45,69
2023-12-26 15:07:00,43770,3.4448,3.4529,3.4499,3.4529,3.4367,217
2023-12-26 15:08:00,5949,3.445,3.45,3.44,3.45,3.44,40
2023-12-26 15:09:00,3262,3.4454,3.4499,3.445,3.4499,3.44,25
2023-12-26 15:10:00,10022,3.4462,3.4476,3.445,3.45,3.44,77
2023-12-26 15:11:00,63466,3.4358,3.45,3.42,3.45,3.42,208
2023-12-26 15:12:00,62495,3.4148,3.4299,3.4185,3.43,3.4,274
2023-12-26 15:13:00,17849,3.4193,3.415,3.41,3.4272,3.41,89
2023-12-26 15:14:00,45248,3.4067,3.4188,3.3999,3.42,3.395,160
2023-12-26 15:15:00,38615,3.402,3.395,3.415,3.415,3.39,123
2023-12-26 15:16:00,29146,3.4089,3.4191,3.4,3.4191,3.4,81
2023-12-26 15:17:00,31120,3.4137,3.4003,3.4199,3.42,3.4003,110
2023-12-26 15:18:00,119734,3.4035,3.41,3.4,3.42,3.398,182
2023-12-26 15:19:00,14720,3.3974,3.39,3.4,3.4,3.39,30
2023-12-26 15:20:00,41029,3.4006,3.3984,3.4,3.41,3.3914,96
2023-12-26 15:21:00,8248,3.4052,3.405,3.4,3.41,3.4,44
2023-12-26 15:22:00,12431,3.4059,3.4099,3.4,3.41,3.4,50
2023-12-26 15:23:00,129992,3.4649,3.405,3.41,3.43,3.405,138
2023-12-26 15:24:00,19031,3.416,3.415,3.41,3.42,3.41,86
2023-12-26 15:25:00,15473,3.4203,3.4183,3.4201,3.43,3.415,71
2023-12-26 15:26:00,36455,3.4221,3.425,3.425,3.4299,3.415,132
2023-12-26 15:27:00,6990,3.4255,3.425,3.421,3.43,3.42,24
2023-12-26 15:28:00,49079,3.4286,3.425,3.4242,3.435,3.42,140
2023-12-26 15:29:00,7606,3.427,3.42,3.4281,3.43,3.42,45
2023-12-26 15:30:00,19679,3.4252,3.425,3.43,3.43,3.42,40
2023-12-26 15:31:00,12655,3.4225,3.4209,3.4281,3.4285,3.42,33
2023-12-26 15:32:00,15295,3.4263,3.42,3.435,3.435,3.42,60
2023-12-26 15:33:00,19892,3.4286,3.43,3.428,3.435,3.42,84
2023-12-26 15:34:00,14409,3.4227,3.425,3.42,3.4285,3.415,91
2023-12-26 15:35:00,129149,3.4047,3.415,3.4,3.42,3.395,213
2023-12-26 15:36:00,24920,3.4114,3.4003,3.4114,3.42,3.4003,77
2023-12-26 15:37:00,19107,3.4157,3.42,3.41,3.42,3.41,35
2023-12-26 15:38:00,6261,3.4163,3.419,3.41,3.419,3.41,23
2023-12-26 15:39:00,15805,3.42,3.4186,3.4272,3.43,3.41,72
2023-12-26 15:40:00,645,3.4263,3.425,3.425,3.425,3.425,19
2023-12-26 15:41:00,21901,3.4187,3.425,3.415,3.425,3.41,107
2023-12-26 15:42:00,30701,3.4135,3.4101,3.425,3.425,3.405,108
2023-12-26 15:43:00,1642,3.4275,3.425,3.425,3.43,3.425,27
2023-12-26 15:44:00,908,3.4242,3.43,3.42,3.43,3.42,20
2023-12-26 15:45:00,91698,3.4547,3.425,3.48,3.48,3.425,186
2023-12-26 15:46:00,21066,3.4929,3.4799,3.4999,3.5,3.4799,63
2023-12-26 15:47:00,34084,3.4879,3.495,3.475,3.5,3.475,132
2023-12-26 15:48:00,16257,3.4848,3.4799,3.5,3.5,3.475,58
2023-12-26 15:49:00,16864,3.4931,3.495,3.49,3.4999,3.4832,51
2023-12-26 15:50:00,3719,3.4843,3.485,3.48,3.4883,3.48,38
2023-12-26 15:51:00,7051,3.4901,3.48,3.5,3.5,3.48,39
2023-12-26 15:52:00,7811,3.4939,3.5,3.48,3.5,3.48,33
2023-12-26 15:53:00,2811,3.4863,3.4822,3.485,3.4885,3.48,30
2023-12-26 15:54:00,5154,3.4831,3.48,3.4899,3.49,3.48,21
2023-12-26 15:55:00,11729,3.4826,3.49,3.4883,3.49,3.48,33
2023-12-26 15:56:00,8871,3.4906,3.49,3.4976,3.4976,3.49,30
2023-12-26 15:57:00,69114,3.4944,3.495,3.495,3.5,3.4901,29
2023-12-26 15:58:00,24506,3.4984,3.4999,3.48,3.505,3.48,101
2023-12-26 15:59:00,17462,3.4805,3.48,3.49,3.49,3.475,79
2023-12-26 16:00:00,3103,3.4915,3.49,3.495,3.497,3.49,19
2023-12-26 16:01:00,8621,3.4909,3.5,3.49,3.5,3.485,74
2023-12-26 16:02:00,5454,3.4841,3.4812,3.485,3.49,3.48,44
2023-12-26 16:03:00,1219,3.4851,3.485,3.4881,3.4881,3.4801,17
2023-12-26 16:04:00,1668,3.4871,3.4817,3.4812,3.49,3.4812,22
2023-12-26 16:05:00,7048,3.4882,3.4879,3.48,3.49,3.48,47
2023-12-26 16:06:00,6788,3.4865,3.48,3.48,3.4899,3.48,28
2023-12-26 16:07:00,1156,3.4846,3.485,3.485,3.49,3.48,19
2023-12-26 16:08:00,566,3.4818,3.48,3.48,3.48,3.48,14
2023-12-26 16:09:00,9019,3.4811,3.485,3.48,3.485,3.475,81
2023-12-26 16:10:00,6034,3.4718,3.475,3.475,3.48,3.47,28
2023-12-26 16:11:00,1686,3.4703,3.47,3.47,3.47,3.47,10
2023-12-26 16:12:00,1269,3.4742,3.47,3.4765,3.4765,3.47,20
2023-12-26 16:13:00,3916,3.4739,3.47,3.48,3.48,3.47,33
2023-12-26 16:14:00,12444,3.4703,3.48,3.4712,3.48,3.465,94
2023-12-26 16:15:00,3468,3.4753,3.475,3.475,3.475,3.4701,11
2023-12-26 16:16:00,2154,3.4742,3.471,3.47,3.48,3.47,17
2023-12-26 16:17:00,11567,3.4708,3.47,3.475,3.4798,3.47,11
2023-12-26 16:18:00,2310,3.4753,3.475,3.4783,3.48,3.47,15
2023-12-26 16:19:00,30901,3.4798,3.4787,3.48,3.485,3.475,109
2023-12-26 16:20:00,1028,3.4795,3.48,3.48,3.48,3.48,15
2023-12-26 16:21:00,1413,3.4764,3.4799,3.48,3.48,3.475,11
2023-12-26 16:22:00,2451,3.4759,3.4782,3.47,3.48,3.47,23
2023-12-26 16:23:00,4739,3.4724,3.475,3.47,3.48,3.47,26
2023-12-26 16:24:00,8089,3.4783,3.47,3.4713,3.48,3.47,24
2023-12-26 16:25:00,1019,3.4768,3.47,3.48,3.48,3.47,11
2023-12-26 16:26:00,2206,3.4759,3.475,3.48,3.48,3.475,19
2023-12-26 16:27:00,8908,3.4739,3.475,3.4721,3.48,3.47,18
2023-12-26 16:28:00,49059,3.4952,3.478,3.505,3.51,3.478,146
2023-12-26 16:29:00,29293,3.5061,3.5016,3.505,3.51,3.5,20
2023-12-26 16:30:00,13425,3.5106,3.505,3.5199,3.5199,3.505,53
2023-12-26 16:31:00,21266,3.5118,3.518,3.5101,3.52,3.5101,18
2023-12-26 16:32:00,1838,3.5163,3.52,3.515,3.52,3.515,13
2023-12-26 16:33:00,17735,3.5121,3.518,3.51,3.52,3.505,68
2023-12-26 16:34:00,7614,3.5127,3.505,3.51,3.52,3.505,44
2023-12-26 16:35:00,11965,3.5133,3.515,3.5199,3.5199,3.51,23
2023-12-26 16:36:00,2590,3.5153,3.515,3.52,3.52,3.515,13
2023-12-26 16:37:00,7239,3.5128,3.5103,3.515,3.52,3.51,20
2023-12-26 16:38:00,1330,3.5146,3.515,3.51,3.52,3.51,12
2023-12-26 16:39:00,3612,3.5146,3.515,3.52,3.52,3.51,20
2023-12-26 16:40:00,21781,3.5183,3.52,3.5175,3.525,3.51,98
2023-12-26 16:41:00,2345,3.5102,3.5101,3.5101,3.5101,3.5101,4
2023-12-26 16:42:00,7791,3.5085,3.5175,3.505,3.5175,3.505,68
2023-12-26 16:43:00,556,3.5022,3.505,3.5,3.505,3.5,10
2023-12-26 16:44:00,12711,3.5076,3.5001,3.505,3.515,3.5001,75
2023-12-26 16:45:00,1808,3.506,3.505,3.51,3.51,3.505,20
2023-12-26 16:46:00,971,3.5031,3.505,3.505,3.5075,3.5,12
2023-12-26 16:47:00,744,3.5043,3.505,3.505,3.505,3.5,11
2023-12-26 16:48:00,5755,3.5091,3.5099,3.51,3.51,3.5,9
2023-12-26 16:49:00,14883,3.5104,3.51,3.515,3.515,3.5001,52
2023-12-26 16:50:00,20603,3.5236,3.52,3.54,3.54,3.52,83
2023-12-26 16:51:00,4509,3.5328,3.535,3.53,3.54,3.53,22
2023-12-26 16:52:00,1509,3.5354,3.5348,3.5375,3.54,3.53,8
2023-12-26 16:53:00,6873,3.5317,3.53,3.53,3.54,3.53,12
2023-12-26 16:54:00,10140,3.5314,3.54,3.53,3.54,3.53,20
2023-12-26 16:55:00,3269,3.533,3.53,3.535,3.54,3.53,14
2023-12-26 16:56:00,1364,3.5324,3.535,3.535,3.54,3.53,15
2023-12-26 16:57:00,21582,3.5326,3.54,3.535,3.54,3.53,30
2023-12-26 16:58:00,4530,3.5382,3.54,3.54,3.54,3.535,37
2023-12-26 16:59:00,5632,3.5344,3.54,3.54,3.54,3.53,27
2023-12-26 17:00:00,4680,3.5324,3.53,3.53,3.54,3.53,26
2023-12-26 17:01:00,2162,3.5379,3.54,3.535,3.54,3.53,16
2023-12-26 17:02:00,3508,3.5341,3.538,3.535,3.54,3.53,27
2023-12-26 17:03:00,10659,3.5356,3.54,3.54,3.54,3.5301,38
2023-12-26 17:04:00,20937,3.5411,3.54,3.545,3.55,3.535,93
2023-12-26 17:05:00,1546,3.5446,3.55,3.5405,3.55,3.5405,13
2023-12-26 17:06:00,3823,3.5475,3.55,3.545,3.55,3.54,33
2023-12-26 17:07:00,4020,3.5416,3.545,3.55,3.55,3.54,18
2023-12-26 17:08:00,13179,3.5477,3.5475,3.55,3.55,3.5412,43
2023-12-26 17:09:00,24263,3.5398,3.55,3.535,3.55,3.535,112
2023-12-26 17:10:00,7476,3.5404,3.535,3.545,3.545,3.535,45
2023-12-26 17:11:00,5251,3.5467,3.55,3.545,3.55,3.5419,16
2023-12-26 17:12:00,6237,3.5491,3.5498,3.55,3.55,3.545,16
2023-12-26 17:13:00,107604,3.5525,3.545,3.555,3.57,3.545,168
2023-12-26 17:14:00,17315,3.5527,3.555,3.555,3.56,3.5502,26
2023-12-26 17:15:00,6280,3.5566,3.555,3.56,3.56,3.5502,47
2023-12-26 17:16:00,19997,3.5635,3.56,3.565,3.57,3.56,94
2023-12-26 17:17:00,11633,3.5688,3.5682,3.569,3.57,3.565,20
2023-12-26 17:18:00,38324,3.569,3.565,3.565,3.575,3.565,146
2023-12-26 17:19:00,4038,3.5647,3.565,3.5639,3.57,3.5639,16
2023-12-26 17:20:00,2697,3.5656,3.565,3.57,3.57,3.5612,20
2023-12-26 17:21:00,1141,3.5663,3.57,3.57,3.57,3.565,16
2023-12-26 17:22:00,2296,3.5655,3.565,3.57,3.57,3.565,10
2023-12-26 17:23:00,36748,3.5615,3.5699,3.565,3.5699,3.56,29
2023-12-26 17:24:00,19656,3.5611,3.56,3.565,3.57,3.555,88
2023-12-26 17:25:00,1101,3.5627,3.56,3.5601,3.565,3.56,17
2023-12-26 17:26:00,453,3.5631,3.56,3.57,3.57,3.56,20
2023-12-26 17:27:00,9057,3.5699,3.565,3.5699,3.57,3.565,26
2023-12-26 17:28:00,22826,3.5727,3.57,3.5799,3.58,3.57,63
2023-12-26 17:29:00,9365,3.5787,3.575,3.58,3.58,3.575,57
2023-12-26 17:30:00,107947,3.5972,3.58,3.6199,3.62,3.58,275
2023-12-26 17:31:00,29095,3.6115,3.6184,3.605,3.62,3.6027,120
2023-12-26 17:32:00,1579,3.6016,3.6,3.6073,3.61,3.6,22
2023-12-26 17:33:00,25117,3.5999,3.61,3.6,3.61,3.59,78
2023-12-26 17:34:00,37137,3.6028,3.595,3.5901,3.61,3.5901,125
2023-12-26 17:35:00,7351,3.5908,3.5901,3.59,3.598,3.59,47
2023-12-26 17:36:00,5505,3.5919,3.59,3.595,3.5967,3.59,26
2023-12-26 17:37:00,30839,3.5945,3.5987,3.59,3.6,3.59,78
2023-12-26 17:38:00,6264,3.5864,3.59,3.5801,3.59,3.58,36
2023-12-26 17:39:00,7239,3.5775,3.58,3.5773,3.58,3.57,39
2023-12-26 17:40:00,1693,3.5753,3.57,3.57,3.5789,3.57,13
2023-12-26 17:41:00,579,3.5753,3.575,3.5777,3.5777,3.57,11
2023-12-26 17:42:00,5071,3.5767,3.57,3.57,3.5792,3.57,18
2023-12-26 17:43:00,1732,3.5748,3.58,3.57,3.58,3.57,9
2023-12-26 17:44:00,5935,3.5784,3.57,3.584,3.585,3.57,69
2023-12-26 17:45:00,1769,3.5844,3.58,3.59,3.59,3.58,21
2023-12-26 17:46:00,3579,3.5815,3.58,3.59,3.59,3.58,15
2023-12-26 17:47:00,1670,3.5839,3.59,3.58,3.59,3.58,15
2023-12-26 17:48:00,3614,3.5851,3.585,3.59,3.59,3.5801,36
2023-12-26 17:49:00,30062,3.5887,3.5803,3.59,3.59,3.5803,140
2023-12-26 17:50:00,842,3.5831,3.5825,3.58,3.5854,3.58,13
2023-12-26 17:51:00,14719,3.5816,3.59,3.58,3.59,3.58,31
2023-12-26 17:52:00,14010,3.5922,3.582,3.595,3.6,3.582,56
2023-12-26 17:53:00,2586,3.594,3.595,3.595,3.595,3.59,25
2023-12-26 17:54:00,5889,3.5909,3.595,3.5999,3.5999,3.59,15
2023-12-26 17:55:00,13253,3.5884,3.59,3.58,3.5902,3.58,92
2023-12-26 17:56:00,28507,3.5725,3.58,3.5791,3.58,3.57,60
2023-12-26 17:57:00,1294,3.5735,3.575,3.5712,3.5799,3.57,7
2023-12-26 17:58:00,15282,3.5735,3.575,3.575,3.58,3.57,19
2023-12-26 17:59:00,11693,3.5797,3.578,3.585,3.585,3.575,61
2023-12-26 18:00:00,13128,3.5801,3.582,3.58,3.585,3.57,55
2023-12-26 18:01:00,8347,3.5828,3.582,3.58,3.585,3.58,28
2023-12-26 18:02:00,1745,3.5834,3.5801,3.585,3.59,3.58,18
2023-12-26 18:03:00,3674,3.5789,3.5875,3.57,3.5875,3.57,45
2023-12-26 18:04:00,3003,3.5747,3.575,3.58,3.58,3.57,10
2023-12-26 18:05:00,6322,3.5818,3.58,3.589,3.59,3.58,45
2023-12-26 18:06:00,10532,3.5904,3.59,3.595,3.6,3.59,32
2023-12-26 18:07:00,6215,3.59,3.595,3.5888,3.595,3.585,43
2023-12-26 18:08:00,139,3.5862,3.585,3.585,3.585,3.585,7
2023-12-26 18:09:00,3053,3.5828,3.585,3.59,3.59,3.5819,5
2023-12-26 18:10:00,5341,3.5801,3.58,3.58,3.585,3.575,35
2023-12-26 18:11:00,502,3.577,3.58,3.575,3.58,3.575,5
2023-12-26 18:12:00,2592,3.5761,3.57,3.58,3.58,3.57,13
2023-12-26 18:14:00,548,3.5754,3.575,3.5764,3.5764,3.575,7
2023-12-26 18:15:00,9226,3.5802,3.575,3.585,3.5895,3.575,59
2023-12-26 18:16:00,8995,3.5882,3.5899,3.58,3.59,3.58,26
2023-12-26 18:17:00,1260,3.5877,3.585,3.5824,3.59,3.5824,13
2023-12-26 18:18:00,812,3.5869,3.5887,3.5884,3.5887,3.5845,9
2023-12-26 18:19:00,4789,3.5839,3.5816,3.5801,3.59,3.5801,20
2023-12-26 18:20:00,11311,3.5907,3.59,3.5916,3.6,3.59,51
2023-12-26 18:21:00,809,3.5955,3.5925,3.59,3.5999,3.59,14
2023-12-26 18:22:00,3139,3.5938,3.5999,3.6,3.6,3.5916,20
2023-12-26 18:23:00,17176,3.5972,3.5928,3.604,3.605,3.59,73
2023-12-26 18:24:00,15512,3.6081,3.6099,3.61,3.61,3.6016,18
2023-12-26 18:25:00,11705,3.6017,3.61,3.605,3.61,3.6,64
2023-12-26 18:26:00,3001,3.5987,3.5999,3.6,3.6,3.5951,10
2023-12-26 18:28:00,2768,3.5956,3.5903,3.595,3.5999,3.5903,6
2023-12-26 18:29:00,2014,3.5904,3.5909,3.59,3.5909,3.59,3
2023-12-26 18:30:00,478,3.594,3.59,3.5964,3.5964,3.59,12
2023-12-26 18:31:00,39448,3.6031,3.5976,3.607,3.61,3.595,83
2023-12-26 18:32:00,512,3.6017,3.6016,3.6016,3.6016,3.6016,4
2023-12-26 18:33:00,1860,3.601,3.605,3.605,3.605,3.6,5
2023-12-26 18:34:00,10980,3.6053,3.6002,3.61,3.61,3.6002,6
2023-12-26 18:35:00,752,3.602,3.6,3.605,3.605,3.6,6
2023-12-26 18:36:00,21282,3.6005,3.61,3.6,3.61,3.6,24
2023-12-26 18:37:00,855,3.6068,3.605,3.61,3.61,3.605,17
2023-12-26 18:38:00,32386,3.6109,3.605,3.615,3.62,3.605,94
2023-12-26 18:39:00,4412,3.6159,3.615,3.62,3.62,3.6101,20
2023-12-26 18:40:00,16476,3.6093,3.611,3.6001,3.615,3.6,57
2023-12-26 18:41:00,7072,3.601,3.6001,3.605,3.6075,3.6,8
2023-12-26 18:42:00,8976,3.6007,3.602,3.6,3.605,3.6,7
2023-12-26 18:43:00,15801,3.6027,3.6002,3.6,3.605,3.6,6
2023-12-26 18:44:00,2112,3.6017,3.6017,3.605,3.605,3.6011,11
2023-12-26 18:45:00,600,3.6052,3.605,3.605,3.605,3.605,5
2023-12-26 18:46:00,14945,3.5994,3.6001,3.595,3.605,3.5936,70
2023-12-26 18:47:00,5830,3.5902,3.5901,3.5901,3.5901,3.5901,7
2023-12-26 18:48:00,1145,3.5959,3.595,3.595,3.595,3.595,9
2023-12-26 18:49:00,6484,3.5921,3.595,3.5901,3.595,3.59,40
2023-12-26 18:50:00,1183,3.5912,3.591,3.592,3.592,3.591,6
2023-12-26 18:51:00,3462,3.595,3.595,3.595,3.5974,3.592,16
2023-12-26 18:52:00,17103,3.5901,3.591,3.58,3.595,3.58,76
2023-12-26 18:53:00,13798,3.5819,3.5801,3.5856,3.5899,3.58,44
2023-12-26 18:54:00,23289,3.5862,3.585,3.585,3.59,3.58,65
2023-12-26 18:55:00,8855,3.5845,3.5801,3.585,3.59,3.5801,21
2023-12-26 18:56:00,3931,3.5882,3.585,3.585,3.589,3.585,13
2023-12-26 18:57:00,100,3.585,3.585,3.585,3.585,3.585,1
2023-12-26 18:58:00,4153,3.5863,3.59,3.585,3.59,3.585,20
2023-12-26 18:59:00,3477,3.5847,3.58,3.585,3.585,3.58,10
2023-12-26 19:00:00,298,3.5841,3.585,3.58,3.585,3.58,7
2023-12-26 19:01:00,2185,3.5809,3.58,3.5811,3.5874,3.58,18
2023-12-26 19:02:00,383,3.5852,3.585,3.585,3.585,3.585,7
2023-12-26 19:03:00,10917,3.5895,3.585,3.5956,3.5956,3.585,69
2023-12-26 19:04:00,14640,3.5927,3.5988,3.595,3.5988,3.5901,22
2023-12-26 19:05:00,17593,3.6019,3.6,3.605,3.61,3.595,61
2023-12-26 19:06:00,10208,3.6046,3.605,3.61,3.61,3.6,43
2023-12-26 19:07:00,17401,3.6112,3.6092,3.61,3.6176,3.6092,62
2023-12-26 19:08:00,739,3.6112,3.61,3.615,3.62,3.61,10
2023-12-26 19:09:00,3509,3.6123,3.6101,3.614,3.62,3.61,12
2023-12-26 19:10:00,1503,3.6136,3.612,3.61,3.62,3.61,13
2023-12-26 19:11:00,7864,3.6187,3.62,3.615,3.62,3.6112,16
2023-12-26 19:12:00,11837,3.6122,3.615,3.62,3.62,3.61,20
2023-12-26 19:13:00,58448,3.6199,3.61,3.625,3.625,3.61,84
2023-12-26 19:14:00,11481,3.6268,3.625,3.62,3.63,3.62,30
2023-12-26 19:15:00,14192,3.6229,3.6203,3.625,3.63,3.62,26
2023-12-26 19:16:00,869,3.6258,3.625,3.626,3.63,3.625,11
2023-12-26 19:17:00,36892,3.6265,3.6235,3.6277,3.63,3.6224,30
2023-12-26 19:18:00,4962,3.6229,3.63,3.63,3.63,3.6201,16
2023-12-26 19:19:00,14809,3.6195,3.625,3.6197,3.6259,3.6101,79
2023-12-26 19:20:00,800,3.6153,3.615,3.61,3.615,3.61,11
2023-12-26 19:21:00,15826,3.617,3.615,3.615,3.62,3.61,48
2023-12-26 19:22:00,7925,3.6187,3.615,3.615,3.62,3.615,22
2023-12-26 19:23:00,1714,3.615,3.615,3.615,3.615,3.615,4
2023-12-26 19:24:00,3541,3.6118,3.615,3.6113,3.615,3.61,7
2023-12-26 19:25:00,10374,3.6151,3.615,3.62,3.62,3.61,40
2023-12-26 19:26:00,3097,3.6163,3.6168,3.6199,3.62,3.61,16
2023-12-26 19:27:00,7333,3.6107,3.615,3.61,3.615,3.61,18
2023-12-26 19:28:00,6529,3.6109,3.61,3.6168,3.617,3.61,15
2023-12-26 19:29:00,4076,3.6143,3.615,3.615,3.6199,3.61,25
2023-12-26 19:30:00,2445,3.6153,3.6139,3.615,3.62,3.6139,22
2023-12-26 19:31:00,525,3.6158,3.6152,3.62,3.62,3.615,10
2023-12-26 19:32:00,21903,3.6207,3.62,3.63,3.63,3.615,93
2023-12-26 19:33:00,5739,3.6289,3.63,3.63,3.63,3.625,10
2023-12-26 19:34:00,26965,3.6212,3.6226,3.625,3.63,3.62,82
2023-12-26 19:35:00,1986,3.6293,3.63,3.63,3.63,3.63,12
2023-12-26 19:36:00,3932,3.6286,3.63,3.6241,3.63,3.6241,19
2023-12-26 19:37:00,183550,3.63,3.6271,3.635,3.64,3.626,210
2023-12-26 19:38:00,11420,3.6299,3.635,3.63,3.635,3.625,37
2023-12-26 19:39:00,5011,3.6238,3.625,3.6209,3.63,3.6209,35
2023-12-26 19:40:00,6266,3.6272,3.625,3.63,3.63,3.625,37
2023-12-26 19:41:00,31234,3.6147,3.62,3.61,3.6205,3.6029,131
2023-12-26 19:42:00,24588,3.6073,3.605,3.6066,3.61,3.6,47
2023-12-26 19:43:00,47978,3.5993,3.6,3.605,3.605,3.595,112
2023-12-26 19:44:00,18556,3.5986,3.6,3.5924,3.6,3.5901,41
2023-12-26 19:46:00,5131,3.5978,3.5961,3.595,3.6,3.5931,23
2023-12-26 19:47:00,24900,3.6029,3.6,3.6097,3.6097,3.6,81
2023-12-26 19:48:00,15197,3.6061,3.61,3.605,3.61,3.6,36
2023-12-26 19:49:00,11687,3.602,3.605,3.6002,3.6058,3.6,19
2023-12-26 19:50:00,1915,3.6028,3.6011,3.605,3.605,3.6011,15
2023-12-26 19:51:00,1292,3.6048,3.6088,3.605,3.6088,3.6,13
2023-12-26 19:52:00,9927,3.605,3.605,3.605,3.61,3.6048,36
2023-12-26 19:53:00,1295,3.6024,3.605,3.6027,3.605,3.6,13
2023-12-26 19:54:00,2390,3.6033,3.61,3.6003,3.61,3.6003,9
2023-12-26 19:55:00,2019,3.6047,3.605,3.605,3.61,3.6,19
2023-12-26 19:56:00,3121,3.6048,3.61,3.605,3.61,3.6,31
2023-12-26 19:57:00,5821,3.604,3.6099,3.6001,3.61,3.6,13
2023-12-26 19:58:00,2258,3.6016,3.6,3.6,3.61,3.6,15
2023-12-26 19:59:00,3636,3.6052,3.607,3.605,3.607,3.605,29
2023-12-26 20:00:00,5089,3.6036,3.605,3.605,3.6088,3.6,26
2023-12-26 20:01:00,15615,3.5997,3.605,3.59,3.605,3.59,93
2023-12-26 20:02:00,5618,3.5982,3.5984,3.59,3.6,3.59,7
2023-12-26 20:03:00,23202,3.5999,3.595,3.605,3.605,3.595,120
2023-12-26 20:04:00,4187,3.6052,3.605,3.61,3.61,3.6,23
2023-12-26 20:05:00,6489,3.6091,3.61,3.61,3.61,3.605,21
2023-12-26 20:06:00,8523,3.6069,3.61,3.6098,3.61,3.6016,14
2023-12-26 20:07:00,786,3.608,3.605,3.6088,3.6088,3.605,12
2023-12-26 20:08:00,6476,3.609,3.605,3.605,3.61,3.605,34
2023-12-26 20:09:00,3823,3.6059,3.61,3.602,3.61,3.602,29
2023-12-26 20:10:00,2980,3.6048,3.605,3.61,3.61,3.6001,21
2023-12-26 20:11:00,3951,3.6045,3.61,3.61,3.61,3.6016,20
2023-12-26 20:12:00,3329,3.6069,3.61,3.605,3.61,3.605,30
2023-12-26 20:13:00,5004,3.6073,3.61,3.605,3.61,3.605,23
2023-12-26 20:14:00,1815,3.6073,3.61,3.6046,3.61,3.6029,27
2023-12-26 20:15:00,981,3.6071,3.605,3.61,3.61,3.605,13
2023-12-26 20:16:00,12312,3.6072,3.61,3.605,3.61,3.6,53
2023-12-26 20:17:00,72229,3.6089,3.61,3.62,3.62,3.601,102
2023-12-26 20:18:00,32574,3.6195,3.62,3.615,3.625,3.6125,102
2023-12-26 20:19:00,3635,3.618,3.615,3.62,3.62,3.615,23
2023-12-26 20:20:00,15688,3.6212,3.62,3.63,3.63,3.62,64
2023-12-26 20:21:00,4466,3.6241,3.625,3.63,3.63,3.6203,28
2023-12-26 20:22:00,5886,3.6261,3.625,3.6298,3.63,3.6218,29
2023-12-26 20:23:00,5365,3.6256,3.625,3.625,3.63,3.62,32
2023-12-26 20:24:00,18010,3.6254,3.625,3.6244,3.63,3.6211,37
2023-12-26 20:25:00,8075,3.6268,3.63,3.6299,3.63,3.6243,28
2023-12-26 20:26:00,3366,3.621,3.63,3.625,3.63,3.625,21
2023-12-26 20:27:00,5437,3.6289,3.63,3.63,3.63,3.625,26
2023-12-26 20:28:00,38225,3.6285,3.63,3.63,3.63,3.62,78
2023-12-26 20:29:00,9617,3.6276,3.63,3.63,3.63,3.6212,40
2023-12-26 20:30:00,92284,3.6142,3.63,3.61,3.63,3.61,306
2023-12-26 20:31:00,12622,3.6162,3.61,3.615,3.6191,3.61,29
2023-12-26 20:32:00,3438,3.6167,3.615,3.612,3.6199,3.61,13
2023-12-26 20:33:00,21259,3.62,3.615,3.62,3.625,3.615,70
2023-12-26 20:34:00,5658,3.6225,3.625,3.625,3.63,3.62,25
2023-12-26 20:35:00,7897,3.6246,3.63,3.6233,3.63,3.6201,29
2023-12-26 20:36:00,7941,3.6242,3.63,3.625,3.63,3.62,39
2023-12-26 20:37:00,4990,3.6267,3.62,3.625,3.63,3.62,39
2023-12-26 20:38:00,10443,3.6252,3.625,3.62,3.63,3.62,57
2023-12-26 20:39:00,46227,3.6197,3.6275,3.615,3.63,3.615,131
2023-12-26 20:40:00,19110,3.6121,3.6164,3.615,3.6164,3.6102,38
2023-12-26 20:41:00,10884,3.6148,3.615,3.615,3.62,3.61,37
2023-12-26 20:42:00,6433,3.616,3.6199,3.615,3.6199,3.61,19
2023-12-26 20:43:00,21541,3.6186,3.615,3.615,3.62,3.615,34
2023-12-26 20:44:00,7924,3.6161,3.615,3.6148,3.62,3.6114,41
2023-12-26 20:45:00,50870,3.6108,3.615,3.61,3.6199,3.61,246
2023-12-26 20:46:00,3509,3.6156,3.6199,3.615,3.62,3.615,31
2023-12-26 20:47:00,8582,3.6151,3.615,3.615,3.62,3.6146,55
2023-12-26 20:48:00,19261,3.6113,3.62,3.62,3.62,3.61,35
2023-12-26 20:49:00,14107,3.6149,3.62,3.615,3.62,3.61,78
2023-12-26 20:50:00,100931,3.6109,3.62,3.62,3.62,3.61,294
2023-12-26 20:51:00,11285,3.6148,3.615,3.6148,3.62,3.61,57
2023-12-26 20:52:00,26935,3.6167,3.61,3.62,3.62,3.61,96
2023-12-26 20:53:00,67822,3.6208,3.62,3.6201,3.63,3.62,179
2023-12-26 20:54:00,142804,3.6182,3.6226,3.61,3.63,3.605,448
2023-12-26 20:55:00,74337,3.6115,3.61,3.615,3.62,3.61,183
2023-12-26 20:56:00,84091,3.6112,3.615,3.605,3.62,3.605,238
2023-12-26 20:57:00,87083,3.6001,3.6001,3.6,3.61,3.595,191
2023-12-26 20:58:00,32462,3.5956,3.595,3.6,3.6,3.59,99
2023-12-26 20:59:00,102782,3.5923,3.595,3.595,3.6,3.59,322
2023-12-26 21:00:00,71937,3.6,3.6,3.6,3.6,3.6,3
2023-12-26 21:09:00,1404,3.6003,3.6,3.6,3.6,3.6,9
2023-12-26 21:10:00,255,3.6021,3.6,3.6,3.6,3.6,3
2023-12-26 21:16:00,800,3.61,3.61,3.61,3.61,3.61,8
2023-12-26 21:20:00,16860,3.6,3.6,3.6,3.6,3.6,3
2023-12-26 21:22:00,996,3.6261,3.63,3.63,3.63,3.62,11
2023-12-26 21:23:00,150,3.64,3.64,3.64,3.64,3.64,1
2023-12-26 21:24:00,282,3.6299,3.63,3.63,3.63,3.63,5
2023-12-26 21:25:00,525,3.6257,3.62,3.62,3.63,3.62,5
2023-12-26 21:30:00,307,3.6297,3.63,3.63,3.63,3.63,8
2023-12-26 21:41:00,151,3.6233,3.63,3.63,3.63,3.63,3
2023-12-26 21:43:00,200,3.615,3.61,3.62,3.62,3.61,2
2023-12-26 21:46:00,100,3.62,3.62,3.62,3.62,3.62,1
2023-12-26 21:47:00,225,3.6291,3.63,3.63,3.63,3.63,3
2023-12-26 21:54:00,307,3.6299,3.6299,3.6299,3.6299,3.6299,2
2023-12-26 21:56:00,206,3.63,3.63,3.63,3.63,3.63,4
2023-12-26 22:02:00,100,3.61,3.61,3.61,3.61,3.61,1
2023-12-26 22:11:00,1000,3.62,3.62,3.62,3.62,3.62,1
2023-12-26 22:12:00,300,3.62,3.62,3.62,3.62,3.62,1
2023-12-26 22:13:00,120,3.6183,3.62,3.62,3.62,3.62,2
2023-12-26 22:16:00,1960,3.6122,3.62,3.61,3.62,3.61,8
2023-12-26 22:18:00,532,3.61,3.61,3.61,3.61,3.61,9
2023-12-26 22:22:00,355,3.6007,3.6,3.6,3.6,3.6,3
2023-12-26 22:25:00,1027,3.61,3.61,3.61,3.61,3.61,3
2023-12-26 22:29:00,100,3.61,3.61,3.61,3.61,3.61,1
2023-12-26 22:34:00,200,3.6199,3.6199,3.6199,3.6199,3.6199,1
2023-12-26 22:35:00,1000,3.62,3.62,3.62,3.62,3.62,1
2023-12-26 22:36:00,500,3.62,3.62,3.62,3.62,3.62,1
2023-12-26 23:01:00,220,3.62,3.62,3.62,3.62,3.62,1
2023-12-26 23:06:00,150,3.6,3.6,3.6,3.6,3.6,1
2023-12-26 23:09:00,1500,3.6133,3.62,3.6,3.62,3.6,2
2023-12-26 23:11:00,250,3.64,3.64,3.64,3.64,3.64,1
2023-12-26 23:18:00,1232,3.62,3.62,3.62,3.62,3.62,2
2023-12-26 23:22:00,6000,3.6295,3.6298,3.63,3.63,3.6298,6
2023-12-26 23:23:00,5000,3.6398,3.6398,3.6398,3.6398,3.6398,1
2023-12-26 23:26:00,2919,3.64,3.64,3.64,3.64,3.64,1
2023-12-26 23:38:00,530,3.61,3.61,3.61,3.61,3.61,2
2023-12-26 23:39:00,530,3.642,3.64,3.64,3.64,3.64,10
2023-12-26 23:41:00,10000,3.64,3.64,3.64,3.64,3.64,1
2023-12-26 23:43:00,105,3.65,3.65,3.65,3.65,3.65,2
2023-12-26 23:46:00,497,3.61,3.61,3.61,3.61,3.61,1
2023-12-27 00:06:00,176,3.6057,3.61,3.61,3.61,3.61,5
2023-12-27 00:10:00,100,3.61,3.61,3.61,3.61,3.61,1
2023-12-27 00:11:00,250,3.61,3.61,3.61,3.61,3.61,1
2023-12-27 00:19:00,1000,3.6,3.6,3.6,3.6,3.6,1
2023-12-27 00:43:00,1376,3.61,3.61,3.61,3.61,3.61,4
2023-12-27 00:48:00,399,3.6,3.6,3.6,3.6,3.6,4
2023-12-27 00:57:00,155,3.58,3.58,3.58,3.58,3.58,4
2023-12-27 00:58:00,124,3.57,3.57,3.57,3.57,3.57,1
