t,v,vw,o,c,h,l,n
2023-05-25 08:40:00,1586,16.5116,16.51,16.52,16.52,16.51,5
2023-05-25 08:56:00,330,16.52,16.52,16.52,16.52,16.52,1
2023-05-25 09:26:00,324,16.8682,16.87,16.88,16.88,16.87,7
2023-05-25 09:28:00,125,16.8,16.8,16.8,16.8,16.8,1
2023-05-25 09:40:00,8888,16.8362,16.79,16.83,16.97,16.79,7
2023-05-25 09:51:00,150,16.79,16.79,16.79,16.79,16.79,1
2023-05-25 10:40:00,400,16.8426,16.84,16.85,16.85,16.84,6
2023-05-25 10:48:00,500,16.8387,16.8,16.85,16.85,16.8,3
2023-05-25 11:00:00,1530,16.8395,16.84,16.85,16.85,16.8,16
2023-05-25 11:01:00,1331,16.5755,16.57,16.55,16.57,16.55,18
2023-05-25 11:04:00,400,16.65,16.65,16.65,16.65,16.65,1
2023-05-25 11:06:00,500,16.809,16.8,16.84,16.84,16.8,4
2023-05-25 11:13:00,400,16.6513,16.65,16.65,16.65,16.65,3
2023-05-25 11:20:00,100,16.61,16.61,16.61,16.61,16.61,1
2023-05-25 11:34:00,200,16.545,16.53,16.53,16.53,16.53,3
2023-05-25 11:36:00,200,16.53,16.54,16.52,16.54,16.52,2
2023-05-25 11:44:00,200,16.56,16.56,16.56,16.56,16.56,1
2023-05-25 12:00:00,2648,16.5541,16.54,16.56,16.56,16.5,17
2023-05-25 12:01:00,772,16.5886,16.6,16.6,16.6,16.6,16
2023-05-25 12:02:00,218,16.4506,16.54,16.54,16.54,16.54,5
2023-05-25 12:03:00,524,16.54,16.54,16.54,16.54,16.54,4
2023-05-25 12:12:00,300,16.59,16.59,16.59,16.59,16.59,1
2023-05-25 12:27:00,400,16.5425,16.54,16.53,16.54,16.53,6
2023-05-25 12:30:00,840,16.59,16.59,16.59,16.59,16.59,2
2023-05-25 12:34:00,801,16.54,16.54,16.54,16.54,16.54,1
2023-05-25 12:39:00,501,16.59,16.59,16.59,16.59,16.59,2
2023-05-25 12:42:00,200,16.55,16.55,16.55,16.55,16.55,1
2023-05-25 12:43:00,1081,16.596,16.59,16.6,16.6,16.59,13
2023-05-25 12:49:00,500,16.7,16.7,16.7,16.7,16.7,7
2023-05-25 12:50:00,280,16.7241,16.7,16.7,16.7,16.7,5
2023-05-25 12:53:00,600,16.7248,16.7,16.7499,16.7499,16.7,3
2023-05-25 12:54:00,1110,16.7422,16.75,16.75,16.75,16.75,8
2023-05-25 12:57:00,200,16.65,16.65,16.65,16.65,16.65,1
2023-05-25 13:00:00,701,16.66,16.66,16.65,16.66,16.65,6
2023-05-25 13:01:00,378,16.6779,16.68,16.68,16.68,16.68,4
2023-05-25 13:03:00,510,16.6016,16.6,16.6,16.6,16.6,2
2023-05-25 13:04:00,505,16.6612,16.67,16.67,16.67,16.67,6
2023-05-25 13:07:00,1002,16.65,16.65,16.65,16.65,16.65,2
2023-05-25 13:21:00,136,16.6602,16.66,16.66,16.66,16.66,4
2023-05-25 13:24:00,270,16.7,16.7,16.7,16.7,16.7,1
2023-05-25 13:26:00,3025,16.6734,16.7,16.66,16.7,16.66,4
2023-05-25 13:27:00,949,16.6368,16.63,16.61,16.66,16.61,9
2023-05-25 13:28:00,1219,16.5332,16.52,16.53,16.53,16.52,25
2023-05-25 13:30:00,82911,16.4948,16.51,16.52,16.54,16.4,330
2023-05-25 13:31:00,138564,16.4905,16.52,16.37,16.52,16.33,253
2023-05-25 13:32:00,25790,16.3104,16.37,16.3176,16.39,16.26,275
2023-05-25 13:33:00,37518,16.4205,16.31,16.43,16.45,16.31,251
2023-05-25 13:34:00,21260,16.465,16.4599,16.41,16.4992,16.41,129
2023-05-25 13:35:00,7515,16.4725,16.4,16.49,16.49,16.4,109
2023-05-25 13:36:00,16232,16.4841,16.505,16.46,16.51,16.45,182
2023-05-25 13:37:00,20485,16.3714,16.45,16.36,16.45,16.34,169
2023-05-25 13:38:00,29806,16.385,16.365,16.39,16.43,16.3414,302
2023-05-25 13:39:00,11498,16.359,16.39,16.35,16.39,16.32,118
2023-05-25 13:40:00,21676,16.368,16.3488,16.38,16.42,16.34,258
2023-05-25 13:41:00,24479,16.3832,16.36,16.4,16.42,16.359,231
2023-05-25 13:42:00,21606,16.3841,16.39,16.37,16.415,16.35,277
2023-05-25 13:43:00,20465,16.361,16.36,16.36,16.39,16.34,245
2023-05-25 13:44:00,17706,16.3453,16.36,16.34,16.36,16.32,182
2023-05-25 13:45:00,48604,16.465,16.33,16.52,16.5409,16.33,486
2023-05-25 13:46:00,31498,16.5085,16.54,16.46,16.55,16.45,324
2023-05-25 13:47:00,13591,16.4856,16.5,16.45,16.54,16.445,118
2023-05-25 13:48:00,57699,16.4847,16.46,16.475,16.52,16.44,408
2023-05-25 13:49:00,42741,16.4423,16.475,16.44,16.476,16.4,481
2023-05-25 13:50:00,11485,16.4334,16.44,16.43,16.44,16.42,137
2023-05-25 13:51:00,19973,16.4619,16.425,16.5,16.51,16.425,256
2023-05-25 13:52:00,27284,16.5441,16.5,16.53,16.58,16.5,333
2023-05-25 13:53:00,16559,16.5238,16.54,16.55,16.5501,16.51,224
2023-05-25 13:54:00,17569,16.6068,16.57,16.64,16.65,16.57,204
2023-05-25 13:55:00,63071,16.6983,16.655,16.7182,16.73,16.655,628
2023-05-25 13:56:00,49362,16.7588,16.715,16.82,16.825,16.7,533
2023-05-25 13:57:00,81154,16.8443,16.82,16.85,16.88,16.82,891
2023-05-25 13:58:00,53809,16.8538,16.85,16.825,16.895,16.8,565
2023-05-25 13:59:00,20094,16.7877,16.82,16.79,16.82,16.76,249
2023-05-25 14:00:00,56777,16.8514,16.78,16.86,16.875,16.78,683
2023-05-25 14:01:00,28812,16.8168,16.86,16.76,16.86,16.74,332
2023-05-25 14:02:00,31434,16.7277,16.73,16.68,16.76,16.68,337
2023-05-25 14:03:00,21514,16.7269,16.69,16.75,16.76,16.68,279
2023-05-25 14:04:00,16496,16.7406,16.73,16.75,16.76,16.73,191
2023-05-25 14:05:00,19992,16.7159,16.74,16.7,16.76,16.7,150
2023-05-25 14:06:00,25201,16.6473,16.69,16.63,16.695,16.6,267
2023-05-25 14:07:00,18200,16.6062,16.63,16.6,16.64,16.58,173
2023-05-25 14:08:00,19980,16.606,16.58,16.61,16.63,16.5748,99
2023-05-25 14:09:00,12587,16.6038,16.6169,16.605,16.62,16.5904,166
2023-05-25 14:10:00,43487,16.5647,16.61,16.54,16.61,16.53,325
2023-05-25 14:11:00,13461,16.5319,16.5299,16.52,16.56,16.51,160
2023-05-25 14:12:00,19122,16.4804,16.51,16.47,16.51,16.45,166
2023-05-25 14:13:00,8481,16.5033,16.48,16.47,16.495,16.465,97
2023-05-25 14:14:00,16649,16.4482,16.4751,16.4429,16.4751,16.42,121
2023-05-25 14:15:00,18550,16.432,16.445,16.4499,16.45,16.41,229
2023-05-25 14:16:00,32249,16.4987,16.44,16.55,16.55,16.44,249
2023-05-25 14:17:00,17947,16.5546,16.555,16.55,16.57,16.5491,221
2023-05-25 14:18:00,11120,16.5671,16.55,16.58,16.58,16.55,179
2023-05-25 14:19:00,25619,16.5726,16.59,16.53,16.61,16.525,235
2023-05-25 14:20:00,9037,16.5454,16.53,16.57,16.57,16.53,139
2023-05-25 14:21:00,8383,16.5475,16.56,16.57,16.57,16.53,132
2023-05-25 14:22:00,12367,16.5628,16.575,16.58,16.5801,16.54,149
2023-05-25 14:23:00,10424,16.5586,16.5786,16.5618,16.5786,16.545,122
2023-05-25 14:24:00,11811,16.5206,16.565,16.534,16.565,16.49,148
2023-05-25 14:25:00,8037,16.5806,16.54,16.58,16.6,16.53,126
2023-05-25 14:26:00,6933,16.603,16.57,16.63,16.63,16.57,87
2023-05-25 14:27:00,9509,16.6404,16.65,16.655,16.66,16.63,114
2023-05-25 14:28:00,27832,16.6705,16.65,16.68,16.69,16.635,252
2023-05-25 14:29:00,13132,16.6899,16.685,16.69,16.7,16.68,105
2023-05-25 14:30:00,20864,16.7128,16.69,16.715,16.7291,16.69,179
2023-05-25 14:31:00,12312,16.7232,16.73,16.7019,16.745,16.69,125
2023-05-25 14:32:00,11717,16.6813,16.71,16.685,16.71,16.66,146
2023-05-25 14:33:00,11790,16.6596,16.68,16.67,16.685,16.65,157
2023-05-25 14:34:00,40777,16.6528,16.66,16.645,16.68,16.61,185
2023-05-25 14:35:00,15861,16.6435,16.65,16.63,16.665,16.61,178
2023-05-25 14:36:00,37580,16.615,16.635,16.64,16.64,16.6,131
2023-05-25 14:37:00,12220,16.6103,16.64,16.59,16.64,16.59,106
2023-05-25 14:38:00,16456,16.5921,16.59,16.57,16.6099,16.57,150
2023-05-25 14:39:00,18183,16.5822,16.57,16.62,16.6201,16.56,148
2023-05-25 14:40:00,14943,16.662,16.625,16.68,16.68,16.625,145
2023-05-25 14:41:00,9958,16.6973,16.6799,16.68,16.71,16.6799,139
2023-05-25 14:42:00,6423,16.6846,16.685,16.69,16.7,16.6799,116
2023-05-25 14:43:00,7587,16.6726,16.69,16.69,16.69,16.66,90
2023-05-25 14:44:00,4428,16.696,16.69,16.6977,16.705,16.685,73
2023-05-25 14:45:00,20748,16.7142,16.7,16.7,16.74,16.695,230
2023-05-25 14:46:00,5163,16.695,16.71,16.685,16.71,16.68,70
2023-05-25 14:47:00,25794,16.6668,16.68,16.62,16.685,16.62,250
2023-05-25 14:48:00,6236,16.6208,16.62,16.61,16.63,16.61,125
2023-05-25 14:49:00,9683,16.6184,16.61,16.63,16.635,16.605,140
2023-05-25 14:50:00,3363,16.6414,16.64,16.65,16.65,16.63,60
2023-05-25 14:51:00,12332,16.6556,16.66,16.65,16.66,16.65,119
2023-05-25 14:52:00,8134,16.6281,16.66,16.62,16.66,16.61,136
2023-05-25 14:53:00,15140,16.6154,16.63,16.6,16.64,16.59,181
2023-05-25 14:54:00,3613,16.6229,16.61,16.645,16.65,16.6,72
2023-05-25 14:55:00,5754,16.6462,16.65,16.65,16.657,16.63,75
2023-05-25 14:56:00,4652,16.659,16.655,16.66,16.67,16.65,80
2023-05-25 14:57:00,11894,16.6307,16.65,16.625,16.65,16.61,163
2023-05-25 14:58:00,7662,16.6081,16.6203,16.59,16.63,16.5828,73
2023-05-25 14:59:00,5117,16.6006,16.59,16.615,16.62,16.585,86
2023-05-25 15:00:00,13968,16.5872,16.6191,16.58,16.6191,16.56,155
2023-05-25 15:01:00,3174,16.5902,16.58,16.59,16.6,16.58,47
2023-05-25 15:02:00,6725,16.5718,16.58,16.565,16.58,16.565,76
2023-05-25 15:03:00,2804,16.5545,16.5605,16.545,16.57,16.545,59
2023-05-25 15:04:00,33292,16.5084,16.54,16.52,16.54,16.495,182
2023-05-25 15:05:00,7465,16.5404,16.5208,16.53,16.555,16.5208,94
2023-05-25 15:06:00,13027,16.4861,16.5382,16.46,16.5382,16.46,142
2023-05-25 15:07:00,102486,16.411,16.46,16.385,16.46,16.38,549
2023-05-25 15:08:00,26954,16.3777,16.38,16.3873,16.39,16.3571,221
2023-05-25 15:09:00,8966,16.3624,16.3899,16.35,16.3899,16.35,90
2023-05-25 15:10:00,18390,16.3279,16.35,16.335,16.35,16.315,234
2023-05-25 15:11:00,16164,16.3505,16.34,16.38,16.38,16.3399,172
2023-05-25 15:12:00,5711,16.3622,16.38,16.3513,16.38,16.35,75
2023-05-25 15:13:00,9207,16.3629,16.35,16.37,16.38,16.345,126
2023-05-25 15:14:00,12235,16.3728,16.38,16.36,16.38,16.355,146
2023-05-25 15:15:00,4330,16.3862,16.37,16.385,16.395,16.37,66
2023-05-25 15:16:00,39514,16.355,16.385,16.35,16.385,16.33,228
2023-05-25 15:17:00,18519,16.3392,16.36,16.33,16.37,16.32,214
2023-05-25 15:18:00,5055,16.3384,16.33,16.345,16.345,16.33,65
2023-05-25 15:19:00,2620,16.3365,16.34,16.33,16.34,16.33,44
2023-05-25 15:20:00,4439,16.3504,16.33,16.3585,16.36,16.33,70
2023-05-25 15:21:00,30192,16.3216,16.36,16.32,16.36,16.305,163
2023-05-25 15:22:00,14148,16.2976,16.32,16.2899,16.32,16.28,109
2023-05-25 15:23:00,37242,16.2734,16.285,16.285,16.29,16.265,217
2023-05-25 15:24:00,7123,16.2706,16.285,16.25,16.29,16.25,74
2023-05-25 15:25:00,13564,16.2539,16.25,16.255,16.265,16.245,101
2023-05-25 15:26:00,30122,16.1994,16.2515,16.19,16.2515,16.19,116
2023-05-25 15:27:00,10772,16.1795,16.1913,16.16,16.21,16.16,97
2023-05-25 15:28:00,15622,16.2137,16.1519,16.255,16.255,16.1519,227
2023-05-25 15:29:00,9006,16.2604,16.25,16.2502,16.27,16.235,73
2023-05-25 15:30:00,5032,16.2431,16.255,16.24,16.2587,16.235,84
2023-05-25 15:31:00,19798,16.2336,16.2307,16.25,16.25,16.21,193
2023-05-25 15:32:00,14366,16.2588,16.26,16.25,16.27,16.2499,88
2023-05-25 15:33:00,7808,16.2425,16.24,16.255,16.26,16.225,101
2023-05-25 15:34:00,14003,16.2446,16.25,16.24,16.255,16.23,119
2023-05-25 15:35:00,9515,16.2321,16.25,16.235,16.25,16.22,76
2023-05-25 15:36:00,43381,16.2781,16.24,16.29,16.3002,16.24,300
2023-05-25 15:37:00,28634,16.2975,16.285,16.31,16.31,16.26,284
2023-05-25 15:38:00,25662,16.2983,16.31,16.28,16.3166,16.261,242
2023-05-25 15:39:00,3274,16.2735,16.28,16.26,16.2823,16.26,62
2023-05-25 15:40:00,17459,16.2684,16.28,16.24,16.28,16.235,204
2023-05-25 15:41:00,5888,16.2451,16.2412,16.255,16.255,16.24,91
2023-05-25 15:42:00,7858,16.2556,16.26,16.245,16.265,16.245,107
2023-05-25 15:43:00,6459,16.2266,16.24,16.22,16.24,16.2189,73
2023-05-25 15:44:00,46780,16.1746,16.22,16.165,16.22,16.16,432
2023-05-25 15:45:00,75426,16.1625,16.165,16.2413,16.245,16.13,573
2023-05-25 15:46:00,17387,16.2293,16.245,16.205,16.25,16.205,172
2023-05-25 15:47:00,9388,16.2099,16.205,16.2072,16.21,16.205,67
2023-05-25 15:48:00,16702,16.2008,16.205,16.23,16.23,16.19,140
2023-05-25 15:49:00,7467,16.2478,16.24,16.29,16.3,16.24,99
2023-05-25 15:50:00,9531,16.3006,16.3,16.3,16.31,16.295,126
2023-05-25 15:51:00,22551,16.3549,16.305,16.3999,16.3999,16.3,203
2023-05-25 15:52:00,8143,16.406,16.4,16.405,16.42,16.39,111
2023-05-25 15:53:00,26080,16.4362,16.41,16.4401,16.46,16.41,220
2023-05-25 15:54:00,22400,16.4099,16.43,16.39,16.43,16.38,180
2023-05-25 15:55:00,5722,16.4131,16.39,16.43,16.44,16.39,77
2023-05-25 15:56:00,13096,16.4514,16.44,16.445,16.46,16.44,144
2023-05-25 15:57:00,29922,16.4652,16.45,16.475,16.48,16.45,221
2023-05-25 15:58:00,6005,16.4813,16.48,16.49,16.49,16.475,92
2023-05-25 15:59:00,16302,16.4964,16.49,16.5,16.515,16.4725,169
2023-05-25 16:00:00,26095,16.5118,16.51,16.53,16.53,16.48,303
2023-05-25 16:01:00,19922,16.5368,16.53,16.56,16.57,16.52,253
2023-05-25 16:02:00,13975,16.5512,16.56,16.535,16.565,16.53,170
2023-05-25 16:03:00,3890,16.5293,16.54,16.5287,16.54,16.52,36
2023-05-25 16:04:00,25406,16.5349,16.525,16.565,16.565,16.51,197
2023-05-25 16:05:00,28372,16.5291,16.57,16.52,16.57,16.5125,204
2023-05-25 16:06:00,8959,16.5103,16.518,16.485,16.5191,16.485,116
2023-05-25 16:07:00,12183,16.466,16.48,16.46,16.485,16.445,126
2023-05-25 16:08:00,9810,16.476,16.46,16.46,16.4889,16.455,105
2023-05-25 16:09:00,8689,16.4662,16.465,16.49,16.49,16.455,107
2023-05-25 16:10:00,31050,16.4939,16.485,16.495,16.5,16.485,111
2023-05-25 16:11:00,6101,16.496,16.49,16.495,16.505,16.49,82
2023-05-25 16:12:00,26206,16.5171,16.495,16.51,16.53,16.495,254
2023-05-25 16:13:00,27846,16.5143,16.51,16.5,16.525,16.49,132
2023-05-25 16:14:00,2067,16.5024,16.5001,16.505,16.505,16.5,15
2023-05-25 16:15:00,28515,16.5098,16.5,16.525,16.525,16.5,286
2023-05-25 16:16:00,29460,16.5165,16.53,16.495,16.54,16.49,169
2023-05-25 16:17:00,3696,16.4969,16.5,16.495,16.5,16.4912,18
2023-05-25 16:18:00,13399,16.4689,16.495,16.465,16.5,16.445,132
2023-05-25 16:19:00,39867,16.4639,16.47,16.465,16.49,16.445,224
2023-05-25 16:20:00,8516,16.4779,16.47,16.475,16.49,16.47,104
2023-05-25 16:21:00,15334,16.4525,16.48,16.45,16.48,16.4401,99
2023-05-25 16:22:00,9064,16.4598,16.455,16.45,16.47,16.45,95
2023-05-25 16:23:00,5912,16.4571,16.46,16.455,16.47,16.45,85
2023-05-25 16:24:00,15565,16.436,16.46,16.43,16.4603,16.412,219
2023-05-25 16:25:00,15430,16.4234,16.43,16.42,16.44,16.41,174
2023-05-25 16:26:00,13440,16.3976,16.41,16.375,16.41,16.375,166
2023-05-25 16:27:00,16366,16.3691,16.38,16.37,16.39,16.35,176
2023-05-25 16:28:00,4128,16.3764,16.3614,16.3776,16.38,16.3614,49
2023-05-25 16:29:00,6575,16.3659,16.37,16.38,16.38,16.355,107
2023-05-25 16:30:00,125224,16.3781,16.39,16.39,16.425,16.365,531
2023-05-25 16:31:00,5433,16.3912,16.39,16.39,16.4,16.38,93
2023-05-25 16:32:00,3430,16.4168,16.41,16.42,16.43,16.41,64
2023-05-25 16:33:00,7079,16.417,16.4199,16.41,16.4199,16.405,53
2023-05-25 16:34:00,9577,16.3994,16.42,16.4,16.42,16.38,126
2023-05-25 16:35:00,8591,16.4194,16.4,16.43,16.43,16.4,139
2023-05-25 16:36:00,11391,16.466,16.425,16.48,16.48,16.425,140
2023-05-25 16:37:00,27837,16.4823,16.47,16.5,16.5,16.46,181
2023-05-25 16:38:00,5370,16.4958,16.5,16.495,16.5,16.4911,40
2023-05-25 16:39:00,12599,16.5064,16.49,16.52,16.52,16.485,150
2023-05-25 16:40:00,10907,16.5201,16.515,16.52,16.54,16.51,148
2023-05-25 16:41:00,6536,16.506,16.525,16.495,16.525,16.49,89
2023-05-25 16:42:00,14088,16.4784,16.495,16.46,16.5,16.445,121
2023-05-25 16:43:00,3789,16.4436,16.45,16.435,16.45,16.435,53
2023-05-25 16:44:00,6823,16.4232,16.435,16.41,16.435,16.41,117
2023-05-25 16:45:00,6352,16.3907,16.4,16.38,16.4,16.38,104
2023-05-25 16:46:00,5424,16.3974,16.38,16.385,16.395,16.375,72
2023-05-25 16:47:00,4051,16.3821,16.38,16.375,16.39,16.375,47
2023-05-25 16:48:00,12832,16.3561,16.3771,16.37,16.3771,16.3492,109
2023-05-25 16:49:00,11657,16.3954,16.38,16.39,16.405,16.38,174
2023-05-25 16:50:00,4016,16.3752,16.39,16.38,16.39,16.365,64
2023-05-25 16:51:00,3029,16.3877,16.38,16.4,16.405,16.38,66
2023-05-25 16:52:00,5810,16.4078,16.4,16.41,16.41,16.395,90
2023-05-25 16:53:00,9579,16.4269,16.41,16.44,16.45,16.405,143
2023-05-25 16:54:00,5178,16.4284,16.43,16.42,16.44,16.42,85
2023-05-25 16:55:00,4362,16.4275,16.415,16.435,16.435,16.415,66
2023-05-25 16:56:00,7719,16.4491,16.4395,16.4496,16.45,16.4395,54
2023-05-25 16:57:00,6441,16.4305,16.45,16.415,16.45,16.41,103
2023-05-25 16:58:00,7915,16.3995,16.4,16.395,16.405,16.39,107
2023-05-25 16:59:00,16956,16.3679,16.385,16.37,16.385,16.35,209
2023-05-25 17:00:00,11222,16.3958,16.37,16.405,16.415,16.37,157
2023-05-25 17:01:00,4761,16.3926,16.4,16.39,16.4,16.385,59
2023-05-25 17:02:00,7464,16.3633,16.385,16.37,16.385,16.36,34
2023-05-25 17:03:00,5268,16.3834,16.37,16.4,16.405,16.365,89
2023-05-25 17:04:00,9042,16.3925,16.4,16.375,16.4,16.375,54
2023-05-25 17:05:00,8385,16.361,16.375,16.345,16.375,16.345,95
2023-05-25 17:06:00,8216,16.3623,16.35,16.355,16.375,16.35,107
2023-05-25 17:07:00,2478,16.3612,16.355,16.37,16.37,16.35,30
2023-05-25 17:08:00,9244,16.3818,16.37,16.42,16.42,16.365,131
2023-05-25 17:09:00,12613,16.4199,16.42,16.41,16.425,16.41,159
2023-05-25 17:10:00,4094,16.4052,16.41,16.41,16.415,16.3932,70
2023-05-25 17:11:00,1249,16.4045,16.41,16.4,16.41,16.4,29
2023-05-25 17:12:00,2079,16.394,16.4,16.395,16.4,16.39,32
2023-05-25 17:13:00,3293,16.4013,16.395,16.405,16.41,16.395,38
2023-05-25 17:14:00,11955,16.4053,16.4,16.4178,16.425,16.3944,126
2023-05-25 17:15:00,15319,16.4382,16.42,16.445,16.445,16.42,148
2023-05-25 17:16:00,15454,16.458,16.45,16.47,16.47,16.4499,132
2023-05-25 17:17:00,17385,16.4704,16.465,16.4701,16.48,16.46,117
2023-05-25 17:18:00,19236,16.4606,16.47,16.465,16.47,16.44,123
2023-05-25 17:19:00,9882,16.467,16.46,16.475,16.48,16.455,100
2023-05-25 17:20:00,2254,16.4796,16.475,16.475,16.485,16.475,43
2023-05-25 17:21:00,20479,16.4814,16.48,16.49,16.5,16.47,172
2023-05-25 17:22:00,10411,16.4932,16.5,16.495,16.5,16.49,43
2023-05-25 17:23:00,11231,16.4984,16.49,16.51,16.515,16.4805,92
2023-05-25 17:24:00,23521,16.4945,16.51,16.5095,16.51,16.5,55
2023-05-25 17:25:00,10309,16.5097,16.51,16.51,16.515,16.5,108
2023-05-25 17:26:00,7929,16.5203,16.52,16.529,16.53,16.51,58
2023-05-25 17:27:00,8032,16.5061,16.52,16.5,16.525,16.49,116
2023-05-25 17:28:00,14090,16.4777,16.5,16.475,16.5,16.465,140
2023-05-25 17:29:00,3437,16.4647,16.47,16.46,16.47,16.46,52
2023-05-25 17:30:00,4605,16.4598,16.455,16.46,16.47,16.45,78
2023-05-25 17:31:00,9752,16.474,16.465,16.5,16.5038,16.45,157
2023-05-25 17:32:00,2710,16.5062,16.4999,16.51,16.515,16.495,56
2023-05-25 17:33:00,21421,16.4769,16.505,16.48,16.505,16.46,207
2023-05-25 17:34:00,2788,16.4799,16.48,16.48,16.48,16.48,35
2023-05-25 17:35:00,4911,16.468,16.475,16.4506,16.48,16.45,63
2023-05-25 17:36:00,7939,16.4572,16.45,16.4692,16.47,16.445,101
2023-05-25 17:37:00,4531,16.4693,16.47,16.465,16.48,16.46,67
2023-05-25 17:38:00,6924,16.4523,16.465,16.445,16.465,16.445,90
2023-05-25 17:39:00,10381,16.4485,16.445,16.4401,16.46,16.44,131
2023-05-25 17:40:00,2993,16.4384,16.44,16.435,16.44,16.435,57
2023-05-25 17:41:00,15780,16.4318,16.43,16.445,16.445,16.4125,174
2023-05-25 17:42:00,2497,16.4506,16.45,16.455,16.46,16.445,46
2023-05-25 17:43:00,7423,16.4573,16.46,16.44,16.465,16.44,95
2023-05-25 17:44:00,7084,16.4347,16.44,16.445,16.45,16.425,99
2023-05-25 17:45:00,5030,16.4661,16.45,16.47,16.47,16.45,69
2023-05-25 17:46:00,9161,16.4449,16.46,16.45,16.46,16.44,109
2023-05-25 17:47:00,2570,16.4504,16.455,16.445,16.455,16.445,31
2023-05-25 17:48:00,2918,16.4414,16.45,16.435,16.45,16.435,46
2023-05-25 17:49:00,8041,16.4496,16.44,16.455,16.46,16.435,108
2023-05-25 17:50:00,3834,16.4547,16.455,16.445,16.46,16.445,33
2023-05-25 17:51:00,9413,16.4351,16.44,16.425,16.445,16.425,119
2023-05-25 17:52:00,254,16.4264,16.425,16.425,16.425,16.425,15
2023-05-25 17:53:00,3979,16.4308,16.425,16.435,16.435,16.425,72
2023-05-25 17:54:00,48600,16.4169,16.4388,16.415,16.4399,16.395,252
2023-05-25 17:55:00,9637,16.4237,16.42,16.42,16.43,16.415,155
2023-05-25 17:56:00,3351,16.4201,16.42,16.42,16.42,16.42,62
2023-05-25 17:57:00,4612,16.4283,16.4205,16.43,16.435,16.4201,66
2023-05-25 17:58:00,14921,16.4616,16.44,16.47,16.475,16.44,218
2023-05-25 17:59:00,5859,16.4646,16.47,16.46,16.47,16.455,76
2023-05-25 18:00:00,54982,16.5381,16.455,16.54,16.58,16.455,549
2023-05-25 18:01:00,14407,16.5496,16.54,16.54,16.56,16.54,122
2023-05-25 18:02:00,15112,16.5374,16.53,16.54,16.5474,16.53,128
2023-05-25 18:03:00,11965,16.5211,16.54,16.52,16.54,16.51,157
2023-05-25 18:04:00,15727,16.5204,16.52,16.5233,16.53,16.515,94
2023-05-25 18:05:00,15883,16.5161,16.52,16.51,16.525,16.51,99
2023-05-25 18:06:00,8505,16.4962,16.5,16.49,16.5,16.485,103
2023-05-25 18:07:00,10657,16.4915,16.495,16.5,16.505,16.48,138
2023-05-25 18:08:00,3336,16.4858,16.495,16.47,16.495,16.47,51
2023-05-25 18:09:00,4548,16.485,16.475,16.49,16.495,16.475,75
2023-05-25 18:10:00,2854,16.4871,16.4881,16.49,16.5,16.48,51
2023-05-25 18:11:00,6063,16.4836,16.495,16.485,16.495,16.48,41
2023-05-25 18:12:00,2935,16.4923,16.485,16.495,16.5,16.485,37
2023-05-25 18:13:00,11921,16.4936,16.495,16.48,16.505,16.48,148
2023-05-25 18:14:00,4008,16.4896,16.485,16.485,16.495,16.485,39
2023-05-25 18:15:00,8416,16.5049,16.49,16.51,16.515,16.49,108
2023-05-25 18:16:00,8837,16.5005,16.5,16.505,16.51,16.49,90
2023-05-25 18:17:00,7325,16.5168,16.505,16.5273,16.5273,16.505,141
2023-05-25 18:18:00,11590,16.5293,16.53,16.525,16.54,16.52,154
2023-05-25 18:19:00,7375,16.5237,16.525,16.525,16.53,16.52,98
2023-05-25 18:20:00,4505,16.521,16.5295,16.515,16.5295,16.515,56
2023-05-25 18:21:00,5823,16.5052,16.51,16.495,16.51,16.495,70
2023-05-25 18:22:00,4691,16.4961,16.495,16.5087,16.5087,16.485,66
2023-05-25 18:23:00,5193,16.5146,16.51,16.515,16.525,16.51,73
2023-05-25 18:24:00,14801,16.5,16.515,16.49,16.515,16.48,166
2023-05-25 18:25:00,7586,16.4964,16.5,16.495,16.5,16.485,90
2023-05-25 18:26:00,14822,16.5051,16.5,16.51,16.52,16.5,126
2023-05-25 18:27:00,10945,16.5041,16.52,16.505,16.52,16.5,38
2023-05-25 18:28:00,2913,16.5094,16.5078,16.51,16.51,16.505,37
2023-05-25 18:29:00,11347,16.5059,16.52,16.48,16.52,16.48,136
2023-05-25 18:30:00,5962,16.4737,16.485,16.48,16.485,16.47,112
2023-05-25 18:31:00,2264,16.4794,16.48,16.475,16.48,16.475,37
2023-05-25 18:32:00,7272,16.4731,16.475,16.47,16.48,16.4697,67
2023-05-25 18:33:00,23259,16.4633,16.48,16.465,16.485,16.44,231
2023-05-25 18:34:00,8205,16.4658,16.465,16.485,16.485,16.46,58
2023-05-25 18:35:00,3708,16.4853,16.485,16.4878,16.49,16.48,47
2023-05-25 18:36:00,27733,16.4673,16.48,16.47,16.485,16.46,265
2023-05-25 18:37:00,34534,16.4703,16.4601,16.5,16.5,16.4601,190
2023-05-25 18:38:00,7395,16.4767,16.495,16.465,16.495,16.465,80
2023-05-25 18:39:00,3961,16.4592,16.46,16.455,16.46,16.455,49
2023-05-25 18:40:00,15412,16.4668,16.455,16.485,16.485,16.45,167
2023-05-25 18:41:00,5626,16.4698,16.48,16.475,16.48,16.46,72
2023-05-25 18:42:00,10518,16.4701,16.475,16.47,16.475,16.46,98
2023-05-25 18:43:00,3745,16.4568,16.46,16.45,16.46,16.45,55
2023-05-25 18:44:00,4121,16.4596,16.455,16.465,16.465,16.45,60
2023-05-25 18:45:00,3441,16.4674,16.46,16.47,16.47,16.46,55
2023-05-25 18:46:00,5788,16.4742,16.4799,16.475,16.4799,16.47,40
2023-05-25 18:47:00,9991,16.4858,16.48,16.485,16.495,16.47,132
2023-05-25 18:48:00,35270,16.4957,16.485,16.53,16.53,16.4801,293
2023-05-25 18:49:00,10900,16.5111,16.53,16.505,16.53,16.5001,109
2023-05-25 18:50:00,13390,16.5233,16.51,16.5289,16.53,16.51,110
2023-05-25 18:51:00,11332,16.514,16.52,16.51,16.52,16.505,105
2023-05-25 18:52:00,9730,16.5282,16.515,16.535,16.54,16.515,64
2023-05-25 18:53:00,4410,16.5263,16.535,16.52,16.535,16.52,62
2023-05-25 18:54:00,2523,16.5294,16.5299,16.525,16.535,16.5204,43
2023-05-25 18:55:00,16250,16.5285,16.53,16.51,16.55,16.51,185
2023-05-25 18:56:00,6203,16.5115,16.52,16.505,16.52,16.5,71
2023-05-25 18:57:00,14108,16.5078,16.505,16.51,16.52,16.5,179
2023-05-25 18:58:00,4160,16.5062,16.505,16.505,16.51,16.5,36
2023-05-25 18:59:00,5893,16.5199,16.505,16.535,16.535,16.5,93
2023-05-25 19:00:00,11087,16.5358,16.535,16.5221,16.55,16.52,133
2023-05-25 19:01:00,8492,16.5146,16.525,16.51,16.525,16.505,115
2023-05-25 19:02:00,2275,16.5068,16.515,16.505,16.5187,16.5,29
2023-05-25 19:03:00,12269,16.5009,16.5,16.505,16.51,16.5,113
2023-05-25 19:04:00,12499,16.5135,16.5,16.525,16.525,16.5,130
2023-05-25 19:05:00,14353,16.5228,16.53,16.5101,16.53,16.5101,197
2023-05-25 19:06:00,3131,16.504,16.51,16.505,16.51,16.5,48
2023-05-25 19:07:00,7001,16.5086,16.51,16.506,16.52,16.505,74
2023-05-25 19:08:00,7146,16.5002,16.505,16.505,16.51,16.4948,83
2023-05-25 19:09:00,12190,16.5164,16.5052,16.525,16.53,16.5,123
2023-05-25 19:10:00,7303,16.5377,16.53,16.545,16.545,16.53,92
2023-05-25 19:11:00,10147,16.5496,16.55,16.56,16.56,16.54,73
2023-05-25 19:12:00,1356,16.557,16.555,16.555,16.56,16.555,27
2023-05-25 19:13:00,13929,16.5635,16.56,16.555,16.58,16.555,173
2023-05-25 19:14:00,4103,16.5643,16.56,16.57,16.57,16.56,54
2023-05-25 19:15:00,18061,16.5635,16.57,16.55,16.585,16.54,167
2023-05-25 19:16:00,4784,16.5495,16.545,16.545,16.555,16.545,78
2023-05-25 19:17:00,26021,16.5744,16.545,16.595,16.595,16.54,220
2023-05-25 19:18:00,11484,16.5852,16.6,16.5883,16.6,16.58,156
2023-05-25 19:19:00,7124,16.5806,16.5801,16.58,16.5875,16.575,79
2023-05-25 19:20:00,6316,16.5876,16.585,16.6,16.6,16.58,69
2023-05-25 19:21:00,29632,16.6131,16.6,16.605,16.62,16.6,177
2023-05-25 19:22:00,6409,16.5892,16.6,16.58,16.6,16.58,84
2023-05-25 19:23:00,5822,16.5909,16.5883,16.59,16.6,16.585,47
2023-05-25 19:24:00,6509,16.6001,16.595,16.615,16.615,16.595,78
2023-05-25 19:25:00,31124,16.6141,16.615,16.63,16.63,16.6,275
2023-05-25 19:26:00,39155,16.638,16.625,16.645,16.6502,16.615,198
2023-05-25 19:27:00,9872,16.6581,16.65,16.665,16.67,16.65,125
2023-05-25 19:28:00,37833,16.6937,16.67,16.685,16.725,16.67,350
2023-05-25 19:29:00,11240,16.6869,16.69,16.6915,16.695,16.68,140
2023-05-25 19:30:00,19463,16.6853,16.69,16.695,16.7,16.68,252
2023-05-25 19:31:00,9948,16.7044,16.7,16.72,16.72,16.7,112
2023-05-25 19:32:00,22790,16.7283,16.72,16.75,16.75,16.72,253
2023-05-25 19:33:00,27367,16.732,16.75,16.72,16.75,16.71,336
2023-05-25 19:34:00,13695,16.7266,16.725,16.72,16.74,16.7123,202
2023-05-25 19:35:00,12190,16.7269,16.725,16.72,16.735,16.715,193
2023-05-25 19:36:00,14962,16.7275,16.7201,16.75,16.75,16.72,121
2023-05-25 19:37:00,5349,16.7426,16.7494,16.75,16.75,16.74,69
2023-05-25 19:38:00,19982,16.7661,16.75,16.78,16.78,16.75,238
2023-05-25 19:39:00,30471,16.7567,16.78,16.76,16.78,16.74,354
2023-05-25 19:40:00,29908,16.7643,16.77,16.755,16.78,16.7438,304
2023-05-25 19:41:00,18878,16.7586,16.755,16.765,16.77,16.75,113
2023-05-25 19:42:00,17293,16.7857,16.77,16.79,16.8,16.77,242
2023-05-25 19:43:00,11697,16.7896,16.79,16.8,16.8,16.7826,170
2023-05-25 19:44:00,21493,16.7831,16.795,16.7719,16.8,16.77,234
2023-05-25 19:45:00,17382,16.7805,16.7715,16.77,16.795,16.77,189
2023-05-25 19:46:00,14899,16.7539,16.76,16.775,16.78,16.74,204
2023-05-25 19:47:00,14545,16.7694,16.78,16.77,16.78,16.76,118
2023-05-25 19:48:00,35645,16.7512,16.76,16.75,16.77,16.735,373
2023-05-25 19:49:00,46086,16.7369,16.75,16.74,16.7597,16.73,332
2023-05-25 19:50:00,61213,16.7024,16.74,16.71,16.74,16.68,512
2023-05-25 19:51:00,22242,16.6925,16.71,16.68,16.71,16.68,273
2023-05-25 19:52:00,20163,16.6707,16.68,16.665,16.69,16.66,179
2023-05-25 19:53:00,25469,16.6731,16.67,16.675,16.685,16.66,276
2023-05-25 19:54:00,33339,16.6606,16.67,16.64,16.67,16.635,327
2023-05-25 19:55:00,17456,16.6666,16.64,16.675,16.685,16.64,264
2023-05-25 19:56:00,28531,16.6742,16.68,16.66,16.69,16.66,266
2023-05-25 19:57:00,29050,16.6586,16.665,16.66,16.665,16.65,288
2023-05-25 19:58:00,57282,16.6581,16.655,16.67,16.67,16.65,453
2023-05-25 19:59:00,97013,16.6649,16.665,16.67,16.67,16.65,856
2023-05-25 20:00:00,71307,16.66,16.66,16.66,16.66,16.66,16
2023-05-25 20:07:00,3001,16.51,16.51,16.51,16.51,16.51,2
2023-05-25 20:13:00,215,16.5514,16.55,16.55,16.55,16.55,4
2023-05-25 20:15:00,262,16.591,16.58,16.58,16.58,16.58,6
2023-05-25 20:16:00,680,16.5944,16.59,16.59,16.59,16.59,8
2023-05-25 20:23:00,230,16.5815,16.5815,16.5815,16.5815,16.5815,1
2023-05-25 20:27:00,139,16.59,16.59,16.59,16.59,16.59,1
2023-05-25 20:38:00,230,16.59,16.59,16.59,16.59,16.59,3
2023-05-25 20:43:00,400,16.611,16.6101,16.6119,16.6119,16.6101,2
2023-05-25 20:55:00,699,16.65,16.65,16.65,16.65,16.65,3
2023-05-25 21:15:00,1000,16.64,16.64,16.64,16.64,16.64,1
2023-05-25 21:18:00,202,16.6402,16.64,16.64,16.64,16.64,2
2023-05-25 21:33:00,962,16.66,16.66,16.66,16.66,16.66,1
2023-05-25 21:42:00,500,16.6,16.6,16.6,16.6,16.6,1
2023-05-25 21:43:00,300,16.6,16.6,16.6,16.6,16.6,1
2023-05-25 21:55:00,500,16.6585,16.6585,16.6585,16.6585,16.6585,1
2023-05-25 22:09:00,800,16.65,16.65,16.65,16.65,16.65,3
2023-05-25 22:16:00,299,16.6,16.6,16.6,16.6,16.6,1
2023-05-25 22:41:00,196,16.6006,16.6012,16.6012,16.6012,16.6012,2
2023-05-25 22:54:00,180,16.66,16.66,16.66,16.66,16.66,1
2023-05-25 23:52:00,124,16.6596,16.6596,16.6596,16.6596,16.6596,1
2023-05-25 23:55:00,720,16.62,16.62,16.62,16.62,16.62,4
2023-05-25 23:59:00,1000,16.6002,16.6,16.6,16.6,16.6,4
2023-05-26 10:35:00,700,16.6103,16.61,16.61,16.61,16.61,5
2023-05-26 11:02:00,1534,16.6633,16.66,16.68,16.68,16.66,5
2023-05-26 11:03:00,400,16.66,16.66,16.66,16.66,16.66,1
2023-05-26 11:41:00,300,16.7367,16.74,16.74,16.74,16.74,4
2023-05-26 12:00:00,2726,16.7494,16.749,16.78,16.79,16.67,20
2023-05-26 12:01:00,165,16.5914,16.6015,16.6015,16.6015,16.6015,11
2023-05-26 12:05:00,200,16.72,16.72,16.72,16.72,16.72,1
2023-05-26 12:06:00,147,16.72,16.72,16.72,16.72,16.72,2
2023-05-26 12:08:00,100,16.72,16.72,16.72,16.72,16.72,1
2023-05-26 12:09:00,511,16.72,16.72,16.72,16.72,16.72,4
2023-05-26 12:13:00,1250,16.65,16.65,16.65,16.65,16.65,1
2023-05-26 12:14:00,250,16.6542,16.65,16.65,16.65,16.65,4
2023-05-26 12:21:00,1278,16.72,16.72,16.72,16.72,16.72,10
2023-05-26 12:27:00,100,16.73,16.73,16.73,16.73,16.73,1
2023-05-26 12:31:00,200,16.72,16.72,16.72,16.72,16.72,2
2023-05-26 12:32:00,1100,16.7593,16.7592,16.76,16.76,16.7592,2
2023-05-26 12:33:00,365,16.72,16.72,16.72,16.72,16.72,2
2023-05-26 12:36:00,201,16.72,16.72,16.72,16.72,16.72,2
2023-05-26 12:37:00,351,16.7199,16.72,16.72,16.72,16.72,4
2023-05-26 12:39:00,120,16.7017,16.7,16.7,16.7,16.7,2
2023-05-26 12:40:00,466,16.6945,16.7,16.7,16.7,16.7,6
2023-05-26 12:41:00,500,16.66,16.66,16.66,16.66,16.66,1
2023-05-26 12:43:00,553,16.6501,16.65,16.65,16.65,16.65,4
2023-05-26 12:46:00,624,16.6511,16.65,16.65,16.65,16.65,4
2023-05-26 12:49:00,125,16.69,16.7,16.7,16.7,16.7,2
2023-05-26 13:15:00,170,16.75,16.75,16.75,16.75,16.75,1
2023-05-26 13:18:00,1157,16.7053,16.7,16.74,16.74,16.7,6
2023-05-26 13:20:00,5004,16.7,16.7,16.7,16.7,16.7,2
2023-05-26 13:24:00,100,16.7,16.7,16.7,16.7,16.7,1
2023-05-26 13:25:00,553,16.6991,16.7,16.7,16.7,16.7,4
2023-05-26 13:26:00,2500,16.7,16.7,16.7,16.7,16.7,2
2023-05-26 13:27:00,100,16.7001,16.7001,16.7001,16.7001,16.7001,1
2023-05-26 13:30:00,108576,16.6015,16.69,16.38,16.75,16.37,415
2023-05-26 13:31:00,28599,16.3738,16.39,16.3489,16.4,16.335,196
2023-05-26 13:32:00,33306,16.3021,16.33,16.31,16.33,16.24,336
2023-05-26 13:33:00,25220,16.3018,16.32,16.3218,16.35,16.28,281
2023-05-26 13:34:00,21829,16.3711,16.34,16.39,16.4269,16.33,172
2023-05-26 13:35:00,22358,16.3026,16.37,16.2619,16.37,16.25,168
2023-05-26 13:36:00,41996,16.2563,16.27,16.28,16.2911,16.21,260
2023-05-26 13:37:00,6334,16.2982,16.275,16.31,16.31,16.275,78
2023-05-26 13:38:00,57186,16.2449,16.28,16.2923,16.3,16.24,83
2023-05-26 13:39:00,16135,16.2499,16.3,16.24,16.3,16.23,84
2023-05-26 13:40:00,12586,16.258,16.235,16.2982,16.2982,16.235,89
2023-05-26 13:41:00,12889,16.3422,16.3,16.3601,16.37,16.3,110
2023-05-26 13:42:00,16377,16.3295,16.36,16.33,16.3601,16.285,99
2023-05-26 13:43:00,11740,16.3076,16.31,16.31,16.34,16.29,141
2023-05-26 13:44:00,28379,16.2982,16.325,16.285,16.33,16.28,294
2023-05-26 13:45:00,26038,16.2869,16.28,16.26,16.33,16.25,294
2023-05-26 13:46:00,40561,16.2137,16.265,16.2211,16.27,16.16,267
2023-05-26 13:47:00,42342,16.2355,16.2299,16.285,16.29,16.2,274
2023-05-26 13:48:00,29196,16.2509,16.29,16.21,16.295,16.18,240
2023-05-26 13:49:00,32671,16.156,16.21,16.125,16.21,16.12,258
2023-05-26 13:50:00,85942,16.0731,16.13,16.03,16.14,16.0299,666
2023-05-26 13:51:00,25741,16.0448,16.02,16.0523,16.07,16.02,229
2023-05-26 13:52:00,19963,16.0403,16.04,16.04,16.06,16.03,241
2023-05-26 13:53:00,24031,16.0605,16.0314,16.0461,16.1,16.0314,246
2023-05-26 13:54:00,32352,16.0059,16.04,16.005,16.04,15.99,243
2023-05-26 13:55:00,20152,15.9984,16.0,15.9831,16.01,15.97,206
2023-05-26 13:56:00,8514,15.9932,15.98,15.99,16.005,15.98,99
2023-05-26 13:57:00,26926,16.0207,16.0,16.05,16.05,15.99,263
2023-05-26 13:58:00,11165,16.0485,16.05,16.0388,16.06,16.035,119
2023-05-26 13:59:00,22936,16.035,16.04,16.0324,16.0435,16.02,139
2023-05-26 14:00:00,33927,16.0841,16.05,16.145,16.1469,16.04,301
2023-05-26 14:01:00,24301,16.1578,16.15,16.165,16.179,16.13,236
2023-05-26 14:02:00,29297,16.1349,16.16,16.11,16.18,16.09,314
2023-05-26 14:03:00,12960,16.1178,16.12,16.12,16.13,16.105,155
2023-05-26 14:04:00,34962,16.1736,16.1,16.195,16.21,16.0912,206
2023-05-26 14:05:00,39205,16.2823,16.195,16.29,16.325,16.195,241
2023-05-26 14:06:00,29284,16.2924,16.275,16.28,16.31,16.265,167
2023-05-26 14:07:00,12897,16.2914,16.28,16.2999,16.315,16.2601,89
2023-05-26 14:08:00,11361,16.2713,16.28,16.28,16.2893,16.25,176
2023-05-26 14:09:00,10243,16.3175,16.28,16.336,16.3366,16.28,108
2023-05-26 14:10:00,14660,16.3022,16.32,16.3075,16.3225,16.28,165
2023-05-26 14:11:00,6215,16.3109,16.3,16.3089,16.33,16.29,101
2023-05-26 14:12:00,16709,16.2946,16.31,16.26,16.325,16.26,153
2023-05-26 14:13:00,27965,16.2213,16.255,16.195,16.255,16.19,176
2023-05-26 14:14:00,13201,16.2052,16.2,16.2199,16.2199,16.1888,132
2023-05-26 14:15:00,11934,16.2554,16.22,16.29,16.3,16.22,120
2023-05-26 14:16:00,35972,16.3372,16.3,16.3499,16.35,16.2999,139
2023-05-26 14:17:00,20356,16.3533,16.347,16.38,16.3801,16.32,119
2023-05-26 14:18:00,12172,16.4104,16.38,16.44,16.44,16.37,103
2023-05-26 14:19:00,15430,16.4238,16.4478,16.425,16.4478,16.4,81
2023-05-26 14:20:00,14945,16.4448,16.425,16.4662,16.4662,16.4201,126
2023-05-26 14:21:00,12018,16.479,16.46,16.4883,16.4901,16.46,143
2023-05-26 14:22:00,91080,16.4962,16.4999,16.49,16.515,16.475,328
2023-05-26 14:23:00,25999,16.5342,16.49,16.5613,16.57,16.49,219
2023-05-26 14:24:00,16416,16.5658,16.565,16.56,16.58,16.545,147
2023-05-26 14:25:00,30941,16.5883,16.59,16.57,16.62,16.57,225
2023-05-26 14:26:00,11723,16.5756,16.58,16.575,16.585,16.57,58
2023-05-26 14:27:00,20427,16.5737,16.5701,16.56,16.5971,16.54,147
2023-05-26 14:28:00,6509,16.5836,16.57,16.58,16.5966,16.565,68
2023-05-26 14:29:00,3630,16.5819,16.58,16.57,16.595,16.57,65
2023-05-26 14:30:00,10073,16.5543,16.5701,16.56,16.5701,16.54,91
2023-05-26 14:31:00,15567,16.5405,16.565,16.51,16.58,16.51,155
2023-05-26 14:32:00,17938,16.507,16.505,16.49,16.525,16.485,148
2023-05-26 14:33:00,8000,16.4892,16.495,16.475,16.495,16.475,38
2023-05-26 14:34:00,24742,16.5018,16.4722,16.4983,16.52,16.4722,136
2023-05-26 14:35:00,16643,16.5238,16.5,16.56,16.56,16.5,120
2023-05-26 14:36:00,15475,16.593,16.57,16.61,16.615,16.57,167
2023-05-26 14:37:00,9051,16.6078,16.615,16.605,16.62,16.59,106
2023-05-26 14:38:00,19336,16.613,16.6049,16.635,16.635,16.585,178
2023-05-26 14:39:00,14750,16.6435,16.635,16.655,16.6599,16.6135,181
2023-05-26 14:40:00,13359,16.6729,16.6588,16.69,16.69,16.655,128
2023-05-26 14:41:00,22920,16.7042,16.68,16.72,16.7283,16.68,176
2023-05-26 14:42:00,16364,16.699,16.72,16.6807,16.72,16.6807,63
2023-05-26 14:43:00,33768,16.6846,16.68,16.7067,16.7067,16.675,310
2023-05-26 14:44:00,62342,16.7098,16.7,16.71,16.72,16.69,338
2023-05-26 14:45:00,92225,16.7353,16.72,16.75,16.75,16.7,675
2023-05-26 14:46:00,37071,16.7503,16.74,16.75,16.77,16.735,205
2023-05-26 14:47:00,16356,16.7446,16.7514,16.7486,16.76,16.73,165
2023-05-26 14:48:00,8706,16.745,16.75,16.7521,16.7563,16.7375,91
2023-05-26 14:49:00,13646,16.7419,16.752,16.755,16.76,16.73,178
2023-05-26 14:50:00,18975,16.744,16.75,16.7299,16.765,16.7299,116
2023-05-26 14:51:00,22889,16.6899,16.72,16.635,16.73,16.635,227
2023-05-26 14:52:00,22348,16.636,16.63,16.65,16.65,16.6245,204
2023-05-26 14:53:00,11000,16.6893,16.65,16.69,16.71,16.65,91
2023-05-26 14:54:00,5145,16.6861,16.69,16.655,16.69,16.655,58
2023-05-26 14:55:00,13606,16.6238,16.6509,16.62,16.66,16.6,127
2023-05-26 14:56:00,13857,16.6005,16.62,16.59,16.625,16.5801,77
2023-05-26 14:57:00,7641,16.5817,16.5922,16.58,16.5993,16.575,66
2023-05-26 14:58:00,31636,16.5501,16.574,16.53,16.59,16.53,219
2023-05-26 14:59:00,6039,16.5384,16.54,16.5392,16.55,16.53,95
2023-05-26 15:00:00,25835,16.5797,16.535,16.59,16.6,16.535,194
2023-05-26 15:01:00,6989,16.5935,16.58,16.605,16.605,16.58,101
2023-05-26 15:02:00,33743,16.6144,16.6,16.62,16.64,16.595,401
2023-05-26 15:03:00,8812,16.6202,16.6124,16.624,16.627,16.61,60
2023-05-26 15:04:00,38209,16.671,16.63,16.655,16.69,16.625,353
2023-05-26 15:05:00,12787,16.6932,16.655,16.7,16.71,16.65,151
2023-05-26 15:06:00,9804,16.7078,16.69,16.7411,16.7499,16.69,98
2023-05-26 15:07:00,21424,16.7525,16.735,16.78,16.78,16.735,211
2023-05-26 15:08:00,9158,16.7468,16.77,16.7399,16.77,16.735,102
2023-05-26 15:09:00,20132,16.7265,16.74,16.715,16.7496,16.711,147
2023-05-26 15:10:00,12164,16.7006,16.72,16.6601,16.72,16.66,137
2023-05-26 15:11:00,13708,16.662,16.66,16.6799,16.685,16.65,199
2023-05-26 15:12:00,21556,16.637,16.67,16.62,16.67,16.62,108
2023-05-26 15:13:00,16464,16.5655,16.62,16.5421,16.62,16.54,145
2023-05-26 15:14:00,6140,16.5465,16.54,16.54,16.565,16.53,118
2023-05-26 15:15:00,12158,16.5183,16.5301,16.5,16.5301,16.5,104
2023-05-26 15:16:00,14604,16.5059,16.505,16.515,16.5187,16.495,163
2023-05-26 15:17:00,14646,16.5533,16.53,16.55,16.58,16.53,205
2023-05-26 15:18:00,5645,16.5325,16.535,16.515,16.54,16.515,70
2023-05-26 15:19:00,11068,16.5003,16.515,16.51,16.515,16.485,118
2023-05-26 15:20:00,29382,16.4899,16.51,16.49,16.525,16.4719,242
2023-05-26 15:21:00,9333,16.4986,16.49,16.505,16.51,16.4825,79
2023-05-26 15:22:00,11700,16.4963,16.5,16.49,16.5,16.475,79
2023-05-26 15:23:00,14425,16.4896,16.49,16.485,16.51,16.48,167
2023-05-26 15:24:00,11884,16.4794,16.48,16.5,16.51,16.47,205
2023-05-26 15:25:00,2499,16.496,16.5,16.49,16.5053,16.49,42
2023-05-26 15:26:00,14224,16.4862,16.48,16.505,16.505,16.47,194
2023-05-26 15:27:00,30087,16.5204,16.51,16.4899,16.53,16.485,193
2023-05-26 15:28:00,5162,16.4825,16.475,16.48,16.4877,16.47,106
2023-05-26 15:29:00,23975,16.4631,16.48,16.4746,16.49,16.45,266
2023-05-26 15:30:00,18377,16.4624,16.47,16.49,16.49,16.45,152
2023-05-26 15:31:00,5453,16.4793,16.5,16.47,16.505,16.46,75
2023-05-26 15:32:00,6081,16.4733,16.4675,16.475,16.49,16.46,92
2023-05-26 15:33:00,13090,16.4866,16.47,16.5,16.5,16.465,155
2023-05-26 15:34:00,8898,16.4945,16.505,16.5,16.505,16.48,109
2023-05-26 15:35:00,6267,16.4906,16.49,16.495,16.5,16.485,83
2023-05-26 15:36:00,21934,16.5214,16.495,16.53,16.535,16.495,202
2023-05-26 15:37:00,6640,16.5088,16.53,16.5099,16.53,16.5,73
2023-05-26 15:38:00,29812,16.4959,16.505,16.4916,16.505,16.485,122
2023-05-26 15:39:00,12987,16.4765,16.49,16.4817,16.49,16.4616,152
2023-05-26 15:40:00,12848,16.4874,16.485,16.505,16.505,16.475,151
2023-05-26 15:41:00,13531,16.4985,16.5,16.51,16.525,16.49,146
2023-05-26 15:42:00,2502,16.5236,16.52,16.52,16.535,16.515,63
2023-05-26 15:43:00,6479,16.5325,16.53,16.545,16.55,16.525,99
2023-05-26 15:44:00,19833,16.532,16.535,16.565,16.565,16.5223,151
2023-05-26 15:45:00,19731,16.5402,16.5611,16.525,16.565,16.51,193
2023-05-26 15:46:00,12651,16.5277,16.525,16.515,16.535,16.515,81
2023-05-26 15:47:00,14863,16.5425,16.515,16.5625,16.5664,16.5,157
2023-05-26 15:48:00,5951,16.552,16.555,16.555,16.56,16.545,72
2023-05-26 15:49:00,6475,16.5535,16.56,16.5625,16.57,16.54,104
2023-05-26 15:50:00,47097,16.595,16.57,16.61,16.61,16.57,395
2023-05-26 15:51:00,25667,16.5942,16.615,16.57,16.615,16.56,204
2023-05-26 15:52:00,24248,16.5725,16.575,16.565,16.595,16.55,303
2023-05-26 15:53:00,65533,16.5755,16.56,16.58,16.615,16.55,553
2023-05-26 15:54:00,7140,16.5803,16.59,16.575,16.59,16.565,53
2023-05-26 15:55:00,8070,16.5626,16.57,16.555,16.57,16.55,58
2023-05-26 15:56:00,1854,16.5547,16.555,16.55,16.5567,16.55,22
2023-05-26 15:57:00,8716,16.5495,16.555,16.5506,16.555,16.54,112
2023-05-26 15:58:00,8874,16.5433,16.5528,16.535,16.555,16.535,27
2023-05-26 15:59:00,2806,16.5333,16.535,16.53,16.535,16.525,45
2023-05-26 16:00:00,1863,16.5306,16.535,16.53,16.535,16.525,63
2023-05-26 16:01:00,20392,16.5851,16.5322,16.6161,16.6161,16.53,163
2023-05-26 16:02:00,5694,16.6205,16.6119,16.6289,16.63,16.6119,104
2023-05-26 16:03:00,20155,16.6482,16.63,16.66,16.675,16.63,214
2023-05-26 16:04:00,18952,16.662,16.66,16.66,16.67,16.65,231
2023-05-26 16:05:00,12807,16.682,16.67,16.69,16.695,16.67,119
2023-05-26 16:06:00,28749,16.6936,16.695,16.69,16.71,16.68,341
2023-05-26 16:07:00,23359,16.7217,16.7,16.739,16.74,16.7,320
2023-05-26 16:08:00,31266,16.7766,16.74,16.76,16.8,16.74,293
2023-05-26 16:09:00,18468,16.7724,16.765,16.775,16.795,16.76,201
2023-05-26 16:10:00,17350,16.7922,16.78,16.775,16.8,16.77,132
2023-05-26 16:11:00,7191,16.7962,16.78,16.8073,16.8073,16.78,67
2023-05-26 16:12:00,27100,16.7596,16.8,16.74,16.8,16.74,167
2023-05-26 16:13:00,67794,16.6852,16.7411,16.69,16.7411,16.665,448
2023-05-26 16:14:00,15741,16.6892,16.695,16.67,16.7,16.6601,119
2023-05-26 16:15:00,10798,16.6817,16.67,16.66,16.69,16.66,60
2023-05-26 16:16:00,9632,16.6752,16.665,16.675,16.69,16.665,95
2023-05-26 16:17:00,8409,16.657,16.675,16.655,16.675,16.64,89
2023-05-26 16:18:00,8133,16.6533,16.66,16.645,16.66,16.645,84
2023-05-26 16:19:00,5490,16.6611,16.645,16.675,16.68,16.645,88
2023-05-26 16:20:00,4124,16.6629,16.67,16.6606,16.67,16.66,54
2023-05-26 16:21:00,53168,16.6386,16.66,16.675,16.68,16.62,221
2023-05-26 16:22:00,64986,16.6618,16.675,16.63,16.7,16.63,414
2023-05-26 16:23:00,11150,16.6292,16.63,16.63,16.66,16.625,131
2023-05-26 16:24:00,2698,16.6474,16.65,16.64,16.65,16.64,48
2023-05-26 16:25:00,12582,16.6196,16.635,16.62,16.635,16.605,134
2023-05-26 16:26:00,7041,16.6279,16.63,16.65,16.65,16.6201,75
2023-05-26 16:27:00,30936,16.682,16.66,16.695,16.71,16.66,237
2023-05-26 16:28:00,4842,16.6904,16.69,16.67,16.6999,16.67,70
2023-05-26 16:29:00,1918,16.671,16.68,16.67,16.68,16.67,41
2023-05-26 16:30:00,1227,16.6695,16.675,16.665,16.675,16.665,43
2023-05-26 16:31:00,14678,16.7161,16.685,16.71,16.72,16.6813,189
2023-05-26 16:32:00,3827,16.712,16.715,16.71,16.7199,16.71,23
2023-05-26 16:33:00,4867,16.688,16.7,16.6895,16.7,16.68,69
2023-05-26 16:34:00,10604,16.6818,16.685,16.675,16.695,16.67,90
2023-05-26 16:35:00,5995,16.6807,16.69,16.68,16.69,16.675,88
2023-05-26 16:36:00,7305,16.6933,16.685,16.69,16.7,16.68,99
2023-05-26 16:37:00,7271,16.6988,16.68,16.71,16.71,16.68,101
2023-05-26 16:38:00,7363,16.6877,16.7,16.689,16.7,16.6773,90
2023-05-26 16:39:00,41400,16.6493,16.6709,16.65,16.675,16.64,284
2023-05-26 16:40:00,6632,16.6656,16.6521,16.675,16.68,16.65,109
2023-05-26 16:41:00,6947,16.6693,16.67,16.67,16.6799,16.66,171
2023-05-26 16:42:00,20002,16.6894,16.6756,16.68,16.7,16.67,152
2023-05-26 16:43:00,22972,16.679,16.68,16.68,16.69,16.67,179
2023-05-26 16:44:00,5819,16.6731,16.68,16.65,16.685,16.65,80
2023-05-26 16:45:00,7228,16.6431,16.64,16.63,16.65,16.63,91
2023-05-26 16:46:00,15251,16.6417,16.6345,16.65,16.65,16.6345,93
2023-05-26 16:47:00,5426,16.6449,16.65,16.635,16.65,16.63,55
2023-05-26 16:48:00,14728,16.6274,16.64,16.6251,16.64,16.62,62
2023-05-26 16:49:00,25015,16.6513,16.63,16.65,16.66,16.63,336
2023-05-26 16:50:00,31717,16.6661,16.65,16.67,16.69,16.65,365
2023-05-26 16:51:00,15808,16.6642,16.6618,16.63,16.68,16.63,86
2023-05-26 16:52:00,557,16.6351,16.632,16.635,16.635,16.632,22
2023-05-26 16:53:00,18773,16.6492,16.65,16.64,16.6679,16.64,140
2023-05-26 16:54:00,10585,16.6304,16.63,16.6202,16.635,16.6202,59
2023-05-26 16:55:00,11737,16.6311,16.63,16.63,16.64,16.62,185
2023-05-26 16:56:00,23965,16.6205,16.64,16.6229,16.64,16.605,148
2023-05-26 16:57:00,5864,16.6281,16.63,16.62,16.63,16.62,76
2023-05-26 16:58:00,6183,16.6386,16.64,16.65,16.65,16.63,113
2023-05-26 16:59:00,36568,16.6837,16.65,16.7,16.7,16.64,309
2023-05-26 17:00:00,16863,16.7038,16.695,16.71,16.72,16.69,181
2023-05-26 17:01:00,12096,16.7063,16.715,16.69,16.715,16.69,108
2023-05-26 17:02:00,12700,16.7054,16.695,16.71,16.7161,16.69,134
2023-05-26 17:03:00,61728,16.72,16.715,16.72,16.7299,16.715,94
2023-05-26 17:04:00,24587,16.7472,16.73,16.7661,16.77,16.73,148
2023-05-26 17:05:00,12238,16.7741,16.7601,16.7709,16.79,16.76,124
2023-05-26 17:06:00,2513,16.7671,16.775,16.775,16.7798,16.76,48
2023-05-26 17:07:00,10528,16.7714,16.7721,16.7701,16.775,16.77,39
2023-05-26 17:08:00,776,16.7686,16.77,16.77,16.77,16.77,21
2023-05-26 17:09:00,13107,16.7852,16.775,16.797,16.797,16.7714,113
2023-05-26 17:10:00,11954,16.7817,16.8,16.77,16.8,16.77,110
2023-05-26 17:11:00,7233,16.7664,16.77,16.76,16.77,16.76,86
2023-05-26 17:12:00,16025,16.7596,16.75,16.75,16.77,16.74,120
2023-05-26 17:13:00,5862,16.7541,16.74,16.75,16.77,16.74,108
2023-05-26 17:14:00,16899,16.7548,16.75,16.75,16.765,16.745,217
2023-05-26 17:15:00,22209,16.7461,16.74,16.75,16.755,16.73,171
2023-05-26 17:16:00,14200,16.7149,16.75,16.675,16.7514,16.675,187
2023-05-26 17:17:00,18747,16.6891,16.68,16.68,16.7,16.6719,190
2023-05-26 17:18:00,21047,16.6836,16.675,16.66,16.69,16.66,174
2023-05-26 17:19:00,5763,16.6615,16.655,16.65,16.67,16.65,84
2023-05-26 17:20:00,13397,16.6499,16.66,16.65,16.66,16.64,159
2023-05-26 17:21:00,4854,16.6407,16.65,16.635,16.65,16.63,89
2023-05-26 17:22:00,15730,16.6305,16.63,16.63,16.64,16.62,178
2023-05-26 17:23:00,8885,16.6385,16.63,16.64,16.64,16.63,68
2023-05-26 17:24:00,2318,16.6287,16.64,16.62,16.64,16.62,42
2023-05-26 17:25:00,14403,16.615,16.62,16.615,16.62,16.61,105
2023-05-26 17:26:00,15605,16.6269,16.615,16.6297,16.635,16.615,156
2023-05-26 17:27:00,4756,16.6297,16.629,16.63,16.64,16.6275,53
2023-05-26 17:28:00,13627,16.6407,16.63,16.64,16.65,16.63,207
2023-05-26 17:29:00,16460,16.6667,16.645,16.67,16.68,16.645,240
2023-05-26 17:30:00,17977,16.6671,16.68,16.66,16.68,16.65,234
2023-05-26 17:31:00,20875,16.6722,16.6514,16.69,16.695,16.65,155
2023-05-26 17:32:00,23359,16.7094,16.68,16.715,16.72,16.68,245
2023-05-26 17:33:00,37462,16.7174,16.72,16.73,16.73,16.705,244
2023-05-26 17:34:00,10649,16.7611,16.73,16.76,16.77,16.73,124
2023-05-26 17:35:00,5102,16.7471,16.765,16.75,16.765,16.74,64
2023-05-26 17:36:00,5496,16.7343,16.75,16.73,16.75,16.72,68
2023-05-26 17:37:00,738,16.7225,16.73,16.715,16.73,16.715,11
2023-05-26 17:38:00,1418,16.7159,16.71,16.7183,16.72,16.71,18
2023-05-26 17:39:00,4757,16.7129,16.72,16.705,16.72,16.7048,74
2023-05-26 17:40:00,14206,16.679,16.7001,16.66,16.7001,16.66,85
2023-05-26 17:41:00,64707,16.661,16.665,16.66,16.67,16.655,118
2023-05-26 17:42:00,13691,16.6501,16.66,16.65,16.66,16.6431,91
2023-05-26 17:43:00,39974,16.6177,16.64,16.6399,16.64,16.6,164
2023-05-26 17:44:00,7386,16.6368,16.64,16.63,16.6409,16.63,87
2023-05-26 17:45:00,8490,16.6405,16.64,16.645,16.65,16.63,108
2023-05-26 17:46:00,3866,16.6478,16.65,16.65,16.65,16.64,62
2023-05-26 17:47:00,9553,16.6396,16.64,16.64,16.65,16.63,108
2023-05-26 17:48:00,23366,16.6403,16.65,16.62,16.66,16.62,242
2023-05-26 17:49:00,9779,16.6332,16.62,16.65,16.65,16.62,140
2023-05-26 17:50:00,30441,16.6387,16.65,16.6386,16.66,16.63,215
2023-05-26 17:51:00,13416,16.6475,16.64,16.66,16.66,16.64,100
2023-05-26 17:52:00,11086,16.6856,16.665,16.7,16.7,16.665,154
2023-05-26 17:53:00,16465,16.6836,16.695,16.69,16.7,16.67,130
2023-05-26 17:54:00,18023,16.6726,16.685,16.6571,16.69,16.655,149
2023-05-26 17:55:00,27906,16.6591,16.66,16.66,16.69,16.64,219
2023-05-26 17:56:00,10097,16.6453,16.66,16.62,16.66,16.62,90
2023-05-26 17:57:00,5110,16.619,16.62,16.625,16.625,16.61,50
2023-05-26 17:58:00,10147,16.6322,16.627,16.64,16.64,16.625,81
2023-05-26 17:59:00,4782,16.6276,16.63,16.61,16.63,16.61,61
2023-05-26 18:00:00,2891,16.6091,16.615,16.6,16.615,16.6,45
2023-05-26 18:01:00,10683,16.5973,16.6,16.6,16.6,16.585,152
2023-05-26 18:02:00,6964,16.6037,16.6,16.59,16.61,16.59,114
2023-05-26 18:03:00,3427,16.5971,16.59,16.6,16.6,16.59,55
2023-05-26 18:04:00,12057,16.5902,16.61,16.59,16.61,16.58,170
2023-05-26 18:05:00,55710,16.5382,16.58,16.55,16.58,16.53,312
2023-05-26 18:06:00,5240,16.5524,16.55,16.55,16.56,16.55,62
2023-05-26 18:07:00,3283,16.5521,16.555,16.5499,16.555,16.5499,20
2023-05-26 18:08:00,5105,16.5505,16.5401,16.56,16.56,16.5401,39
2023-05-26 18:09:00,8447,16.5346,16.555,16.5389,16.555,16.525,134
2023-05-26 18:10:00,15170,16.5483,16.54,16.555,16.56,16.54,121
2023-05-26 18:11:00,2675,16.5487,16.55,16.54,16.55,16.54,30
2023-05-26 18:12:00,7799,16.5384,16.54,16.5417,16.5498,16.525,80
2023-05-26 18:13:00,11915,16.5442,16.545,16.55,16.55,16.53,100
2023-05-26 18:14:00,25483,16.5814,16.55,16.58,16.59,16.55,139
2023-05-26 18:15:00,3883,16.5696,16.57,16.57,16.5724,16.56,48
2023-05-26 18:16:00,48530,16.5564,16.57,16.57,16.585,16.55,308
2023-05-26 18:17:00,4574,16.5682,16.5708,16.565,16.5708,16.56,56
2023-05-26 18:18:00,15669,16.5927,16.56,16.6183,16.62,16.56,167
2023-05-26 18:19:00,14955,16.6162,16.62,16.62,16.62,16.61,168
2023-05-26 18:20:00,10379,16.6268,16.62,16.625,16.64,16.61,82
2023-05-26 18:21:00,8991,16.6286,16.63,16.64,16.64,16.62,96
2023-05-26 18:22:00,2033,16.6469,16.6458,16.6538,16.6538,16.64,26
2023-05-26 18:23:00,3428,16.637,16.65,16.64,16.65,16.64,43
2023-05-26 18:24:00,2685,16.662,16.66,16.6659,16.6659,16.66,29
2023-05-26 18:25:00,5165,16.6723,16.665,16.685,16.686,16.66,39
2023-05-26 18:26:00,5611,16.6724,16.68,16.675,16.68,16.67,108
2023-05-26 18:27:00,3447,16.6723,16.665,16.67,16.68,16.665,42
2023-05-26 18:28:00,16140,16.6938,16.68,16.7039,16.7039,16.68,179
2023-05-26 18:29:00,6452,16.7058,16.7,16.7,16.71,16.69,49
2023-05-26 18:30:00,4868,16.6952,16.71,16.68,16.71,16.68,64
2023-05-26 18:31:00,5583,16.6778,16.68,16.68,16.68,16.67,69
2023-05-26 18:32:00,10246,16.6744,16.685,16.67,16.685,16.665,100
2023-05-26 18:33:00,9170,16.656,16.67,16.66,16.67,16.65,91
2023-05-26 18:34:00,13037,16.6567,16.65,16.6601,16.6601,16.6456,100
2023-05-26 18:35:00,13141,16.6537,16.66,16.65,16.6684,16.645,155
2023-05-26 18:36:00,10711,16.6335,16.64,16.635,16.64,16.6216,142
2023-05-26 18:37:00,6949,16.6327,16.635,16.62,16.64,16.62,72
2023-05-26 18:38:00,6244,16.6423,16.62,16.6583,16.66,16.62,103
2023-05-26 18:39:00,14098,16.6693,16.655,16.67,16.685,16.655,177
2023-05-26 18:40:00,1068,16.6539,16.66,16.65,16.66,16.65,28
2023-05-26 18:41:00,2089,16.6409,16.65,16.6389,16.65,16.63,39
2023-05-26 18:42:00,4541,16.6397,16.635,16.64,16.6401,16.635,46
2023-05-26 18:43:00,1978,16.6565,16.65,16.6601,16.6605,16.65,30
2023-05-26 18:44:00,7441,16.6661,16.67,16.6775,16.6775,16.66,100
2023-05-26 18:45:00,3160,16.6686,16.6726,16.67,16.675,16.66,37
2023-05-26 18:46:00,15633,16.6671,16.665,16.66,16.67,16.6599,78
2023-05-26 18:47:00,4984,16.6541,16.66,16.65,16.66,16.65,70
2023-05-26 18:48:00,10909,16.6558,16.65,16.6501,16.66,16.645,112
2023-05-26 18:49:00,12819,16.6431,16.655,16.645,16.655,16.64,130
2023-05-26 18:50:00,449,16.6489,16.65,16.65,16.65,16.65,23
2023-05-26 18:51:00,4669,16.649,16.64,16.6475,16.6502,16.64,64
2023-05-26 18:52:00,29196,16.6629,16.659,16.68,16.68,16.65,249
2023-05-26 18:53:00,7099,16.6879,16.68,16.6828,16.6966,16.68,93
2023-05-26 18:54:00,7500,16.7044,16.6888,16.7121,16.72,16.6888,68
2023-05-26 18:55:00,3335,16.711,16.72,16.7199,16.72,16.71,46
2023-05-26 18:56:00,6190,16.7062,16.71,16.71,16.7101,16.701,64
2023-05-26 18:57:00,29766,16.6913,16.7093,16.665,16.71,16.66,124
2023-05-26 18:58:00,9053,16.6619,16.665,16.655,16.67,16.65,83
2023-05-26 18:59:00,8597,16.6451,16.65,16.66,16.66,16.64,118
2023-05-26 19:00:00,3914,16.6611,16.66,16.66,16.67,16.655,47
2023-05-26 19:01:00,7975,16.6822,16.665,16.69,16.6984,16.665,55
2023-05-26 19:02:00,9608,16.6884,16.7,16.7,16.7,16.68,112
2023-05-26 19:03:00,4088,16.699,16.7,16.695,16.7,16.695,56
2023-05-26 19:04:00,4235,16.6843,16.69,16.675,16.69,16.675,50
2023-05-26 19:05:00,3871,16.6691,16.67,16.665,16.67,16.66,56
2023-05-26 19:06:00,13364,16.6698,16.665,16.675,16.68,16.655,98
2023-05-26 19:07:00,6299,16.6872,16.6799,16.6872,16.7,16.6799,93
2023-05-26 19:08:00,2990,16.6929,16.69,16.7,16.7,16.685,36
2023-05-26 19:09:00,3515,16.7089,16.705,16.7134,16.715,16.7001,66
2023-05-26 19:10:00,18471,16.7317,16.72,16.741,16.75,16.72,86
2023-05-26 19:11:00,9349,16.7339,16.74,16.74,16.74,16.73,65
2023-05-26 19:12:00,28096,16.7393,16.74,16.75,16.755,16.73,185
2023-05-26 19:13:00,11803,16.7456,16.7427,16.74,16.755,16.735,89
2023-05-26 19:14:00,21212,16.7451,16.74,16.73,16.76,16.72,148
2023-05-26 19:15:00,7732,16.7376,16.73,16.75,16.75,16.73,84
2023-05-26 19:16:00,5026,16.7465,16.745,16.745,16.749,16.743,15
2023-05-26 19:17:00,18546,16.7703,16.74,16.785,16.79,16.74,197
2023-05-26 19:18:00,5893,16.7825,16.785,16.7831,16.79,16.78,51
2023-05-26 19:19:00,26429,16.7727,16.78,16.79,16.79,16.76,224
2023-05-26 19:20:00,15777,16.7887,16.7801,16.775,16.795,16.775,122
2023-05-26 19:21:00,5800,16.7779,16.77,16.79,16.79,16.77,69
2023-05-26 19:22:00,14744,16.7681,16.78,16.7502,16.785,16.7502,151
2023-05-26 19:23:00,3490,16.7579,16.755,16.755,16.76,16.755,40
2023-05-26 19:24:00,9476,16.7419,16.7559,16.74,16.7559,16.7302,75
2023-05-26 19:25:00,8182,16.7477,16.73,16.765,16.77,16.73,146
2023-05-26 19:26:00,19103,16.7735,16.765,16.7801,16.79,16.76,150
2023-05-26 19:27:00,15641,16.7694,16.78,16.77,16.78,16.76,142
2023-05-26 19:28:00,3129,16.7677,16.765,16.765,16.77,16.76,20
2023-05-26 19:29:00,31523,16.7657,16.765,16.7631,16.78,16.75,292
2023-05-26 19:30:00,22925,16.7642,16.76,16.75,16.785,16.745,208
2023-05-26 19:31:00,11769,16.7479,16.748,16.745,16.76,16.735,162
2023-05-26 19:32:00,26578,16.757,16.745,16.76,16.77,16.74,314
2023-05-26 19:33:00,5206,16.7605,16.76,16.755,16.77,16.755,60
2023-05-26 19:34:00,9881,16.7583,16.751,16.76,16.76,16.7501,37
2023-05-26 19:35:00,29528,16.7594,16.76,16.755,16.775,16.75,381
2023-05-26 19:36:00,6224,16.7619,16.755,16.78,16.78,16.755,101
2023-05-26 19:37:00,15411,16.78,16.78,16.775,16.79,16.7749,75
2023-05-26 19:38:00,11174,16.7794,16.775,16.79,16.79,16.775,110
2023-05-26 19:39:00,34435,16.7881,16.785,16.7934,16.8,16.78,303
2023-05-26 19:40:00,18573,16.7754,16.79,16.78,16.79,16.76,237
2023-05-26 19:41:00,39366,16.8028,16.79,16.8299,16.83,16.79,270
2023-05-26 19:42:00,12360,16.8311,16.83,16.83,16.84,16.8231,153
2023-05-26 19:43:00,12813,16.8306,16.84,16.84,16.8477,16.83,212
2023-05-26 19:44:00,14835,16.8533,16.8315,16.865,16.865,16.8315,145
2023-05-26 19:45:00,14021,16.8777,16.8616,16.8895,16.89,16.8616,129
2023-05-26 19:46:00,19516,16.8925,16.89,16.895,16.9,16.89,229
2023-05-26 19:47:00,56381,16.8852,16.89,16.8703,16.915,16.87,604
2023-05-26 19:48:00,28818,16.9003,16.88,16.9099,16.91,16.88,219
2023-05-26 19:49:00,14901,16.8833,16.9,16.87,16.9,16.87,216
2023-05-26 19:50:00,34455,16.8281,16.87,16.82,16.87,16.81,422
2023-05-26 19:51:00,23966,16.8459,16.83,16.835,16.86,16.83,276
2023-05-26 19:52:00,17233,16.8341,16.84,16.85,16.85,16.825,206
2023-05-26 19:53:00,29205,16.8485,16.84,16.845,16.86,16.8301,279
2023-05-26 19:54:00,31048,16.8415,16.8401,16.845,16.86,16.825,310
2023-05-26 19:55:00,25381,16.8383,16.845,16.835,16.85,16.83,235
2023-05-26 19:56:00,23846,16.843,16.835,16.845,16.85,16.8328,267
2023-05-26 19:57:00,59749,16.837,16.845,16.835,16.85,16.83,579
2023-05-26 19:58:00,35368,16.8411,16.835,16.84,16.85,16.835,399
2023-05-26 19:59:00,107008,16.8276,16.84,16.82,16.845,16.815,917
2023-05-26 20:00:00,15571,16.83,16.83,16.83,16.83,16.83,18
2023-05-26 20:11:00,115,16.8113,16.81,16.81,16.81,16.81,2
2023-05-26 20:13:00,7159,16.82,16.82,16.82,16.82,16.82,3
2023-05-26 20:24:00,405,16.8202,16.82,16.82,16.82,16.82,6
2023-05-26 20:30:00,200,16.81,16.81,16.81,16.81,16.81,1
2023-05-26 20:34:00,2011,16.83,16.83,16.83,16.83,16.83,3
2023-05-26 20:38:00,100,16.8101,16.8101,16.8101,16.8101,16.8101,1
2023-05-26 20:43:00,623,16.81,16.81,16.81,16.81,16.81,1
2023-05-26 20:44:00,100,16.8201,16.8201,16.8201,16.8201,16.8201,1
2023-05-26 20:54:00,118,16.8215,16.8215,16.8215,16.8215,16.8215,1
2023-05-26 20:56:00,329,16.83,16.83,16.83,16.83,16.83,2
2023-05-26 21:09:00,117,16.8185,16.82,16.82,16.82,16.82,2
2023-05-26 21:11:00,100,16.82,16.82,16.82,16.82,16.82,1
2023-05-26 21:12:00,100,16.82,16.82,16.82,16.82,16.82,1
2023-05-26 21:13:00,200,16.82,16.82,16.82,16.82,16.82,3
2023-05-26 21:24:00,100,16.82,16.82,16.82,16.82,16.82,1
2023-05-26 21:40:00,100,16.8001,16.8001,16.8001,16.8001,16.8001,1
2023-05-26 21:50:00,100,16.81,16.81,16.81,16.81,16.81,1
2023-05-26 21:57:00,900,16.8543,16.85,16.87,16.87,16.85,9
2023-05-26 22:09:00,105,16.8209,16.8196,16.8196,16.8196,16.8196,3
2023-05-26 22:34:00,500,16.81,16.81,16.81,16.81,16.81,1
2023-05-26 22:36:00,800,16.81,16.81,16.81,16.81,16.81,2
2023-05-26 22:38:00,401,16.8,16.8,16.8,16.8,16.8,4
2023-05-26 22:45:00,1000,16.8,16.8,16.8,16.8,16.8,1
2023-05-26 22:58:00,115,16.8052,16.8052,16.8052,16.8052,16.8052,1
2023-05-26 23:16:00,625,16.8492,16.85,16.85,16.85,16.85,2
2023-05-26 23:23:00,500,16.83,16.83,16.83,16.83,16.83,1
2023-05-26 23:54:00,488,16.83,16.83,16.83,16.83,16.83,1
2023-05-26 23:58:00,2150,16.784,16.8,16.7,16.8,16.7,11
2023-05-30 08:03:00,160,16.83,16.83,16.83,16.83,16.83,2
2023-05-30 08:07:00,301,16.7802,16.78,16.78,16.78,16.78,2
2023-05-30 08:42:00,9187,17.3158,17.19,17.36,17.36,17.19,43
2023-05-30 08:51:00,105,17.109,17.11,17.11,17.11,17.11,2
2023-05-30 10:05:00,300,17.2783,17.28,17.28,17.28,17.28,3
2023-05-30 10:31:00,100,17.19,17.19,17.19,17.19,17.19,1
2023-05-30 10:51:00,532,17.0365,17.04,17.05,17.05,17.03,4
2023-05-30 11:00:00,3452,17.0109,17.02,16.99,17.05,16.96,36
2023-05-30 11:02:00,500,17.09,17.09,17.09,17.09,17.09,2
2023-05-30 11:03:00,500,17.09,17.09,17.09,17.09,17.09,1
2023-05-30 11:11:00,3050,17.0,17.0,17.0,17.0,17.0,2
2023-05-30 11:12:00,249,17.0461,17.05,17.05,17.05,17.05,3
2023-05-30 11:19:00,200,16.95,16.95,16.95,16.95,16.95,2
2023-05-30 11:20:00,224,16.95,16.95,16.95,16.95,16.95,4
2023-05-30 11:23:00,376,17.0089,16.95,16.95,16.95,16.95,9
2023-05-30 11:42:00,200,17.0,17.0,17.0,17.0,17.0,1
2023-05-30 11:56:00,312,17.0064,17.01,17.01,17.01,17.01,5
2023-05-30 12:00:00,5366,17.0449,17.02,17.15,17.15,16.9,37
2023-05-30 12:01:00,338,17.103,17.1685,17.1685,17.1685,17.1685,12
2023-05-30 12:05:00,241,17.0204,17.02,17.02,17.02,17.02,2
2023-05-30 12:06:00,200,17.025,17.02,17.03,17.03,17.02,2
2023-05-30 12:07:00,650,17.135,17.1428,17.1428,17.1428,17.1428,5
2023-05-30 12:12:00,581,17.0541,17.03,17.1,17.1,17.03,6
2023-05-30 12:13:00,101,17.1312,17.1316,17.1316,17.1316,17.1316,2
2023-05-30 12:15:00,251,17.0299,17.03,17.03,17.03,17.03,2
2023-05-30 12:17:00,1010,17.1392,17.1392,17.1392,17.1392,17.1392,2
2023-05-30 12:23:00,285,17.0242,17.02,17.02,17.02,17.02,5
2023-05-30 12:26:00,1000,17.1281,17.14,17.14,17.14,17.14,13
2023-05-30 12:27:00,222,17.06,17.06,17.06,17.06,17.06,2
2023-05-30 12:31:00,640,17.0316,17.03,17.03,17.03,17.03,8
2023-05-30 12:34:00,2049,17.0239,17.02,17.06,17.06,17.01,9
2023-05-30 12:35:00,1031,17.0398,17.02,17.06,17.06,17.02,12
2023-05-30 12:36:00,5736,17.0018,17.02,17.0,17.02,17.0,9
2023-05-30 12:42:00,553,17.0025,17.0,17.0,17.0,17.0,10
2023-05-30 12:44:00,1527,17.06,17.06,17.06,17.06,17.06,1
2023-05-30 12:46:00,500,17.01,17.01,17.01,17.01,17.01,2
2023-05-30 12:47:00,915,17.0016,17.0,17.0,17.0,17.0,2
2023-05-30 12:57:00,552,17.0359,17.0585,17.0585,17.0585,17.0585,8
2023-05-30 12:58:00,1502,17.0563,17.06,17.06,17.06,17.06,23
2023-05-30 13:02:00,504,17.0694,17.07,17.07,17.07,17.07,2
2023-05-30 13:06:00,500,17.06,17.06,17.06,17.06,17.06,3
2023-05-30 13:09:00,123,17.0,17.0,17.0,17.0,17.0,1
2023-05-30 13:10:00,118,17.05,17.05,17.05,17.05,17.05,1
2023-05-30 13:16:00,103,17.0141,17.01,17.01,17.01,17.01,2
2023-05-30 13:17:00,150,17.01,17.01,17.01,17.01,17.01,1
2023-05-30 13:20:00,585,17.0101,17.01,17.01,17.01,17.01,3
2023-05-30 13:25:00,407,17.077,17.09,17.04,17.09,17.04,5
2023-05-30 13:26:00,100,17.1,17.1,17.1,17.1,17.1,1
2023-05-30 13:27:00,1291,17.1694,17.14,17.2,17.2,17.14,27
2023-05-30 13:30:00,88065,17.2571,17.25,17.22,17.36,17.2,362
2023-05-30 13:31:00,41521,17.2359,17.27,17.32,17.32,17.18,312
2023-05-30 13:32:00,35327,17.3948,17.31,17.43,17.43,17.31,201
2023-05-30 13:33:00,56014,17.4834,17.44,17.44,17.54,17.42,370
2023-05-30 13:34:00,89995,17.4959,17.4301,17.5,17.54,17.4301,261
2023-05-30 13:35:00,32934,17.5363,17.51,17.58,17.5938,17.47,276
2023-05-30 13:36:00,61082,17.6555,17.5899,17.7189,17.73,17.5899,391
2023-05-30 13:37:00,55357,17.723,17.715,17.74,17.75,17.7,316
2023-05-30 13:38:00,28455,17.6765,17.74,17.65,17.74,17.64,230
2023-05-30 13:39:00,38147,17.56,17.6508,17.52,17.67,17.5,290
2023-05-30 13:40:00,40900,17.5237,17.5199,17.55,17.565,17.5,380
2023-05-30 13:41:00,29480,17.5881,17.545,17.625,17.64,17.54,221
2023-05-30 13:42:00,33520,17.6475,17.62,17.69,17.695,17.62,295
2023-05-30 13:43:00,36873,17.6892,17.69,17.67,17.725,17.64,381
2023-05-30 13:44:00,33125,17.7034,17.67,17.7,17.74,17.6502,348
2023-05-30 13:45:00,46302,17.7453,17.7,17.68,17.79,17.68,417
2023-05-30 13:46:00,76102,17.8106,17.6708,17.8613,17.89,17.67,525
2023-05-30 13:47:00,67437,17.9059,17.865,17.85,17.95,17.85,475
2023-05-30 13:48:00,22263,17.8762,17.855,17.86,17.91,17.84,190
2023-05-30 13:49:00,32613,17.9127,17.8699,17.94,17.945,17.86,259
2023-05-30 13:50:00,108670,18.0172,17.95,17.965,18.095,17.94,915
2023-05-30 13:51:00,32291,17.9534,17.955,17.975,17.985,17.92,350
2023-05-30 13:52:00,65147,18.0247,17.97,18.0501,18.0799,17.97,343
2023-05-30 13:53:00,52624,17.9749,18.04,17.845,18.075,17.84,448
2023-05-30 13:54:00,24579,17.8269,17.84,17.785,17.885,17.785,235
2023-05-30 13:55:00,37687,17.7362,17.78,17.715,17.8376,17.7,298
2023-05-30 13:56:00,20383,17.6947,17.71,17.63,17.75,17.63,289
2023-05-30 13:57:00,17914,17.6137,17.64,17.59,17.64,17.59,132
2023-05-30 13:58:00,18442,17.5975,17.61,17.57,17.63,17.56,182
2023-05-30 13:59:00,18375,17.5846,17.585,17.58,17.6101,17.555,157
2023-05-30 14:00:00,24558,17.5954,17.6,17.57,17.64,17.5599,219
2023-05-30 14:01:00,76709,17.5112,17.56,17.57,17.5787,17.47,557
2023-05-30 14:02:00,49440,17.506,17.5619,17.505,17.5619,17.42,504
2023-05-30 14:03:00,10121,17.5114,17.495,17.505,17.535,17.495,159
2023-05-30 14:04:00,26390,17.5579,17.51,17.625,17.625,17.51,304
2023-05-30 14:05:00,18135,17.5988,17.62,17.5889,17.6389,17.55,229
2023-05-30 14:06:00,18819,17.5916,17.59,17.61,17.61,17.565,226
2023-05-30 14:07:00,10617,17.6369,17.62,17.6688,17.67,17.61,164
2023-05-30 14:08:00,35764,17.7096,17.66,17.75,17.75,17.63,306
2023-05-30 14:09:00,33478,17.8183,17.75,17.87,17.88,17.75,326
2023-05-30 14:10:00,46512,17.8953,17.875,17.885,17.91,17.87,272
2023-05-30 14:11:00,27338,17.8806,17.885,17.855,17.9099,17.835,226
2023-05-30 14:12:00,25059,17.8583,17.86,17.8587,17.905,17.81,257
2023-05-30 14:13:00,55586,17.9405,17.86,17.99,17.99,17.86,375
2023-05-30 14:14:00,33564,17.96,17.995,17.935,17.995,17.91,355
2023-05-30 14:15:00,19141,17.9596,17.94,17.96,17.98,17.93,192
2023-05-30 14:16:00,18079,17.9846,17.975,17.965,17.999,17.96,145
2023-05-30 14:17:00,38962,17.9733,17.97,18.03,18.035,17.93,316
2023-05-30 14:18:00,66234,18.0338,18.03,18.02,18.06,18.0,362
2023-05-30 14:19:00,24911,18.0217,18.02,18.045,18.06,17.994,233
2023-05-30 14:20:00,98880,18.1075,18.0415,18.1899,18.1899,18.0415,736
2023-05-30 14:21:00,35198,18.1843,18.19,18.16,18.219,18.15,317
2023-05-30 14:22:00,21025,18.1652,18.15,18.1311,18.21,18.13,224
2023-05-30 14:23:00,45148,18.0623,18.1409,18.04,18.145,18.01,279
2023-05-30 14:24:00,64058,18.0741,18.0434,18.0583,18.1,18.02,545
2023-05-30 14:25:00,62601,17.9797,18.06,17.9851,18.06,17.95,299
2023-05-30 14:26:00,20473,18.0107,18.0,18.05,18.06,17.9701,186
2023-05-30 14:27:00,30778,17.9522,18.05,17.91,18.0523,17.895,321
2023-05-30 14:28:00,55040,17.8514,17.92,17.81,17.92,17.81,505
2023-05-30 14:29:00,164187,17.7595,17.81,17.78,17.81,17.73,929
2023-05-30 14:30:00,42868,17.7702,17.77,17.79,17.81,17.75,331
2023-05-30 14:31:00,14914,17.7794,17.795,17.79,17.8,17.75,202
2023-05-30 14:32:00,20267,17.7932,17.79,17.825,17.825,17.76,164
2023-05-30 14:33:00,32153,17.7427,17.8,17.67,17.8,17.67,220
2023-05-30 14:34:00,21940,17.644,17.67,17.65,17.6722,17.62,184
2023-05-30 14:35:00,31383,17.6017,17.64,17.58,17.645,17.56,349
2023-05-30 14:36:00,18732,17.5924,17.58,17.61,17.63,17.565,140
2023-05-30 14:37:00,23144,17.6152,17.61,17.64,17.65,17.59,247
2023-05-30 14:38:00,41329,17.6397,17.635,17.63,17.68,17.6,214
2023-05-30 14:39:00,40307,17.5867,17.63,17.5611,17.64,17.55,218
2023-05-30 14:40:00,40058,17.5446,17.57,17.565,17.57,17.52,233
2023-05-30 14:41:00,42233,17.5583,17.56,17.59,17.59,17.54,274
2023-05-30 14:42:00,29907,17.5792,17.5887,17.5317,17.6,17.5317,226
2023-05-30 14:43:00,31393,17.5228,17.53,17.5455,17.55,17.5,243
2023-05-30 14:44:00,32270,17.5066,17.52,17.52,17.52,17.5,179
2023-05-30 14:45:00,15735,17.5188,17.52,17.53,17.54,17.505,150
2023-05-30 14:46:00,9534,17.5363,17.53,17.53,17.568,17.52,100
2023-05-30 14:47:00,16615,17.5093,17.52,17.505,17.52,17.5,148
2023-05-30 14:48:00,51923,17.5054,17.51,17.505,17.5399,17.495,442
2023-05-30 14:49:00,37648,17.5154,17.51,17.545,17.545,17.5,346
2023-05-30 14:50:00,38388,17.6111,17.55,17.64,17.64,17.5491,308
2023-05-30 14:51:00,26188,17.6241,17.6583,17.635,17.66,17.61,185
2023-05-30 14:52:00,14396,17.6386,17.64,17.655,17.6601,17.62,116
2023-05-30 14:53:00,12702,17.6206,17.65,17.62,17.65,17.61,103
2023-05-30 14:54:00,11388,17.5475,17.62,17.5099,17.62,17.5099,143
2023-05-30 14:55:00,28554,17.5215,17.51,17.565,17.58,17.5,224
2023-05-30 14:56:00,29737,17.6422,17.57,17.62,17.67,17.57,212
2023-05-30 14:57:00,9769,17.5875,17.6101,17.5899,17.6101,17.57,78
2023-05-30 14:58:00,8623,17.591,17.59,17.63,17.63,17.57,78
2023-05-30 14:59:00,14357,17.616,17.63,17.58,17.64,17.5719,151
2023-05-30 15:00:00,11026,17.5772,17.58,17.59,17.5915,17.56,102
2023-05-30 15:01:00,6669,17.5749,17.58,17.5812,17.5812,17.56,86
2023-05-30 15:02:00,11559,17.584,17.5873,17.62,17.62,17.56,92
2023-05-30 15:03:00,7471,17.609,17.61,17.6122,17.63,17.61,47
2023-05-30 15:04:00,22704,17.6658,17.615,17.685,17.7088,17.615,222
2023-05-30 15:05:00,21496,17.7094,17.69,17.72,17.73,17.68,121
2023-05-30 15:06:00,13472,17.7248,17.73,17.72,17.74,17.7199,124
2023-05-30 15:07:00,12468,17.7594,17.73,17.7599,17.77,17.73,119
2023-05-30 15:08:00,8052,17.6834,17.75,17.645,17.75,17.64,113
2023-05-30 15:09:00,24127,17.5931,17.6499,17.585,17.65,17.57,169
2023-05-30 15:10:00,14123,17.5635,17.585,17.535,17.595,17.535,133
2023-05-30 15:11:00,24606,17.5298,17.535,17.5138,17.56,17.5,173
2023-05-30 15:12:00,18240,17.5095,17.51,17.51,17.515,17.5,133
2023-05-30 15:13:00,60878,17.5303,17.51,17.565,17.57,17.5,412
2023-05-30 15:14:00,8360,17.5598,17.57,17.55,17.57,17.55,113
2023-05-30 15:15:00,18744,17.5297,17.55,17.52,17.5511,17.52,165
2023-05-30 15:16:00,56812,17.5247,17.51,17.52,17.57,17.49,410
2023-05-30 15:17:00,6245,17.5414,17.53,17.55,17.55,17.53,88
2023-05-30 15:18:00,13387,17.5647,17.55,17.56,17.58,17.55,84
2023-05-30 15:19:00,11782,17.5487,17.565,17.56,17.565,17.53,153
2023-05-30 15:20:00,26729,17.5507,17.56,17.5,17.575,17.5,217
2023-05-30 15:21:00,18504,17.4913,17.51,17.4998,17.51,17.46,204
2023-05-30 15:22:00,24362,17.4551,17.49,17.443,17.49,17.44,190
2023-05-30 15:23:00,11496,17.4397,17.4399,17.44,17.445,17.43,96
2023-05-30 15:24:00,5498,17.4439,17.44,17.445,17.455,17.44,74
2023-05-30 15:25:00,18575,17.4757,17.45,17.45,17.51,17.45,175
2023-05-30 15:26:00,8173,17.4154,17.435,17.419,17.44,17.4,99
2023-05-30 15:27:00,11014,17.4393,17.409,17.479,17.479,17.409,170
2023-05-30 15:28:00,10437,17.5055,17.48,17.52,17.525,17.48,148
2023-05-30 15:29:00,15306,17.5287,17.52,17.535,17.55,17.51,144
2023-05-30 15:30:00,9965,17.5181,17.53,17.52,17.53,17.5,146
2023-05-30 15:31:00,15325,17.5613,17.5177,17.58,17.5825,17.515,194
2023-05-30 15:32:00,10912,17.5796,17.5785,17.599,17.599,17.56,118
2023-05-30 15:33:00,8795,17.579,17.59,17.58,17.59,17.55,110
2023-05-30 15:34:00,14008,17.5605,17.59,17.545,17.59,17.54,80
2023-05-30 15:35:00,64500,17.5165,17.545,17.5525,17.56,17.51,191
2023-05-30 15:36:00,16869,17.5548,17.55,17.57,17.57,17.53,211
2023-05-30 15:37:00,18012,17.5991,17.58,17.61,17.62,17.58,200
2023-05-30 15:38:00,7093,17.6241,17.61,17.63,17.64,17.61,80
2023-05-30 15:39:00,10293,17.6516,17.64,17.67,17.67,17.64,75
2023-05-30 15:40:00,25729,17.6796,17.665,17.685,17.7,17.65,244
2023-05-30 15:41:00,26215,17.6504,17.69,17.635,17.6901,17.63,144
2023-05-30 15:42:00,17830,17.6159,17.6381,17.62,17.6381,17.61,112
2023-05-30 15:43:00,8036,17.6083,17.62,17.59,17.63,17.585,115
2023-05-30 15:44:00,6874,17.5829,17.595,17.5763,17.6,17.57,88
2023-05-30 15:45:00,10409,17.569,17.57,17.56,17.5809,17.55,131
2023-05-30 15:46:00,8261,17.574,17.57,17.56,17.59,17.555,100
2023-05-30 15:47:00,13009,17.5254,17.555,17.51,17.555,17.51,159
2023-05-30 15:48:00,5452,17.4845,17.505,17.475,17.51,17.47,88
2023-05-30 15:49:00,8770,17.483,17.48,17.495,17.495,17.47,123
2023-05-30 15:50:00,16143,17.4885,17.49,17.49,17.5,17.47,184
2023-05-30 15:51:00,11112,17.4575,17.48,17.45,17.48,17.44,116
2023-05-30 15:52:00,11353,17.4653,17.45,17.46,17.4782,17.45,142
2023-05-30 15:53:00,6898,17.4474,17.46,17.46,17.46,17.435,105
2023-05-30 15:54:00,5578,17.4719,17.46,17.48,17.48,17.46,89
2023-05-30 15:55:00,16541,17.5004,17.48,17.5,17.51,17.48,228
2023-05-30 15:56:00,20413,17.5309,17.51,17.53,17.55,17.51,209
2023-05-30 15:57:00,2172,17.5304,17.535,17.53,17.54,17.525,44
2023-05-30 15:58:00,14866,17.4925,17.52,17.475,17.52,17.47,134
2023-05-30 15:59:00,6854,17.4895,17.48,17.497,17.4999,17.48,73
2023-05-30 16:00:00,12695,17.4811,17.49,17.47,17.5,17.47,123
2023-05-30 16:01:00,10403,17.5065,17.48,17.48,17.52,17.48,125
2023-05-30 16:02:00,18122,17.4803,17.475,17.49,17.5,17.47,152
2023-05-30 16:03:00,21302,17.4617,17.48,17.46,17.48,17.445,187
2023-05-30 16:04:00,12616,17.4406,17.45,17.4499,17.45,17.43,124
2023-05-30 16:05:00,27641,17.4266,17.45,17.4,17.45,17.4,291
2023-05-30 16:06:00,13251,17.4206,17.41,17.43,17.43,17.405,111
2023-05-30 16:07:00,10008,17.4266,17.42,17.44,17.44,17.42,143
2023-05-30 16:08:00,5877,17.4677,17.45,17.47,17.48,17.45,98
2023-05-30 16:09:00,11059,17.4659,17.47,17.48,17.49,17.46,143
2023-05-30 16:10:00,4418,17.484,17.475,17.4921,17.495,17.47,74
2023-05-30 16:11:00,26942,17.4924,17.5,17.485,17.51,17.48,246
2023-05-30 16:12:00,32032,17.4835,17.495,17.51,17.5148,17.465,155
2023-05-30 16:13:00,8752,17.4972,17.51,17.51,17.51,17.48,96
2023-05-30 16:14:00,13748,17.5459,17.52,17.5563,17.56,17.52,122
2023-05-30 16:15:00,6003,17.5663,17.56,17.575,17.59,17.555,101
2023-05-30 16:16:00,7257,17.5852,17.5731,17.6,17.6,17.57,61
2023-05-30 16:17:00,13228,17.5955,17.6,17.5605,17.62,17.5605,126
2023-05-30 16:18:00,7332,17.5711,17.57,17.56,17.582,17.56,79
2023-05-30 16:19:00,13662,17.5821,17.5601,17.605,17.61,17.5601,98
2023-05-30 16:20:00,6035,17.6335,17.61,17.645,17.6476,17.61,117
2023-05-30 16:21:00,28484,17.6478,17.64,17.64,17.65,17.64,78
2023-05-30 16:22:00,14140,17.6087,17.6438,17.59,17.6438,17.59,164
2023-05-30 16:23:00,6920,17.6017,17.59,17.6093,17.62,17.58,92
2023-05-30 16:24:00,7292,17.6093,17.605,17.62,17.63,17.605,51
2023-05-30 16:25:00,2211,17.6155,17.6285,17.6,17.63,17.6,40
2023-05-30 16:26:00,6585,17.5984,17.59,17.605,17.62,17.59,106
2023-05-30 16:27:00,10341,17.5747,17.6,17.56,17.61,17.54,140
2023-05-30 16:28:00,1607,17.5628,17.565,17.56,17.565,17.56,19
2023-05-30 16:29:00,5072,17.5405,17.54,17.545,17.5499,17.53,71
2023-05-30 16:30:00,10224,17.5352,17.541,17.5399,17.541,17.515,96
2023-05-30 16:31:00,9679,17.516,17.535,17.52,17.54,17.5,88
2023-05-30 16:32:00,2371,17.5119,17.51,17.51,17.52,17.51,45
2023-05-30 16:33:00,3693,17.5144,17.51,17.51,17.52,17.505,46
2023-05-30 16:34:00,7233,17.5392,17.52,17.54,17.56,17.52,117
2023-05-30 16:35:00,10403,17.5601,17.54,17.5781,17.5781,17.54,63
2023-05-30 16:36:00,10106,17.5537,17.575,17.54,17.575,17.535,120
2023-05-30 16:37:00,8169,17.5403,17.545,17.525,17.555,17.525,86
2023-05-30 16:38:00,11136,17.5428,17.52,17.5584,17.56,17.52,143
2023-05-30 16:39:00,12864,17.558,17.56,17.52,17.57,17.52,76
2023-05-30 16:40:00,4630,17.5193,17.525,17.52,17.53,17.5108,53
2023-05-30 16:41:00,11121,17.5003,17.51,17.5,17.51,17.49,125
2023-05-30 16:42:00,5088,17.4856,17.5,17.49,17.5,17.4716,99
2023-05-30 16:43:00,8764,17.4702,17.495,17.47,17.5,17.46,86
2023-05-30 16:44:00,4667,17.4632,17.47,17.465,17.47,17.455,50
2023-05-30 16:45:00,12587,17.4672,17.465,17.47,17.48,17.45,93
2023-05-30 16:46:00,4257,17.4743,17.4772,17.455,17.48,17.455,71
2023-05-30 16:47:00,4998,17.4467,17.45,17.455,17.455,17.435,54
2023-05-30 16:48:00,3652,17.4819,17.46,17.505,17.505,17.46,66
2023-05-30 16:49:00,10125,17.4946,17.5,17.505,17.51,17.49,136
2023-05-30 16:50:00,6469,17.5291,17.51,17.53,17.555,17.51,116
2023-05-30 16:51:00,3724,17.491,17.51,17.48,17.51,17.48,51
2023-05-30 16:52:00,4780,17.4899,17.48,17.495,17.5,17.475,58
2023-05-30 16:53:00,12905,17.4754,17.49,17.49,17.495,17.46,203
2023-05-30 16:54:00,8736,17.4945,17.4917,17.51,17.52,17.4801,92
2023-05-30 16:55:00,3706,17.5004,17.5082,17.5,17.51,17.495,56
2023-05-30 16:56:00,7115,17.5087,17.495,17.525,17.525,17.495,79
2023-05-30 16:57:00,12542,17.5336,17.53,17.54,17.55,17.525,172
2023-05-30 16:58:00,2041,17.5321,17.536,17.525,17.536,17.525,40
2023-05-30 16:59:00,5535,17.5361,17.525,17.55,17.56,17.525,82
2023-05-30 17:00:00,2037,17.5337,17.55,17.53,17.55,17.53,42
2023-05-30 17:01:00,11359,17.552,17.54,17.56,17.56,17.54,48
2023-05-30 17:02:00,20103,17.523,17.55,17.53,17.55,17.51,164
2023-05-30 17:03:00,4942,17.5257,17.53,17.525,17.54,17.52,74
2023-05-30 17:04:00,3996,17.54,17.525,17.545,17.55,17.525,37
2023-05-30 17:05:00,8542,17.5483,17.55,17.56,17.565,17.535,133
2023-05-30 17:06:00,3056,17.5538,17.56,17.54,17.57,17.54,54
2023-05-30 17:07:00,4769,17.5401,17.5469,17.55,17.55,17.535,55
2023-05-30 17:08:00,14594,17.5322,17.55,17.54,17.55,17.52,160
2023-05-30 17:09:00,17604,17.5702,17.54,17.58,17.5921,17.54,231
2023-05-30 17:10:00,15626,17.5869,17.58,17.605,17.61,17.58,77
2023-05-30 17:11:00,6652,17.5894,17.605,17.585,17.61,17.58,72
2023-05-30 17:12:00,9708,17.5828,17.58,17.57,17.59,17.57,57
2023-05-30 17:13:00,6338,17.5771,17.58,17.56,17.59,17.559,79
2023-05-30 17:14:00,3119,17.566,17.5599,17.5745,17.575,17.5597,33
2023-05-30 17:15:00,4394,17.5797,17.575,17.58,17.58,17.575,54
2023-05-30 17:16:00,5177,17.5876,17.575,17.592,17.595,17.575,65
2023-05-30 17:17:00,8376,17.5936,17.6,17.585,17.6,17.58,58
2023-05-30 17:18:00,4125,17.5866,17.59,17.58,17.6,17.575,67
2023-05-30 17:19:00,3522,17.591,17.58,17.6,17.6,17.58,25
2023-05-30 17:20:00,4813,17.5946,17.593,17.595,17.6,17.59,29
2023-05-30 17:21:00,34204,17.6242,17.5945,17.63,17.64,17.5945,199
2023-05-30 17:22:00,13676,17.625,17.63,17.625,17.63,17.615,92
2023-05-30 17:23:00,9308,17.6144,17.62,17.63,17.63,17.605,98
2023-05-30 17:24:00,10672,17.6405,17.6275,17.645,17.65,17.625,81
2023-05-30 17:25:00,13951,17.6318,17.6425,17.625,17.645,17.62,106
2023-05-30 17:26:00,19712,17.6054,17.62,17.57,17.63,17.57,122
2023-05-30 17:27:00,28699,17.5398,17.57,17.545,17.57,17.5299,142
2023-05-30 17:28:00,30567,17.5131,17.545,17.515,17.545,17.5,246
2023-05-30 17:29:00,16551,17.5635,17.52,17.574,17.58,17.52,144
2023-05-30 17:30:00,30673,17.5542,17.575,17.53,17.575,17.53,246
2023-05-30 17:31:00,14790,17.5432,17.52,17.57,17.57,17.52,141
2023-05-30 17:32:00,8404,17.5604,17.565,17.565,17.57,17.55,62
2023-05-30 17:33:00,22104,17.5986,17.57,17.62,17.63,17.57,181
2023-05-30 17:34:00,17612,17.5951,17.61,17.6109,17.615,17.585,96
2023-05-30 17:35:00,4300,17.6119,17.61,17.6,17.62,17.6,69
2023-05-30 17:36:00,10236,17.6303,17.605,17.64,17.64,17.605,63
2023-05-30 17:37:00,20844,17.6539,17.635,17.66,17.67,17.635,132
2023-05-30 17:38:00,9768,17.6469,17.66,17.6448,17.66,17.63,94
2023-05-30 17:39:00,5696,17.6305,17.645,17.625,17.645,17.62,95
2023-05-30 17:40:00,15857,17.6217,17.625,17.635,17.635,17.6,160
2023-05-30 17:41:00,12618,17.646,17.64,17.66,17.67,17.635,140
2023-05-30 17:42:00,12425,17.6828,17.67,17.68,17.7,17.6689,167
2023-05-30 17:43:00,3287,17.665,17.6752,17.665,17.6752,17.66,57
2023-05-30 17:44:00,2185,17.67,17.675,17.675,17.6795,17.6689,25
2023-05-30 17:45:00,8540,17.6796,17.67,17.69,17.695,17.67,90
2023-05-30 17:46:00,1564,17.712,17.7,17.72,17.72,17.7,44
2023-05-30 17:47:00,34294,17.7077,17.71,17.7071,17.722,17.68,165
2023-05-30 17:48:00,22005,17.7314,17.71,17.7614,17.765,17.71,200
2023-05-30 17:49:00,11661,17.7327,17.7613,17.72,17.7613,17.7125,112
2023-05-30 17:50:00,6308,17.7159,17.72,17.705,17.73,17.705,62
2023-05-30 17:51:00,4284,17.712,17.7,17.72,17.725,17.7,57
2023-05-30 17:52:00,12178,17.6866,17.71,17.685,17.71,17.675,130
2023-05-30 17:53:00,3993,17.6715,17.685,17.665,17.685,17.66,35
2023-05-30 17:54:00,25292,17.6757,17.665,17.6999,17.7,17.66,124
2023-05-30 17:55:00,5247,17.6911,17.695,17.675,17.695,17.675,53
2023-05-30 17:56:00,14561,17.668,17.675,17.665,17.6789,17.66,124
2023-05-30 17:57:00,12251,17.6637,17.655,17.6518,17.675,17.6516,111
2023-05-30 17:58:00,8375,17.6772,17.655,17.67,17.695,17.655,113
2023-05-30 17:59:00,7314,17.6687,17.665,17.69,17.69,17.66,83
2023-05-30 18:00:00,19809,17.6932,17.69,17.71,17.715,17.675,193
2023-05-30 18:01:00,24985,17.6934,17.71,17.68,17.71,17.675,211
2023-05-30 18:02:00,5004,17.6682,17.675,17.675,17.68,17.65,71
2023-05-30 18:03:00,4899,17.6747,17.67,17.675,17.68,17.67,22
2023-05-30 18:04:00,107315,17.6835,17.675,17.69,17.7,17.665,407
2023-05-30 18:05:00,21945,17.6954,17.685,17.7,17.705,17.685,130
2023-05-30 18:06:00,16961,17.6822,17.695,17.7,17.71,17.665,127
2023-05-30 18:07:00,12463,17.7047,17.704,17.7,17.72,17.695,72
2023-05-30 18:08:00,7112,17.6996,17.7,17.71,17.715,17.685,105
2023-05-30 18:09:00,3757,17.6987,17.7,17.7009,17.705,17.69,38
2023-05-30 18:10:00,34246,17.7334,17.701,17.75,17.75,17.7,169
2023-05-30 18:11:00,23983,17.7534,17.74,17.7699,17.7699,17.73,151
2023-05-30 18:12:00,14257,17.7629,17.76,17.79,17.79,17.75,111
2023-05-30 18:13:00,6182,17.7764,17.7827,17.765,17.785,17.7625,78
2023-05-30 18:14:00,5276,17.7601,17.76,17.765,17.77,17.755,78
2023-05-30 18:15:00,8486,17.7498,17.76,17.76,17.76,17.735,112
2023-05-30 18:16:00,11762,17.7799,17.77,17.79,17.795,17.77,141
2023-05-30 18:17:00,13055,17.7918,17.7974,17.7701,17.8,17.7701,100
2023-05-30 18:18:00,14568,17.7742,17.7783,17.7691,17.78,17.76,106
2023-05-30 18:19:00,1670,17.7735,17.77,17.77,17.78,17.77,33
2023-05-30 18:20:00,4954,17.7736,17.77,17.79,17.79,17.765,93
2023-05-30 18:21:00,11441,17.7991,17.79,17.8,17.81,17.79,100
2023-05-30 18:22:00,7828,17.8081,17.8094,17.81,17.82,17.795,49
2023-05-30 18:23:00,7944,17.8185,17.82,17.82,17.83,17.811,81
2023-05-30 18:24:00,13528,17.8217,17.82,17.815,17.83,17.8125,98
2023-05-30 18:25:00,4124,17.8196,17.82,17.82,17.83,17.81,53
2023-05-30 18:26:00,51123,17.8667,17.825,17.8846,17.89,17.825,288
2023-05-30 18:27:00,5022,17.8849,17.89,17.8899,17.89,17.8801,29
2023-05-30 18:28:00,6508,17.8872,17.89,17.875,17.9,17.87,90
2023-05-30 18:29:00,9930,17.882,17.88,17.88,17.89,17.875,71
2023-05-30 18:30:00,40147,17.903,17.875,17.95,17.95,17.875,390
2023-05-30 18:31:00,36124,17.9544,17.95,17.955,17.97,17.945,181
2023-05-30 18:32:00,28316,17.9712,17.96,17.98,17.98,17.95,192
2023-05-30 18:33:00,47812,17.9662,17.975,17.97,17.98,17.95,247
2023-05-30 18:34:00,11723,17.9715,17.97,17.96,17.98,17.96,144
2023-05-30 18:35:00,20169,17.9767,17.958,17.995,18.0,17.958,207
2023-05-30 18:36:00,15970,17.9894,17.99,18.0,18.0,17.98,102
2023-05-30 18:37:00,64089,18.0045,17.9977,18.0,18.025,17.995,458
2023-05-30 18:38:00,14183,17.9931,18.005,17.995,18.005,17.99,57
2023-05-30 18:39:00,22664,17.9927,17.99,17.9958,18.0,17.98,139
2023-05-30 18:40:00,21687,17.9813,17.995,17.98,17.995,17.97,163
2023-05-30 18:41:00,2710,17.9834,17.985,17.98,17.99,17.98,36
2023-05-30 18:42:00,7472,17.9796,17.9815,17.9792,17.9839,17.9716,47
2023-05-30 18:43:00,28795,17.9657,17.98,17.955,17.99,17.95,257
2023-05-30 18:44:00,15007,17.9618,17.96,17.945,17.97,17.945,118
2023-05-30 18:45:00,29627,17.9303,17.9436,17.895,17.95,17.89,286
2023-05-30 18:46:00,12819,17.9181,17.8901,17.91,17.93,17.8901,165
2023-05-30 18:47:00,8447,17.9062,17.9088,17.9082,17.915,17.9,77
2023-05-30 18:48:00,24602,17.9145,17.9002,17.93,17.93,17.9,242
2023-05-30 18:49:00,7589,17.9175,17.925,17.92,17.925,17.91,111
2023-05-30 18:50:00,31627,17.8966,17.915,17.9,17.915,17.885,286
2023-05-30 18:51:00,9287,17.9205,17.91,17.9242,17.94,17.91,99
2023-05-30 18:52:00,19848,17.9011,17.92,17.9,17.92,17.89,178
2023-05-30 18:53:00,12870,17.8902,17.8923,17.9,17.9,17.88,72
2023-05-30 18:54:00,10885,17.9116,17.9,17.91,17.925,17.8925,134
2023-05-30 18:55:00,17186,17.9183,17.915,17.9365,17.94,17.905,171
2023-05-30 18:56:00,20973,17.942,17.93,17.98,17.98,17.93,127
2023-05-30 18:57:00,11091,17.9816,17.97,17.9849,17.99,17.97,119
2023-05-30 18:58:00,13895,17.9708,17.98,17.923,17.99,17.92,107
2023-05-30 18:59:00,13044,17.9218,17.92,17.9141,17.945,17.9,147
2023-05-30 19:00:00,10475,17.9229,17.92,17.925,17.9299,17.915,87
2023-05-30 19:01:00,12581,17.926,17.925,17.93,17.935,17.92,98
2023-05-30 19:02:00,6322,17.9221,17.93,17.905,17.94,17.9,108
2023-05-30 19:03:00,7694,17.9167,17.905,17.925,17.925,17.905,85
2023-05-30 19:04:00,8425,17.9206,17.92,17.92,17.92,17.905,85
2023-05-30 19:05:00,11210,17.9114,17.92,17.9,17.93,17.89,141
2023-05-30 19:06:00,5765,17.9033,17.895,17.925,17.925,17.89,97
2023-05-30 19:07:00,13436,17.9015,17.925,17.89,17.925,17.89,109
2023-05-30 19:08:00,8235,17.9116,17.89,17.92,17.93,17.89,95
2023-05-30 19:09:00,30340,17.9119,17.915,17.91,17.925,17.905,141
2023-05-30 19:10:00,19052,17.9146,17.91,17.92,17.93,17.905,231
2023-05-30 19:11:00,11333,17.9245,17.915,17.94,17.94,17.91,100
2023-05-30 19:12:00,7414,17.9406,17.94,17.945,17.95,17.93,114
2023-05-30 19:13:00,22423,17.9558,17.94,17.95,17.97,17.94,240
2023-05-30 19:14:00,27508,17.9178,17.94,17.915,17.94,17.9,188
2023-05-30 19:15:00,8876,17.9129,17.92,17.895,17.93,17.895,111
2023-05-30 19:16:00,21017,17.8904,17.89,17.9,17.9,17.88,84
2023-05-30 19:17:00,29246,17.8727,17.89,17.88,17.89,17.8601,196
2023-05-30 19:18:00,12363,17.8869,17.885,17.865,17.9,17.865,141
2023-05-30 19:19:00,2883,17.8659,17.865,17.865,17.87,17.865,41
2023-05-30 19:20:00,11765,17.8678,17.865,17.855,17.875,17.85,98
2023-05-30 19:21:00,16153,17.8543,17.855,17.87,17.87,17.845,164
2023-05-30 19:22:00,14826,17.8831,17.864,17.875,17.9,17.864,169
2023-05-30 19:23:00,11272,17.8733,17.875,17.89,17.89,17.87,115
2023-05-30 19:24:00,9278,17.8867,17.89,17.89,17.899,17.875,91
2023-05-30 19:25:00,4949,17.8837,17.88,17.89,17.89,17.88,43
2023-05-30 19:26:00,5140,17.8906,17.885,17.895,17.895,17.8822,57
2023-05-30 19:27:00,12302,17.9096,17.9,17.937,17.937,17.9,132
2023-05-30 19:28:00,14478,17.9145,17.93,17.92,17.93,17.905,143
2023-05-30 19:29:00,12292,17.9313,17.915,17.935,17.94,17.915,104
2023-05-30 19:30:00,32339,17.9391,17.935,17.965,17.97,17.92,252
2023-05-30 19:31:00,21608,17.9784,17.97,17.98,17.99,17.97,145
2023-05-30 19:32:00,13273,17.9737,17.9799,17.955,17.99,17.95,136
2023-05-30 19:33:00,5028,17.9623,17.955,17.97,17.97,17.955,50
2023-05-30 19:34:00,17603,17.9588,17.965,17.955,17.97,17.945,164
2023-05-30 19:35:00,15230,17.9543,17.9537,17.97,17.97,17.95,143
2023-05-30 19:36:00,23686,17.9689,17.965,17.985,17.99,17.95,196
2023-05-30 19:37:00,31159,18.0012,17.98,18.02,18.02,17.975,274
2023-05-30 19:38:00,12817,18.0037,18.0191,18.01,18.02,18.0,99
2023-05-30 19:39:00,14701,18.0084,18.01,18.015,18.02,18.0027,108
2023-05-30 19:40:00,30834,18.0267,18.015,18.03,18.04,18.015,269
2023-05-30 19:41:00,31060,18.0315,18.025,18.045,18.05,18.015,202
2023-05-30 19:42:00,47488,18.0553,18.0476,18.045,18.08,18.04,288
2023-05-30 19:43:00,19189,18.0462,18.04,18.05,18.055,18.031,214
2023-05-30 19:44:00,37132,18.0644,18.045,18.087,18.09,18.04,265
2023-05-30 19:45:00,43130,18.0845,18.08,18.0833,18.1,18.07,417
2023-05-30 19:46:00,13803,18.0821,18.085,18.0801,18.09,18.075,146
2023-05-30 19:47:00,72724,18.071,18.085,18.065,18.095,18.055,568
2023-05-30 19:48:00,47145,18.0413,18.06,18.025,18.06,18.025,301
2023-05-30 19:49:00,55254,18.0097,18.025,17.995,18.025,17.995,367
2023-05-30 19:50:00,34419,17.9671,17.99,17.955,17.99,17.955,395
2023-05-30 19:51:00,50567,17.9781,17.95,17.94,17.96,17.94,343
2023-05-30 19:52:00,29858,17.9231,17.94,17.91,17.945,17.9,330
2023-05-30 19:53:00,40360,17.9161,17.92,17.935,17.935,17.9,415
2023-05-30 19:54:00,77304,17.953,17.93,17.965,17.98,17.925,722
2023-05-30 19:55:00,42806,17.9769,17.97,17.99,18.0,17.965,411
2023-05-30 19:56:00,106604,17.9818,17.99,17.99,18.01,17.95,929
2023-05-30 19:57:00,87183,17.9792,17.995,17.96,18.0,17.955,796
2023-05-30 19:58:00,120358,17.9516,17.955,17.96,17.96,17.94,901
2023-05-30 19:59:00,207641,17.9443,17.955,17.945,17.96,17.93,1154
2023-05-30 20:00:00,20644,17.95,17.95,17.95,17.95,17.95,16
2023-05-30 20:01:00,45010,17.8052,17.92,17.8,17.92,17.8,29
2023-05-30 20:08:00,5835,17.9491,17.94,17.95,17.95,17.94,2
2023-05-30 20:10:00,101,17.9391,17.94,17.94,17.94,17.94,2
2023-05-30 20:16:00,100,17.85,17.85,17.85,17.85,17.85,1
2023-05-30 20:29:00,400,17.9,17.9,17.9,17.9,17.9,3
2023-05-30 20:30:00,115,17.8563,17.85,17.85,17.85,17.85,3
2023-05-30 20:31:00,100,17.87,17.87,17.87,17.87,17.87,1
2023-05-30 20:33:00,300,17.8701,17.8701,17.8701,17.8701,17.8701,1
2023-05-30 20:35:00,450,17.8767,17.87,17.87,17.87,17.87,2
2023-05-30 20:36:00,3992,17.95,17.95,17.95,17.95,17.95,1
2023-05-30 20:37:00,400,17.8701,17.8701,17.8701,17.8701,17.8701,1
2023-05-30 20:41:00,449,17.9305,17.93,17.94,17.94,17.93,5
2023-05-30 20:45:00,200,17.9101,17.9101,17.9101,17.9101,17.9101,1
2023-05-30 20:53:00,302,17.93,17.93,17.93,17.93,17.93,4
2023-05-30 20:55:00,592,17.922,17.92,17.94,17.94,17.91,8
2023-05-30 20:58:00,100,17.9003,17.9003,17.9003,17.9003,17.9003,1
2023-05-30 21:09:00,202,17.9495,17.95,17.95,17.95,17.95,2
2023-05-30 21:13:00,490,17.95,17.95,17.95,17.95,17.95,1
2023-05-30 21:41:00,100,17.8706,17.8706,17.8706,17.8706,17.8706,1
2023-05-30 21:50:00,234,17.95,17.95,17.95,17.95,17.95,1
2023-05-30 22:02:00,422,17.95,17.95,17.95,17.95,17.95,1
2023-05-30 22:06:00,100,17.879,17.879,17.879,17.879,17.879,1
2023-05-30 22:32:00,100,17.9799,17.9799,17.9799,17.9799,17.9799,1
2023-05-30 22:36:00,150,17.9797,17.9795,17.9795,17.9795,17.9795,2
2023-05-30 23:55:00,227,17.93,17.93,17.93,17.93,17.93,1
2023-05-30 23:59:00,373,17.93,17.93,17.93,17.93,17.93,2
2023-05-31 10:35:00,200,17.915,17.91,17.92,17.92,17.91,2
2023-05-31 11:00:00,199,17.87,17.87,17.87,17.87,17.87,2
2023-05-31 11:06:00,201,17.8399,17.84,17.84,17.84,17.84,4
2023-05-31 11:07:00,220,17.8242,17.82,17.82,17.82,17.82,3
2023-05-31 11:15:00,1692,17.8951,17.89,17.9,17.9,17.89,12
2023-05-31 11:16:00,5820,17.9533,17.92,17.96,17.96,17.92,20
2023-05-31 11:17:00,1663,17.995,17.98,18.0,18.0,17.98,14
2023-05-31 11:18:00,1000,18.01,18.01,18.01,18.01,18.01,1
2023-05-31 11:19:00,5000,17.9994,17.99,18.0,18.0,17.99,5
2023-05-31 11:37:00,174,17.9591,17.96,17.96,17.96,17.96,2
2023-05-31 12:00:00,1455,17.854,17.81,17.93,17.9599,17.78,15
2023-05-31 12:01:00,260,17.8507,17.85,17.85,17.85,17.85,5
2023-05-31 12:02:00,570,17.8516,17.85,17.85,17.85,17.85,6
2023-05-31 12:03:00,500,17.86,17.85,17.9,17.9,17.85,4
2023-05-31 12:09:00,250,17.784,17.78,17.78,17.78,17.78,3
2023-05-31 12:11:00,127,17.8,17.8,17.8,17.8,17.8,1
2023-05-31 12:21:00,100,17.93,17.93,17.93,17.93,17.93,1
2023-05-31 12:23:00,163,17.8938,17.89,17.89,17.89,17.89,3
2023-05-31 12:25:00,200,17.92,17.92,17.92,17.92,17.92,1
2023-05-31 12:26:00,200,17.89,17.89,17.89,17.89,17.89,3
2023-05-31 12:36:00,1000,17.8,17.8,17.8,17.8,17.8,1
2023-05-31 12:39:00,700,17.8,17.8,17.8,17.8,17.8,2
2023-05-31 12:43:00,991,17.8,17.8,17.8,17.8,17.8,4
2023-05-31 12:44:00,300,17.7826,17.78,17.78,17.78,17.78,2
2023-05-31 12:46:00,1100,17.7959,17.79,17.78,17.8,17.78,6
2023-05-31 12:52:00,106,17.7005,17.7,17.7,17.7,17.7,2
2023-05-31 12:54:00,2090,17.705,17.73,17.7193,17.73,17.7,5
2023-05-31 12:55:00,560,17.7255,17.72,17.73,17.73,17.72,9
2023-05-31 12:57:00,274,17.7495,17.75,17.75,17.75,17.75,3
2023-05-31 13:02:00,5000,17.8499,17.8499,17.8499,17.8499,17.8499,1
2023-05-31 13:03:00,152,17.7303,17.73,17.73,17.73,17.73,2
2023-05-31 13:10:00,4225,17.7401,17.7401,17.7401,17.7401,17.7401,1
2023-05-31 13:12:00,221,17.7465,17.74,17.74,17.74,17.74,2
2023-05-31 13:14:00,315,17.745,17.74,17.74,17.74,17.74,6
2023-05-31 13:26:00,209,17.7497,17.75,17.75,17.75,17.75,3
2023-05-31 13:30:00,89343,17.7257,17.75,17.72,17.8,17.6,412
2023-05-31 13:31:00,49479,17.8307,17.72,17.93,17.95,17.72,387
2023-05-31 13:32:00,48998,17.9112,17.94,17.92,17.97,17.87,317
2023-05-31 13:33:00,38321,17.7513,17.91,17.62,17.91,17.61,302
2023-05-31 13:34:00,58822,17.5837,17.62,17.61,17.63,17.52,323
2023-05-31 13:35:00,21680,17.6195,17.62,17.66,17.7,17.57,184
2023-05-31 13:36:00,23195,17.7013,17.63,17.73,17.73,17.63,138
2023-05-31 13:37:00,13038,17.7447,17.74,17.76,17.7799,17.71,113
2023-05-31 13:38:00,7869,17.7443,17.75,17.73,17.77,17.73,66
2023-05-31 13:39:00,20844,17.8032,17.72,17.89,17.89,17.72,132
2023-05-31 13:40:00,10521,17.8284,17.9,17.74,17.9,17.74,153
2023-05-31 13:41:00,26866,17.7282,17.75,17.69,17.75,17.685,226
2023-05-31 13:42:00,24508,17.652,17.71,17.59,17.72,17.57,300
2023-05-31 13:43:00,14867,17.6138,17.59,17.62,17.64,17.59,129
2023-05-31 13:44:00,17446,17.6542,17.64,17.67,17.675,17.63,137
2023-05-31 13:45:00,25215,17.6654,17.68,17.62,17.69,17.62,231
2023-05-31 13:46:00,28060,17.5819,17.6,17.57,17.63,17.55,211
2023-05-31 13:47:00,63920,17.4784,17.55,17.465,17.55,17.4,631
2023-05-31 13:48:00,23415,17.449,17.46,17.46,17.475,17.4,214
2023-05-31 13:49:00,19187,17.4734,17.4699,17.43,17.51,17.42,189
2023-05-31 13:50:00,44194,17.4349,17.43,17.47,17.4801,17.4,327
2023-05-31 13:51:00,33955,17.5444,17.49,17.539,17.57,17.49,316
2023-05-31 13:52:00,26612,17.5084,17.5399,17.49,17.54,17.46,217
2023-05-31 13:53:00,12792,17.49,17.51,17.4914,17.524,17.47,171
2023-05-31 13:54:00,11705,17.5132,17.5,17.54,17.54,17.49,150
2023-05-31 13:55:00,20117,17.5697,17.54,17.55,17.585,17.54,207
2023-05-31 13:56:00,16454,17.5554,17.56,17.549,17.585,17.53,201
2023-05-31 13:57:00,12398,17.6004,17.56,17.5995,17.625,17.56,161
2023-05-31 13:58:00,17493,17.5969,17.595,17.6386,17.6386,17.58,183
2023-05-31 13:59:00,13053,17.6434,17.62,17.64,17.655,17.62,129
2023-05-31 14:00:00,21381,17.6144,17.64,17.6204,17.64,17.6,210
2023-05-31 14:01:00,32156,17.565,17.615,17.5383,17.615,17.5372,315
2023-05-31 14:02:00,9330,17.5501,17.535,17.54,17.58,17.525,160
2023-05-31 14:03:00,15553,17.5616,17.51,17.65,17.65,17.51,193
2023-05-31 14:04:00,47854,17.6354,17.655,17.545,17.68,17.545,321
2023-05-31 14:05:00,33244,17.487,17.535,17.44,17.535,17.44,378
2023-05-31 14:06:00,33675,17.426,17.4327,17.4138,17.455,17.4018,196
2023-05-31 14:07:00,35196,17.4656,17.41,17.43,17.48,17.405,139
2023-05-31 14:08:00,23176,17.4129,17.41,17.425,17.43,17.4,169
2023-05-31 14:09:00,31035,17.4095,17.42,17.424,17.4291,17.395,173
2023-05-31 14:10:00,12128,17.4147,17.42,17.405,17.4262,17.4,123
2023-05-31 14:11:00,28215,17.3923,17.4,17.35,17.42,17.34,270
2023-05-31 14:12:00,30043,17.3271,17.345,17.3014,17.35,17.2919,224
2023-05-31 14:13:00,13101,17.3232,17.32,17.34,17.375,17.29,131
2023-05-31 14:14:00,8034,17.3533,17.34,17.34,17.3882,17.33,104
2023-05-31 14:15:00,14396,17.3084,17.35,17.2825,17.35,17.2825,150
2023-05-31 14:16:00,14356,17.2767,17.285,17.27,17.29,17.26,145
2023-05-31 14:17:00,10286,17.2779,17.2692,17.28,17.295,17.26,125
2023-05-31 14:18:00,9497,17.2629,17.27,17.26,17.27,17.255,95
2023-05-31 14:19:00,28705,17.2766,17.27,17.25,17.31,17.24,253
2023-05-31 14:20:00,12979,17.25,17.25,17.27,17.27,17.23,154
2023-05-31 14:21:00,37599,17.3141,17.275,17.3099,17.33,17.275,385
2023-05-31 14:22:00,13666,17.3041,17.305,17.312,17.315,17.2999,139
2023-05-31 14:23:00,136696,17.272,17.31,17.265,17.32,17.25,764
2023-05-31 14:24:00,18314,17.2634,17.27,17.26,17.29,17.235,235
2023-05-31 14:25:00,8175,17.3044,17.2676,17.315,17.33,17.2673,107
2023-05-31 14:26:00,28849,17.2664,17.31,17.27,17.31,17.25,164
2023-05-31 14:27:00,36836,17.3383,17.255,17.365,17.38,17.255,387
2023-05-31 14:28:00,21330,17.332,17.37,17.305,17.37,17.3,141
2023-05-31 14:29:00,7196,17.3134,17.31,17.3105,17.326,17.295,93
2023-05-31 14:30:00,10761,17.2601,17.31,17.245,17.31,17.245,144
2023-05-31 14:31:00,15536,17.2351,17.2447,17.23,17.25,17.21,165
2023-05-31 14:32:00,14588,17.2662,17.23,17.27,17.29,17.23,184
2023-05-31 14:33:00,52861,17.3394,17.27,17.31,17.35,17.27,341
2023-05-31 14:34:00,16265,17.3038,17.3,17.285,17.3158,17.28,123
2023-05-31 14:35:00,13670,17.2791,17.28,17.28,17.29,17.27,181
2023-05-31 14:36:00,9745,17.2874,17.28,17.27,17.31,17.27,158
2023-05-31 14:37:00,21946,17.2659,17.27,17.26,17.29,17.25,194
2023-05-31 14:38:00,16811,17.2869,17.255,17.29,17.31,17.25,143
2023-05-31 14:39:00,22963,17.2478,17.29,17.24,17.29,17.22,208
2023-05-31 14:40:00,110244,17.1584,17.24,17.15,17.24,17.115,744
2023-05-31 14:41:00,17859,17.1387,17.145,17.13,17.15,17.13,150
2023-05-31 14:42:00,49081,17.1496,17.135,17.15,17.155,17.135,499
2023-05-31 14:43:00,19848,17.1352,17.15,17.12,17.15,17.12,222
2023-05-31 14:44:00,22247,17.1042,17.11,17.095,17.11,17.095,172
2023-05-31 14:45:00,18326,17.1104,17.09,17.1289,17.14,17.08,243
2023-05-31 14:46:00,27326,17.1371,17.134,17.085,17.16,17.0813,214
2023-05-31 14:47:00,21155,17.0764,17.0862,17.075,17.09,17.05,185
2023-05-31 14:48:00,18111,17.1221,17.0799,17.1312,17.15,17.07,167
2023-05-31 14:49:00,26024,17.1257,17.13,17.11,17.16,17.09,289
2023-05-31 14:50:00,17319,17.0801,17.11,17.06,17.11,17.06,163
2023-05-31 14:51:00,9770,17.0594,17.055,17.06,17.0825,17.0401,123
2023-05-31 14:52:00,28076,17.0521,17.06,17.025,17.07,17.0246,152
2023-05-31 14:53:00,14024,17.0414,17.02,17.035,17.07,17.02,152
2023-05-31 14:54:00,18996,17.0606,17.04,17.085,17.09,17.0374,164
2023-05-31 14:55:00,14055,17.0858,17.08,17.1,17.1,17.07,129
2023-05-31 14:56:00,9166,17.1465,17.115,17.17,17.172,17.11,92
2023-05-31 14:57:00,29814,17.1837,17.18,17.185,17.215,17.17,189
2023-05-31 14:58:00,12427,17.1502,17.18,17.14,17.18,17.14,120
2023-05-31 14:59:00,57050,17.1129,17.13,17.0715,17.159,17.06,464
2023-05-31 15:00:00,54166,17.0563,17.075,17.04,17.08,17.03,318
2023-05-31 15:01:00,109399,17.0368,17.0301,17.055,17.0609,17.01,870
2023-05-31 15:02:00,32722,17.0804,17.06,17.06,17.115,17.06,286
2023-05-31 15:03:00,13218,17.0629,17.07,17.0515,17.0701,17.04,96
2023-05-31 15:04:00,16719,17.0739,17.055,17.055,17.09,17.0533,140
2023-05-31 15:05:00,40744,17.0087,17.05,17.005,17.05,16.99,314
2023-05-31 15:06:00,23501,17.0082,17.02,17.01,17.02,16.9899,109
2023-05-31 15:07:00,24298,16.97,17.0,16.96,17.0,16.9508,130
2023-05-31 15:08:00,26869,16.973,16.96,16.985,16.985,16.9587,182
2023-05-31 15:09:00,17704,16.9556,16.99,16.9283,16.9978,16.92,200
2023-05-31 15:10:00,60219,16.9478,16.92,16.96,16.9705,16.91,385
2023-05-31 15:11:00,26522,16.9822,16.94,17.005,17.005,16.94,195
2023-05-31 15:12:00,13090,17.0181,17.0099,17.0209,17.03,17.0001,122
2023-05-31 15:13:00,27564,17.0111,17.02,17.035,17.04,16.9913,176
2023-05-31 15:14:00,17485,17.0416,17.04,17.03,17.05,17.0241,146
2023-05-31 15:15:00,6151,17.0469,17.04,17.0788,17.08,17.04,98
2023-05-31 15:16:00,19831,17.0641,17.08,17.045,17.0876,17.045,136
2023-05-31 15:17:00,3390,17.0565,17.045,17.065,17.0675,17.0414,51
2023-05-31 15:18:00,7436,17.0818,17.065,17.077,17.095,17.065,103
2023-05-31 15:19:00,4927,17.0905,17.08,17.085,17.105,17.08,76
2023-05-31 15:20:00,14258,17.0808,17.085,17.09,17.095,17.07,169
2023-05-31 15:21:00,16364,17.088,17.08,17.11,17.11,17.075,197
2023-05-31 15:22:00,20436,17.1074,17.12,17.1134,17.12,17.1,139
2023-05-31 15:23:00,14002,17.1175,17.115,17.14,17.14,17.095,188
2023-05-31 15:24:00,9618,17.1451,17.145,17.145,17.155,17.1401,108
2023-05-31 15:25:00,9456,17.1483,17.145,17.14,17.15,17.14,106
2023-05-31 15:26:00,4950,17.1492,17.1401,17.16,17.16,17.1401,57
2023-05-31 15:27:00,15875,17.1407,17.16,17.14,17.16,17.125,163
2023-05-31 15:28:00,12573,17.1063,17.14,17.11,17.145,17.09,171
2023-05-31 15:29:00,10331,17.0848,17.1,17.065,17.1,17.065,110
2023-05-31 15:30:00,10366,17.0873,17.0682,17.105,17.11,17.0682,140
2023-05-31 15:31:00,6773,17.0943,17.1,17.105,17.11,17.07,72
2023-05-31 15:32:00,7105,17.086,17.1,17.08,17.105,17.075,103
2023-05-31 15:33:00,11938,17.058,17.08,17.025,17.081,17.025,129
2023-05-31 15:34:00,32972,17.0902,17.03,17.1,17.119,17.03,249
2023-05-31 15:35:00,5450,17.0986,17.1,17.1,17.105,17.094,59
2023-05-31 15:36:00,7718,17.1114,17.101,17.1203,17.121,17.1,95
2023-05-31 15:37:00,10236,17.1373,17.13,17.146,17.146,17.125,119
2023-05-31 15:38:00,16321,17.1493,17.15,17.121,17.16,17.121,225
2023-05-31 15:39:00,13473,17.1115,17.12,17.11,17.12,17.095,164
2023-05-31 15:40:00,4507,17.1233,17.12,17.13,17.13,17.115,74
2023-05-31 15:41:00,10496,17.1565,17.135,17.16,17.17,17.13,156
2023-05-31 15:42:00,10572,17.1227,17.15,17.15,17.15,17.11,154
2023-05-31 15:43:00,6733,17.1753,17.18,17.1689,17.185,17.1689,85
2023-05-31 15:44:00,14047,17.1525,17.1699,17.174,17.175,17.14,191
2023-05-31 15:45:00,3807,17.1791,17.1701,17.19,17.19,17.1701,50
2023-05-31 15:46:00,37398,17.202,17.18,17.2299,17.23,17.17,359
2023-05-31 15:47:00,13170,17.2405,17.23,17.2399,17.25,17.225,132
2023-05-31 15:48:00,15021,17.2364,17.2399,17.2575,17.26,17.2247,194
2023-05-31 15:49:00,14176,17.2492,17.26,17.2207,17.2625,17.2207,168
2023-05-31 15:50:00,29368,17.2343,17.2299,17.22,17.26,17.215,310
2023-05-31 15:51:00,5475,17.2233,17.215,17.2301,17.2399,17.215,56
2023-05-31 15:52:00,7121,17.2404,17.24,17.26,17.26,17.2288,97
2023-05-31 15:53:00,6415,17.2592,17.255,17.265,17.27,17.2511,55
2023-05-31 15:54:00,16270,17.2882,17.265,17.33,17.33,17.2601,121
2023-05-31 15:55:00,18269,17.2998,17.3259,17.28,17.3259,17.28,178
2023-05-31 15:56:00,10519,17.2719,17.28,17.28,17.285,17.25,113
2023-05-31 15:57:00,3989,17.2655,17.2806,17.245,17.2806,17.245,58
2023-05-31 15:58:00,9466,17.2687,17.245,17.29,17.29,17.2431,100
2023-05-31 15:59:00,13568,17.2813,17.29,17.2898,17.295,17.25,144
2023-05-31 16:00:00,15851,17.2986,17.295,17.31,17.315,17.275,204
2023-05-31 16:01:00,10352,17.3339,17.31,17.335,17.3467,17.31,95
2023-05-31 16:02:00,9440,17.3486,17.335,17.37,17.37,17.33,111
2023-05-31 16:03:00,37382,17.3694,17.36,17.3682,17.38,17.359,228
2023-05-31 16:04:00,8891,17.3808,17.36,17.39,17.405,17.355,79
2023-05-31 16:05:00,16559,17.3564,17.39,17.345,17.395,17.335,201
2023-05-31 16:06:00,9723,17.3343,17.3407,17.3499,17.3499,17.32,93
2023-05-31 16:07:00,15392,17.3504,17.34,17.36,17.36,17.325,78
2023-05-31 16:08:00,19257,17.3476,17.3501,17.34,17.37,17.3399,201
2023-05-31 16:09:00,9845,17.3731,17.345,17.4,17.4,17.33,66
2023-05-31 16:10:00,11849,17.416,17.4,17.4301,17.4399,17.4,120
2023-05-31 16:11:00,8866,17.4267,17.43,17.427,17.435,17.4201,68
2023-05-31 16:12:00,20781,17.4286,17.42,17.43,17.4392,17.42,154
2023-05-31 16:13:00,22284,17.47,17.4388,17.49,17.49,17.4388,256
2023-05-31 16:14:00,15209,17.5062,17.485,17.52,17.54,17.47,146
2023-05-31 16:15:00,22570,17.5492,17.53,17.55,17.56,17.53,109
2023-05-31 16:16:00,6930,17.5324,17.55,17.5001,17.55,17.5,91
2023-05-31 16:17:00,7234,17.5213,17.5,17.53,17.545,17.5,106
2023-05-31 16:18:00,10529,17.5163,17.525,17.515,17.53,17.51,157
2023-05-31 16:19:00,30949,17.5303,17.5109,17.52,17.565,17.5109,215
2023-05-31 16:20:00,15838,17.529,17.52,17.535,17.54,17.52,202
2023-05-31 16:21:00,26433,17.5368,17.535,17.52,17.5499,17.515,177
2023-05-31 16:22:00,10772,17.5162,17.52,17.515,17.53,17.5,89
2023-05-31 16:23:00,19006,17.4766,17.515,17.4701,17.515,17.4659,99
2023-05-31 16:24:00,7246,17.4761,17.475,17.47,17.48,17.46,108
2023-05-31 16:25:00,24475,17.4221,17.46,17.4,17.46,17.4,232
2023-05-31 16:26:00,6312,17.4059,17.4001,17.4,17.41,17.395,73
2023-05-31 16:27:00,6407,17.4006,17.4,17.4,17.41,17.395,87
2023-05-31 16:28:00,12163,17.3859,17.4,17.3791,17.405,17.37,118
2023-05-31 16:29:00,10477,17.3863,17.38,17.38,17.395,17.375,126
2023-05-31 16:30:00,7307,17.3586,17.38,17.355,17.38,17.34,90
2023-05-31 16:31:00,3761,17.3681,17.355,17.3799,17.38,17.355,51
2023-05-31 16:32:00,4579,17.3778,17.375,17.395,17.395,17.37,79
2023-05-31 16:33:00,14133,17.4249,17.4,17.4399,17.445,17.395,155
2023-05-31 16:34:00,17594,17.4561,17.44,17.445,17.47,17.44,176
2023-05-31 16:35:00,11995,17.4212,17.445,17.41,17.445,17.41,149
2023-05-31 16:36:00,7636,17.4116,17.41,17.435,17.435,17.4,114
2023-05-31 16:37:00,1214,17.4328,17.4379,17.425,17.4379,17.425,22
2023-05-31 16:38:00,13169,17.4548,17.42,17.475,17.475,17.42,188
2023-05-31 16:39:00,5644,17.4474,17.47,17.445,17.47,17.43,99
2023-05-31 16:40:00,17498,17.4363,17.44,17.45,17.45,17.43,119
2023-05-31 16:41:00,3425,17.4424,17.445,17.445,17.4499,17.44,50
2023-05-31 16:42:00,32543,17.4751,17.445,17.495,17.505,17.445,281
2023-05-31 16:43:00,22803,17.526,17.5,17.5301,17.54,17.5,147
2023-05-31 16:44:00,11730,17.5318,17.55,17.52,17.555,17.51,169
2023-05-31 16:45:00,12392,17.5099,17.52,17.5,17.525,17.5,130
2023-05-31 16:46:00,8356,17.5171,17.5,17.52,17.53,17.495,58
2023-05-31 16:47:00,34156,17.552,17.53,17.56,17.57,17.53,314
2023-05-31 16:48:00,13210,17.5329,17.57,17.5199,17.57,17.51,182
2023-05-31 16:49:00,5596,17.5307,17.54,17.52,17.55,17.51,91
2023-05-31 16:50:00,18390,17.4997,17.51,17.489,17.525,17.48,209
2023-05-31 16:51:00,14071,17.4537,17.48,17.425,17.48,17.425,156
2023-05-31 16:52:00,15484,17.427,17.4301,17.4022,17.4485,17.4,151
2023-05-31 16:53:00,8863,17.4068,17.4,17.43,17.43,17.4,70
2023-05-31 16:54:00,5382,17.4237,17.43,17.415,17.4399,17.415,91
2023-05-31 16:55:00,6510,17.4089,17.415,17.4,17.425,17.4,94
2023-05-31 16:56:00,6199,17.4074,17.39,17.425,17.425,17.39,99
2023-05-31 16:57:00,5269,17.413,17.42,17.415,17.42,17.405,77
2023-05-31 16:58:00,5142,17.4276,17.41,17.43,17.44,17.41,93
2023-05-31 16:59:00,6634,17.4357,17.435,17.4486,17.45,17.43,91
2023-05-31 17:00:00,4172,17.4395,17.4484,17.42,17.455,17.42,86
2023-05-31 17:01:00,5925,17.4157,17.415,17.4375,17.4375,17.405,100
2023-05-31 17:02:00,25668,17.4639,17.44,17.465,17.465,17.44,42
2023-05-31 17:03:00,5530,17.4558,17.46,17.46,17.465,17.45,95
2023-05-31 17:04:00,3979,17.4467,17.44,17.455,17.46,17.435,71
2023-05-31 17:05:00,11401,17.438,17.455,17.425,17.455,17.415,119
2023-05-31 17:06:00,3670,17.4308,17.43,17.42,17.435,17.42,65
2023-05-31 17:07:00,4440,17.445,17.425,17.45,17.455,17.425,79
2023-05-31 17:08:00,10946,17.4357,17.45,17.4401,17.45,17.43,90
2023-05-31 17:09:00,78851,17.481,17.45,17.5,17.5,17.44,458
2023-05-31 17:10:00,16415,17.5153,17.5,17.52,17.535,17.495,158
2023-05-31 17:11:00,5163,17.513,17.5268,17.515,17.5268,17.51,81
2023-05-31 17:12:00,4225,17.5179,17.52,17.53,17.53,17.515,79
2023-05-31 17:13:00,3233,17.5232,17.53,17.535,17.54,17.53,36
2023-05-31 17:14:00,5776,17.5312,17.535,17.53,17.54,17.53,86
2023-05-31 17:15:00,11016,17.5455,17.53,17.535,17.56,17.53,139
2023-05-31 17:16:00,6816,17.5147,17.5293,17.515,17.5293,17.505,133
2023-05-31 17:17:00,3097,17.5183,17.51,17.51,17.525,17.51,56
2023-05-31 17:18:00,9248,17.5013,17.505,17.493,17.51,17.49,78
2023-05-31 17:19:00,7526,17.487,17.495,17.475,17.495,17.475,90
2023-05-31 17:20:00,9387,17.4449,17.47,17.425,17.47,17.4213,135
2023-05-31 17:21:00,10671,17.4265,17.425,17.42,17.435,17.4156,174
2023-05-31 17:22:00,11091,17.4177,17.42,17.435,17.435,17.41,84
2023-05-31 17:23:00,15155,17.4425,17.43,17.45,17.455,17.425,195
2023-05-31 17:24:00,8463,17.4438,17.44,17.457,17.457,17.435,90
2023-05-31 17:25:00,13100,17.4407,17.45,17.445,17.45,17.425,116
2023-05-31 17:26:00,10281,17.4783,17.45,17.495,17.495,17.45,123
2023-05-31 17:27:00,4659,17.4805,17.49,17.49,17.49,17.48,83
2023-05-31 17:28:00,2587,17.5043,17.495,17.515,17.515,17.495,61
2023-05-31 17:29:00,6339,17.5094,17.515,17.53,17.53,17.515,87
2023-05-31 17:30:00,7394,17.5291,17.53,17.54,17.54,17.515,144
2023-05-31 17:31:00,3198,17.5423,17.54,17.5448,17.5498,17.535,40
2023-05-31 17:32:00,9532,17.5531,17.55,17.54,17.565,17.54,125
2023-05-31 17:33:00,27843,17.5645,17.54,17.5797,17.58,17.54,182
2023-05-31 17:34:00,43443,17.5634,17.58,17.5475,17.58,17.53,381
2023-05-31 17:35:00,15115,17.5417,17.5475,17.535,17.555,17.53,179
2023-05-31 17:36:00,19706,17.5198,17.53,17.505,17.5399,17.5,227
2023-05-31 17:37:00,39708,17.5076,17.505,17.53,17.53,17.49,273
2023-05-31 17:38:00,13837,17.5265,17.535,17.525,17.54,17.505,174
2023-05-31 17:39:00,10734,17.5239,17.53,17.5183,17.53,17.5183,125
2023-05-31 17:40:00,15158,17.5393,17.52,17.53,17.56,17.52,196
2023-05-31 17:41:00,4853,17.5239,17.53,17.53,17.53,17.51,90
2023-05-31 17:42:00,2510,17.5459,17.54,17.56,17.56,17.54,52
2023-05-31 17:43:00,7513,17.5489,17.56,17.53,17.57,17.53,136
2023-05-31 17:44:00,3673,17.5431,17.535,17.55,17.55,17.535,40
2023-05-31 17:45:00,16841,17.5337,17.545,17.528,17.555,17.51,138
2023-05-31 17:46:00,13835,17.5353,17.52,17.555,17.555,17.51,175
2023-05-31 17:47:00,13162,17.5605,17.56,17.5425,17.58,17.5409,108
2023-05-31 17:48:00,20626,17.5194,17.545,17.51,17.545,17.51,116
2023-05-31 17:49:00,19427,17.4912,17.505,17.489,17.505,17.4725,125
2023-05-31 17:50:00,5054,17.4943,17.485,17.5,17.502,17.485,82
2023-05-31 17:51:00,31809,17.5403,17.5,17.56,17.56,17.5,275
2023-05-31 17:52:00,15160,17.5709,17.57,17.54,17.58,17.54,170
2023-05-31 17:53:00,5456,17.5644,17.55,17.57,17.5784,17.55,68
2023-05-31 17:54:00,5305,17.5736,17.57,17.57,17.58,17.5686,71
2023-05-31 17:55:00,7786,17.5825,17.57,17.6,17.6,17.57,110
2023-05-31 17:56:00,12518,17.5868,17.59,17.62,17.62,17.571,128
2023-05-31 17:57:00,6300,17.6043,17.62,17.585,17.62,17.585,97
2023-05-31 17:58:00,9775,17.5751,17.585,17.585,17.59,17.58,40
2023-05-31 17:59:00,9558,17.574,17.585,17.58,17.585,17.57,88
2023-05-31 18:00:00,5845,17.5896,17.5897,17.585,17.595,17.585,66
2023-05-31 18:01:00,4631,17.5856,17.58,17.591,17.595,17.58,75
2023-05-31 18:02:00,9121,17.5701,17.595,17.56,17.6,17.555,174
2023-05-31 18:03:00,8156,17.5397,17.555,17.535,17.555,17.525,110
2023-05-31 18:04:00,9394,17.5654,17.54,17.58,17.58,17.54,149
2023-05-31 18:05:00,12312,17.5726,17.59,17.56,17.59,17.55,140
2023-05-31 18:06:00,11988,17.5644,17.565,17.565,17.57,17.555,169
2023-05-31 18:07:00,52867,17.5802,17.5602,17.565,17.59,17.56,414
2023-05-31 18:08:00,11244,17.5541,17.565,17.535,17.565,17.535,99
2023-05-31 18:09:00,26781,17.5436,17.54,17.55,17.555,17.53,295
2023-05-31 18:10:00,9702,17.5509,17.55,17.545,17.56,17.545,82
2023-05-31 18:11:00,6294,17.553,17.545,17.545,17.56,17.54,87
2023-05-31 18:12:00,24527,17.5431,17.5408,17.55,17.555,17.53,253
2023-05-31 18:13:00,18956,17.5571,17.55,17.56,17.57,17.54,182
2023-05-31 18:14:00,19284,17.5581,17.56,17.56,17.57,17.54,208
2023-05-31 18:15:00,25444,17.585,17.5644,17.59,17.6,17.56,201
2023-05-31 18:16:00,38216,17.5639,17.585,17.5687,17.59,17.55,255
2023-05-31 18:17:00,15721,17.5698,17.565,17.57,17.59,17.56,227
2023-05-31 18:18:00,19385,17.5655,17.57,17.575,17.575,17.555,171
2023-05-31 18:19:00,10927,17.5993,17.58,17.605,17.62,17.58,131
2023-05-31 18:20:00,11832,17.6017,17.61,17.585,17.61,17.5801,122
2023-05-31 18:21:00,2499,17.5873,17.585,17.585,17.5899,17.5825,21
2023-05-31 18:22:00,18257,17.6123,17.59,17.62,17.635,17.59,207
2023-05-31 18:23:00,1979,17.617,17.615,17.615,17.62,17.615,25
2023-05-31 18:24:00,12616,17.6276,17.62,17.635,17.64,17.62,152
2023-05-31 18:25:00,10856,17.6253,17.63,17.635,17.635,17.615,137
2023-05-31 18:26:00,7334,17.6423,17.6384,17.645,17.65,17.635,81
2023-05-31 18:27:00,26584,17.6507,17.65,17.6501,17.66,17.64,90
2023-05-31 18:28:00,17966,17.6736,17.659,17.695,17.7,17.655,131
2023-05-31 18:29:00,21391,17.7094,17.7,17.7,17.72,17.6901,232
2023-05-31 18:30:00,24952,17.6814,17.7,17.685,17.7,17.675,293
2023-05-31 18:31:00,14405,17.6865,17.6809,17.685,17.695,17.68,71
2023-05-31 18:32:00,29125,17.6577,17.68,17.655,17.68,17.64,196
2023-05-31 18:33:00,4262,17.6587,17.65,17.6699,17.6699,17.65,86
2023-05-31 18:34:00,29494,17.6562,17.665,17.645,17.675,17.64,139
2023-05-31 18:35:00,7970,17.6548,17.65,17.675,17.675,17.645,78
2023-05-31 18:36:00,11928,17.6832,17.68,17.69,17.695,17.675,146
2023-05-31 18:37:00,14615,17.689,17.685,17.695,17.695,17.68,79
2023-05-31 18:38:00,9206,17.6787,17.695,17.665,17.695,17.66,86
2023-05-31 18:39:00,3450,17.6803,17.67,17.685,17.685,17.67,52
2023-05-31 18:40:00,9388,17.6983,17.685,17.71,17.715,17.685,123
2023-05-31 18:41:00,43427,17.6782,17.71,17.685,17.71,17.66,281
2023-05-31 18:42:00,8900,17.7006,17.69,17.705,17.71,17.69,63
2023-05-31 18:43:00,29597,17.7148,17.705,17.715,17.72,17.7,152
2023-05-31 18:44:00,14819,17.7238,17.715,17.7208,17.7299,17.715,103
2023-05-31 18:45:00,49874,17.7341,17.72,17.735,17.75,17.72,221
2023-05-31 18:46:00,12207,17.7418,17.74,17.74,17.75,17.73,140
2023-05-31 18:47:00,23615,17.746,17.74,17.735,17.75,17.735,194
2023-05-31 18:48:00,46648,17.7069,17.73,17.69,17.73,17.69,380
2023-05-31 18:49:00,13433,17.687,17.69,17.6803,17.6988,17.67,110
2023-05-31 18:50:00,52241,17.6536,17.685,17.625,17.685,17.625,258
2023-05-31 18:51:00,27381,17.6231,17.625,17.6,17.635,17.6,221
2023-05-31 18:52:00,25422,17.6127,17.5906,17.615,17.625,17.59,178
2023-05-31 18:53:00,80856,17.5808,17.61,17.578,17.6101,17.55,593
2023-05-31 18:54:00,15406,17.5771,17.575,17.585,17.5899,17.565,104
2023-05-31 18:55:00,27481,17.5711,17.59,17.57,17.595,17.545,272
2023-05-31 18:56:00,31726,17.6238,17.575,17.635,17.65,17.575,161
2023-05-31 18:57:00,25686,17.6716,17.64,17.71,17.71,17.64,272
2023-05-31 18:58:00,12778,17.7063,17.705,17.715,17.72,17.7,81
2023-05-31 18:59:00,22927,17.7132,17.72,17.705,17.72,17.7001,131
2023-05-31 19:00:00,31549,17.7275,17.71,17.72,17.74,17.71,289
2023-05-31 19:01:00,12338,17.688,17.72,17.665,17.72,17.665,159
2023-05-31 19:02:00,24892,17.6601,17.665,17.64,17.67,17.64,183
2023-05-31 19:03:00,14729,17.6546,17.65,17.645,17.66,17.644,115
2023-05-31 19:04:00,44037,17.6109,17.64,17.604,17.64,17.6,282
2023-05-31 19:05:00,28250,17.6003,17.6,17.605,17.615,17.585,220
2023-05-31 19:06:00,11307,17.6289,17.61,17.6341,17.6365,17.61,89
2023-05-31 19:07:00,23771,17.6333,17.635,17.63,17.645,17.61,171
2023-05-31 19:08:00,9232,17.6566,17.625,17.655,17.67,17.625,113
2023-05-31 19:09:00,6189,17.644,17.655,17.65,17.655,17.63,88
2023-05-31 19:10:00,6154,17.6311,17.646,17.615,17.646,17.615,70
2023-05-31 19:11:00,6652,17.6379,17.62,17.64,17.6485,17.62,94
2023-05-31 19:12:00,5492,17.6472,17.64,17.65,17.66,17.64,50
2023-05-31 19:13:00,27623,17.637,17.655,17.63,17.66,17.6191,266
2023-05-31 19:14:00,5316,17.6386,17.64,17.6399,17.64,17.63,57
2023-05-31 19:15:00,19308,17.6186,17.63,17.625,17.635,17.61,140
2023-05-31 19:16:00,8611,17.6339,17.625,17.635,17.65,17.62,123
2023-05-31 19:17:00,7629,17.6312,17.63,17.62,17.636,17.62,63
2023-05-31 19:18:00,6847,17.6277,17.625,17.6201,17.635,17.62,82
2023-05-31 19:19:00,2494,17.6213,17.625,17.62,17.625,17.62,30
2023-05-31 19:20:00,20920,17.6226,17.625,17.63,17.635,17.6,174
2023-05-31 19:21:00,38198,17.6196,17.63,17.62,17.635,17.605,412
2023-05-31 19:22:00,15284,17.6028,17.62,17.59,17.62,17.585,176
2023-05-31 19:23:00,14208,17.5861,17.59,17.565,17.6,17.56,138
2023-05-31 19:24:00,105828,17.5399,17.56,17.54,17.56,17.53,821
2023-05-31 19:25:00,10681,17.5251,17.54,17.525,17.54,17.51,151
2023-05-31 19:26:00,12301,17.509,17.52,17.51,17.52,17.5,124
2023-05-31 19:27:00,14221,17.5407,17.51,17.54,17.55,17.51,139
2023-05-31 19:28:00,16941,17.5508,17.545,17.555,17.56,17.545,108
2023-05-31 19:29:00,8528,17.549,17.555,17.545,17.5574,17.54,100
2023-05-31 19:30:00,21060,17.5078,17.54,17.51,17.545,17.49,197
2023-05-31 19:31:00,4637,17.4961,17.505,17.495,17.51,17.485,70
2023-05-31 19:32:00,54044,17.4865,17.495,17.485,17.525,17.475,556
2023-05-31 19:33:00,9152,17.5026,17.485,17.505,17.515,17.485,114
2023-05-31 19:34:00,17442,17.4917,17.5,17.495,17.5,17.485,104
2023-05-31 19:35:00,8972,17.4921,17.495,17.495,17.4988,17.48,98
2023-05-31 19:36:00,11511,17.5147,17.5,17.52,17.528,17.5,145
2023-05-31 19:37:00,17851,17.5176,17.515,17.525,17.54,17.515,151
2023-05-31 19:38:00,13679,17.5382,17.525,17.54,17.55,17.52,175
2023-05-31 19:39:00,11022,17.5302,17.535,17.535,17.54,17.52,127
2023-05-31 19:40:00,29077,17.5546,17.54,17.57,17.57,17.54,276
2023-05-31 19:41:00,21614,17.5761,17.5707,17.57,17.59,17.565,230
2023-05-31 19:42:00,7671,17.5674,17.565,17.565,17.575,17.56,91
2023-05-31 19:43:00,21675,17.5735,17.565,17.59,17.59,17.565,252
2023-05-31 19:44:00,32746,17.6079,17.59,17.605,17.63,17.59,338
2023-05-31 19:45:00,26973,17.6015,17.605,17.595,17.62,17.59,188
2023-05-31 19:46:00,41694,17.5833,17.595,17.56,17.595,17.56,382
2023-05-31 19:47:00,24747,17.5625,17.56,17.545,17.565,17.54,152
2023-05-31 19:48:00,20902,17.5347,17.54,17.525,17.55,17.52,252
2023-05-31 19:49:00,16144,17.5391,17.53,17.55,17.55,17.525,172
2023-05-31 19:50:00,56243,17.5765,17.55,17.6,17.6,17.55,620
2023-05-31 19:51:00,75337,17.5697,17.59,17.565,17.6,17.555,576
2023-05-31 19:52:00,62895,17.567,17.565,17.5699,17.58,17.555,417
2023-05-31 19:53:00,109257,17.6081,17.565,17.608,17.64,17.565,855
2023-05-31 19:54:00,83215,17.6227,17.605,17.635,17.64,17.6,681
2023-05-31 19:55:00,85230,17.6417,17.64,17.645,17.65,17.63,865
2023-05-31 19:56:00,74168,17.635,17.65,17.64,17.65,17.63,624
2023-05-31 19:57:00,115219,17.6326,17.64,17.635,17.645,17.61,831
2023-05-31 19:58:00,70540,17.6363,17.635,17.64,17.65,17.62,591
2023-05-31 19:59:00,124076,17.638,17.64,17.64,17.65,17.63,1057
2023-05-31 20:00:00,46836,17.64,17.64,17.64,17.64,17.64,17
2023-05-31 20:01:00,245,17.6232,17.6201,17.6201,17.6201,17.6201,5
2023-05-31 20:05:00,45338,17.6383,17.64,17.64,17.64,17.64,8
2023-05-31 20:07:00,202,17.63,17.63,17.63,17.63,17.63,4
2023-05-31 20:08:00,299,17.62,17.62,17.62,17.62,17.62,3
2023-05-31 20:09:00,3501,17.6116,17.6116,17.6116,17.6116,17.6116,1
2023-05-31 20:11:00,240,17.61,17.61,17.61,17.61,17.61,3
2023-05-31 20:14:00,2334,17.55,17.55,17.55,17.55,17.55,3
2023-05-31 20:18:00,8130,17.6101,17.55,17.55,17.55,17.55,3
2023-05-31 20:19:00,494,17.6251,17.6,17.6,17.6,17.6,4
2023-05-31 20:21:00,2500,17.6144,17.6,17.62,17.62,17.6,17
2023-05-31 20:24:00,940,17.62,17.62,17.62,17.62,17.62,1
2023-05-31 20:29:00,595,17.63,17.63,17.63,17.63,17.63,6
2023-05-31 20:30:00,200,17.64,17.64,17.64,17.64,17.64,1
2023-05-31 20:31:00,3199,17.66,17.66,17.66,17.66,17.66,1
2023-05-31 20:32:00,465,17.66,17.66,17.66,17.66,17.66,1
2023-05-31 20:35:00,1465,17.66,17.66,17.66,17.66,17.66,11
2023-05-31 20:38:00,1005,17.67,17.67,17.67,17.67,17.67,2
2023-05-31 20:45:00,100,17.66,17.66,17.66,17.66,17.66,1
2023-05-31 20:51:00,1390,17.64,17.64,17.64,17.64,17.64,1
2023-05-31 20:54:00,200,17.64,17.64,17.64,17.64,17.64,2
2023-05-31 21:05:00,100,17.65,17.65,17.65,17.65,17.65,1
2023-05-31 21:11:00,473,17.64,17.64,17.64,17.64,17.64,3
2023-05-31 21:16:00,100,17.55,17.55,17.55,17.55,17.55,1
2023-05-31 21:27:00,1000,17.6399,17.6399,17.6399,17.6399,17.6399,1
2023-05-31 21:28:00,100,17.6387,17.6387,17.6387,17.6387,17.6387,1
2023-05-31 21:37:00,215,17.6047,17.64,17.64,17.64,17.64,2
2023-05-31 22:05:00,500,17.64,17.64,17.64,17.64,17.64,1
2023-05-31 22:07:00,100,17.64,17.64,17.64,17.64,17.64,1
2023-05-31 22:45:00,200,17.6237,17.64,17.64,17.64,17.64,3
2023-05-31 22:46:00,100,17.61,17.61,17.61,17.61,17.61,1
2023-05-31 23:54:00,100,17.61,17.61,17.61,17.61,17.61,1
2023-05-31 23:59:00,200,17.64,17.64,17.64,17.64,17.64,1
2023-06-01 08:48:00,190,17.6753,17.68,17.68,17.68,17.68,2
2023-06-01 09:19:00,558,17.7,17.7,17.7,17.7,17.7,2
2023-06-01 10:38:00,1000,17.7001,17.7,17.7,17.7,17.7,3
2023-06-01 11:04:00,100,17.8,17.8,17.8,17.8,17.8,1
2023-06-01 11:28:00,1001,17.8469,17.84,17.85,17.85,17.84,13
2023-06-01 11:55:00,280,17.8,17.8,17.8,17.8,17.8,2
2023-06-01 11:57:00,100,17.78,17.78,17.78,17.78,17.78,1
2023-06-01 12:00:00,4940,17.7919,17.8788,17.92,17.92,17.74,20
2023-06-01 12:01:00,210,17.7193,17.78,17.78,17.78,17.78,6
2023-06-01 12:04:00,2011,17.8998,17.9,17.9,17.9,17.9,8
2023-06-01 12:07:00,1500,17.8991,17.89,17.9,17.9,17.89,11
2023-06-01 12:08:00,200,17.89,17.89,17.89,17.89,17.89,1
2023-06-01 12:09:00,1110,17.89,17.89,17.89,17.89,17.89,3
2023-06-01 12:10:00,190,17.89,17.89,17.89,17.89,17.89,1
2023-06-01 12:11:00,105,17.9,17.9,17.9,17.9,17.9,2
2023-06-01 12:12:00,500,17.92,17.92,17.92,17.92,17.92,1
2023-06-01 12:15:00,170,17.8,17.8,17.8,17.8,17.8,2
2023-06-01 12:16:00,805,17.8109,17.82,17.82,17.82,17.82,6
2023-06-01 12:17:00,400,17.7,17.7,17.7,17.7,17.7,2
2023-06-01 12:19:00,150,17.7,17.7,17.7,17.7,17.7,4
2023-06-01 12:20:00,500,17.68,17.68,17.68,17.68,17.68,1
2023-06-01 12:22:00,600,17.685,17.7,17.67,17.7,17.67,4
2023-06-01 12:23:00,200,17.67,17.67,17.67,17.67,17.67,1
2023-06-01 12:27:00,512,17.6697,17.67,17.67,17.67,17.67,7
2023-06-01 12:34:00,150,17.7,17.7,17.7,17.7,17.7,1
2023-06-01 12:36:00,255,17.702,17.7,17.7,17.7,17.7,2
2023-06-01 12:44:00,110,17.7091,17.71,17.71,17.71,17.71,2
2023-06-01 12:51:00,110,17.7455,17.74,17.74,17.74,17.74,2
2023-06-01 13:03:00,100,17.71,17.71,17.71,17.71,17.71,1
2023-06-01 13:07:00,110,17.71,17.71,17.71,17.71,17.71,2
2023-06-01 13:11:00,200,17.72,17.71,17.71,17.71,17.71,3
2023-06-01 13:22:00,306,17.75,17.75,17.75,17.75,17.75,5
2023-06-01 13:26:00,471,17.7788,17.75,17.8,17.8,17.75,10
2023-06-01 13:27:00,301,17.8785,17.88,17.88,17.88,17.88,4
2023-06-01 13:30:00,90892,17.7759,17.81,17.74,17.81,17.68,370
2023-06-01 13:31:00,21300,17.778,17.6725,17.89,17.89,17.65,140
2023-06-01 13:32:00,44599,17.9993,17.89,18.03,18.09,17.86,470
2023-06-01 13:33:00,24078,17.9144,17.95,17.865,18.0,17.84,174
2023-06-01 13:34:00,19140,17.8141,17.86,17.81,17.86,17.77,127
2023-06-01 13:35:00,21351,17.8088,17.82,17.8,17.8551,17.78,231
2023-06-01 13:36:00,18951,17.8262,17.8,17.8513,17.87,17.795,238
2023-06-01 13:37:00,24005,17.7897,17.85,17.805,17.85,17.76,219
2023-06-01 13:38:00,88250,17.8357,17.8,17.855,17.88,17.785,419
2023-06-01 13:39:00,71538,17.8851,17.85,17.9599,17.97,17.85,524
2023-06-01 13:40:00,75902,17.9739,17.95,17.9,18.04,17.9,734
2023-06-01 13:41:00,29304,17.9093,17.91,17.97,17.97,17.88,276
2023-06-01 13:42:00,17499,17.9957,17.98,17.99,18.025,17.97,216
2023-06-01 13:43:00,25147,17.9384,17.98,17.9567,17.985,17.9026,315
2023-06-01 13:44:00,63164,17.7949,17.92,17.8,17.92,17.7,407
2023-06-01 13:45:00,31001,17.8799,17.82,17.85,17.94,17.81,355
2023-06-01 13:46:00,16559,17.8481,17.86,17.8399,17.88,17.81,248
2023-06-01 13:47:00,14928,17.8603,17.84,17.82,17.895,17.8008,201
2023-06-01 13:48:00,14311,17.803,17.81,17.815,17.835,17.785,171
2023-06-01 13:49:00,27327,17.7771,17.79,17.82,17.82,17.73,314
2023-06-01 13:50:00,28084,17.8365,17.81,17.86,17.87,17.8,368
2023-06-01 13:51:00,55018,17.8954,17.85,17.905,17.93,17.84,494
2023-06-01 13:52:00,12654,17.9128,17.895,17.89,17.925,17.89,162
2023-06-01 13:53:00,28282,17.8377,17.88,17.83,17.9,17.79,282
2023-06-01 13:54:00,10617,17.856,17.8586,17.84,17.87,17.83,144
2023-06-01 13:55:00,10627,17.811,17.82,17.8,17.84,17.8,158
2023-06-01 13:56:00,15924,17.7981,17.81,17.78,17.82,17.77,218
2023-06-01 13:57:00,16543,17.7831,17.775,17.835,17.835,17.76,194
2023-06-01 13:58:00,8668,17.8975,17.85,17.93,17.94,17.84,110
2023-06-01 13:59:00,11416,17.9034,17.93,17.865,17.93,17.83,155
2023-06-01 14:00:00,5677,17.9059,17.87,17.94,17.95,17.851,125
2023-06-01 14:01:00,8762,17.938,17.9299,17.95,17.97,17.92,156
2023-06-01 14:02:00,57159,18.0273,17.94,18.08,18.08,17.94,544
2023-06-01 14:03:00,33156,18.0976,18.07,18.14,18.1471,18.055,419
2023-06-01 14:04:00,59532,18.1534,18.15,18.19,18.195,18.12,588
2023-06-01 14:05:00,61179,18.2394,18.181,18.2,18.31,18.1788,655
2023-06-01 14:06:00,20395,18.2306,18.21,18.25,18.26,18.2,172
2023-06-01 14:07:00,30877,18.2128,18.25,18.26,18.27,18.165,324
2023-06-01 14:08:00,28024,18.2579,18.26,18.24,18.297,18.205,278
2023-06-01 14:09:00,29559,18.2414,18.2401,18.235,18.2898,18.22,266
2023-06-01 14:10:00,91257,18.2069,18.235,18.2799,18.29,18.17,412
2023-06-01 14:11:00,17253,18.2861,18.28,18.31,18.32,18.26,209
2023-06-01 14:12:00,28988,18.3188,18.31,18.3112,18.345,18.275,185
2023-06-01 14:13:00,21126,18.3164,18.31,18.2859,18.345,18.2859,225
2023-06-01 14:14:00,35133,18.2759,18.29,18.24,18.29,18.23,261
2023-06-01 14:15:00,32120,18.2666,18.24,18.225,18.28,18.225,276
2023-06-01 14:16:00,8328,18.2641,18.23,18.29,18.29,18.23,107
2023-06-01 14:17:00,30369,18.264,18.29,18.26,18.29,18.24,252
2023-06-01 14:18:00,20879,18.2602,18.255,18.26,18.285,18.23,216
2023-06-01 14:19:00,63276,18.3256,18.2599,18.385,18.385,18.2599,443
2023-06-01 14:20:00,51597,18.396,18.385,18.4288,18.43,18.375,453
2023-06-01 14:21:00,61763,18.3786,18.43,18.28,18.465,18.275,566
2023-06-01 14:22:00,28295,18.3173,18.27,18.36,18.39,18.23,266
2023-06-01 14:23:00,18102,18.2554,18.355,18.2201,18.355,18.2201,166
2023-06-01 14:24:00,31294,18.1729,18.2201,18.135,18.2324,18.13,229
2023-06-01 14:25:00,12128,18.1337,18.135,18.12,18.15,18.11,146
2023-06-01 14:26:00,14924,18.1359,18.13,18.12,18.155,18.11,184
2023-06-01 14:27:00,16389,18.1046,18.1154,18.115,18.12,18.08,159
2023-06-01 14:28:00,21741,18.1487,18.1199,18.18,18.19,18.09,201
2023-06-01 14:29:00,14904,18.1722,18.18,18.18,18.19,18.16,146
2023-06-01 14:30:00,31456,18.1134,18.18,18.12,18.19,18.09,342
2023-06-01 14:31:00,27865,18.0928,18.13,18.125,18.13,18.08,271
2023-06-01 14:32:00,8948,18.101,18.125,18.095,18.125,18.085,139
2023-06-01 14:33:00,14210,18.1638,18.09,18.195,18.2,18.09,158
2023-06-01 14:34:00,19723,18.2342,18.2,18.25,18.2599,18.195,214
2023-06-01 14:35:00,20648,18.2505,18.25,18.28,18.285,18.23,222
2023-06-01 14:36:00,14314,18.2998,18.27,18.29,18.34,18.26,191
2023-06-01 14:37:00,15378,18.3258,18.285,18.38,18.38,18.2839,178
2023-06-01 14:38:00,18560,18.398,18.38,18.41,18.42,18.375,217
2023-06-01 14:39:00,75102,18.4542,18.41,18.4802,18.49,18.41,490
2023-06-01 14:40:00,33611,18.4765,18.48,18.48,18.5,18.45,288
2023-06-01 14:41:00,86392,18.501,18.49,18.5099,18.52,18.4841,465
2023-06-01 14:42:00,62254,18.5848,18.51,18.61,18.61,18.505,540
2023-06-01 14:43:00,28759,18.581,18.6,18.5589,18.6079,18.5589,247
2023-06-01 14:44:00,32277,18.5281,18.565,18.5,18.565,18.49,329
2023-06-01 14:45:00,15775,18.5218,18.5,18.515,18.55,18.5,167
2023-06-01 14:46:00,11876,18.5099,18.515,18.52,18.53,18.48,154
2023-06-01 14:47:00,16704,18.4775,18.51,18.485,18.52,18.455,222
2023-06-01 14:48:00,43443,18.4894,18.485,18.47,18.54,18.44,447
2023-06-01 14:49:00,14396,18.4427,18.45,18.46,18.46,18.42,173
2023-06-01 14:50:00,39915,18.4885,18.46,18.49,18.515,18.4507,348
2023-06-01 14:51:00,20907,18.467,18.5,18.4,18.51,18.39,248
2023-06-01 14:52:00,17130,18.4023,18.39,18.44,18.44,18.36,201
2023-06-01 14:53:00,10996,18.4189,18.435,18.385,18.44,18.385,160
2023-06-01 14:54:00,12247,18.3833,18.405,18.39,18.405,18.375,81
2023-06-01 14:55:00,13651,18.4001,18.39,18.41,18.415,18.3811,117
2023-06-01 14:56:00,10554,18.415,18.41,18.419,18.425,18.4077,113
2023-06-01 14:57:00,26616,18.4618,18.41,18.465,18.48,18.41,258
2023-06-01 14:58:00,20067,18.458,18.4689,18.46,18.485,18.44,182
2023-06-01 14:59:00,19739,18.4635,18.4516,18.455,18.48,18.4516,244
2023-06-01 15:00:00,14251,18.4462,18.455,18.41,18.47,18.41,211
2023-06-01 15:01:00,20637,18.4458,18.405,18.425,18.47,18.405,187
2023-06-01 15:02:00,8066,18.4482,18.43,18.445,18.46,18.425,117
2023-06-01 15:03:00,15291,18.4627,18.44,18.455,18.475,18.4324,124
2023-06-01 15:04:00,6940,18.4612,18.45,18.465,18.47,18.45,82
2023-06-01 15:05:00,43559,18.527,18.465,18.56,18.57,18.465,407
2023-06-01 15:06:00,23004,18.516,18.5584,18.54,18.5584,18.49,239
2023-06-01 15:07:00,11868,18.5442,18.535,18.55,18.56,18.535,166
2023-06-01 15:08:00,33578,18.5801,18.55,18.58,18.6,18.55,221
2023-06-01 15:09:00,34370,18.5571,18.5799,18.53,18.59,18.53,273
2023-06-01 15:10:00,20810,18.5136,18.53,18.49,18.535,18.48,197
2023-06-01 15:11:00,12298,18.4955,18.485,18.493,18.53,18.4799,119
2023-06-01 15:12:00,35418,18.4614,18.5,18.465,18.5,18.44,136
2023-06-01 15:13:00,13053,18.4719,18.46,18.4777,18.485,18.45,100
2023-06-01 15:14:00,10480,18.4743,18.475,18.4799,18.49,18.465,139
2023-06-01 15:15:00,16251,18.4859,18.48,18.465,18.51,18.465,223
2023-06-01 15:16:00,14021,18.4456,18.465,18.44,18.465,18.43,145
2023-06-01 15:17:00,15190,18.4459,18.44,18.449,18.455,18.44,124
2023-06-01 15:18:00,11793,18.4373,18.445,18.465,18.47,18.425,141
2023-06-01 15:19:00,24781,18.4363,18.46,18.445,18.462,18.425,206
2023-06-01 15:20:00,32155,18.4537,18.45,18.4509,18.468,18.445,237
2023-06-01 15:21:00,25187,18.4724,18.4542,18.475,18.5,18.44,275
2023-06-01 15:22:00,15080,18.4694,18.47,18.45,18.4821,18.445,193
2023-06-01 15:23:00,10429,18.4528,18.455,18.45,18.48,18.435,153
2023-06-01 15:24:00,6960,18.4446,18.45,18.445,18.46,18.4386,110
2023-06-01 15:25:00,21776,18.468,18.45,18.49,18.49,18.45,209
2023-06-01 15:26:00,12883,18.4981,18.495,18.485,18.5073,18.485,144
2023-06-01 15:27:00,16959,18.4995,18.49,18.495,18.5173,18.48,189
2023-06-01 15:28:00,31991,18.5107,18.495,18.5,18.53,18.495,332
2023-06-01 15:29:00,16192,18.4631,18.5,18.4402,18.5,18.435,200
2023-06-01 15:30:00,30539,18.4187,18.45,18.375,18.455,18.365,254
2023-06-01 15:31:00,20723,18.3668,18.3757,18.331,18.41,18.33,215
2023-06-01 15:32:00,6904,18.3471,18.3337,18.3789,18.38,18.3301,103
2023-06-01 15:33:00,24355,18.4645,18.39,18.485,18.49,18.39,303
2023-06-01 15:34:00,81583,18.4532,18.49,18.48,18.495,18.43,646
2023-06-01 15:35:00,26461,18.5121,18.475,18.53,18.54,18.475,262
2023-06-01 15:36:00,26060,18.5667,18.535,18.5608,18.585,18.535,275
2023-06-01 15:37:00,19996,18.5539,18.5607,18.545,18.575,18.53,198
2023-06-01 15:38:00,10872,18.5511,18.545,18.545,18.57,18.53,156
2023-06-01 15:39:00,11433,18.5449,18.55,18.557,18.56,18.53,156
2023-06-01 15:40:00,42671,18.5722,18.555,18.585,18.595,18.5501,377
2023-06-01 15:41:00,46239,18.6063,18.59,18.61,18.62,18.58,481
2023-06-01 15:42:00,121080,18.6554,18.61,18.69,18.695,18.6,1026
2023-06-01 15:43:00,108140,18.6739,18.69,18.6999,18.7,18.65,668
2023-06-01 15:44:00,99026,18.7009,18.7,18.69,18.73,18.68,852
2023-06-01 15:45:00,50330,18.7215,18.685,18.7,18.74,18.6822,512
2023-06-01 15:46:00,97166,18.7514,18.71,18.7889,18.79,18.71,407
2023-06-01 15:47:00,76508,18.8048,18.79,18.8,18.82,18.78,432
2023-06-01 15:48:00,52039,18.7836,18.795,18.7717,18.815,18.76,278
2023-06-01 15:49:00,39363,18.7914,18.775,18.795,18.8,18.775,335
2023-06-01 15:50:00,44198,18.7997,18.8,18.7915,18.82,18.78,363
2023-06-01 15:51:00,43954,18.8057,18.795,18.83,18.84,18.78,303
2023-06-01 15:52:00,87486,18.8809,18.84,18.9087,18.915,18.837,365
2023-06-01 15:53:00,60273,18.871,18.9001,18.85,18.905,18.84,317
2023-06-01 15:54:00,36452,18.8491,18.85,18.855,18.88,18.82,328
2023-06-01 15:55:00,19226,18.8647,18.851,18.882,18.882,18.85,172
2023-06-01 15:56:00,17586,18.9057,18.885,18.9,18.92,18.885,166
2023-06-01 15:57:00,29217,18.906,18.8994,18.8977,18.92,18.89,209
2023-06-01 15:58:00,23680,18.8607,18.89,18.8501,18.89,18.843,204
2023-06-01 15:59:00,58367,18.7991,18.86,18.78,18.86,18.775,359
2023-06-01 16:00:00,23753,18.7505,18.78,18.76,18.78,18.735,183
2023-06-01 16:01:00,87137,18.7053,18.76,18.7099,18.76,18.68,577
2023-06-01 16:02:00,37305,18.7322,18.715,18.74,18.765,18.71,298
2023-06-01 16:03:00,13698,18.7172,18.73,18.715,18.73,18.705,162
2023-06-01 16:04:00,13438,18.711,18.72,18.714,18.725,18.695,145
2023-06-01 16:05:00,54347,18.7408,18.715,18.765,18.78,18.715,525
2023-06-01 16:06:00,17747,18.7884,18.765,18.8,18.82,18.755,165
2023-06-01 16:07:00,10176,18.7971,18.81,18.77,18.82,18.765,104
2023-06-01 16:08:00,15871,18.7322,18.76,18.72,18.765,18.72,161
2023-06-01 16:09:00,32909,18.7528,18.72,18.775,18.785,18.72,351
2023-06-01 16:10:00,19085,18.7769,18.7781,18.76,18.785,18.755,238
2023-06-01 16:11:00,9746,18.7556,18.765,18.7483,18.765,18.745,123
2023-06-01 16:12:00,25980,18.7439,18.7499,18.72,18.78,18.715,236
2023-06-01 16:13:00,16228,18.7114,18.72,18.71,18.725,18.705,105
2023-06-01 16:14:00,41897,18.7268,18.715,18.72,18.74,18.715,169
2023-06-01 16:15:00,22346,18.6996,18.72,18.7,18.72,18.68,231
2023-06-01 16:16:00,11060,18.6967,18.7,18.7,18.705,18.69,134
2023-06-01 16:17:00,17616,18.7353,18.7,18.735,18.76,18.7,201
2023-06-01 16:18:00,5048,18.7549,18.74,18.765,18.765,18.74,57
2023-06-01 16:19:00,33171,18.8243,18.78,18.86,18.86,18.78,256
2023-06-01 16:20:00,38498,18.9031,18.86,18.915,18.925,18.86,317
2023-06-01 16:21:00,7206,18.912,18.92,18.915,18.92,18.905,79
2023-06-01 16:22:00,17201,18.9515,18.92,18.945,18.97,18.9101,191
2023-06-01 16:23:00,14329,18.8887,18.95,18.8609,18.95,18.8609,164
2023-06-01 16:24:00,24061,18.9024,18.87,18.91,18.915,18.87,148
2023-06-01 16:25:00,28628,18.8807,18.9,18.885,18.9,18.865,154
2023-06-01 16:26:00,6604,18.8918,18.89,18.875,18.9,18.875,99
2023-06-01 16:27:00,6750,18.8836,18.88,18.89,18.89,18.8731,108
2023-06-01 16:28:00,21880,18.8839,18.885,18.875,18.91,18.86,153
2023-06-01 16:29:00,17507,18.8857,18.875,18.89,18.905,18.865,113
2023-06-01 16:30:00,6328,18.8937,18.885,18.895,18.905,18.8807,86
2023-06-01 16:31:00,16796,18.8491,18.89,18.81,18.89,18.81,194
2023-06-01 16:32:00,16693,18.8554,18.81,18.88,18.885,18.805,206
2023-06-01 16:33:00,5150,18.8682,18.87,18.865,18.87,18.86,67
2023-06-01 16:34:00,16131,18.8393,18.86,18.86,18.865,18.82,97
2023-06-01 16:35:00,9414,18.8717,18.85,18.9,18.9,18.85,129
2023-06-01 16:36:00,59062,18.9229,18.8957,18.93,18.945,18.8927,219
2023-06-01 16:37:00,13749,18.9227,18.935,18.895,18.95,18.895,154
2023-06-01 16:38:00,14975,18.917,18.9,18.93,18.93,18.9,106
2023-06-01 16:39:00,7987,18.9207,18.92,18.925,18.925,18.9133,78
2023-06-01 16:40:00,34604,18.9049,18.92,18.925,18.925,18.8821,283
2023-06-01 16:41:00,18367,18.8983,18.9289,18.915,18.9289,18.88,146
2023-06-01 16:42:00,19769,18.9457,18.92,18.94,18.96,18.91,224
2023-06-01 16:43:00,43923,18.9019,18.935,18.89,18.935,18.8835,170
2023-06-01 16:44:00,14192,18.8984,18.89,18.9,18.925,18.89,116
2023-06-01 16:45:00,19098,18.8697,18.905,18.85,18.9084,18.85,200
2023-06-01 16:46:00,24563,18.8234,18.8571,18.85,18.8571,18.7999,201
2023-06-01 16:47:00,24463,18.8697,18.86,18.8779,18.89,18.86,116
2023-06-01 16:48:00,7478,18.8617,18.87,18.865,18.8712,18.845,114
2023-06-01 16:49:00,19350,18.8413,18.8601,18.87,18.875,18.815,179
2023-06-01 16:50:00,15375,18.8573,18.865,18.865,18.87,18.845,127
2023-06-01 16:51:00,29225,18.8723,18.8621,18.845,18.89,18.845,233
2023-06-01 16:52:00,8253,18.8476,18.845,18.83,18.855,18.83,92
2023-06-01 16:53:00,7459,18.8125,18.835,18.81,18.835,18.8,104
2023-06-01 16:54:00,25292,18.7893,18.81,18.78,18.815,18.7701,158
2023-06-01 16:55:00,8734,18.7747,18.775,18.77,18.785,18.77,103
2023-06-01 16:56:00,57999,18.7282,18.76,18.715,18.7775,18.7,415
2023-06-01 16:57:00,26045,18.7202,18.715,18.74,18.75,18.69,268
2023-06-01 16:58:00,10422,18.7432,18.745,18.765,18.765,18.74,101
2023-06-01 16:59:00,45841,18.7929,18.77,18.81,18.81,18.77,239
2023-06-01 17:00:00,15118,18.813,18.815,18.81,18.83,18.8,157
2023-06-01 17:01:00,18667,18.7945,18.805,18.805,18.815,18.79,106
2023-06-01 17:02:00,9119,18.7855,18.805,18.77,18.8089,18.765,109
2023-06-01 17:03:00,25391,18.749,18.76,18.765,18.78,18.74,233
2023-06-01 17:04:00,22184,18.7817,18.765,18.795,18.8,18.75,183
2023-06-01 17:05:00,43083,18.8204,18.795,18.83,18.84,18.79,244
2023-06-01 17:06:00,7300,18.8421,18.83,18.87,18.87,18.8276,97
2023-06-01 17:07:00,9943,18.8649,18.88,18.87,18.88,18.8489,110
2023-06-01 17:08:00,16485,18.8767,18.875,18.87,18.89,18.855,97
2023-06-01 17:09:00,13654,18.8581,18.86,18.84,18.8699,18.84,75
2023-06-01 17:10:00,16705,18.8422,18.84,18.86,18.8701,18.82,196
2023-06-01 17:11:00,6688,18.8456,18.85,18.8586,18.865,18.84,63
2023-06-01 17:12:00,8419,18.8777,18.855,18.885,18.89,18.855,71
2023-06-01 17:13:00,16262,18.8975,18.885,18.91,18.91,18.885,165
2023-06-01 17:14:00,11299,18.9224,18.915,18.925,18.93,18.915,107
2023-06-01 17:15:00,6339,18.9254,18.93,18.92,18.935,18.915,82
2023-06-01 17:16:00,5381,18.9264,18.92,18.93,18.935,18.915,72
2023-06-01 17:17:00,13872,18.8918,18.92,18.9,18.92,18.87,162
2023-06-01 17:18:00,2503,18.9036,18.91,18.9,18.91,18.9,31
2023-06-01 17:19:00,16247,18.9018,18.9,18.91,18.91,18.89,170
2023-06-01 17:20:00,23262,18.93,18.91,18.9701,18.98,18.91,249
2023-06-01 17:21:00,9151,18.9588,18.975,18.96,18.98,18.95,102
2023-06-01 17:22:00,10181,18.9752,18.965,18.985,18.9872,18.9611,67
2023-06-01 17:23:00,7576,18.9789,18.98,18.98,18.985,18.9714,91
2023-06-01 17:24:00,44401,18.9402,18.9728,18.955,18.975,18.9,346
2023-06-01 17:25:00,8444,18.9284,18.955,18.92,18.955,18.915,96
2023-06-01 17:26:00,14546,18.938,18.9296,18.95,18.95,18.9296,75
2023-06-01 17:27:00,16553,18.9382,18.945,18.945,18.95,18.9212,115
2023-06-01 17:28:00,32182,18.9435,18.95,18.94,18.955,18.9397,106
2023-06-01 17:29:00,18077,18.9333,18.9399,18.905,18.94,18.9,120
2023-06-01 17:30:00,15005,18.8699,18.9,18.835,18.9,18.835,158
2023-06-01 17:31:00,57916,18.8293,18.84,18.86,18.86,18.82,315
2023-06-01 17:32:00,6251,18.8385,18.86,18.8118,18.86,18.8118,76
2023-06-01 17:33:00,4586,18.8145,18.815,18.81,18.82,18.805,71
2023-06-01 17:34:00,11296,18.8187,18.815,18.82,18.83,18.81,137
2023-06-01 17:35:00,23139,18.8411,18.82,18.865,18.865,18.82,313
2023-06-01 17:36:00,14098,18.8446,18.865,18.835,18.865,18.815,76
2023-06-01 17:37:00,15393,18.8237,18.8301,18.82,18.835,18.81,63
2023-06-01 17:38:00,17369,18.8298,18.82,18.84,18.855,18.81,182
2023-06-01 17:39:00,6107,18.8276,18.845,18.83,18.845,18.82,63
2023-06-01 17:40:00,109697,18.8047,18.825,18.82,18.835,18.77,432
2023-06-01 17:41:00,10522,18.8168,18.82,18.81,18.82,18.81,153
2023-06-01 17:42:00,19354,18.7767,18.815,18.785,18.815,18.77,173
2023-06-01 17:43:00,14219,18.8017,18.795,18.815,18.815,18.78,210
2023-06-01 17:44:00,41790,18.8357,18.82,18.84,18.845,18.82,294
2023-06-01 17:45:00,3007,18.8407,18.84,18.85,18.85,18.84,59
2023-06-01 17:46:00,5296,18.8346,18.8426,18.825,18.85,18.825,76
2023-06-01 17:47:00,8315,18.8471,18.83,18.845,18.855,18.83,137
2023-06-01 17:48:00,16070,18.8633,18.8457,18.865,18.875,18.8457,130
2023-06-01 17:49:00,11164,18.8846,18.868,18.9,18.9,18.868,120
2023-06-01 17:50:00,10217,18.9047,18.9094,18.9199,18.9199,18.9001,87
2023-06-01 17:51:00,7685,18.9263,18.92,18.94,18.94,18.92,99
2023-06-01 17:52:00,7734,18.9373,18.94,18.925,18.9473,18.925,90
2023-06-01 17:53:00,5755,18.929,18.93,18.935,18.9382,18.92,61
2023-06-01 17:54:00,14084,18.9255,18.92,18.92,18.94,18.92,97
2023-06-01 17:55:00,13897,18.9068,18.92,18.905,18.92,18.89,129
2023-06-01 17:56:00,17364,18.8937,18.9099,18.905,18.91,18.885,126
2023-06-01 17:57:00,6240,18.9105,18.905,18.92,18.92,18.905,65
2023-06-01 17:58:00,16162,18.9295,18.92,18.94,18.94,18.92,160
2023-06-01 17:59:00,33415,18.9215,18.94,18.91,18.94,18.9,311
2023-06-01 18:00:00,10574,18.9068,18.905,18.91,18.917,18.895,134
2023-06-01 18:01:00,5199,18.9089,18.91,18.905,18.915,18.905,77
2023-06-01 18:02:00,33774,18.8744,18.9,18.875,18.9,18.86,175
2023-06-01 18:03:00,71639,18.9226,18.875,18.935,18.945,18.8722,713
2023-06-01 18:04:00,20025,18.9087,18.935,18.91,18.94,18.8884,179
2023-06-01 18:05:00,24723,18.894,18.91,18.89,18.91,18.88,239
2023-06-01 18:06:00,29301,18.9188,18.895,18.945,18.96,18.895,287
2023-06-01 18:07:00,9425,18.9387,18.945,18.935,18.95,18.92,114
2023-06-01 18:08:00,6601,18.9314,18.94,18.93,18.94,18.925,71
2023-06-01 18:09:00,7067,18.9292,18.93,18.935,18.935,18.92,84
2023-06-01 18:10:00,2823,18.9375,18.94,18.94,18.94,18.932,29
2023-06-01 18:11:00,21871,18.943,18.94,18.945,18.955,18.93,206
2023-06-01 18:12:00,2579,18.9468,18.945,18.955,18.955,18.945,41
2023-06-01 18:13:00,68325,18.9622,18.96,18.96,18.98,18.95,524
2023-06-01 18:14:00,15619,18.95,18.96,18.95,18.97,18.935,173
2023-06-01 18:15:00,2640,18.9452,18.945,18.95,18.95,18.94,24
2023-06-01 18:16:00,38693,18.9248,18.94,18.94,18.94,18.91,254
2023-06-01 18:17:00,33223,18.9472,18.935,18.935,18.95,18.93,302
2023-06-01 18:18:00,28237,18.9084,18.935,18.9,18.935,18.885,138
2023-06-01 18:19:00,10626,18.8878,18.9,18.88,18.91,18.87,135
2023-06-01 18:20:00,18535,18.9004,18.885,18.91,18.92,18.885,229
2023-06-01 18:21:00,10394,18.903,18.9069,18.91,18.91,18.9,130
2023-06-01 18:22:00,15044,18.923,18.91,18.92,18.935,18.91,155
2023-06-01 18:23:00,16812,18.8813,18.91,18.87,18.91,18.86,188
2023-06-01 18:24:00,6870,18.8675,18.87,18.855,18.87,18.8526,103
2023-06-01 18:25:00,53116,18.828,18.85,18.8301,18.86,18.81,415
2023-06-01 18:26:00,21918,18.8374,18.84,18.845,18.855,18.83,141
2023-06-01 18:27:00,74723,18.8752,18.84,18.8899,18.895,18.8312,559
2023-06-01 18:28:00,47383,18.9089,18.89,18.905,18.94,18.89,348
2023-06-01 18:29:00,34011,18.9208,18.91,18.925,18.94,18.901,264
2023-06-01 18:30:00,96348,18.9387,18.925,18.935,18.95,18.92,436
2023-06-01 18:31:00,9495,18.9079,18.93,18.905,18.93,18.895,128
2023-06-01 18:32:00,8931,18.8981,18.9,18.9,18.9,18.89,75
2023-06-01 18:33:00,17067,18.888,18.9,18.88,18.9,18.875,162
2023-06-01 18:34:00,8356,18.8794,18.885,18.88,18.885,18.87,76
2023-06-01 18:35:00,17142,18.8993,18.88,18.92,18.92,18.875,201
2023-06-01 18:36:00,7862,18.8958,18.915,18.89,18.915,18.8821,117
2023-06-01 18:37:00,19330,18.8727,18.885,18.87,18.885,18.86,198
2023-06-01 18:38:00,99205,18.8343,18.87,18.8101,18.87,18.8101,355
2023-06-01 18:39:00,49257,18.8084,18.8101,18.81,18.825,18.79,313
2023-06-01 18:40:00,11711,18.821,18.815,18.835,18.84,18.81,101
2023-06-01 18:41:00,31257,18.8251,18.835,18.825,18.845,18.81,274
2023-06-01 18:42:00,21473,18.8184,18.825,18.83,18.83,18.805,133
2023-06-01 18:43:00,25186,18.8207,18.825,18.83,18.84,18.81,236
2023-06-01 18:44:00,62374,18.8448,18.825,18.85,18.86,18.82,256
2023-06-01 18:45:00,36186,18.8274,18.85,18.82,18.86,18.81,321
2023-06-01 18:46:00,46628,18.8006,18.82,18.8,18.84,18.77,252
2023-06-01 18:47:00,7274,18.8073,18.795,18.815,18.815,18.7919,87
2023-06-01 18:48:00,23482,18.838,18.81,18.86,18.865,18.81,260
2023-06-01 18:49:00,48337,18.8607,18.8567,18.855,18.87,18.83,225
2023-06-01 18:50:00,15362,18.8578,18.86,18.85,18.865,18.845,143
2023-06-01 18:51:00,10677,18.8492,18.8469,18.855,18.855,18.8405,96
2023-06-01 18:52:00,5878,18.859,18.845,18.865,18.865,18.845,71
2023-06-01 18:53:00,21260,18.8647,18.865,18.8749,18.88,18.845,210
2023-06-01 18:54:00,13020,18.8537,18.875,18.85,18.875,18.845,138
2023-06-01 18:55:00,57888,18.8053,18.845,18.795,18.85,18.78,273
2023-06-01 18:56:00,10858,18.7917,18.8,18.7803,18.8,18.7803,76
2023-06-01 18:57:00,19716,18.7918,18.785,18.8,18.81,18.785,179
2023-06-01 18:58:00,31179,18.7499,18.8,18.755,18.8,18.73,217
2023-06-01 18:59:00,10521,18.7485,18.7506,18.745,18.7506,18.745,85
2023-06-01 19:00:00,16703,18.7674,18.75,18.775,18.78,18.75,141
2023-06-01 19:01:00,11564,18.7619,18.77,18.755,18.77,18.75,124
2023-06-01 19:02:00,7449,18.7634,18.76,18.765,18.77,18.75,93
2023-06-01 19:03:00,3605,18.7698,18.765,18.775,18.78,18.765,42
2023-06-01 19:04:00,18496,18.7676,18.775,18.765,18.78,18.75,204
2023-06-01 19:05:00,11886,18.7558,18.765,18.7499,18.77,18.745,114
2023-06-01 19:06:00,22111,18.7348,18.75,18.74,18.76,18.71,220
2023-06-01 19:07:00,9563,18.7429,18.7499,18.74,18.75,18.735,101
2023-06-01 19:08:00,10131,18.7575,18.74,18.755,18.77,18.74,103
2023-06-01 19:09:00,10098,18.7371,18.75,18.71,18.755,18.71,159
2023-06-01 19:10:00,32333,18.7011,18.72,18.715,18.72,18.685,226
2023-06-01 19:11:00,4040,18.72,18.72,18.714,18.73,18.714,52
2023-06-01 19:12:00,8568,18.7041,18.715,18.7,18.715,18.69,99
2023-06-01 19:13:00,24275,18.6964,18.695,18.69,18.71,18.68,271
2023-06-01 19:14:00,20682,18.6839,18.68,18.685,18.69,18.67,174
2023-06-01 19:15:00,59098,18.6905,18.69,18.715,18.715,18.67,300
2023-06-01 19:16:00,25608,18.6885,18.71,18.685,18.71,18.675,222
2023-06-01 19:17:00,11503,18.6733,18.69,18.66,18.69,18.652,84
2023-06-01 19:18:00,38694,18.6347,18.655,18.645,18.66,18.62,245
2023-06-01 19:19:00,17667,18.6396,18.65,18.655,18.655,18.625,186
2023-06-01 19:20:00,27199,18.6752,18.65,18.675,18.695,18.65,293
2023-06-01 19:21:00,29510,18.6758,18.675,18.67,18.69,18.6601,169
2023-06-01 19:22:00,18878,18.6726,18.67,18.68,18.68,18.665,203
2023-06-01 19:23:00,15514,18.6513,18.6753,18.63,18.6753,18.63,148
2023-06-01 19:24:00,19079,18.6173,18.625,18.61,18.63,18.6,132
2023-06-01 19:25:00,29344,18.5884,18.6,18.585,18.6,18.58,108
2023-06-01 19:26:00,19243,18.5834,18.5846,18.565,18.59,18.56,181
2023-06-01 19:27:00,15948,18.5738,18.5671,18.5701,18.58,18.565,117
2023-06-01 19:28:00,6599,18.5788,18.575,18.575,18.58,18.575,72
2023-06-01 19:29:00,75596,18.5534,18.58,18.535,18.585,18.5317,463
2023-06-01 19:30:00,7041,18.5447,18.54,18.55,18.55,18.535,67
2023-06-01 19:31:00,34503,18.5633,18.55,18.55,18.585,18.5385,343
2023-06-01 19:32:00,23349,18.5191,18.535,18.515,18.535,18.505,202
2023-06-01 19:33:00,24458,18.5226,18.52,18.51,18.525,18.505,223
2023-06-01 19:34:00,46328,18.4967,18.51,18.505,18.5178,18.48,368
2023-06-01 19:35:00,32237,18.5009,18.5,18.505,18.51,18.485,241
2023-06-01 19:36:00,33000,18.5273,18.505,18.56,18.56,18.505,234
2023-06-01 19:37:00,106959,18.5668,18.57,18.56,18.585,18.54,453
2023-06-01 19:38:00,14431,18.5673,18.555,18.57,18.58,18.555,132
2023-06-01 19:39:00,17900,18.5807,18.5601,18.6,18.6,18.555,106
2023-06-01 19:40:00,16524,18.593,18.595,18.585,18.6,18.58,173
2023-06-01 19:41:00,16076,18.5978,18.59,18.5801,18.61,18.58,187
2023-06-01 19:42:00,24155,18.5919,18.59,18.6,18.605,18.58,261
2023-06-01 19:43:00,23431,18.61,18.6,18.62,18.62,18.6,230
2023-06-01 19:44:00,18884,18.627,18.62,18.62,18.645,18.61,221
2023-06-01 19:45:00,30263,18.6248,18.62,18.605,18.64,18.6,284
2023-06-01 19:46:00,22015,18.6023,18.605,18.61,18.615,18.595,254
2023-06-01 19:47:00,26690,18.6205,18.61,18.64,18.64,18.61,305
2023-06-01 19:48:00,38670,18.6157,18.64,18.61,18.64,18.595,406
2023-06-01 19:49:00,23529,18.6022,18.605,18.605,18.61,18.59,242
2023-06-01 19:50:00,57778,18.5595,18.6,18.535,18.605,18.53,548
2023-06-01 19:51:00,76516,18.5131,18.535,18.51,18.54,18.47,588
2023-06-01 19:52:00,110727,18.496,18.5088,18.5,18.525,18.48,726
2023-06-01 19:53:00,21552,18.5059,18.5,18.515,18.52,18.49,242
2023-06-01 19:54:00,67685,18.494,18.52,18.5175,18.52,18.47,716
2023-06-01 19:55:00,41472,18.5038,18.52,18.51,18.52,18.485,416
2023-06-01 19:56:00,62462,18.4937,18.505,18.485,18.51,18.475,481
2023-06-01 19:57:00,92702,18.4659,18.485,18.465,18.49,18.445,720
2023-06-01 19:58:00,70237,18.4677,18.47,18.47,18.48,18.46,621
2023-06-01 19:59:00,164307,18.4752,18.47,18.49,18.49,18.46,1401
2023-06-01 20:00:00,29501,18.4799,18.48,18.47,18.48,18.47,22
2023-06-01 20:02:00,134,18.4773,18.48,18.48,18.48,18.48,4
2023-06-01 20:03:00,2031,18.4799,18.48,18.48,18.48,18.48,3
2023-06-01 20:05:00,802,18.48,18.48,18.48,18.48,18.48,5
2023-06-01 20:09:00,479,18.5106,18.5,18.5,18.5,18.5,6
2023-06-01 20:34:00,230,18.54,18.54,18.54,18.54,18.54,3
2023-06-01 20:35:00,270,18.54,18.54,18.54,18.54,18.54,1
2023-06-01 20:46:00,150,18.558,18.56,18.56,18.56,18.56,3
2023-06-01 20:49:00,3767,18.4804,18.48,18.48,18.48,18.48,3
2023-06-01 20:51:00,134,18.5551,18.55,18.55,18.55,18.55,2
2023-06-01 21:25:00,1392,18.5729,18.57,18.58,18.58,18.57,12
2023-06-01 21:28:00,200,18.615,18.6,18.63,18.63,18.6,2
2023-06-01 21:54:00,500,18.6,18.6,18.6,18.6,18.6,1
2023-06-01 22:02:00,300,18.56,18.56,18.56,18.56,18.56,1
2023-06-01 22:03:00,130,18.5677,18.57,18.57,18.57,18.57,2
2023-06-01 22:11:00,201,18.56,18.56,18.56,18.56,18.56,2
2023-06-01 22:31:00,200,18.5992,18.5992,18.5992,18.5992,18.5992,1
2023-06-01 22:39:00,100,18.6,18.6,18.6,18.6,18.6,1
2023-06-01 22:52:00,501,18.56,18.56,18.56,18.56,18.56,3
2023-06-01 23:04:00,1000,18.5799,18.5799,18.5799,18.5799,18.5799,1
2023-06-01 23:47:00,400,18.565,18.56,18.58,18.58,18.56,3
2023-06-01 23:48:00,1025,18.5797,18.5799,18.5799,18.5799,18.5799,2
2023-06-01 23:52:00,1000,18.56,18.56,18.56,18.56,18.56,1
2023-06-01 23:55:00,200,18.56,18.56,18.56,18.56,18.56,1
2023-06-01 23:57:00,110,18.56,18.56,18.56,18.56,18.56,2
