t,v,vw,o,c,h,l,n
2023-07-12 09:47:00,100,264.99,264.99,264.99,264.99,264.99,1
2023-07-12 12:30:00,810,267.1643,267.0,267.49,267.49,267.0,13
2023-07-12 12:53:00,300,269.0,269.0,269.0,269.0,269.0,1
2023-07-12 13:00:00,200,268.9657,268.96,268.96,268.96,268.96,4
2023-07-12 13:16:00,1093,270.0334,270.2,270.0,270.2,270.0,10
2023-07-12 13:26:00,264,272.0266,271.9998,272.0,272.0,271.9998,5
2023-07-12 13:30:00,16437,272.2947,272.1,272.12,273.81,271.011,196
2023-07-12 13:31:00,1797,272.6986,273.22,272.26,273.22,272.26,56
2023-07-12 13:32:00,4249,272.3085,273.1483,272.09,273.1483,271.55,84
2023-07-12 13:33:00,4153,272.0273,272.06,272.568,272.65,271.42,82
2023-07-12 13:34:00,5835,272.9772,272.895,272.975,273.49,272.47,58
2023-07-12 13:35:00,7677,272.804,272.87,272.83,273.49,272.18,113
2023-07-12 13:36:00,634,272.5934,272.765,272.99,272.99,272.765,33
2023-07-12 13:37:00,2940,272.0632,271.5401,272.74,272.74,271.54,89
2023-07-12 13:38:00,5555,273.2989,272.26,273.885,274.05,271.8628,110
2023-07-12 13:39:00,3569,273.4568,273.785,273.1,273.785,272.93,68
2023-07-12 13:40:00,1036,272.4731,272.4759,272.4759,272.4759,272.4759,28
2023-07-12 13:41:00,2942,272.1974,272.68,271.02,272.95,271.01,121
2023-07-12 13:42:00,3808,270.9988,271.46,271.11,271.46,270.63,78
2023-07-12 13:43:00,3139,271.2441,271.33,271.31,271.49,270.1,80
2023-07-12 13:44:00,1115,271.1798,271.15,271.135,271.5781,271.03,34
2023-07-12 13:45:00,3132,269.9201,270.99,269.36,270.99,269.36,100
2023-07-12 13:46:00,9026,269.6017,269.2,270.265,270.265,269.19,181
2023-07-12 13:47:00,9817,269.769,270.35,269.37,270.49,269.27,168
2023-07-12 13:48:00,10639,270.284,269.66,270.575,270.67,269.5773,248
2023-07-12 13:49:00,6024,270.6244,270.51,270.61,271.3899,270.22,84
2023-07-12 13:50:00,1991,270.7813,270.81,270.845,270.935,270.63,49
2023-07-12 13:51:00,2403,271.2571,270.71,271.55,271.77,270.71,81
2023-07-12 13:52:00,4088,271.5304,271.6,271.53,271.66,271.37,91
2023-07-12 13:53:00,1889,272.1146,271.62,272.3266,272.36,271.62,72
2023-07-12 13:54:00,699,272.0924,272.08,272.08,272.08,272.08,44
2023-07-12 13:55:00,627,271.3969,271.37,271.37,271.37,271.37,36
2023-07-12 13:56:00,1168,270.917,271.24,270.81,271.24,270.62,51
2023-07-12 13:57:00,2026,270.4534,270.52,270.2,270.52,270.2,51
2023-07-12 13:58:00,1067,270.3379,270.44,270.335,270.5,270.2,39
2023-07-12 13:59:00,2805,270.758,270.3525,271.0,271.06,270.3525,84
2023-07-12 14:00:00,2366,270.7198,271.06,270.385,271.11,270.36,82
2023-07-12 14:01:00,1385,270.5452,270.37,270.28,271.0358,270.0001,28
2023-07-12 14:02:00,2366,270.5288,270.73,270.28,270.77,270.25,67
2023-07-12 14:03:00,1565,270.0463,270.11,270.2,270.2,269.76,55
2023-07-12 14:04:00,595,270.7554,270.83,270.83,270.83,270.83,34
2023-07-12 14:05:00,1150,271.0134,271.11,271.15,271.16,271.005,43
2023-07-12 14:06:00,1759,271.0149,271.08,270.85,271.08,270.82,85
2023-07-12 14:07:00,1985,270.6369,270.43,271.35,271.35,270.29,75
2023-07-12 14:08:00,1755,271.2044,271.33,271.33,271.33,270.89,45
2023-07-12 14:09:00,803,271.2977,271.23,271.34,271.34,271.23,34
2023-07-12 14:10:00,2192,271.2093,271.67,271.205,271.67,271.07,113
2023-07-12 14:11:00,978,271.1871,271.21,271.205,271.235,270.98,37
2023-07-12 14:12:00,1477,271.3936,271.145,271.455,271.595,271.145,52
2023-07-12 14:13:00,978,271.5236,271.47,271.47,271.47,271.46,38
2023-07-12 14:14:00,3785,271.9216,271.625,271.97,272.32,271.47,76
2023-07-12 14:15:00,2676,272.1733,272.32,271.8,272.465,271.8,74
2023-07-12 14:16:00,2688,271.7509,271.715,271.71,271.985,271.57,60
2023-07-12 14:17:00,2460,271.6136,271.9599,271.84,271.9599,271.36,59
2023-07-12 14:18:00,2356,271.7985,271.78,271.94,271.94,271.6206,40
2023-07-12 14:19:00,1505,271.6841,271.95,271.645,271.995,271.625,34
2023-07-12 14:20:00,1956,271.1845,271.14,271.1,271.2573,271.01,39
2023-07-12 14:21:00,3618,271.2638,270.9917,271.68,271.68,270.9917,93
2023-07-12 14:22:00,1039,271.6881,271.62,271.76,271.76,271.62,28
2023-07-12 14:23:00,1350,271.7739,271.69,271.915,271.915,271.62,73
2023-07-12 14:25:00,2037,271.362,271.67,271.005,271.67,271.005,72
2023-07-12 14:26:00,1240,271.4223,271.55,271.37,271.55,271.365,56
2023-07-12 14:27:00,2687,272.0638,271.75,272.11,272.26,271.75,71
2023-07-12 14:28:00,4000,272.3873,272.05,272.6,272.6,272.04,82
2023-07-12 14:29:00,2228,272.5197,272.47,272.66,272.66,272.45,63
2023-07-12 14:30:00,4567,272.4398,272.2,272.74,272.74,272.18,119
2023-07-12 14:31:00,931,272.619,272.76,272.685,272.76,272.59,59
2023-07-12 14:32:00,4136,272.8118,272.68,272.58,273.09,272.57,106
2023-07-12 14:33:00,606,272.4804,272.28,272.28,272.28,272.28,29
2023-07-12 14:34:00,383,272.6233,272.635,272.73,272.73,272.56,11
2023-07-12 14:35:00,1179,272.8304,272.685,272.85,272.88,272.685,41
2023-07-12 14:36:00,2432,272.6743,272.72,272.6577,272.72,272.54,80
2023-07-12 14:37:00,3743,272.7685,272.56,272.9169,272.985,272.515,65
2023-07-12 14:38:00,3832,272.7317,272.73,272.82,272.82,272.55,102
2023-07-12 14:40:00,2888,272.9156,272.95,273.035,273.035,272.745,83
2023-07-12 14:41:00,8601,273.2213,273.14,273.2,273.4,273.01,177
2023-07-12 14:42:00,2340,273.3968,273.17,273.65,273.65,273.17,65
2023-07-12 14:43:00,2082,273.3546,273.525,273.22,273.525,273.21,44
2023-07-12 14:44:00,1688,273.006,273.05,272.865,273.125,272.865,48
2023-07-12 14:45:00,2993,273.5816,273.52,273.65,273.74,273.52,76
2023-07-12 14:46:00,1779,273.6841,273.635,273.77,273.77,273.6075,39
2023-07-12 14:47:00,6104,274.0373,273.9,274.02,274.25,273.85,145
2023-07-12 14:48:00,7235,274.2078,274.1903,274.305,274.4183,273.79,161
2023-07-12 14:49:00,2748,274.5084,274.305,274.79,274.79,274.29,77
2023-07-12 14:50:00,9431,274.9076,274.775,274.99,275.03,274.63,229
2023-07-12 14:51:00,7269,275.2524,275.0,275.28,275.44,275.0,195
2023-07-12 14:52:00,6961,275.1343,275.32,275.01,275.5199,274.88,137
2023-07-12 14:53:00,8549,275.0859,275.03,275.3416,275.3416,274.76,130
2023-07-12 14:54:00,4332,274.7248,275.0,274.27,275.155,274.21,126
2023-07-12 14:55:00,2826,274.455,274.27,274.76,274.77,274.195,95
2023-07-12 14:56:00,1483,274.943,275.0,275.0698,275.0698,275.0,58
2023-07-12 14:57:00,1287,274.8419,274.98,274.61,274.98,274.61,51
2023-07-12 14:58:00,893,274.4646,274.65,274.37,274.65,274.37,33
2023-07-12 14:59:00,958,274.5126,274.35,274.65,274.65,274.35,61
2023-07-12 15:00:00,1446,274.6269,274.53,274.93,274.93,274.47,63
2023-07-12 15:01:00,1108,275.2343,275.07,275.27,275.27,275.07,52
2023-07-12 15:02:00,295,275.3667,275.35,275.35,275.35,275.35,21
2023-07-12 15:03:00,3505,275.4889,275.42,275.515,275.585,275.42,94
2023-07-12 15:04:00,931,275.309,275.31,275.28,275.31,275.27,36
2023-07-12 15:05:00,2750,275.2758,275.45,275.33,275.45,275.13,47
2023-07-12 15:06:00,2250,275.1144,275.09,275.2,275.2,275.0001,60
2023-07-12 15:07:00,6790,275.2217,275.24,275.7,275.7,275.0,162
2023-07-12 15:08:00,2258,275.6892,275.58,275.71,275.88,275.54,54
2023-07-12 15:09:00,6047,275.8694,275.6794,275.63,276.0,275.63,121
2023-07-12 15:10:00,1830,275.2239,275.2899,275.1,275.2899,275.05,62
2023-07-12 15:11:00,2112,275.2296,275.28,275.185,275.28,275.18,87
2023-07-12 15:12:00,1805,275.2825,275.28,275.43,275.43,275.17,61
2023-07-12 15:13:00,590,275.2727,275.26,275.2525,275.26,275.2525,15
2023-07-12 15:14:00,2116,275.1739,275.0428,275.12,275.29,275.0428,65
2023-07-12 15:15:00,1342,275.1663,275.08,275.104,275.28,275.08,32
2023-07-12 15:16:00,1189,275.2792,275.18,275.28,275.32,275.18,46
2023-07-12 15:17:00,1805,275.5594,275.4,275.75,275.75,275.4,74
2023-07-12 15:18:00,4441,276.0438,275.74,276.155,276.235,275.74,127
2023-07-12 15:19:00,3390,276.1151,276.08,276.5,276.5,275.95,98
2023-07-12 15:20:00,851,276.2588,276.24,276.24,276.24,276.24,33
2023-07-12 15:22:00,3447,276.0791,276.13,276.2,276.2,276.0,105
2023-07-12 15:23:00,4302,276.0288,276.16,276.02,276.16,275.96,90
2023-07-12 15:24:00,1013,275.7968,275.56,275.82,275.96,275.56,44
2023-07-12 15:25:00,1931,275.5918,275.62,275.56,275.7699,275.555,52
2023-07-12 15:26:00,5577,275.0782,275.43,274.98,275.43,274.82,149
2023-07-12 15:27:00,703,274.8065,274.76,274.76,274.76,274.76,45
2023-07-12 15:28:00,2855,274.6713,274.805,274.65,274.805,274.57,38
2023-07-12 15:29:00,4297,274.5288,274.63,274.28,274.655,274.28,108
2023-07-12 15:30:00,5735,274.2549,274.3575,274.5,274.51,274.04,167
2023-07-12 15:31:00,2846,274.4854,274.46,274.63,274.63,274.28,78
2023-07-12 15:33:00,268,274.5178,274.48,274.48,274.48,274.48,14
2023-07-12 15:34:00,485,274.4617,274.48,274.54,274.54,274.41,25
2023-07-12 15:35:00,553,274.3853,274.365,274.41,274.41,274.365,22
2023-07-12 15:36:00,2297,274.5999,274.53,274.4,274.775,274.4,71
2023-07-12 15:37:00,3294,275.0553,274.7,275.09,275.27,274.7,123
2023-07-12 15:38:00,751,275.0482,275.03,275.08,275.08,275.03,39
2023-07-12 15:39:00,1577,274.6955,274.87,274.64,274.87,274.62,58
2023-07-12 15:40:00,1539,274.3222,274.46,274.065,274.49,274.065,61
2023-07-12 15:41:00,2843,273.5359,273.475,273.695,273.75,273.275,100
2023-07-12 15:42:00,1017,273.5486,273.56,273.565,273.565,273.555,38
2023-07-12 15:43:00,1554,274.1667,273.755,274.5,274.5,273.755,76
2023-07-12 15:44:00,1668,274.4373,274.58,274.345,274.58,274.11,38
2023-07-12 15:45:00,2142,273.9395,274.025,273.825,274.08,273.8,55
2023-07-12 15:46:00,3574,274.0699,273.99,274.37,274.37,273.83,53
2023-07-12 15:47:00,914,274.4641,274.48,274.49,274.53,274.48,41
2023-07-12 15:48:00,220,274.8135,274.81,274.81,274.81,274.81,13
2023-07-12 15:49:00,939,274.9575,274.98,275.16,275.16,274.98,44
2023-07-12 15:50:00,1653,275.217,275.3,275.16,275.3,275.16,69
2023-07-12 15:51:00,2128,274.8129,275.05,274.8,275.08,274.6,63
2023-07-12 15:52:00,1128,274.6431,274.79,274.68,274.855,274.525,35
2023-07-12 15:53:00,1009,274.5659,274.37,274.6,274.67,274.37,43
2023-07-12 15:54:00,1360,274.5831,274.6,274.545,274.6,274.545,18
2023-07-12 15:55:00,2066,274.5775,274.595,274.565,274.74,274.47,37
2023-07-12 15:56:00,3562,274.6535,274.54,274.465,274.8,274.4,105
2023-07-12 15:57:00,2479,274.4839,274.49,274.565,274.82,274.235,89
2023-07-12 15:58:00,2331,274.8437,274.56,274.715,274.93,274.56,92
2023-07-12 15:59:00,3947,275.1535,274.885,275.05,275.25,274.88,78
2023-07-12 16:00:00,1976,274.8393,275.02,274.726,275.0225,274.68,37
2023-07-12 16:01:00,2333,274.6179,274.68,274.48,274.77,274.45,51
2023-07-12 16:02:00,2468,274.2342,274.39,274.215,274.39,274.14,67
2023-07-12 16:03:00,3686,273.8407,274.03,273.69,274.07,273.53,60
2023-07-12 16:04:00,5571,273.5962,273.895,273.595,273.895,273.48,109
2023-07-12 16:05:00,2292,273.5354,273.595,273.56,273.6,273.38,47
2023-07-12 16:06:00,2538,273.3468,273.565,273.19,273.565,273.19,73
2023-07-12 16:07:00,1775,273.4105,273.54,273.325,273.55,273.32,54
2023-07-12 16:08:00,280,273.2319,273.19,273.23,273.23,273.19,16
2023-07-12 16:09:00,1492,273.2395,273.445,273.245,273.445,273.19,50
2023-07-12 16:10:00,3645,273.5219,273.285,273.43,273.659,273.285,95
2023-07-12 16:11:00,1315,273.6758,273.635,273.66,273.77,273.635,48
2023-07-12 16:12:00,1066,273.861,273.81,273.94,273.94,273.81,48
2023-07-12 16:13:00,3087,274.1981,273.63,274.59,274.59,273.63,110
2023-07-12 16:14:00,616,274.6148,274.63,274.63,274.63,274.63,25
2023-07-12 16:15:00,3953,274.5308,274.54,274.6875,274.71,274.4,100
2023-07-12 16:16:00,2285,274.2487,274.25,274.16,274.28,274.13,61
2023-07-12 16:17:00,3580,274.3283,274.53,274.21,274.53,274.11,78
2023-07-12 16:18:00,310,274.0611,274.035,274.1,274.1,274.035,9
2023-07-12 16:19:00,1373,273.7929,273.85,273.79,273.92,273.7,35
2023-07-12 16:21:00,787,273.8939,273.88,273.88,273.9225,273.88,22
2023-07-12 16:22:00,569,274.046,274.1,274.1,274.1,274.1,33
2023-07-12 16:23:00,626,274.1942,274.29,274.08,274.43,274.08,23
2023-07-12 16:24:00,2145,274.2179,274.2,274.2,274.31,274.2,21
2023-07-12 16:26:00,3457,273.9413,274.24,273.26,274.24,273.26,86
2023-07-12 16:27:00,4230,273.3661,273.52,273.21,273.53,273.21,90
2023-07-12 16:28:00,876,273.2077,273.13,273.22,273.22,273.13,34
2023-07-12 16:29:00,1745,273.025,273.19,272.93,273.19,272.8,54
2023-07-12 16:30:00,5916,272.8876,272.8,272.82,273.04,272.76,194
2023-07-12 16:31:00,3962,273.1082,273.01,273.14,273.24,272.94,103
2023-07-12 16:32:00,1439,273.2014,273.125,273.24,273.24,273.125,39
2023-07-12 16:33:00,1843,273.3914,273.3,273.47,273.47,273.245,76
2023-07-12 16:34:00,2152,273.4515,273.535,273.4,273.55,273.38,51
2023-07-12 16:35:00,1466,273.2139,273.24,273.17,273.24,273.125,47
2023-07-12 16:36:00,993,273.2732,273.18,273.19,273.4,273.18,36
2023-07-12 16:37:00,3594,273.2573,273.33,273.42,273.42,273.04,167
2023-07-12 16:39:00,700,273.4838,273.53,273.41,273.53,273.41,31
2023-07-12 16:40:00,1700,273.3406,273.4,273.18,273.44,273.18,35
2023-07-12 16:42:00,1683,273.0885,273.32,272.76,273.32,272.76,48
2023-07-12 16:43:00,2043,272.6023,272.71,272.51,272.71,272.385,43
2023-07-12 16:44:00,744,272.3169,272.37,272.28,272.37,272.28,36
2023-07-12 16:47:00,1984,272.2868,272.2,272.35,272.37,272.17,47
2023-07-12 16:48:00,1453,272.4524,272.365,272.365,272.5,272.365,54
2023-07-12 16:49:00,2522,272.5053,272.455,272.52,272.54,272.42,54
2023-07-12 16:50:00,392,272.7218,272.6786,272.8099,272.8099,272.6786,8
2023-07-12 16:55:00,412,272.5603,272.6,272.6,272.6,272.6,16
2023-07-12 16:57:00,5438,272.2364,272.5,271.92,272.515,271.83,160
2023-07-12 16:58:00,825,271.7484,271.77,271.735,271.77,271.73,28
2023-07-12 16:59:00,1189,271.7761,271.735,271.64,271.93,271.64,24
2023-07-12 17:00:00,2168,271.8989,271.805,271.895,271.97,271.805,57
2023-07-12 17:01:00,803,271.8906,271.9,271.9,271.9,271.9,54
2023-07-12 17:02:00,1138,272.0061,271.985,272.02,272.02,271.985,30
2023-07-12 17:03:00,485,271.8816,271.9,271.9,271.9,271.9,20
2023-07-12 17:04:00,1103,271.6287,271.77,271.52,271.77,271.44,56
2023-07-12 17:05:00,1899,271.7137,271.46,271.735,271.8812,271.46,38
2023-07-12 17:06:00,758,271.6064,271.5628,271.7,271.7,271.5628,12
2023-07-12 17:07:00,2671,272.0232,271.715,272.45,272.45,271.715,103
2023-07-12 17:08:00,724,272.2142,272.28,272.21,272.28,272.21,26
2023-07-12 17:09:00,1104,271.9197,272.13,271.86,272.13,271.86,52
2023-07-12 17:10:00,529,271.725,271.75,271.61,271.75,271.61,22
2023-07-12 17:11:00,1149,271.8015,271.96,271.81,271.96,271.81,37
2023-07-12 17:12:00,303,271.8119,271.81,271.81,271.81,271.81,2
2023-07-12 17:14:00,316,272.0213,272.03,272.01,272.03,272.01,19
2023-07-12 17:15:00,569,272.1102,271.965,271.98,271.98,271.965,35
2023-07-12 17:16:00,230,272.2422,272.26,272.26,272.26,272.26,15
2023-07-12 17:18:00,891,271.9405,271.91,272.0,272.04,271.87,41
2023-07-12 17:19:00,2436,272.1059,272.065,272.2,272.2,272.03,69
2023-07-12 17:20:00,572,272.2817,272.275,272.275,272.275,272.275,12
2023-07-12 17:21:00,808,272.0654,272.08,272.0,272.08,272.0,23
2023-07-12 17:26:00,2501,272.3279,272.195,272.51,272.51,272.195,92
2023-07-12 17:27:00,1130,272.4053,272.44,272.3,272.44,272.3,53
2023-07-12 17:28:00,868,272.2771,272.28,272.23,272.28,272.23,38
2023-07-12 17:29:00,189,272.3961,272.415,272.415,272.415,272.415,9
2023-07-12 17:30:00,1814,272.3942,272.24,272.64,272.64,272.18,55
2023-07-12 17:31:00,661,272.5376,272.52,272.69,272.69,272.52,24
2023-07-12 17:33:00,363,272.4238,272.42,272.38,272.42,272.38,16
2023-07-12 17:35:00,1627,272.2967,272.36,272.245,272.36,272.17,77
2023-07-12 17:36:00,595,272.1545,272.345,272.04,272.345,272.04,36
2023-07-12 17:39:00,518,272.2535,272.32,272.32,272.32,272.32,31
2023-07-12 17:46:00,1243,272.5095,272.48,272.5069,272.5069,272.48,35
2023-07-12 17:47:00,1053,272.4772,272.48,272.46,272.48,272.46,36
2023-07-12 17:48:00,338,272.533,272.525,272.55,272.55,272.525,13
2023-07-12 17:49:00,900,272.4375,272.57,272.39,272.57,272.39,46
2023-07-12 17:50:00,6985,272.0489,272.37,271.83,272.37,271.74,225
2023-07-12 17:52:00,425,271.9688,271.96,271.96,271.96,271.96,25
2023-07-12 17:53:00,1385,272.1925,272.0778,272.34,272.34,272.0778,75
2023-07-12 17:55:00,303,272.372,272.37,272.375,272.375,272.37,8
2023-07-12 17:56:00,1028,272.2839,272.38,272.26,272.38,272.26,29
2023-07-12 17:57:00,720,272.1762,272.18,272.15,272.18,272.15,28
2023-07-12 17:58:00,1573,271.7985,271.96,271.72,271.96,271.71,83
2023-07-12 17:59:00,371,271.8772,271.9638,271.9638,271.9638,271.9638,14
2023-07-12 18:00:00,135,271.9527,271.97,271.97,271.97,271.97,17
2023-07-12 18:02:00,3570,271.5803,271.55,271.785,271.87,271.44,113
2023-07-12 18:03:00,114,271.8296,271.88,271.88,271.88,271.88,2
2023-07-12 18:04:00,750,272.0468,272.0,271.965,272.03,271.965,44
2023-07-12 18:07:00,235,272.1898,272.18,272.18,272.18,272.18,15
2023-07-12 18:08:00,1521,272.0876,272.11,272.06,272.11,272.05,43
2023-07-12 18:11:00,1241,272.1436,272.15,272.12,272.15,272.12,41
2023-07-12 18:13:00,724,272.347,272.38,272.23,272.38,272.23,46
2023-07-12 18:14:00,1871,272.4397,272.425,272.435,272.49,272.36,47
2023-07-12 18:15:00,678,272.4991,272.465,272.385,272.465,272.385,39
2023-07-12 18:16:00,698,272.7758,272.81,272.82,272.82,272.81,38
2023-07-12 18:17:00,1014,272.6707,272.76,272.66,272.76,272.62,53
2023-07-12 18:18:00,1865,272.4785,272.505,272.35,272.66,272.35,71
2023-07-12 18:23:00,1939,272.2734,272.34,272.16,272.42,272.16,77
2023-07-12 18:24:00,812,272.0758,272.0,272.07,272.07,272.0,26
2023-07-12 18:25:00,788,272.2221,272.21,272.23,272.23,272.21,22
2023-07-12 18:26:00,302,272.2394,272.29,272.3,272.3,272.29,8
2023-07-12 18:30:00,3776,271.9133,272.14,271.69,272.14,271.69,119
2023-07-12 18:31:00,400,271.8824,271.96,271.9,271.96,271.9,26
2023-07-12 18:34:00,293,271.8447,271.915,271.915,271.915,271.915,17
2023-07-12 18:35:00,602,271.9187,271.8675,271.855,271.8675,271.855,32
2023-07-12 18:37:00,2978,272.0256,272.15,271.96,272.19,271.92,102
2023-07-12 18:38:00,2658,272.0891,272.02,272.19,272.3,271.88,83
2023-07-12 18:39:00,287,272.3245,272.29,272.415,272.415,272.29,11
2023-07-12 18:40:00,1497,272.1397,272.2,271.94,272.2,271.93,53
2023-07-12 18:42:00,531,272.0626,272.055,272.06,272.06,272.055,19
2023-07-12 18:44:00,778,272.297,272.185,272.55,272.55,272.185,37
2023-07-12 18:46:00,1686,272.1811,272.415,272.115,272.415,272.11,39
2023-07-12 18:47:00,1945,271.9661,272.1,271.79,272.1,271.76,72
2023-07-12 18:48:00,292,271.9529,271.955,271.955,271.955,271.955,11
2023-07-12 18:50:00,654,271.8202,271.79,271.79,271.79,271.79,27
2023-07-12 18:51:00,285,271.6427,271.64,271.64,271.64,271.64,31
2023-07-12 18:52:00,922,271.5569,271.5154,271.67,271.67,271.36,43
2023-07-12 18:53:00,1587,271.5983,271.67,271.47,271.67,271.43,41
2023-07-12 18:54:00,1193,271.5506,271.45,271.72,271.72,271.45,41
2023-07-12 18:55:00,370,271.5493,271.51,271.51,271.51,271.51,19
2023-07-12 18:57:00,815,271.6915,271.68,271.68,271.68,271.68,46
2023-07-12 18:58:00,330,271.7942,271.85,271.85,271.85,271.85,19
2023-07-12 18:59:00,1089,271.5854,271.6,271.57,271.6,271.57,50
2023-07-12 19:00:00,420,271.5596,271.545,271.63,271.63,271.52,19
2023-07-12 19:01:00,658,271.4727,271.48,271.48,271.48,271.48,29
2023-07-12 19:02:00,810,271.5721,271.465,271.62,271.62,271.465,41
2023-07-12 19:03:00,771,271.6487,271.81,271.57,271.81,271.57,18
2023-07-12 19:04:00,1642,271.7433,271.67,271.88,271.88,271.63,51
2023-07-12 19:06:00,705,271.719,271.71,271.745,271.745,271.71,25
2023-07-12 19:07:00,2581,271.8147,271.755,271.89,271.98,271.74,85
2023-07-12 19:09:00,550,271.7597,271.75,271.76,271.76,271.75,39
2023-07-12 19:10:00,1546,271.7005,271.69,271.64,271.7,271.64,70
2023-07-12 19:11:00,1158,271.5671,271.63,271.53,271.63,271.53,41
2023-07-12 19:12:00,563,271.7172,271.625,271.79,271.79,271.625,28
2023-07-12 19:13:00,2354,271.8117,271.78,271.67,271.9,271.67,76
2023-07-12 19:14:00,706,271.8574,271.81,271.96,271.96,271.81,35
2023-07-12 19:15:00,641,271.9947,271.99,272.065,272.065,271.99,26
2023-07-12 19:17:00,2850,271.8696,271.93,271.84,271.93,271.72,109
2023-07-12 19:18:00,459,271.6967,271.69,271.69,271.69,271.69,25
2023-07-12 19:19:00,2398,271.5725,271.6,271.5,271.625,271.5,70
2023-07-12 19:20:00,1732,271.4485,271.49,271.35,271.5,271.35,66
2023-07-12 19:21:00,1759,271.327,271.44,271.31,271.44,271.18,64
2023-07-12 19:22:00,3054,270.92,271.12,270.79,271.12,270.79,82
2023-07-12 19:23:00,2031,270.7943,270.79,270.72,270.85,270.72,79
2023-07-12 19:24:00,2782,270.4775,270.52,270.575,270.585,270.36,70
2023-07-12 19:25:00,2977,270.3394,270.34,270.325,270.43,270.14,74
2023-07-12 19:26:00,3794,270.4577,270.24,270.52,270.52,270.24,94
2023-07-12 19:27:00,1392,270.5341,270.55,270.46,270.565,270.46,32
2023-07-12 19:28:00,3256,270.4,270.42,270.41,270.49,270.255,75
2023-07-12 19:29:00,311,270.5767,270.59,270.6,270.6,270.59,13
2023-07-12 19:30:00,1079,270.5788,270.61,270.62,270.62,270.585,30
2023-07-12 19:31:00,3748,270.6647,270.6327,270.65,270.8,270.53,110
2023-07-12 19:32:00,2511,270.8108,270.73,270.91,270.93,270.73,94
2023-07-12 19:33:00,1757,270.9495,270.9,271.0,271.0,270.87,86
2023-07-12 19:34:00,2274,270.9327,271.0625,270.9,271.0625,270.85,72
2023-07-12 19:35:00,813,271.1623,271.09,271.245,271.245,271.09,28
2023-07-12 19:36:00,288,271.2741,271.29,271.275,271.29,271.275,16
2023-07-12 19:37:00,1241,271.2864,271.36,271.25,271.38,271.25,37
2023-07-12 19:38:00,1509,271.312,271.37,271.24,271.4,271.24,45
2023-07-12 19:39:00,2175,271.2668,271.32,271.32,271.32,271.2656,18
2023-07-12 19:40:00,2813,271.2089,271.4399,271.21,271.4399,271.14,89
2023-07-12 19:41:00,1855,271.3816,271.29,271.43,271.47,271.29,86
2023-07-12 19:42:00,1121,271.5001,271.45,271.47,271.58,271.45,45
2023-07-12 19:43:00,1166,271.5399,271.48,271.58,271.58,271.48,47
2023-07-12 19:44:00,2071,271.5954,271.48,271.72,271.74,271.48,78
2023-07-12 19:45:00,3069,271.6959,271.83,271.55,271.83,271.55,90
2023-07-12 19:46:00,2147,271.5386,271.55,271.47,271.615,271.43,48
2023-07-12 19:47:00,3907,271.538,271.62,271.5625,271.68,271.45,75
2023-07-12 19:48:00,3995,271.4246,271.4501,271.485,271.485,271.34,106
2023-07-12 19:49:00,2786,271.3241,271.36,271.27,271.375,271.27,113
2023-07-12 19:50:00,6583,270.9467,271.26,270.86,271.28,270.76,191
2023-07-12 19:51:00,3130,270.7281,270.76,270.71,270.815,270.63,128
2023-07-12 19:52:00,3570,270.906,270.72,271.05,271.08,270.72,122
2023-07-12 19:53:00,2291,271.0478,271.13,271.09,271.13,271.01,83
2023-07-12 19:54:00,5255,270.9845,271.03,270.93,271.045,270.92,191
2023-07-12 19:55:00,12412,270.7654,270.92,270.64,270.93,270.62,365
2023-07-12 19:56:00,11129,270.8028,270.65,270.83,270.95,270.64,294
2023-07-12 19:57:00,4131,270.845,270.9,270.91,270.94,270.79,178
2023-07-12 19:58:00,9672,270.8797,270.82,270.93,270.97,270.8,355
2023-07-12 19:59:00,26649,270.8638,270.9,271.0,271.0,270.73,617
2023-07-12 20:00:00,2163,270.92,270.92,270.92,270.92,270.92,13
2023-07-12 20:11:00,185,270.92,270.92,270.92,270.92,270.92,1
2023-07-12 20:12:00,600,272.88,272.88,272.88,272.88,272.88,1
2023-07-12 21:06:00,3399,270.92,270.92,270.92,270.92,270.92,1
2023-07-13 11:40:00,186,273.0,273.0,273.0,273.0,273.0,2
2023-07-13 11:41:00,100,272.6,272.6,272.6,272.6,272.6,1
2023-07-13 11:45:00,110,272.9845,272.99,272.99,272.99,272.99,2
2023-07-13 12:00:00,605,273.0,273.0,273.0,273.0,273.0,13
2023-07-13 13:30:00,13463,274.7399,274.95,273.1,275.04,273.0,134
2023-07-13 13:31:00,1283,273.6488,273.2,274.0793,274.0793,273.2,32
2023-07-13 13:32:00,1470,274.478,274.126,274.17,275.02,274.126,39
2023-07-13 13:33:00,2665,273.8202,274.33,273.73,274.33,273.32,57
2023-07-13 13:34:00,3608,273.0835,273.1,273.03,273.19,272.89,69
2023-07-13 13:35:00,3038,272.9283,273.1,273.1,273.17,272.32,93
2023-07-13 13:36:00,2562,273.2985,273.38,273.18,273.7693,273.13,64
2023-07-13 13:37:00,3646,272.3393,272.61,272.24,272.61,272.2,90
2023-07-13 13:38:00,1600,272.8584,272.68,273.04,273.04,272.68,53
2023-07-13 13:39:00,810,272.8482,273.0,272.48,273.1993,272.405,26
2023-07-13 13:40:00,4266,272.5069,272.36,273.31,273.31,272.0,102
2023-07-13 13:41:00,438,272.9852,272.9,273.1,273.1,272.9,27
2023-07-13 13:42:00,1366,272.4361,272.5,272.15,272.5,272.15,73
2023-07-13 13:43:00,684,272.0722,272.9099,272.03,272.9099,272.03,37
2023-07-13 13:44:00,9932,271.8127,272.015,271.11,272.02,271.11,90
2023-07-13 13:45:00,3337,271.5031,271.365,271.32,271.6,271.131,81
2023-07-13 13:46:00,1047,270.9683,271.1,270.8,271.1,270.76,52
2023-07-13 13:47:00,1178,270.708,270.66,270.64,270.95,270.62,62
2023-07-13 13:49:00,1474,271.2048,271.14,271.055,271.47,271.055,58
2023-07-13 13:50:00,1352,270.2426,270.29,270.01,270.29,270.01,93
2023-07-13 13:51:00,3833,270.3106,270.21,270.865,270.865,270.01,111
2023-07-13 13:52:00,974,271.148,271.2,271.485,271.485,271.2,30
2023-07-13 13:53:00,3673,272.2037,271.57,272.49,272.715,271.57,100
2023-07-13 13:55:00,918,273.0831,272.83,273.4331,273.4331,272.83,26
2023-07-13 13:56:00,505,273.3282,273.23,273.45,273.45,273.23,18
2023-07-13 13:57:00,223,273.1953,273.06,273.06,273.06,273.06,14
2023-07-13 13:59:00,585,273.4066,273.37,273.55,273.55,273.37,30
2023-07-13 14:00:00,4543,273.5677,273.8,273.11,274.09,273.11,109
2023-07-13 14:01:00,919,273.093,273.29,273.28,273.29,272.7862,32
2023-07-13 14:02:00,684,273.3084,273.22,273.4466,273.48,273.22,39
2023-07-13 14:03:00,2601,273.2649,273.3,273.41,273.41,273.24,21
2023-07-13 14:04:00,365,273.4187,273.405,273.29,273.405,273.29,18
2023-07-13 14:05:00,962,273.9023,273.8,274.25,274.25,273.8,36
2023-07-13 14:06:00,501,273.4183,273.5275,273.31,273.5275,273.31,26
2023-07-13 14:07:00,870,273.0519,273.299,273.06,273.299,272.97,28
2023-07-13 14:08:00,1304,272.8604,272.85,272.91,272.91,272.69,42
2023-07-13 14:09:00,441,273.165,273.14,273.14,273.14,273.14,29
2023-07-13 14:10:00,504,273.27,273.38,273.37,273.38,273.37,18
2023-07-13 14:11:00,1726,273.6562,273.7314,273.8,273.8,273.47,52
2023-07-13 14:12:00,541,273.7606,273.98,273.665,273.98,273.4701,16
2023-07-13 14:13:00,1315,273.5734,273.551,273.56,273.56,273.51,41
2023-07-13 14:14:00,1087,273.6593,273.41,273.83,273.835,273.41,44
2023-07-13 14:16:00,376,273.6193,273.616,273.6697,273.6697,273.616,10
2023-07-13 14:17:00,2298,273.2784,273.45,273.32,273.45,273.14,92
2023-07-13 14:18:00,347,272.8455,272.83,272.83,272.83,272.83,8
2023-07-13 14:19:00,257,273.208,273.1075,273.1075,273.1075,273.1075,18
2023-07-13 14:20:00,2538,273.2077,272.88,273.54,273.55,272.88,119
2023-07-13 14:21:00,650,273.4118,273.44,273.34,273.52,273.34,25
2023-07-13 14:22:00,222,273.6588,273.67,273.67,273.67,273.67,9
2023-07-13 14:23:00,1317,273.838,273.82,274.07,274.07,273.8,45
2023-07-13 14:24:00,1239,273.934,274.1,274.04,274.1,273.8,26
2023-07-13 14:25:00,1966,273.8978,273.82,273.89,273.89,273.82,74
2023-07-13 14:26:00,821,273.4741,273.68,273.43,273.68,273.43,39
2023-07-13 14:27:00,630,273.2838,273.19,273.077,273.19,273.077,40
2023-07-13 14:28:00,450,273.8657,273.73,273.93,273.93,273.73,18
2023-07-13 14:29:00,264,274.0273,273.93,273.93,273.93,273.93,12
2023-07-13 14:30:00,1396,273.631,273.8,273.33,273.84,273.33,85
2023-07-13 14:31:00,497,272.3994,272.21,272.19,272.21,272.19,34
2023-07-13 14:32:00,1289,272.1378,272.2,271.995,272.22,271.995,41
2023-07-13 14:33:00,1171,272.1224,271.89,272.28,272.28,271.88,25
2023-07-13 14:34:00,1975,272.0595,272.32,271.9625,272.32,271.96,47
2023-07-13 14:35:00,2775,272.0442,272.09,271.7,272.27,271.7,81
2023-07-13 14:36:00,685,271.6627,271.508,271.84,271.84,271.508,28
2023-07-13 14:37:00,482,271.6218,271.6,271.61,271.6578,271.6,20
2023-07-13 14:38:00,620,271.5755,271.565,271.565,271.57,271.565,11
2023-07-13 14:39:00,1998,271.2926,271.32,270.9847,271.36,270.9847,80
2023-07-13 14:40:00,2159,270.7746,271.11,270.72,271.11,270.67,56
2023-07-13 14:41:00,5451,270.4713,270.7,270.425,270.715,270.265,106
2023-07-13 14:42:00,278,270.1495,270.255,270.255,270.255,270.255,10
2023-07-13 14:43:00,276,270.2494,270.27,270.25,270.27,270.25,10
2023-07-13 14:44:00,3632,270.0176,270.06,269.905,270.0925,269.9,111
2023-07-13 14:45:00,6732,269.9404,269.8,270.015,270.37,269.64,143
2023-07-13 14:46:00,2099,270.237,270.26,270.12,270.3,270.12,53
2023-07-13 14:47:00,1804,269.9776,270.235,269.875,270.235,269.7555,35
2023-07-13 14:48:00,8008,269.9825,270.0,269.98,270.1,269.805,62
2023-07-13 14:49:00,1055,269.98,270.01,269.73,270.06,269.73,22
2023-07-13 14:50:00,116,269.886,269.875,269.875,269.875,269.875,7
2023-07-13 14:51:00,2619,270.1055,270.08,270.3446,270.3446,270.06,53
2023-07-13 14:52:00,1641,269.9292,270.09,269.965,270.09,269.79,61
2023-07-13 14:53:00,5701,270.0653,270.18,269.97,270.2425,269.91,110
2023-07-13 14:54:00,4227,270.2162,269.97,270.105,270.41,269.97,98
2023-07-13 14:55:00,1501,269.8393,270.1,269.64,270.305,269.64,47
2023-07-13 14:56:00,860,269.6061,269.695,269.52,269.695,269.52,38
2023-07-13 14:57:00,3248,269.8197,269.58,270.185,270.185,269.555,116
2023-07-13 14:58:00,1594,270.2426,270.19,270.35,270.35,270.19,39
2023-07-13 14:59:00,2675,270.2525,270.35,270.14,270.35,270.14,59
2023-07-13 15:00:00,5074,269.9977,270.1,269.9,270.3,269.74,113
2023-07-13 15:01:00,3595,270.1809,270.08,270.255,270.315,270.08,117
2023-07-13 15:02:00,1735,271.0125,270.51,271.27,271.52,270.51,41
2023-07-13 15:03:00,2271,271.6739,271.27,272.0,272.0,271.09,61
2023-07-13 15:04:00,590,271.8808,271.995,271.92,271.995,271.92,34
2023-07-13 15:05:00,857,271.7107,271.875,271.758,271.875,271.63,43
2023-07-13 15:06:00,860,271.7544,271.73,271.66,271.73,271.66,52
2023-07-13 15:07:00,1222,271.7932,271.8,271.72,271.84,271.72,55
2023-07-13 15:08:00,2914,271.5061,271.59,271.29,271.59,271.29,88
2023-07-13 15:09:00,902,271.0566,271.25,271.0,271.25,270.96,52
2023-07-13 15:10:00,262,270.8225,270.915,270.675,270.915,270.675,19
2023-07-13 15:11:00,719,270.7505,270.61,270.85,270.85,270.61,28
2023-07-13 15:12:00,1676,271.0169,271.0,271.03,271.05,270.98,60
2023-07-13 15:13:00,1741,270.958,270.82,271.035,271.1,270.81,65
2023-07-13 15:14:00,910,270.6766,270.725,270.65,270.725,270.65,39
2023-07-13 15:15:00,417,270.6433,270.67,270.66,270.67,270.51,14
2023-07-13 15:17:00,2313,270.3843,270.5,270.5,270.53,270.27,85
2023-07-13 15:18:00,1174,270.4824,270.28,270.48,270.48,270.28,58
2023-07-13 15:19:00,1230,270.3496,270.58,270.27,270.58,270.27,12
2023-07-13 15:20:00,1068,270.4977,270.35,270.495,270.69,270.35,35
2023-07-13 15:21:00,901,270.4735,270.5,270.495,270.5,270.45,24
2023-07-13 15:22:00,1759,270.1099,270.25,269.805,270.25,269.805,90
2023-07-13 15:23:00,208,269.9464,269.8789,270.01,270.01,269.8789,7
2023-07-13 15:24:00,774,269.9375,269.91,269.91,269.91,269.91,25
2023-07-13 15:25:00,1257,269.6968,269.77,269.715,269.77,269.49,52
2023-07-13 15:26:00,990,269.6378,269.47,269.67,269.7,269.47,42
2023-07-13 15:27:00,1492,269.5335,269.6345,269.49,269.665,269.41,77
2023-07-13 15:28:00,4397,269.7315,269.65,269.675,269.86,269.61,106
2023-07-13 15:29:00,1746,270.0509,270.21,270.13,270.28,269.96,52
2023-07-13 15:30:00,1364,270.3903,270.36,270.7516,270.7516,270.36,35
2023-07-13 15:31:00,932,270.4468,270.8,270.38,270.8,270.37,60
2023-07-13 15:32:00,198,270.4071,270.38,270.38,270.38,270.38,12
2023-07-13 15:33:00,1224,270.5365,270.6,270.38,270.61,270.38,59
2023-07-13 15:35:00,493,270.5697,270.57,270.57,270.57,270.57,28
2023-07-13 15:36:00,152,270.5322,270.505,270.505,270.505,270.505,13
2023-07-13 15:37:00,626,270.4373,270.41,270.41,270.51,270.41,15
2023-07-13 15:38:00,484,270.6893,270.61,270.71,270.71,270.61,18
2023-07-13 15:39:00,2744,270.8096,270.79,270.88,270.95,270.64,46
2023-07-13 15:40:00,152,270.9061,270.89,270.89,270.89,270.89,12
2023-07-13 15:41:00,2619,270.7097,270.9,270.68,270.9,270.66,76
2023-07-13 15:42:00,3053,270.2826,270.3,270.205,270.43,270.19,76
2023-07-13 15:43:00,500,270.4428,270.31,270.39,270.49,270.31,18
2023-07-13 15:44:00,347,270.3847,270.44,270.19,270.5,270.19,10
2023-07-13 15:45:00,1596,270.2232,270.225,270.0,270.42,270.0,70
2023-07-13 15:46:00,1505,269.7543,269.86,269.7,269.86,269.7,68
2023-07-13 15:47:00,2058,269.7312,269.88,269.31,269.95,269.31,76
2023-07-13 15:48:00,1036,269.3529,269.45,269.42,269.45,269.27,23
2023-07-13 15:49:00,2148,269.1029,269.2,269.07,269.42,269.0,86
2023-07-13 15:50:00,1295,269.2457,269.27,269.135,269.28,269.135,36
2023-07-13 15:51:00,572,269.1787,269.2,269.09,269.2,269.09,18
2023-07-13 15:52:00,494,269.0377,269.03,269.02,269.04,269.02,28
2023-07-13 15:53:00,211,269.1861,269.19,269.19,269.19,269.19,10
2023-07-13 15:54:00,299,269.0473,269.04,269.04,269.04,269.04,19
2023-07-13 15:55:00,2020,268.9997,269.01,268.79,269.01,268.79,96
2023-07-13 15:56:00,1391,269.0357,269.1,269.03,269.1,269.025,19
2023-07-13 15:57:00,798,269.011,269.04,268.975,269.04,268.975,20
2023-07-13 15:58:00,156,268.9645,268.9422,268.9422,268.9422,268.9422,11
2023-07-13 15:59:00,1386,269.2284,268.89,269.295,269.35,268.89,70
2023-07-13 16:00:00,988,269.2337,269.27,269.07,269.27,269.07,55
2023-07-13 16:01:00,278,268.9951,268.95,268.95,268.95,268.95,19
2023-07-13 16:02:00,863,268.8035,268.88,268.88,268.88,268.88,60
2023-07-13 16:03:00,1450,268.8236,268.86,268.71,268.86,268.71,52
2023-07-13 16:04:00,352,268.8992,268.9,268.91,268.91,268.9,13
2023-07-13 16:05:00,1707,269.0301,269.11,268.835,269.13,268.835,42
2023-07-13 16:06:00,1622,269.1098,268.98,269.125,269.18,268.98,35
2023-07-13 16:07:00,543,269.2167,268.95,269.3,269.3,268.95,24
2023-07-13 16:09:00,164,269.5629,269.5039,269.5039,269.5039,269.5039,11
2023-07-13 16:11:00,2028,269.3864,269.46,269.25,269.46,269.23,77
2023-07-13 16:12:00,958,268.9409,269.16,268.87,269.16,268.87,49
2023-07-13 16:13:00,1107,268.9199,268.87,269.0,269.0,268.82,25
2023-07-13 16:14:00,169,268.9491,268.99,268.99,268.99,268.99,12
2023-07-13 16:15:00,696,269.1377,269.19,269.19,269.19,269.19,26
2023-07-13 16:16:00,393,269.2781,269.25,269.25,269.25,269.25,18
2023-07-13 16:17:00,238,269.3935,269.41,269.41,269.41,269.41,14
2023-07-13 16:18:00,297,269.5015,269.51,269.4425,269.51,269.4425,16
2023-07-13 16:20:00,1997,269.3047,269.58,269.225,269.58,269.2,60
2023-07-13 16:21:00,807,269.2909,269.25,269.245,269.35,269.245,24
2023-07-13 16:22:00,246,269.1339,269.08,269.195,269.195,269.08,9
2023-07-13 16:23:00,210,269.1722,269.17,269.17,269.17,269.17,11
2023-07-13 16:24:00,1703,269.2509,269.165,269.02,269.37,269.02,66
2023-07-13 16:25:00,2201,268.9794,269.04,269.03,269.04,268.95,42
2023-07-13 16:26:00,2065,269.3425,268.98,269.45,269.52,268.98,94
2023-07-13 16:27:00,710,269.5476,269.685,269.49,269.685,269.49,22
2023-07-13 16:28:00,266,269.4123,269.38,269.38,269.38,269.38,13
2023-07-13 16:29:00,238,269.495,269.51,269.51,269.51,269.51,18
2023-07-13 16:30:00,1649,269.6027,269.56,269.665,269.69,269.45,46
2023-07-13 16:31:00,822,269.2982,269.18,269.21,269.21,269.18,39
2023-07-13 16:32:00,939,269.0339,269.05,269.125,269.125,269.025,26
2023-07-13 16:33:00,593,268.8694,268.88,268.88,268.88,268.88,22
2023-07-13 16:34:00,411,269.0781,269.025,269.025,269.025,269.025,17
2023-07-13 16:35:00,5024,269.1125,269.14,269.43,269.465,269.04,30
2023-07-13 16:38:00,1080,269.3593,269.39,269.41,269.45,269.36,36
2023-07-13 16:39:00,407,269.4111,269.355,269.355,269.355,269.355,14
2023-07-13 16:40:00,676,269.4983,269.63,269.455,269.63,269.455,31
2023-07-13 16:41:00,126,269.38,269.38,269.38,269.38,269.38,3
2023-07-13 16:42:00,913,269.1116,269.16,268.99,269.16,268.96,46
2023-07-13 16:43:00,566,269.1717,269.02,269.25,269.25,269.02,14
2023-07-13 16:45:00,333,269.1459,269.15,269.15,269.15,269.15,10
2023-07-13 16:46:00,441,268.9084,268.77,268.77,268.77,268.77,30
2023-07-13 16:48:00,1067,268.6911,268.79,268.5,268.79,268.5,62
2023-07-13 16:49:00,1882,268.8391,268.83,268.77,268.89,268.77,48
2023-07-13 16:50:00,336,268.8439,268.905,268.755,268.905,268.755,15
2023-07-13 16:51:00,1341,268.7118,268.7,268.74,268.74,268.68,30
2023-07-13 16:54:00,340,268.7685,268.75,268.77,268.77,268.75,11
2023-07-13 16:55:00,495,268.5477,268.44,268.56,268.56,268.44,21
2023-07-13 16:56:00,160,268.4443,268.4135,268.4135,268.4135,268.4135,8
2023-07-13 16:57:00,647,268.3013,268.26,268.26,268.26,268.26,66
2023-07-13 16:58:00,2023,268.4727,268.41,268.58,268.58,268.39,63
2023-07-13 16:59:00,460,268.7801,268.71,268.74,268.8437,268.71,10
2023-07-13 17:00:00,515,268.8585,268.88,268.79,268.88,268.79,18
2023-07-13 17:01:00,2303,268.7727,268.8,268.46,268.8,268.46,30
2023-07-13 17:02:00,815,268.3545,268.34,268.39,268.39,268.32,25
2023-07-13 17:03:00,427,268.3957,268.39,268.41,268.41,268.39,8
2023-07-13 17:05:00,1014,268.3593,268.31,268.31,268.48,268.31,30
2023-07-13 17:06:00,301,268.2932,268.14,268.4724,268.4724,268.14,17
2023-07-13 17:07:00,683,268.1298,268.11,268.09,268.2,268.09,38
2023-07-13 17:09:00,3170,268.0496,268.18,267.91,268.18,267.91,150
2023-07-13 17:10:00,1297,267.8833,267.955,267.74,268.03,267.69,44
2023-07-13 17:11:00,261,268.0116,267.88,267.88,267.88,267.88,8
2023-07-13 17:12:00,677,267.994,267.975,268.05,268.05,267.89,22
2023-07-13 17:13:00,1930,267.868,268.03,267.83,268.03,267.81,64
2023-07-13 17:14:00,464,268.0191,267.8,268.07,268.09,267.8,17
2023-07-13 17:15:00,388,268.1116,268.05,268.0895,268.0895,268.05,17
2023-07-13 17:16:00,331,268.0991,268.09,268.095,268.095,268.09,9
2023-07-13 17:17:00,315,268.2262,268.24,268.25,268.25,268.24,12
2023-07-13 17:19:00,1592,268.4267,268.25,268.73,268.73,268.25,75
2023-07-13 17:21:00,338,268.9639,269.0096,268.97,269.0096,268.97,13
2023-07-13 17:22:00,1134,268.4925,269.09,269.09,269.09,269.09,26
2023-07-13 17:23:00,471,269.3829,269.28,269.463,269.463,269.28,15
2023-07-13 17:25:00,3428,269.1643,269.21,269.135,269.23,269.135,91
2023-07-13 17:26:00,4335,269.2422,269.225,269.365,269.38,269.09,61
2023-07-13 17:27:00,1200,269.5512,269.47,269.72,269.72,269.47,33
2023-07-13 17:28:00,905,270.0181,270.0,270.1,270.1,270.0,37
2023-07-13 17:29:00,1675,270.3628,270.35,270.38,270.41,270.305,36
2023-07-13 17:30:00,2022,270.3537,270.305,270.48,270.49,270.305,32
2023-07-13 17:31:00,366,270.3866,270.3746,270.405,270.405,270.3746,11
2023-07-13 17:32:00,603,270.4575,270.37,270.515,270.54,270.37,14
2023-07-13 17:33:00,6671,270.3859,270.515,270.34,270.55,270.34,128
2023-07-13 17:34:00,1736,270.2217,270.28,270.025,270.3,270.025,39
2023-07-13 17:35:00,989,270.0364,270.195,270.0,270.195,270.0,37
2023-07-13 17:36:00,12069,269.9661,269.97,270.0,270.16,269.73,188
2023-07-13 17:37:00,7639,269.9779,270.005,270.0,270.07,269.925,120
2023-07-13 17:38:00,4980,270.1209,269.99,270.23,270.23,269.94,89
2023-07-13 17:39:00,5593,270.3688,270.09,270.5,270.725,270.04,100
2023-07-13 17:40:00,6792,270.6995,270.32,270.55,271.0,270.32,168
2023-07-13 17:41:00,231,270.5228,270.505,270.53,270.53,270.505,8
2023-07-13 17:42:00,1740,270.6136,270.51,270.7,270.7,270.49,53
2023-07-13 17:43:00,705,270.6062,270.495,270.495,270.495,270.495,15
2023-07-13 17:44:00,192,270.9357,270.95,270.95,270.95,270.95,11
2023-07-13 17:45:00,2071,270.8886,270.87,270.72,270.93,270.72,62
2023-07-13 17:46:00,1203,270.5895,270.7736,270.535,270.7736,270.51,28
2023-07-13 17:47:00,157,270.5963,270.65,270.65,270.65,270.65,11
2023-07-13 17:48:00,1040,270.6201,270.605,270.7,270.7,270.605,33
2023-07-13 17:49:00,3724,270.7664,270.6,270.67,270.8755,270.56,29
2023-07-13 17:50:00,6608,270.564,270.67,270.425,270.8,270.42,104
2023-07-13 17:51:00,3806,270.3563,270.32,270.4,270.44,270.17,81
2023-07-13 17:52:00,2051,270.2509,270.23,270.22,270.23,270.12,32
2023-07-13 17:53:00,428,270.1435,270.16,270.16,270.16,270.16,18
2023-07-13 17:54:00,5090,270.1983,270.135,270.52,270.6,270.0,84
2023-07-13 17:55:00,1154,270.5674,270.51,270.58,270.58,270.505,9
2023-07-13 17:56:00,959,270.9004,270.94,271.005,271.005,270.92,40
2023-07-13 17:57:00,250,271.1452,271.2,271.12,271.2,271.12,12
2023-07-13 17:58:00,332,271.3442,271.43,271.43,271.43,271.43,10
2023-07-13 17:59:00,372,271.3499,271.43,271.25,271.43,271.25,20
2023-07-13 18:01:00,6452,270.7056,271.13,270.675,271.13,270.5,135
2023-07-13 18:02:00,2175,270.7408,270.84,270.7,270.84,270.7,59
2023-07-13 18:03:00,696,270.6734,270.826,270.826,270.826,270.826,16
2023-07-13 18:05:00,934,270.1029,270.265,270.029,270.265,270.029,11
2023-07-13 18:07:00,708,270.2104,270.1175,270.31,270.31,270.1175,37
2023-07-13 18:08:00,578,270.4212,270.5382,270.265,270.5382,270.265,15
2023-07-13 18:10:00,571,270.437,270.21,270.49,270.49,270.21,24
2023-07-13 18:12:00,349,270.31,270.2,270.395,270.395,270.2,12
2023-07-13 18:13:00,154,270.5146,270.57,270.57,270.57,270.57,11
2023-07-13 18:15:00,141,270.469,270.47,270.47,270.47,270.47,12
2023-07-13 18:17:00,1032,270.5912,270.505,270.7,270.7,270.505,39
2023-07-13 18:18:00,251,270.7493,270.85,270.85,270.85,270.85,15
2023-07-13 18:19:00,186,270.7387,270.785,270.785,270.785,270.785,18
2023-07-13 18:20:00,375,270.6671,270.66,270.66,270.66,270.66,21
2023-07-13 18:21:00,1738,270.4842,270.55,270.35,270.58,270.3425,45
2023-07-13 18:22:00,320,270.2394,270.22,270.22,270.22,270.22,22
2023-07-13 18:23:00,979,270.4652,270.48,270.6,270.6,270.48,47
2023-07-13 18:27:00,377,270.4493,270.41,270.41,270.41,270.41,27
2023-07-13 18:28:00,2021,270.2991,270.32,270.34,270.34,270.29,18
2023-07-13 18:29:00,471,270.4195,270.32,270.55,270.55,270.32,18
2023-07-13 18:31:00,882,270.6024,270.63,270.615,270.63,270.615,33
2023-07-13 18:32:00,139,270.6618,270.65,270.65,270.65,270.65,10
2023-07-13 18:33:00,211,270.7258,270.66,270.8,270.8,270.66,9
2023-07-13 18:34:00,618,270.5378,270.51,270.51,270.51,270.51,40
2023-07-13 18:35:00,367,270.6223,270.64,270.64,270.64,270.64,23
2023-07-13 18:36:00,798,270.5106,270.62,270.62,270.62,270.62,12
2023-07-13 18:37:00,314,270.6735,270.72,270.655,270.72,270.655,11
2023-07-13 18:38:00,898,270.7325,270.76,270.75,270.76,270.75,34
2023-07-13 18:39:00,442,270.5867,270.53,270.68,270.68,270.53,23
2023-07-13 18:40:00,1065,270.5093,270.5,270.595,270.595,270.43,37
2023-07-13 18:41:00,324,270.6063,270.64,270.64,270.64,270.64,19
2023-07-13 18:43:00,1653,270.8251,270.81,270.95,270.96,270.7979,53
2023-07-13 18:44:00,202,270.9141,270.92,270.92,270.92,270.92,6
2023-07-13 18:46:00,416,271.0848,271.11,271.11,271.11,271.11,23
2023-07-13 18:47:00,534,271.2679,271.31,271.35,271.35,271.31,19
2023-07-13 18:48:00,1304,271.2881,271.54,271.57,271.5799,271.44,29
2023-07-13 18:49:00,280,271.4718,271.36,271.56,271.56,271.36,10
2023-07-13 18:50:00,315,271.5072,271.56,271.56,271.56,271.56,15
2023-07-13 18:51:00,669,271.5728,271.58,271.58,271.58,271.58,11
2023-07-13 18:52:00,2466,271.3349,271.36,271.375,271.375,271.25,79
2023-07-13 18:54:00,1961,271.1365,271.17,270.96,271.26,270.96,74
2023-07-13 18:55:00,240,270.929,270.93,270.9,270.93,270.9,11
2023-07-13 18:56:00,1155,271.0163,271.01,271.03,271.03,271.01,39
2023-07-13 18:57:00,387,271.0734,271.13,271.13,271.13,271.13,26
2023-07-13 18:58:00,1225,271.2517,271.19,271.29,271.34,271.19,32
2023-07-13 18:59:00,165,271.2426,271.2,271.2,271.2,271.2,26
2023-07-13 19:00:00,952,271.2081,271.37,271.2,271.37,271.15,44
2023-07-13 19:02:00,1351,271.1455,271.2842,271.085,271.2842,271.085,28
2023-07-13 19:03:00,1042,270.996,271.02,270.935,271.02,270.935,29
2023-07-13 19:04:00,830,270.8927,270.86,270.94,270.95,270.86,45
2023-07-13 19:05:00,131,270.9205,270.925,270.925,270.925,270.925,4
2023-07-13 19:07:00,286,270.8476,270.92,270.76,270.92,270.76,12
2023-07-13 19:09:00,1726,271.122,271.14,271.14,271.14,271.14,10
2023-07-13 19:10:00,939,271.0912,270.965,271.15,271.15,270.965,50
2023-07-13 19:11:00,2793,271.1018,271.21,270.92,271.21,270.92,80
2023-07-13 19:13:00,293,271.0069,271.0,271.0,271.0,271.0,6
2023-07-13 19:14:00,1616,270.8512,270.86,270.81,270.86,270.81,51
2023-07-13 19:16:00,754,270.8937,270.96,270.96,270.96,270.96,43
2023-07-13 19:17:00,504,270.8248,270.83,270.831,270.831,270.81,17
2023-07-13 19:18:00,2092,270.761,270.84,270.825,270.84,270.75,70
2023-07-13 19:19:00,2462,270.8065,270.585,270.83,270.83,270.585,78
2023-07-13 19:22:00,238,270.8394,270.844,270.844,270.844,270.844,3
2023-07-13 19:23:00,1409,270.8859,270.95,270.92,270.97,270.92,29
2023-07-13 19:24:00,2854,270.9614,271.06,270.82,271.06,270.82,97
2023-07-13 19:25:00,584,270.8535,270.72,270.8,270.8,270.72,27
2023-07-13 19:26:00,1373,271.0552,271.06,271.06,271.06,271.06,37
2023-07-13 19:29:00,6339,271.2691,271.17,271.42,271.44,271.17,112
2023-07-13 19:30:00,1177,271.5691,271.41,271.65,271.68,271.41,50
2023-07-13 19:31:00,3268,271.6471,271.75,271.62,271.76,271.59,94
2023-07-13 19:32:00,4067,271.4327,271.56,271.3,271.66,271.285,82
2023-07-13 19:33:00,5399,271.3107,271.15,271.57,271.57,271.13,145
2023-07-13 19:34:00,1726,271.3704,271.3616,271.38,271.44,271.31,32
2023-07-13 19:36:00,5304,271.1876,271.33,271.1,271.33,271.08,131
2023-07-13 19:37:00,298,271.2254,271.21,271.21,271.21,271.21,20
2023-07-13 19:38:00,619,271.2725,271.27,271.29,271.32,271.27,18
2023-07-13 19:39:00,3138,271.1562,271.14,271.21,271.21,271.09,85
2023-07-13 19:40:00,2113,271.0147,271.12,271.025,271.12,270.98,76
2023-07-13 19:42:00,2296,271.2174,271.05,271.3,271.31,270.9741,101
2023-07-13 19:43:00,722,271.1959,271.3,271.3,271.3,271.3,34
2023-07-13 19:44:00,4068,271.2377,271.15,271.36,271.36,271.15,172
2023-07-13 19:45:00,6185,271.4124,271.48,271.514,271.57,271.27,161
2023-07-13 19:46:00,5026,271.4773,271.485,271.465,271.62,271.35,122
2023-07-13 19:47:00,3172,271.4244,271.555,271.28,271.575,271.28,72
2023-07-13 19:48:00,2818,271.3136,271.37,271.22,271.4344,271.22,52
2023-07-13 19:49:00,2155,271.1307,271.18,271.11,271.18,271.035,93
2023-07-13 19:50:00,4934,271.2793,271.2,271.0,271.4925,271.0,166
2023-07-13 19:51:00,3162,271.0339,270.99,271.11,271.11,270.98,86
2023-07-13 19:52:00,3510,271.1664,271.14,271.26,271.26,271.07,139
2023-07-13 19:53:00,2993,271.3258,271.35,271.34,271.39,271.27,89
2023-07-13 19:54:00,9389,271.3168,271.3,271.59,271.66,271.12,227
2023-07-13 19:55:00,4612,271.6056,271.67,271.595,271.76,271.425,159
2023-07-13 19:56:00,10706,271.6738,271.58,271.76,271.79,271.54,258
2023-07-13 19:57:00,17142,271.7374,271.72,271.79,271.82,271.67,491
2023-07-13 19:58:00,13817,271.9106,271.815,271.97,272.0,271.79,392
2023-07-13 19:59:00,22838,272.0936,271.94,272.02,272.24,271.94,542
2023-07-13 20:00:00,4146,272.01,272.01,272.01,272.01,272.01,22
2023-07-13 22:58:00,100,272.331,272.331,272.331,272.331,272.331,1
2023-07-14 11:02:00,310,271.484,271.5,271.5,271.5,271.5,5
2023-07-14 12:00:00,861,272.0969,272.01,272.01,272.01,272.01,7
2023-07-14 12:53:00,100,273.0,273.0,273.0,273.0,273.0,1
2023-07-14 13:08:00,3702,272.0103,272.01,272.01,272.01,272.01,3
2023-07-14 13:30:00,19468,272.8879,272.96,272.22,273.0,272.22,148
2023-07-14 13:31:00,5503,273.6483,272.87,274.49,274.49,272.41,109
2023-07-14 13:32:00,2247,275.0309,274.73,275.17,275.17,274.73,102
2023-07-14 13:33:00,2452,275.1162,275.435,275.19,275.51,274.72,89
2023-07-14 13:34:00,4518,274.1549,274.72,274.1,274.74,273.5983,73
2023-07-14 13:35:00,3647,275.0787,274.65,275.44,275.5,274.4921,85
2023-07-14 13:36:00,2752,274.6858,275.095,274.76,275.095,274.42,95
2023-07-14 13:37:00,4817,273.8413,274.79,273.185,274.79,273.185,91
2023-07-14 13:38:00,7437,273.5595,273.17,273.855,274.32,273.17,100
2023-07-14 13:39:00,2503,273.7906,274.23,274.0,274.23,273.1925,51
2023-07-14 13:40:00,1544,274.2964,274.675,274.17,274.675,273.87,46
2023-07-14 13:41:00,2134,273.704,273.53,274.05,274.18,273.49,57
2023-07-14 13:42:00,1010,273.8976,274.12,274.13,274.13,273.3942,35
2023-07-14 13:43:00,1742,273.4806,273.46,273.66,273.75,273.1207,31
2023-07-14 13:44:00,1319,273.6757,273.66,273.69,273.75,273.65,29
2023-07-14 13:47:00,2762,272.871,273.42,272.73,273.42,272.5,101
2023-07-14 13:48:00,884,272.8032,272.7258,272.87,272.87,272.7258,33
2023-07-14 13:49:00,843,272.3809,272.3,272.7931,272.7931,272.29,40
2023-07-14 13:50:00,812,272.2511,272.3,272.3,272.3,272.3,48
2023-07-14 13:51:00,1243,271.9264,271.885,271.97,271.97,271.885,39
2023-07-14 13:52:00,4930,271.7055,271.6,271.57,271.8499,271.5,113
2023-07-14 13:53:00,558,271.259,271.15,271.15,271.15,271.15,8
2023-07-14 13:54:00,904,271.5411,272.0,271.06,272.0,271.06,41
2023-07-14 13:55:00,2556,270.4304,269.98,270.75,270.75,269.98,28
2023-07-14 13:56:00,1144,270.8546,270.765,270.88,270.95,270.765,34
2023-07-14 13:57:00,2346,271.1454,270.855,271.665,271.665,270.855,71
2023-07-14 13:58:00,702,271.5207,271.67,271.4101,271.675,271.4101,27
2023-07-14 13:59:00,726,271.8534,271.675,271.92,271.92,271.675,59
2023-07-14 14:00:00,1552,271.489,271.41,271.5,271.79,271.19,57
2023-07-14 14:01:00,1490,271.6332,271.43,271.4,271.735,271.4,47
2023-07-14 14:02:00,1400,271.1437,271.4,271.13,271.4,271.1,50
2023-07-14 14:03:00,2157,271.4288,271.27,271.73,271.73,271.2643,57
2023-07-14 14:04:00,1866,271.7629,272.0,271.795,272.1818,271.43,53
2023-07-14 14:05:00,700,271.8229,271.84,271.64,271.84,271.64,36
2023-07-14 14:06:00,1966,271.7117,271.43,272.16,272.16,271.43,69
2023-07-14 14:07:00,2162,272.5182,272.21,272.645,272.77,272.2,60
2023-07-14 14:08:00,1127,272.551,272.53,272.74,272.77,272.33,47
2023-07-14 14:09:00,119,272.5902,272.585,272.585,272.585,272.585,8
2023-07-14 14:10:00,6852,272.9879,272.79,272.79,273.125,272.79,174
2023-07-14 14:11:00,537,272.4293,272.555,272.3463,272.555,272.3463,19
2023-07-14 14:12:00,1094,272.1522,272.1,272.3,272.3,272.1,50
2023-07-14 14:13:00,1273,272.4455,272.46,272.435,272.49,272.35,21
2023-07-14 14:14:00,474,272.776,272.94,272.82,272.94,272.82,27
2023-07-14 14:15:00,5774,272.4425,272.74,272.29,272.74,272.18,148
2023-07-14 14:16:00,1404,271.6802,271.62,271.64,271.74,271.48,46
2023-07-14 14:17:00,1966,271.566,271.43,271.555,271.64,271.31,56
2023-07-14 14:18:00,941,271.1306,271.345,271.025,271.345,270.94,38
2023-07-14 14:19:00,414,270.7056,270.86,270.5055,270.86,270.5055,30
2023-07-14 14:20:00,1281,270.7227,270.79,270.79,270.8,270.76,54
2023-07-14 14:21:00,512,271.0701,271.07,271.12,271.12,271.07,27
2023-07-14 14:22:00,290,271.2638,271.225,271.225,271.225,271.225,14
2023-07-14 14:23:00,173,271.2405,271.205,271.205,271.205,271.205,8
2023-07-14 14:25:00,3332,271.3149,271.33,271.58,271.58,271.1,84
2023-07-14 14:26:00,204,271.3411,271.48,271.48,271.48,271.48,18
2023-07-14 14:27:00,990,270.6743,270.9,270.77,270.9,270.52,34
2023-07-14 14:28:00,240,270.7,270.72,270.72,270.72,270.72,16
2023-07-14 14:29:00,2072,270.3577,270.98,270.2,270.98,270.18,52
2023-07-14 14:30:00,875,270.5753,270.6,270.5,270.61,270.5,32
2023-07-14 14:31:00,657,270.5483,270.465,270.71,270.71,270.465,21
2023-07-14 14:32:00,4401,270.5842,270.635,270.665,271.01,270.38,84
2023-07-14 14:33:00,10269,270.2618,270.34,270.54,270.54,269.96,158
2023-07-14 14:34:00,3783,269.8929,270.14,269.94,270.28,269.56,73
2023-07-14 14:35:00,3014,269.716,269.925,269.5,270.055,269.5,65
2023-07-14 14:36:00,477,269.3027,269.24,269.48,269.48,269.24,20
2023-07-14 14:37:00,1477,269.323,269.32,269.385,269.64,269.1,29
2023-07-14 14:38:00,8073,269.3331,269.4,268.97,269.76,268.89,192
2023-07-14 14:39:00,1975,269.151,269.32,269.21,269.32,268.995,56
2023-07-14 14:40:00,2373,269.4033,269.47,269.17,269.53,269.14,88
2023-07-14 14:41:00,1339,268.5657,268.5,268.55,268.82,268.5,56
2023-07-14 14:42:00,1239,268.488,268.59,268.41,268.59,268.36,24
2023-07-14 14:43:00,954,268.3809,268.5145,268.2,268.5145,268.2,48
2023-07-14 14:44:00,2274,268.6128,268.25,268.54,269.03,268.25,48
2023-07-14 14:45:00,1599,268.4211,268.545,268.41,268.545,268.41,43
2023-07-14 14:46:00,2833,268.7073,268.41,269.05,269.05,268.41,88
2023-07-14 14:47:00,443,269.027,268.96,268.975,268.975,268.96,28
2023-07-14 14:48:00,1753,268.8529,268.86,268.96,269.05,268.75,46
2023-07-14 14:49:00,5567,268.8898,268.74,269.09,269.095,268.74,157
2023-07-14 14:50:00,1804,269.1492,269.2,268.8,269.25,268.8,65
2023-07-14 14:51:00,407,269.0905,268.98,269.25,269.25,268.98,20
2023-07-14 14:52:00,1429,268.5882,268.89,268.58,268.89,268.3,48
2023-07-14 14:53:00,6531,269.3065,268.82,269.37,269.47,268.82,118
2023-07-14 14:54:00,1762,269.4375,269.24,269.695,269.905,269.24,50
2023-07-14 14:55:00,743,269.7821,269.7335,269.83,270.0,269.71,21
2023-07-14 14:56:00,221,269.7976,269.75,269.75,269.75,269.75,11
2023-07-14 14:57:00,424,269.4659,269.43,269.43,269.43,269.43,35
2023-07-14 14:58:00,1307,269.7051,269.59,269.73,269.96,269.59,41
2023-07-14 14:59:00,605,269.682,269.95,269.48,269.95,269.48,17
2023-07-14 15:01:00,3782,269.8879,269.66,270.015,270.015,269.5,70
2023-07-14 15:02:00,238,269.9272,269.98,269.98,269.98,269.98,10
2023-07-14 15:04:00,632,269.6398,269.59,269.905,269.905,269.59,26
2023-07-14 15:05:00,823,269.4504,269.68,269.425,269.68,269.37,28
2023-07-14 15:06:00,478,269.6035,269.635,269.635,269.635,269.635,33
2023-07-14 15:08:00,295,269.7098,269.67,269.67,269.67,269.67,7
2023-07-14 15:09:00,143,269.8279,269.87,269.87,269.87,269.87,14
2023-07-14 15:10:00,666,269.4955,269.44,269.69,269.69,269.425,27
2023-07-14 15:11:00,424,269.9744,270.02,270.145,270.145,269.915,22
2023-07-14 15:12:00,2113,270.2542,269.925,270.49,270.5,269.925,85
2023-07-14 15:13:00,251,270.6703,270.69,270.69,270.69,270.69,18
2023-07-14 15:14:00,2546,270.4418,270.48,270.545,270.545,270.265,70
2023-07-14 15:15:00,537,270.5615,270.67,270.67,270.67,270.67,19
2023-07-14 15:16:00,723,270.8651,270.99,271.0,271.0,270.99,28
2023-07-14 15:17:00,900,270.8715,270.85,270.875,270.875,270.85,32
2023-07-14 15:20:00,348,270.6684,270.655,270.64,270.655,270.64,19
2023-07-14 15:21:00,1013,270.6234,270.565,270.61,270.625,270.565,17
2023-07-14 15:22:00,1520,270.9712,270.96,271.04,271.06,270.96,63
2023-07-14 15:23:00,409,270.9097,270.92,270.885,270.95,270.885,10
2023-07-14 15:24:00,1188,270.7615,270.95,270.64,270.95,270.6,39
2023-07-14 15:26:00,922,270.6752,270.53,270.76,270.76,270.475,35
2023-07-14 15:27:00,1158,271.2333,271.07,271.19,271.25,271.07,33
2023-07-14 15:28:00,631,271.1081,271.0,271.28,271.28,271.0,16
2023-07-14 15:29:00,2026,271.3075,270.96,271.52,271.52,270.96,96
2023-07-14 15:30:00,548,271.4885,271.49,271.5,271.5,271.49,13
2023-07-14 15:31:00,312,271.4375,271.21,271.49,271.49,271.21,16
2023-07-14 15:32:00,1746,271.2619,271.31,271.16,271.32,271.15,56
2023-07-14 15:33:00,201,271.3124,271.3,271.325,271.325,271.3,3
2023-07-14 15:34:00,287,271.2783,271.34,271.34,271.34,271.34,10
2023-07-14 15:35:00,535,271.4135,271.62,271.325,271.62,271.325,12
2023-07-14 15:36:00,841,271.611,271.46,271.46,271.46,271.46,54
2023-07-14 15:37:00,812,271.5221,271.67,271.5,271.67,271.5,35
2023-07-14 15:38:00,1443,271.6369,271.5,271.46,271.71,271.46,57
2023-07-14 15:39:00,510,271.7695,271.5405,271.72,271.72,271.5405,19
2023-07-14 15:40:00,1115,271.6334,271.81,271.615,271.81,271.6,41
2023-07-14 15:41:00,1057,271.522,271.605,271.385,271.605,271.385,39
2023-07-14 15:44:00,337,271.5712,271.58,271.55,271.58,271.55,9
2023-07-14 15:45:00,1208,271.6762,271.69,271.71,271.71,271.595,38
2023-07-14 15:46:00,1436,271.6797,271.32,271.68,271.68,271.32,49
2023-07-14 15:47:00,606,271.9915,271.98,271.985,272.035,271.98,24
2023-07-14 15:48:00,226,272.0448,272.08,272.0,272.08,272.0,7
2023-07-14 15:49:00,418,272.2515,272.245,272.245,272.245,272.245,26
2023-07-14 15:50:00,470,272.1991,272.275,272.275,272.275,272.275,13
2023-07-14 15:51:00,1653,272.5988,272.48,272.776,272.776,272.48,47
2023-07-14 15:52:00,662,272.726,272.59,272.77,272.77,272.59,18
2023-07-14 15:53:00,3925,272.3785,272.51,272.325,272.76,272.26,131
2023-07-14 15:54:00,524,272.1343,272.26,272.23,272.26,272.053,11
2023-07-14 15:55:00,3234,272.0662,272.21,272.26,272.26,271.95,86
2023-07-14 15:56:00,1423,272.5292,272.26,272.65,272.65,272.26,55
2023-07-14 15:57:00,1171,272.5024,272.445,272.5,272.54,272.445,24
2023-07-14 15:58:00,796,272.7076,272.52,272.78,272.78,272.52,16
2023-07-14 15:59:00,539,272.8341,272.78,272.9109,272.9109,272.78,16
2023-07-14 16:00:00,2058,272.6455,272.7773,272.56,272.95,272.475,52
2023-07-14 16:01:00,1248,272.0635,272.47,271.78,272.47,271.66,65
2023-07-14 16:02:00,1834,271.9842,271.78,271.98,272.095,271.78,49
2023-07-14 16:03:00,388,271.7628,271.69,271.67,271.69,271.67,19
2023-07-14 16:05:00,344,271.667,271.455,271.95,271.95,271.455,21
2023-07-14 16:06:00,336,271.3241,271.28,271.28,271.28,271.28,31
2023-07-14 16:07:00,448,271.4508,271.44,271.55,271.55,271.44,28
2023-07-14 16:08:00,220,271.5871,271.58,271.58,271.58,271.58,15
2023-07-14 16:09:00,558,271.8377,271.64,271.96,271.96,271.64,22
2023-07-14 16:10:00,201,271.9556,271.955,271.955,271.955,271.955,4
2023-07-14 16:11:00,364,272.1739,272.08,272.115,272.3699,272.08,15
2023-07-14 16:12:00,756,272.1074,272.26,272.1,272.26,272.1,33
2023-07-14 16:14:00,1186,272.1828,272.14,272.2,272.23,272.14,44
2023-07-14 16:15:00,819,272.047,272.18,271.965,272.18,271.965,30
2023-07-14 16:16:00,968,272.1627,271.915,272.17,272.19,271.915,51
2023-07-14 16:17:00,728,272.3208,272.2101,272.41,272.42,272.2101,18
2023-07-14 16:18:00,534,272.2488,272.23,272.23,272.23,272.23,24
2023-07-14 16:20:00,722,272.1344,272.13,272.2,272.2,272.13,17
2023-07-14 16:24:00,1276,272.4656,272.3575,272.47,272.47,272.3575,78
2023-07-14 16:25:00,157,272.7735,272.93,272.93,272.93,272.93,8
2023-07-14 16:26:00,412,272.7687,272.63,272.645,272.97,272.63,8
2023-07-14 16:27:00,23965,272.9728,272.97,272.855,273.12,272.715,394
2023-07-14 16:28:00,3051,272.6534,272.8,272.56,272.8,272.56,70
2023-07-14 16:29:00,2777,272.3822,272.39,272.425,272.73,272.28,62
2023-07-14 16:30:00,510,272.4221,272.42,272.425,272.425,272.42,7
2023-07-14 16:31:00,626,272.7496,272.69,272.67,272.69,272.67,36
2023-07-14 16:32:00,806,272.7279,272.76,272.755,272.84,272.5628,16
2023-07-14 16:33:00,2979,272.9795,272.94,273.0,273.0,272.88,67
2023-07-14 16:34:00,1316,272.7276,272.75,272.535,272.79,272.535,43
2023-07-14 16:35:00,2262,272.4665,272.58,272.54,272.63,272.45,78
2023-07-14 16:36:00,643,272.5685,272.555,272.555,272.63,272.555,9
2023-07-14 16:37:00,618,272.6316,272.61,272.61,272.61,272.61,27
2023-07-14 16:38:00,563,272.7517,272.7,272.64,272.7,272.64,40
2023-07-14 16:39:00,2528,272.5327,272.6,272.56,272.61,272.2901,48
2023-07-14 16:40:00,383,272.6161,272.54,272.54,272.54,272.54,19
2023-07-14 16:41:00,1164,272.737,272.68,272.675,272.68,272.675,64
2023-07-14 16:42:00,165,272.7442,272.69,272.69,272.69,272.69,8
2023-07-14 16:43:00,722,272.8047,272.86,272.73,272.86,272.73,34
2023-07-14 16:44:00,945,272.9805,272.98,273.0,273.0,272.98,22
2023-07-14 16:45:00,6928,272.9614,272.915,272.86,273.0,272.81,139
2023-07-14 16:46:00,2553,272.6691,272.825,272.58,272.825,272.49,47
2023-07-14 16:47:00,214,272.6693,272.735,272.61,272.735,272.61,12
2023-07-14 16:48:00,1545,272.4754,272.5,272.49,272.5,272.435,34
2023-07-14 16:49:00,868,272.6447,272.59,272.4157,272.69,272.4157,41
2023-07-14 16:50:00,121,272.6387,272.68,272.68,272.68,272.68,5
2023-07-14 16:51:00,612,272.7205,272.68,272.81,272.81,272.68,14
2023-07-14 16:52:00,135,272.835,272.835,272.835,272.835,272.835,4
2023-07-14 16:53:00,2664,272.609,272.67,272.69,272.69,272.51,75
2023-07-14 16:54:00,936,272.7231,272.68,272.66,272.84,272.66,29
2023-07-14 16:57:00,988,272.9379,272.94,272.99,272.99,272.94,40
2023-07-14 16:58:00,1714,272.985,272.99,272.875,273.0,272.875,38
2023-07-14 16:59:00,940,272.8971,272.98,272.9,272.98,272.84,20
2023-07-14 17:00:00,585,272.8878,272.85,272.96,272.96,272.85,13
2023-07-14 17:01:00,4227,272.7382,272.76,272.68,272.82,272.63,96
2023-07-14 17:02:00,2729,272.4419,272.49,272.35,272.615,272.2025,91
2023-07-14 17:03:00,971,272.4213,272.43,272.415,272.43,272.4,21
2023-07-14 17:05:00,1646,272.606,272.48,272.48,272.81,272.48,65
2023-07-14 17:06:00,242,272.3976,272.41,272.41,272.41,272.41,11
2023-07-14 17:08:00,3500,272.6046,272.51,272.68,272.72,272.47,77
2023-07-14 17:09:00,4182,272.7426,272.69,272.87,272.96,272.62,93
2023-07-14 17:10:00,814,272.8505,272.86,272.85,272.9,272.83,15
2023-07-14 17:11:00,3348,272.9734,272.81,273.045,273.08,272.81,71
2023-07-14 17:12:00,1840,272.8788,273.04,272.845,273.04,272.845,63
2023-07-14 17:13:00,1357,273.1379,273.06,273.23,273.2571,272.96,42
2023-07-14 17:15:00,126,273.2254,273.22,273.22,273.22,273.22,11
2023-07-14 17:16:00,1908,273.018,272.97,273.0,273.0,272.97,75
2023-07-14 17:17:00,280,272.9535,272.96,272.96,272.96,272.96,9
2023-07-14 17:18:00,299,272.8996,272.87,272.87,272.87,272.87,15
2023-07-14 17:19:00,2545,272.7478,272.71,272.96,272.97,272.56,91
2023-07-14 17:21:00,1358,272.8135,272.91,272.91,272.91,272.695,21
2023-07-14 17:22:00,1444,272.73,272.7,272.88,272.88,272.7,63
2023-07-14 17:23:00,490,272.9298,272.885,273.1098,273.1098,272.885,38
2023-07-14 17:24:00,120,272.8722,272.875,272.875,272.875,272.875,10
2023-07-14 17:25:00,1560,272.7,272.62,272.65,272.77,272.62,47
2023-07-14 17:26:00,209,272.6934,272.685,272.685,272.685,272.685,5
2023-07-14 17:29:00,1266,273.0811,273.03,273.105,273.105,273.03,37
2023-07-14 17:30:00,1095,272.9779,272.98,273.03,273.03,272.93,30
2023-07-14 17:31:00,906,272.9061,272.93,273.005,273.005,272.85,32
2023-07-14 17:32:00,1695,272.9598,272.9,273.01,273.01,272.9,53
2023-07-14 17:34:00,834,273.2646,273.25,273.25,273.25,273.25,33
2023-07-14 17:35:00,1673,273.2866,273.0962,273.41,273.44,273.0962,30
2023-07-14 17:37:00,3942,273.4675,273.46,273.48,273.56,273.37,132
2023-07-14 17:39:00,956,273.5505,273.49,273.53,273.635,273.48,25
2023-07-14 17:40:00,2483,273.4387,273.535,273.47,273.535,273.33,63
2023-07-14 17:41:00,284,273.4101,273.465,273.465,273.465,273.465,7
2023-07-14 17:42:00,292,273.542,273.65,273.495,273.65,273.495,11
2023-07-14 17:43:00,366,273.551,273.56,273.56,273.56,273.56,17
2023-07-14 17:44:00,1219,273.5074,273.36,273.51,273.62,273.36,23
2023-07-14 17:45:00,1430,273.6981,273.65,273.7,273.895,273.65,52
2023-07-14 17:46:00,124,273.7754,273.77,273.77,273.77,273.77,8
2023-07-14 17:47:00,459,273.7693,273.875,273.81,273.875,273.81,14
2023-07-14 17:48:00,1056,273.657,273.595,273.595,273.595,273.595,36
2023-07-14 17:49:00,1297,273.5647,273.59,273.575,273.655,273.46,33
2023-07-14 17:50:00,2292,273.7639,273.68,273.69,273.9,273.68,83
2023-07-14 17:51:00,8992,274.2486,273.84,274.4,274.63,273.84,262
2023-07-14 17:52:00,2228,274.4479,274.395,274.57,274.57,274.395,33
2023-07-14 17:53:00,554,274.6286,274.57,274.69,274.69,274.57,19
2023-07-14 17:54:00,9073,275.0003,274.71,274.97,275.23,274.71,213
2023-07-14 17:55:00,771,275.068,274.94,275.24,275.24,274.94,21
2023-07-14 17:56:00,2430,274.9489,275.24,274.86,275.24,274.82,60
2023-07-14 17:57:00,1327,274.8591,274.97,274.81,274.97,274.81,45
2023-07-14 17:58:00,3046,275.0824,274.84,275.46,275.49,274.81,120
2023-07-14 17:59:00,2391,275.1471,275.34,274.98,275.34,274.97,72
2023-07-14 18:00:00,2031,275.2017,275.14,275.32,275.455,274.93,47
2023-07-14 18:01:00,3312,275.4796,275.5,275.5,275.5,275.33,103
2023-07-14 18:02:00,1073,275.6668,275.53,275.88,275.88,275.3801,47
2023-07-14 18:03:00,1789,275.7395,275.95,275.67,275.95,275.67,76
2023-07-14 18:04:00,1464,275.6372,275.55,275.685,275.685,275.55,58
2023-07-14 18:05:00,7175,275.5433,275.69,275.17,275.7,275.17,116
2023-07-14 18:06:00,1239,275.297,275.2786,275.405,275.405,275.2786,22
2023-07-14 18:08:00,475,275.2705,275.2225,275.2225,275.2225,275.2225,27
2023-07-14 18:09:00,2329,275.2038,274.97,275.42,275.42,274.97,108
2023-07-14 18:10:00,825,275.2931,275.27,275.32,275.3775,275.26,27
2023-07-14 18:11:00,664,275.4753,275.5,275.5,275.5,275.5,38
2023-07-14 18:12:00,280,275.4321,275.43,275.445,275.445,275.43,14
2023-07-14 18:13:00,4859,275.3207,275.29,275.355,275.5,275.11,95
2023-07-14 18:14:00,6913,275.3854,275.355,275.62,275.62,275.23,135
2023-07-14 18:15:00,787,275.4457,275.46,275.42,275.595,275.42,30
2023-07-14 18:16:00,1068,275.3833,275.33,275.5,275.5,275.31,38
2023-07-14 18:17:00,249,275.2701,275.305,275.305,275.305,275.305,19
2023-07-14 18:18:00,6422,275.3642,275.305,275.585,275.59,275.15,210
2023-07-14 18:19:00,958,275.5542,275.525,275.535,275.57,275.525,16
2023-07-14 18:20:00,2756,275.5958,275.57,275.575,275.6785,275.57,35
2023-07-14 18:21:00,4431,275.1136,275.49,274.43,275.49,274.43,148
2023-07-14 18:24:00,2506,274.8036,274.69,274.99,275.06,274.69,111
2023-07-14 18:25:00,1794,274.6827,274.78,274.53,274.79,274.53,59
2023-07-14 18:26:00,4220,274.3557,274.6,274.18,274.6,274.17,62
2023-07-14 18:27:00,2303,274.2309,274.395,273.9,274.455,273.9,56
2023-07-14 18:28:00,2059,274.0488,273.905,274.15,274.35,273.905,61
2023-07-14 18:29:00,1537,274.0837,274.135,274.035,274.24,273.95,29
2023-07-14 18:30:00,883,273.9524,273.945,274.005,274.005,273.945,33
2023-07-14 18:31:00,10173,274.0085,274.0,274.2121,274.355,273.75,254
2023-07-14 18:32:00,116,274.199,274.195,274.195,274.195,274.195,11
2023-07-14 18:34:00,1126,274.3438,274.34,274.44,274.44,274.29,46
2023-07-14 18:35:00,3666,274.1728,274.3,274.0,274.3,273.95,61
2023-07-14 18:36:00,4371,273.7971,273.85,273.405,273.98,273.32,100
2023-07-14 18:37:00,2133,273.4724,273.54,273.33,273.56,273.33,86
2023-07-14 18:38:00,968,273.4939,273.365,273.54,273.54,273.365,29
2023-07-14 18:39:00,459,273.5496,273.57,273.5,273.57,273.5,18
2023-07-14 18:40:00,1333,273.5339,273.56,273.54,273.56,273.54,27
2023-07-14 18:41:00,4397,273.3923,273.44,273.84,273.84,273.16,152
2023-07-14 18:42:00,811,273.4086,273.49,273.4475,273.49,273.21,26
2023-07-14 18:43:00,462,273.2849,273.3,273.23,273.3,273.23,21
2023-07-14 18:45:00,978,273.264,273.5,273.23,273.5,273.19,27
2023-07-14 18:46:00,1194,273.0109,273.05,272.77,273.05,272.77,48
2023-07-14 18:48:00,2211,273.1284,273.08,273.2,273.27,273.08,86
2023-07-14 18:49:00,1130,273.1599,273.1,273.1,273.22,273.1,15
2023-07-14 18:52:00,1158,273.5606,273.6325,273.565,273.6325,273.565,62
2023-07-14 18:53:00,975,273.9028,273.71,274.05,274.05,273.71,50
2023-07-14 18:55:00,237,274.2043,274.3,274.3,274.3,274.3,18
2023-07-14 18:56:00,1440,273.9232,274.175,273.84,274.175,273.84,43
2023-07-14 18:57:00,519,273.7864,273.8,273.76,273.8,273.76,26
2023-07-14 18:58:00,627,273.6698,273.62,273.72,273.72,273.62,29
2023-07-14 18:59:00,466,273.5368,273.55,273.5,273.55,273.5,32
2023-07-14 19:00:00,1293,273.3495,273.43,273.28,273.43,273.28,70
2023-07-14 19:01:00,2661,273.3239,273.315,273.43,273.43,273.06,106
2023-07-14 19:02:00,1106,273.2369,273.24,273.22,273.26,273.22,24
2023-07-14 19:03:00,882,273.0096,273.02,272.91,273.105,272.91,45
2023-07-14 19:04:00,4555,272.9842,272.93,273.03,273.035,272.89,138
2023-07-14 19:05:00,601,273.0373,273.045,273.045,273.045,273.045,21
2023-07-14 19:06:00,20735,272.8795,273.08,273.0,273.12,272.57,374
2023-07-14 19:07:00,2111,273.0098,272.57,273.03,273.03,272.57,95
2023-07-14 19:08:00,140,273.3637,273.36,273.36,273.36,273.36,9
2023-07-14 19:09:00,837,273.4301,273.54,273.59,273.59,273.54,56
2023-07-14 19:13:00,2388,273.7595,273.72,273.59,274.045,273.59,137
2023-07-14 19:16:00,2233,274.0413,273.925,274.13,274.13,273.925,82
2023-07-14 19:17:00,516,273.9806,273.99,273.99,273.99,273.99,21
2023-07-14 19:18:00,664,273.7204,273.65,273.725,273.725,273.65,19
2023-07-14 19:19:00,1562,273.7585,273.75,273.82,273.82,273.74,47
2023-07-14 19:20:00,717,273.9478,273.95,273.95,273.95,273.95,36
2023-07-14 19:21:00,296,273.9464,273.93,273.93,273.93,273.93,19
2023-07-14 19:22:00,1924,273.9308,274.03,273.77,274.03,273.77,68
2023-07-14 19:23:00,1765,273.7164,273.77,273.72,273.77,273.53,55
2023-07-14 19:24:00,315,273.6421,273.66,273.66,273.66,273.66,22
2023-07-14 19:25:00,3559,273.506,273.41,273.55,273.55,273.38,156
2023-07-14 19:26:00,431,273.4371,273.4,273.48,273.48,273.4,29
2023-07-14 19:27:00,778,273.4745,273.4,273.455,273.47,273.4,49
2023-07-14 19:28:00,386,273.3621,273.33,273.33,273.33,273.33,20
2023-07-14 19:29:00,1030,273.3664,273.39,273.29,273.39,273.29,48
2023-07-14 19:30:00,2547,273.2536,273.45,273.115,273.45,273.11,104
2023-07-14 19:31:00,763,273.2849,273.31,273.31,273.31,273.31,48
2023-07-14 19:32:00,2201,273.4627,273.32,273.51,273.576,273.305,113
2023-07-14 19:33:00,1453,273.4777,273.5,273.42,273.51,273.42,46
2023-07-14 19:34:00,1812,273.6756,273.5387,273.71,273.71,273.5387,70
2023-07-14 19:35:00,1167,273.6541,273.71,273.71,273.71,273.71,69
2023-07-14 19:36:00,4028,273.759,273.65,273.97,273.97,273.59,150
2023-07-14 19:38:00,1598,273.7994,273.631,273.82,273.835,273.631,64
2023-07-14 19:39:00,1442,273.8191,273.86,273.83,273.87,273.68,61
2023-07-14 19:40:00,1971,273.9945,274.0,273.985,274.0406,273.94,99
2023-07-14 19:41:00,4561,274.0826,274.06,274.11,274.1525,273.93,68
2023-07-14 19:42:00,7371,273.8051,274.065,273.38,274.065,273.38,172
2023-07-14 19:43:00,4630,273.2577,273.37,273.1,273.43,273.055,134
2023-07-14 19:44:00,1961,273.0422,273.08,273.0,273.08,273.0,85
2023-07-14 19:45:00,7023,272.9373,272.955,272.92,273.01,272.85,123
2023-07-14 19:46:00,3375,272.6853,272.915,272.65,272.915,272.52,166
2023-07-14 19:47:00,6461,272.4325,272.5,272.62,272.62,272.2,132
2023-07-14 19:48:00,6307,272.5554,272.46,272.725,272.725,272.4,164
2023-07-14 19:49:00,4468,272.396,272.685,272.385,272.685,272.21,136
2023-07-14 19:50:00,9432,272.4691,271.905,272.75,272.75,271.905,273
2023-07-14 19:51:00,4902,272.6122,272.82,272.63,272.82,272.44,147
2023-07-14 19:52:00,5203,273.0174,272.75,273.07,273.26,272.75,194
2023-07-14 19:53:00,2966,273.119,273.18,273.01,273.205,272.99,84
2023-07-14 19:54:00,13940,273.1278,272.84,273.24,273.44,272.84,374
2023-07-14 19:55:00,10758,273.4635,273.48,273.53,273.62,273.4,306
2023-07-14 19:56:00,4307,273.6857,273.555,273.7,273.81,273.555,164
2023-07-14 19:57:00,10454,273.5912,273.68,273.48,273.76,273.47,303
2023-07-14 19:58:00,12173,273.3207,273.475,273.21,273.475,273.21,340
2023-07-14 19:59:00,20571,273.2498,273.23,273.57,273.57,273.125,527
2023-07-14 20:00:00,4668,273.56,273.56,273.56,273.56,273.56,28
2023-07-14 20:02:00,101,273.5208,273.5,273.5,273.5,273.5,2
2023-07-14 20:03:00,8714,274.1742,273.5,275.0,275.0,273.5,24
2023-07-14 20:04:00,440,275.0341,275.0,275.0,275.0,275.0,8
2023-07-14 20:05:00,275,275.0345,275.02,275.02,275.02,275.02,4
2023-07-14 20:07:00,512,273.5938,273.56,273.56,273.56,273.56,4
2023-07-14 20:08:00,202,275.0003,275.0,275.0,275.0,275.0,5
2023-07-14 20:09:00,200,275.0,275.0,275.0,275.0,275.0,3
2023-07-14 20:11:00,100,275.01,275.01,275.01,275.01,275.01,1
2023-07-14 20:16:00,599,275.0,275.0,275.0,275.0,275.0,6
2023-07-14 20:21:00,195,275.0,275.0,275.0,275.0,275.0,1
2023-07-14 21:32:00,100,275.8017,275.8017,275.8017,275.8017,275.8017,1
2023-07-14 21:57:00,333,275.0001,275.0001,275.0001,275.0001,275.0001,1
2023-07-17 12:00:00,329,274.2492,274.01,273.64,275.0,273.64,10
2023-07-17 12:13:00,313,273.0081,273.0,273.0,273.0,273.0,9
2023-07-17 12:41:00,270,275.0,275.0,275.0,275.0,275.0,1
2023-07-17 12:44:00,200,275.0,275.0,275.0,275.0,275.0,1
2023-07-17 13:11:00,100,274.8724,274.8724,274.8724,274.8724,274.8724,1
2023-07-17 13:30:00,12284,272.5622,272.56,272.946,273.39,272.005,176
2023-07-17 13:31:00,3200,272.0006,272.11,272.2,272.32,271.51,70
2023-07-17 13:32:00,16453,271.6791,271.575,272.78,272.9,271.31,221
2023-07-17 13:33:00,1368,272.96,272.9,273.4,273.4,272.9,63
2023-07-17 13:34:00,497,273.6456,273.595,273.5361,273.81,273.5361,12
2023-07-17 13:35:00,2247,273.7354,273.82,273.55,273.82,273.48,48
2023-07-17 13:36:00,811,273.9739,273.9,274.12,274.12,273.9,61
2023-07-17 13:37:00,9011,274.3678,274.1209,273.1307,275.12,272.58,183
2023-07-17 13:38:00,2535,273.6926,273.4,273.535,274.06,273.4,82
2023-07-17 13:39:00,6434,273.3416,273.7189,273.26,273.965,273.25,142
2023-07-17 13:40:00,2802,274.0289,273.34,274.3,274.3,273.34,40
2023-07-17 13:41:00,214,273.6994,273.84,273.84,273.84,273.84,19
2023-07-17 13:42:00,1174,274.4615,274.13,274.64,274.85,274.13,42
2023-07-17 13:43:00,8013,274.518,274.645,274.7,274.7,273.71,116
2023-07-17 13:44:00,9786,274.4158,274.41,274.87,274.87,274.39,37
2023-07-17 13:46:00,5955,275.0164,275.0,275.315,275.47,274.31,113
2023-07-17 13:47:00,2750,274.9626,275.065,275.0,275.11,274.83,46
2023-07-17 13:48:00,2076,275.3844,275.47,275.5,275.5,274.99,68
2023-07-17 13:49:00,11483,275.9025,275.73,275.85,276.0,275.64,216
2023-07-17 13:50:00,1655,275.6912,275.61,275.58,275.93,275.58,67
2023-07-17 13:51:00,633,275.6917,275.83,275.94,275.94,275.83,34
2023-07-17 13:52:00,1413,275.8525,275.93,275.84,275.93,275.7457,69
2023-07-17 13:53:00,11096,276.0979,275.875,276.4,276.715,275.71,210
2023-07-17 13:54:00,6489,276.4562,276.38,276.07,276.91,276.01,89
2023-07-17 13:56:00,725,276.0636,276.0,276.03,276.145,276.0,29
2023-07-17 13:58:00,776,276.2398,276.115,276.08,276.44,276.08,22
2023-07-17 13:59:00,586,275.7283,275.935,275.69,275.935,275.685,20
2023-07-17 14:00:00,4295,276.5151,275.73,276.38,276.92,275.73,102
2023-07-17 14:01:00,1204,276.5865,276.23,276.94,276.94,276.23,43
2023-07-17 14:02:00,6983,277.1811,276.655,277.37,277.8699,276.655,128
2023-07-17 14:03:00,6035,277.3878,277.44,276.89,277.65,276.89,105
2023-07-17 14:04:00,486,276.563,276.875,276.35,276.875,276.35,23
2023-07-17 14:05:00,1404,276.4697,276.3312,276.1301,276.74,276.1301,23
2023-07-17 14:06:00,482,276.6095,276.68,276.68,276.68,276.68,27
2023-07-17 14:07:00,1847,276.3126,276.455,276.36,276.63,276.13,42
2023-07-17 14:08:00,873,276.1942,276.1,276.1,276.29,276.1,40
2023-07-17 14:09:00,5410,276.1724,276.23,276.44,276.46,276.0,154
2023-07-17 14:10:00,3984,276.5911,276.72,276.64,276.785,276.25,92
2023-07-17 14:11:00,338,276.5585,276.435,276.435,276.435,276.435,19
2023-07-17 14:12:00,2176,277.3567,277.43,277.73,277.73,277.43,67
2023-07-17 14:13:00,1609,277.801,277.58,277.69,277.87,277.58,52
2023-07-17 14:14:00,3684,277.5717,277.99,277.96,277.99,277.4162,40
2023-07-17 14:15:00,350,277.8612,277.71,277.71,277.71,277.71,26
2023-07-17 14:16:00,7820,278.0839,277.95,278.26,278.3,277.52,168
2023-07-17 14:17:00,9813,278.4511,278.19,278.7,278.7,278.105,189
2023-07-17 14:18:00,7319,278.804,278.58,278.83,278.86,278.55,169
2023-07-17 14:19:00,957,278.7609,278.72,278.73,278.82,278.705,19
2023-07-17 14:20:00,4012,278.6856,278.59,278.84,278.97,278.49,133
2023-07-17 14:21:00,8044,279.3177,278.99,279.3434,279.79,278.845,155
2023-07-17 14:22:00,3244,279.2277,279.3379,279.09,279.58,279.06,82
2023-07-17 14:23:00,3244,278.7949,278.955,278.615,279.22,278.61,62
2023-07-17 14:24:00,2759,278.8139,278.73,278.98,278.98,278.61,67
2023-07-17 14:25:00,2307,278.5408,278.69,278.485,278.7125,278.05,63
2023-07-17 14:26:00,1200,277.9209,277.93,278.03,278.03,277.67,51
2023-07-17 14:27:00,2324,278.4081,278.08,278.675,278.69,278.08,59
2023-07-17 14:28:00,4614,278.396,278.52,278.47,278.55,278.1,101
2023-07-17 14:29:00,4643,279.149,278.8,279.12,279.185,278.8,99
2023-07-17 14:30:00,6755,279.2207,279.165,279.0295,279.395,279.0295,208
2023-07-17 14:31:00,7298,279.8839,279.25,280.05,280.18,279.25,233
2023-07-17 14:32:00,3122,279.939,280.07,279.66,280.215,279.66,65
2023-07-17 14:33:00,1380,279.3616,279.5,279.3789,279.5,279.07,39
2023-07-17 14:34:00,1556,278.9186,279.09,278.885,279.09,278.76,56
2023-07-17 14:35:00,1142,278.9817,278.905,278.915,278.915,278.905,26
2023-07-17 14:36:00,4792,278.8109,278.71,278.885,279.135,278.505,132
2023-07-17 14:37:00,1442,279.05,279.04,279.08,279.1,278.99,46
2023-07-17 14:38:00,320,279.1043,279.22,279.085,279.22,279.085,14
2023-07-17 14:39:00,1845,278.6508,278.88,278.32,279.02,278.32,56
2023-07-17 14:40:00,289,278.2618,278.24,278.275,278.275,278.24,20
2023-07-17 14:41:00,2534,278.0028,278.08,277.875,278.13,277.83,85
2023-07-17 14:42:00,994,277.8606,277.87,277.8239,277.95,277.71,35
2023-07-17 14:43:00,3662,277.693,277.59,277.84,277.85,277.57,131
2023-07-17 14:44:00,1466,278.0183,278.02,278.025,278.05,277.9,26
2023-07-17 14:45:00,6019,278.0229,278.03,277.72,278.48,277.65,159
2023-07-17 14:46:00,5923,277.358,277.65,277.83,277.84,277.004,156
2023-07-17 14:48:00,2329,277.5317,277.61,277.71,277.71,277.375,81
2023-07-17 14:49:00,1681,277.5397,277.64,277.34,277.64,277.34,41
2023-07-17 14:50:00,1703,277.6041,277.42,277.825,277.825,277.42,54
2023-07-17 14:51:00,2952,277.6996,277.64,278.01,278.01,277.3497,77
2023-07-17 14:52:00,1175,278.2678,278.35,278.19,278.36,278.19,35
2023-07-17 14:54:00,592,278.5667,278.58,278.555,278.58,278.555,27
2023-07-17 14:56:00,1649,278.4452,278.5,278.405,278.62,278.34,51
2023-07-17 14:57:00,1928,278.4448,278.61,278.33,278.61,278.32,68
2023-07-17 14:58:00,738,278.2854,278.295,278.295,278.3,278.295,20
2023-07-17 14:59:00,560,278.3026,278.285,278.27,278.285,278.27,36
2023-07-17 15:00:00,6047,278.0798,278.06,278.3,278.385,278.0,117
2023-07-17 15:01:00,3443,278.8497,278.375,279.035,279.17,278.375,66
2023-07-17 15:02:00,2658,278.7531,278.91,278.81,278.91,278.52,77
2023-07-17 15:04:00,2041,278.9252,278.69,278.9125,279.02,278.69,55
2023-07-17 15:05:00,1706,279.1375,279.04,279.195,279.195,279.01,57
2023-07-17 15:06:00,3698,279.7783,279.37,280.1799,280.1799,279.37,111
2023-07-17 15:07:00,455,280.0228,279.965,280.155,280.155,279.965,19
2023-07-17 15:08:00,367,279.9741,279.9625,280.0,280.0,279.9625,19
2023-07-17 15:09:00,3123,280.0926,279.945,280.205,280.205,279.945,91
2023-07-17 15:10:00,2669,279.9361,280.0,280.0,280.0,279.85,75
2023-07-17 15:11:00,8093,280.0531,280.0,280.18,280.39,279.85,195
2023-07-17 15:12:00,2551,279.7449,280.155,279.49,280.155,279.45,77
2023-07-17 15:13:00,1655,279.8104,279.465,280.18,280.355,279.3965,41
2023-07-17 15:14:00,3466,280.4163,280.18,280.705,280.705,280.18,122
2023-07-17 15:16:00,1704,280.7559,280.62,280.96,280.96,280.62,55
2023-07-17 15:17:00,4735,281.0321,280.92,281.01,281.18,280.92,137
2023-07-17 15:18:00,1826,281.0491,280.9201,281.075,281.11,280.9201,49
2023-07-17 15:19:00,3115,280.6613,281.01,280.52,281.01,280.37,55
2023-07-17 15:20:00,155,280.6838,280.67,280.67,280.67,280.67,18
2023-07-17 15:21:00,2393,280.0452,280.2701,279.895,280.2701,279.895,61
2023-07-17 15:22:00,940,279.8421,279.73,279.63,279.73,279.63,33
2023-07-17 15:23:00,1807,279.9796,279.87,280.1,280.1,279.86,50
2023-07-17 15:24:00,2436,280.2604,280.1,280.31,280.34,280.1,87
2023-07-17 15:25:00,589,280.5897,280.45,280.44,280.45,280.44,27
2023-07-17 15:26:00,498,280.6179,280.45,280.8199,280.8199,280.45,21
2023-07-17 15:27:00,5006,280.213,280.39,280.1725,280.42,279.91,77
2023-07-17 15:28:00,626,280.1341,280.17,280.18,280.18,279.98,19
2023-07-17 15:29:00,1289,280.3396,280.145,280.46,280.6,280.1431,41
2023-07-17 15:30:00,670,280.6366,280.8021,280.585,280.8021,280.585,14
2023-07-17 15:31:00,1039,280.4666,280.48,280.38,280.61,280.38,34
2023-07-17 15:32:00,3536,280.1849,280.23,280.29,280.3425,280.05,94
2023-07-17 15:33:00,645,280.3532,280.235,280.235,280.235,280.235,37
2023-07-17 15:34:00,1887,280.3505,280.52,280.015,280.52,280.015,62
2023-07-17 15:35:00,508,279.8675,279.905,279.8,279.905,279.8,20
2023-07-17 15:36:00,1927,279.7396,279.885,279.9,279.9299,279.58,35
2023-07-17 15:37:00,1549,279.8329,279.38,279.835,279.86,279.38,49
2023-07-17 15:38:00,846,279.6874,279.76,279.855,279.855,279.57,15
2023-07-17 15:39:00,1228,279.3764,279.595,278.84,279.595,278.84,52
2023-07-17 15:40:00,496,279.0659,278.9193,278.9193,278.9193,278.9193,35
2023-07-17 15:41:00,1346,279.344,279.2075,279.325,279.47,279.2075,46
2023-07-17 15:42:00,1269,279.1139,279.3,279.085,279.3,279.085,30
2023-07-17 15:43:00,3108,279.2651,278.99,279.49,279.49,278.99,104
2023-07-17 15:45:00,2515,280.1174,280.0,280.405,280.405,280.0,63
2023-07-17 15:46:00,1742,280.0403,280.345,279.83,280.345,279.83,64
2023-07-17 15:47:00,1709,279.8956,279.82,279.96,280.02,279.7414,51
2023-07-17 15:48:00,1961,280.1119,280.05,280.23,280.23,280.05,72
2023-07-17 15:49:00,2234,280.4792,280.19,280.8187,280.8187,280.19,72
2023-07-17 15:50:00,1654,280.823,280.81,280.745,280.82,280.745,36
2023-07-17 15:51:00,719,280.8389,280.98,280.92,280.98,280.8,26
2023-07-17 15:52:00,3764,280.5436,280.47,280.655,280.68,280.38,98
2023-07-17 15:53:00,1477,280.3873,280.36,280.315,280.635,280.3,43
2023-07-17 15:54:00,615,280.1417,280.15,280.205,280.205,280.15,28
2023-07-17 15:55:00,327,280.203,280.2,280.2,280.2,280.2,20
2023-07-17 15:57:00,760,280.2135,280.2,280.21,280.21,280.2,29
2023-07-17 15:58:00,344,280.227,280.2,280.2,280.2,280.2,23
2023-07-17 15:59:00,1165,279.9638,279.95,279.88,279.95,279.88,47
2023-07-17 16:01:00,3301,280.3283,280.12,280.48,280.48,280.12,102
2023-07-17 16:02:00,1284,280.6206,280.49,280.75,280.765,280.49,51
2023-07-17 16:03:00,2779,280.5351,280.585,280.66,280.66,280.42,67
2023-07-17 16:04:00,2019,280.4051,280.555,280.4,280.72,280.26,76
2023-07-17 16:05:00,2074,280.3609,280.405,280.2584,280.62,280.09,60
2023-07-17 16:06:00,4927,280.9143,280.72,281.13,281.16,280.72,109
2023-07-17 16:07:00,1933,281.1819,281.18,281.14,281.2,281.14,58
2023-07-17 16:08:00,574,281.1139,281.08,281.08,281.08,281.08,29
2023-07-17 16:09:00,813,281.2177,281.15,281.2633,281.2633,281.15,38
2023-07-17 16:10:00,3583,281.5193,281.5,281.55,281.7699,281.38,98
2023-07-17 16:11:00,3828,281.3862,281.48,281.24,281.48,281.24,101
2023-07-17 16:12:00,2443,281.4317,281.31,281.4571,281.49,281.31,49
2023-07-17 16:13:00,2360,281.5376,281.52,281.61,281.62,281.43,48
2023-07-17 16:14:00,409,281.5273,281.57,281.465,281.57,281.465,16
2023-07-17 16:15:00,6985,281.8278,281.69,281.61,282.0,281.61,207
2023-07-17 16:16:00,621,281.3778,281.16,281.16,281.16,281.16,38
2023-07-17 16:18:00,2565,281.257,281.15,281.46,281.46,281.0,67
2023-07-17 16:19:00,2340,281.2696,281.23,281.22,281.29,281.22,53
2023-07-17 16:20:00,1280,281.2519,281.27,281.25,281.275,281.15,28
2023-07-17 16:21:00,3547,281.0147,281.05,281.07,281.075,280.82,95
2023-07-17 16:22:00,2859,280.7429,281.03,280.69,281.21,280.38,53
2023-07-17 16:23:00,455,280.6332,280.53,280.51,280.53,280.51,22
2023-07-17 16:24:00,317,280.7305,280.75,280.75,280.75,280.75,10
2023-07-17 16:25:00,3787,280.9224,280.7395,280.86,280.97,280.705,79
2023-07-17 16:26:00,3388,280.9587,280.86,280.74,281.13,280.74,88
2023-07-17 16:27:00,2211,280.9983,280.9485,281.015,281.14,280.935,42
2023-07-17 16:28:00,284,281.1884,281.19,281.19,281.19,281.19,12
2023-07-17 16:29:00,3206,281.3794,281.0,281.6,281.61,281.0,65
2023-07-17 16:32:00,864,281.5216,281.51,281.51,281.51,281.51,30
2023-07-17 16:34:00,5839,281.7302,281.61,281.77,281.92,281.51,139
2023-07-17 16:35:00,4164,282.136,281.99,282.415,282.47,281.85,121
2023-07-17 16:36:00,1049,282.1105,282.16,282.035,282.16,281.99,50
2023-07-17 16:37:00,717,282.0866,282.2,282.2,282.2,282.2,38
2023-07-17 16:38:00,2123,282.3802,282.13,282.515,282.515,281.98,62
2023-07-17 16:39:00,1411,282.3462,282.6066,282.18,282.6066,282.18,47
2023-07-17 16:40:00,422,282.4453,282.33,282.545,282.545,282.33,38
2023-07-17 16:41:00,1383,282.6701,282.68,282.69,282.79,282.54,49
2023-07-17 16:42:00,7733,282.9056,282.7,282.98,283.0,282.7,181
2023-07-17 16:43:00,2899,283.1427,282.98,283.5,283.5,282.96,99
2023-07-17 16:44:00,4240,283.6912,283.53,283.795,283.87,283.53,102
2023-07-17 16:45:00,6436,284.0358,283.91,284.13,284.21,283.91,154
2023-07-17 16:46:00,3319,284.1461,284.1077,284.19,284.19,284.1077,88
2023-07-17 16:47:00,3781,283.9941,284.05,283.8,284.155,283.79,132
2023-07-17 16:48:00,2815,284.1017,283.81,284.3799,284.38,283.81,98
2023-07-17 16:49:00,1507,284.1614,284.155,284.145,284.3699,284.14,33
2023-07-17 16:50:00,6192,284.2453,284.28,284.375,284.38,284.04,163
2023-07-17 16:51:00,21245,284.5344,284.4899,285.105,285.105,284.25,475
2023-07-17 16:52:00,5060,285.0816,284.99,285.18,285.24,284.96,106
2023-07-17 16:53:00,1120,285.4618,285.32,285.58,285.59,285.32,67
2023-07-17 16:54:00,6120,285.9829,285.77,286.34,286.34,285.765,185
2023-07-17 16:55:00,6577,286.3423,286.39,286.48,286.48,286.24,205
2023-07-17 16:56:00,7650,286.0922,286.42,285.2101,286.42,285.2101,175
2023-07-17 16:57:00,4851,285.6871,285.5,285.86,285.91,285.5,96
2023-07-17 16:58:00,3169,285.7009,285.6502,285.9099,285.9099,285.62,84
2023-07-17 16:59:00,1715,285.6069,285.605,285.59,285.61,285.54,57
2023-07-17 17:00:00,4789,285.0211,285.48,285.0,285.48,284.38,165
2023-07-17 17:01:00,4381,285.0272,284.94,285.16,285.205,284.7501,156
2023-07-17 17:02:00,1334,285.3898,285.19,285.48,285.48,285.19,93
2023-07-17 17:03:00,1092,285.7088,285.7099,285.73,285.73,285.7099,68
2023-07-17 17:04:00,1474,285.4438,285.51,285.41,285.62,285.41,37
2023-07-17 17:06:00,5139,285.4839,285.25,285.5,285.765,285.09,187
2023-07-17 17:07:00,300,285.4633,285.46,285.46,285.46,285.46,15
2023-07-17 17:08:00,717,285.367,285.32,285.385,285.385,285.31,27
2023-07-17 17:09:00,753,285.3766,285.23,285.585,285.585,285.23,42
2023-07-17 17:10:00,6264,285.9088,285.58,286.1872,286.1872,285.58,170
2023-07-17 17:11:00,1127,285.4373,285.78,285.1875,285.78,285.1875,41
2023-07-17 17:12:00,1224,285.1739,285.075,284.93,285.1225,284.93,45
2023-07-17 17:13:00,9948,285.2911,285.015,285.52,285.57,285.015,235
2023-07-17 17:14:00,6732,285.2483,285.46,285.1675,285.53,284.9001,145
2023-07-17 17:15:00,8326,285.2234,284.97,285.33,285.54,284.97,182
2023-07-17 17:16:00,676,285.2661,285.2,285.26,285.26,285.2,29
2023-07-17 17:17:00,652,285.2492,285.21,285.28,285.28,285.21,38
2023-07-17 17:18:00,2677,285.44,285.49,285.3703,285.5,285.3703,76
2023-07-17 17:19:00,4366,285.4325,285.37,285.6,285.6,285.3,114
2023-07-17 17:20:00,1798,285.5173,285.53,285.6,285.6,285.44,59
2023-07-17 17:21:00,1432,285.5746,285.36,285.67,285.69,285.36,59
2023-07-17 17:22:00,2275,285.7119,285.85,285.7,285.875,285.7,83
2023-07-17 17:23:00,818,285.9296,285.9,285.9,285.9,285.9,42
2023-07-17 17:24:00,323,286.0502,286.025,286.025,286.025,286.025,13
2023-07-17 17:26:00,2185,286.1758,286.07,286.265,286.265,286.07,62
2023-07-17 17:27:00,1276,286.0666,286.125,286.045,286.125,286.045,53
2023-07-17 17:28:00,473,286.0616,286.02,286.02,286.02,286.02,23
2023-07-17 17:29:00,2734,286.0258,286.1607,285.995,286.1607,285.98,98
2023-07-17 17:30:00,1369,285.646,285.8717,285.555,285.8717,285.555,53
2023-07-17 17:31:00,910,285.5521,285.67,285.45,285.67,285.45,39
2023-07-17 17:32:00,7192,285.7035,285.52,286.1,286.12,285.52,193
2023-07-17 17:33:00,748,286.1647,285.91,286.25,286.25,285.91,29
2023-07-17 17:34:00,2989,286.0771,286.18,286.2299,286.24,286.01,94
2023-07-17 17:35:00,925,285.8055,286.1494,285.99,286.1494,285.8,41
2023-07-17 17:36:00,801,285.6068,285.53,285.5999,285.7558,285.53,24
2023-07-17 17:37:00,1079,285.3745,285.6,285.17,285.6,285.17,48
2023-07-17 17:38:00,1873,285.3659,285.175,285.49,285.49,285.175,74
2023-07-17 17:39:00,1443,285.4087,285.49,285.35,285.52,285.35,47
2023-07-17 17:40:00,1456,285.5319,285.52,285.67,285.67,285.41,44
2023-07-17 17:41:00,2923,285.5637,285.54,285.69,285.69,285.41,98
2023-07-17 17:42:00,2002,285.4929,285.51,285.55,285.55,285.38,49
2023-07-17 17:43:00,1492,285.7481,285.62,285.84,285.84,285.62,65
2023-07-17 17:44:00,1678,285.7412,285.78,285.7,285.78,285.7,53
2023-07-17 17:45:00,1692,285.7219,285.77,285.62,285.81,285.62,55
2023-07-17 17:46:00,4342,286.0651,285.91,286.41,286.41,285.79,126
2023-07-17 17:47:00,3818,286.4696,286.24,286.73,286.73,286.1323,99
2023-07-17 17:48:00,6064,286.979,286.81,287.18,287.22,286.81,152
2023-07-17 17:49:00,4580,287.2849,287.28,287.38,287.38,287.0904,121
2023-07-17 17:50:00,10594,287.6114,287.49,287.74,287.875,287.3057,300
2023-07-17 17:51:00,6426,287.5051,287.7,287.44,287.7,287.295,184
2023-07-17 17:52:00,6076,287.2558,287.54,287.265,287.55,286.97,226
2023-07-17 17:53:00,487,287.2079,287.175,287.175,287.175,287.175,29
2023-07-17 17:54:00,3769,287.5262,287.28,287.9,287.9,287.28,134
2023-07-17 17:55:00,1233,287.8826,287.86,287.95,287.95,287.86,58
2023-07-17 17:56:00,5373,288.2779,288.0,288.5799,288.5799,288.0,187
2023-07-17 17:57:00,5380,288.47,288.495,288.45,288.58,288.41,127
2023-07-17 17:58:00,4290,288.5916,288.49,288.62,288.87,288.49,111
2023-07-17 17:59:00,4921,288.4044,288.58,288.28,288.7,287.9601,121
2023-07-17 18:00:00,2764,288.2593,288.16,288.42,288.42,288.16,76
2023-07-17 18:01:00,4140,288.1576,288.25,288.03,288.2962,287.96,73
2023-07-17 18:02:00,820,287.7889,287.875,287.68,287.875,287.68,33
2023-07-17 18:03:00,5532,287.9719,287.68,288.145,288.2799,287.68,137
2023-07-17 18:04:00,4810,287.832,288.145,287.285,288.27,287.285,95
2023-07-17 18:05:00,3588,287.0271,287.15,287.115,287.22,286.8501,83
2023-07-17 18:06:00,6214,287.1929,287.035,287.245,287.31,287.035,172
2023-07-17 18:07:00,4170,287.222,287.0701,287.39,287.44,287.0701,89
2023-07-17 18:08:00,3511,287.3907,287.4,287.39,287.55,287.25,91
2023-07-17 18:09:00,3713,287.0541,287.41,286.58,287.41,286.58,78
2023-07-17 18:10:00,4847,287.242,286.765,287.5277,287.5277,286.765,150
2023-07-17 18:11:00,2586,287.5215,287.49,287.66,287.66,287.435,59
2023-07-17 18:12:00,3957,287.5374,287.52,287.3521,287.74,287.3521,106
2023-07-17 18:13:00,1304,286.8094,286.85,286.64,286.85,286.64,33
2023-07-17 18:14:00,2669,286.8978,286.89,286.85,286.99,286.81,61
2023-07-17 18:15:00,5058,286.6777,286.67,286.61,286.8497,286.36,106
2023-07-17 18:16:00,1515,286.6029,286.58,286.6,286.68,286.58,44
2023-07-17 18:17:00,1010,286.55,286.54,286.6,286.6,286.39,40
2023-07-17 18:18:00,2112,286.4223,286.39,286.43,286.43,286.315,73
2023-07-17 18:19:00,857,286.4827,286.43,286.305,286.57,286.305,30
2023-07-17 18:20:00,2378,285.9818,286.27,285.9,286.27,285.765,86
2023-07-17 18:21:00,901,285.8107,286.11,285.67,286.11,285.67,52
2023-07-17 18:22:00,6348,285.799,285.6712,285.55,286.04,285.5,102
2023-07-17 18:23:00,1724,285.7336,285.71,285.67,285.86,285.67,40
2023-07-17 18:24:00,2761,285.7932,285.645,285.765,285.98,285.645,65
2023-07-17 18:25:00,9405,285.423,285.76,285.205,285.765,285.1,262
2023-07-17 18:26:00,4533,285.4774,285.205,285.64,285.6599,285.205,133
2023-07-17 18:27:00,1842,285.8226,285.67,285.89,285.93,285.67,59
2023-07-17 18:28:00,3036,285.8459,285.95,285.81,285.95,285.725,56
2023-07-17 18:30:00,1531,286.0023,285.97,286.19,286.19,285.93,43
2023-07-17 18:31:00,2824,286.1291,286.11,286.18,286.21,286.03,98
2023-07-17 18:32:00,1454,286.3064,286.49,286.2,286.49,286.195,61
2023-07-17 18:33:00,2207,286.3229,286.195,286.21,286.385,286.195,58
2023-07-17 18:34:00,1987,285.8773,286.03,285.6925,286.03,285.54,56
2023-07-17 18:35:00,2341,285.9332,285.735,286.0,286.025,285.735,74
2023-07-17 18:36:00,1966,285.8925,286.115,285.58,286.115,285.58,60
2023-07-17 18:37:00,635,285.5995,285.42,285.62,285.62,285.42,21
2023-07-17 18:38:00,1600,285.4712,285.48,285.29,285.57,285.29,43
2023-07-17 18:39:00,1899,285.109,285.27,285.07,285.27,285.0,53
2023-07-17 18:40:00,2706,284.9636,285.17,285.0,285.195,284.81,50
2023-07-17 18:41:00,5125,285.0943,284.86,285.2809,285.38,284.8101,127
2023-07-17 18:42:00,3024,285.5583,285.38,285.86,285.875,285.38,75
2023-07-17 18:43:00,3022,286.0843,285.92,286.17,286.33,285.92,83
2023-07-17 18:44:00,2246,286.3659,286.41,286.445,286.445,286.26,82
2023-07-17 18:45:00,4499,286.468,286.48,286.385,286.65,286.335,118
2023-07-17 18:46:00,2758,286.2584,286.46,285.89,286.46,285.89,60
2023-07-17 18:47:00,1217,286.0367,286.065,286.065,286.065,286.06,22
2023-07-17 18:48:00,3493,285.752,286.03,285.52,286.03,285.52,85
2023-07-17 18:49:00,1828,285.6959,285.7,285.74,285.78,285.58,57
2023-07-17 18:50:00,2811,285.8236,285.7,285.97,285.97,285.7,108
2023-07-17 18:51:00,2352,286.1383,286.04,286.24,286.24,286.04,76
2023-07-17 18:52:00,2531,286.1034,286.03,286.1799,286.2299,286.03,72
2023-07-17 18:53:00,3737,286.3105,286.18,286.375,286.4,286.18,91
2023-07-17 18:54:00,2545,286.5852,286.68,286.4701,286.68,286.4701,67
2023-07-17 18:55:00,997,286.6777,286.69,286.635,286.74,286.635,21
2023-07-17 18:56:00,2478,286.6397,286.71,286.47,286.75,286.47,100
2023-07-17 18:57:00,725,286.5311,286.545,286.555,286.555,286.52,18
2023-07-17 18:58:00,436,286.4035,286.41,286.405,286.41,286.405,24
2023-07-17 18:59:00,3169,286.3992,286.22,286.58,286.58,286.22,83
2023-07-17 19:00:00,900,286.5324,286.45,286.57,286.57,286.45,23
2023-07-17 19:01:00,2065,286.6156,286.53,286.72,286.72,286.53,78
2023-07-17 19:02:00,3064,286.8959,286.77,287.05,287.05,286.76,111
2023-07-17 19:03:00,2079,286.8887,286.91,286.9,286.94,286.78,74
2023-07-17 19:04:00,3467,287.2123,287.03,287.4075,287.4075,287.03,96
2023-07-17 19:05:00,2016,287.1332,287.21,286.985,287.33,286.985,74
2023-07-17 19:06:00,476,286.838,286.74,286.925,286.925,286.74,20
2023-07-17 19:07:00,1494,286.9935,286.99,286.99,287.06,286.99,54
2023-07-17 19:08:00,1764,286.9097,286.9,286.81,287.0,286.81,72
2023-07-17 19:09:00,2147,286.7957,286.81,286.75,286.91,286.71,64
2023-07-17 19:10:00,3249,286.8499,286.78,286.87,286.91,286.78,92
2023-07-17 19:11:00,1856,286.6369,286.68,286.49,286.785,286.49,54
2023-07-17 19:12:00,3115,286.6124,286.52,286.615,286.615,286.52,90
2023-07-17 19:13:00,2090,286.567,286.39,286.79,286.79,286.39,66
2023-07-17 19:14:00,818,286.9136,286.88,286.94,286.94,286.88,36
2023-07-17 19:15:00,1625,286.8974,286.8718,286.845,286.97,286.845,70
2023-07-17 19:16:00,359,286.8563,286.9,286.9,286.9,286.9,19
2023-07-17 19:17:00,2337,286.5988,286.91,286.27,286.91,286.27,113
2023-07-17 19:18:00,2101,286.1522,286.2,286.16,286.21,286.08,58
2023-07-17 19:19:00,4400,286.415,286.08,286.44,286.66,286.08,141
2023-07-17 19:20:00,1088,286.4269,286.32,286.6499,286.6499,286.32,42
2023-07-17 19:21:00,1380,286.1721,286.32,286.08,286.32,286.08,57
2023-07-17 19:22:00,7015,285.6266,286.08,285.685,286.08,285.45,211
2023-07-17 19:23:00,904,285.8575,285.68,285.68,285.68,285.68,39
2023-07-17 19:24:00,1757,285.7089,285.68,285.7,285.7,285.68,29
2023-07-17 19:25:00,3676,285.7495,285.56,285.87,285.87,285.56,102
2023-07-17 19:26:00,313,285.7895,285.805,285.805,285.805,285.805,15
2023-07-17 19:27:00,3568,285.6383,285.9171,285.4,285.9171,285.4,104
2023-07-17 19:28:00,1247,285.5515,285.505,285.6599,285.6599,285.505,27
2023-07-17 19:29:00,6170,285.6969,285.4,285.77,285.9,285.4,138
2023-07-17 19:30:00,1727,285.7652,285.88,285.58,285.88,285.58,73
2023-07-17 19:31:00,919,285.6448,285.56,285.71,285.71,285.56,56
2023-07-17 19:33:00,3690,285.6194,285.58,285.71,285.71,285.505,107
2023-07-17 19:34:00,2634,285.6553,285.71,285.6775,285.71,285.58,77
2023-07-17 19:35:00,4238,285.5223,285.6,285.48,285.6,285.4,85
2023-07-17 19:36:00,1052,285.4183,285.39,285.385,285.39,285.385,45
2023-07-17 19:37:00,2404,285.2581,285.28,285.26,285.33,285.13,73
2023-07-17 19:38:00,3847,285.0527,285.13,285.105,285.16,284.98,64
2023-07-17 19:39:00,1686,285.1745,285.09,285.085,285.12,285.07,40
2023-07-17 19:40:00,8182,285.2321,285.18,285.16,285.35,285.16,198
2023-07-17 19:41:00,4482,285.079,285.02,285.26,285.26,284.91,129
2023-07-17 19:42:00,9038,285.2769,285.24,285.44,285.44,285.13,229
2023-07-17 19:43:00,5025,285.3864,285.4499,285.44,285.46,285.29,135
2023-07-17 19:44:00,1448,285.163,285.31,285.1,285.31,285.08,64
2023-07-17 19:45:00,4492,284.7253,284.84,284.74,284.84,284.58,169
2023-07-17 19:46:00,2445,284.7417,284.78,284.67,284.78,284.67,67
2023-07-17 19:47:00,6078,284.9849,284.87,285.04,285.14,284.87,157
2023-07-17 19:48:00,4977,284.9845,285.045,284.89,285.12,284.83,187
2023-07-17 19:49:00,2819,284.8258,284.955,284.67,284.955,284.67,109
2023-07-17 19:50:00,3768,284.481,284.38,284.47,284.57,284.29,159
2023-07-17 19:51:00,2447,284.3597,284.39,284.345,284.43,284.32,89
2023-07-17 19:52:00,6482,284.4966,284.34,284.58,284.58,284.34,212
2023-07-17 19:53:00,3415,284.5642,284.65,284.585,284.66,284.52,126
2023-07-17 19:54:00,13350,284.3984,284.65,284.21,284.66,284.1,435
2023-07-17 19:55:00,6518,284.2261,284.16,284.13,284.34,284.03,232
2023-07-17 19:56:00,15866,283.9638,284.11,284.04,284.12,283.855,545
2023-07-17 19:57:00,6492,284.0058,284.04,283.855,284.085,283.855,235
2023-07-17 19:58:00,12528,283.8287,283.83,283.82,283.9,283.76,360
2023-07-17 19:59:00,24007,283.9153,283.78,283.84,284.07,283.76,602
2023-07-17 20:00:00,4450,283.8495,283.85,283.85,283.85,283.85,25
2023-07-17 23:31:00,235,284.0,284.0,284.0,284.0,284.0,3
2023-07-18 12:28:00,172,285.6223,285.65,285.65,285.65,285.65,6
2023-07-18 12:30:00,408,285.5376,285.48,285.48,285.48,285.48,8
2023-07-18 12:32:00,195,285.1564,285.1,285.1,285.1,285.1,3
2023-07-18 12:33:00,635,285.1,285.1,285.1,285.1,285.1,11
2023-07-18 13:18:00,318,285.1758,285.2,285.2,285.2,285.2,8
2023-07-18 13:21:00,339,285.1813,285.19,285.19,285.19,285.19,2
2023-07-18 13:29:00,346,284.2492,284.17,284.4,284.4,284.17,10
2023-07-18 13:30:00,16358,284.1434,284.15,283.65,285.02,283.65,176
2023-07-18 13:31:00,19082,283.0133,283.635,281.865,283.68,281.865,126
2023-07-18 13:32:00,5723,282.5985,281.86,283.015,283.66,281.331,75
2023-07-18 13:33:00,11443,284.1471,283.34,284.06,284.965,283.34,166
2023-07-18 13:34:00,5193,283.7268,283.855,283.48,284.78,283.18,77
2023-07-18 13:35:00,1002,283.308,283.36,282.885,283.93,282.885,33
2023-07-18 13:36:00,13946,281.4841,282.39,280.69,282.98,280.16,376
2023-07-18 13:37:00,10275,280.8726,280.98,281.23,281.25,280.171,195
2023-07-18 13:38:00,3909,281.0528,280.96,280.77,281.28,280.59,86
2023-07-18 13:39:00,5323,280.7656,280.96,280.4704,281.26,280.22,170
2023-07-18 13:40:00,7515,280.0485,280.41,279.665,280.485,279.2,174
2023-07-18 13:41:00,6764,279.7553,279.65,279.59,279.99,279.36,140
2023-07-18 13:42:00,10205,279.5584,279.81,280.375,280.67,279.0,204
2023-07-18 13:43:00,2911,280.2807,280.7547,279.96,280.775,279.96,78
2023-07-18 13:44:00,4866,279.8075,279.62,280.025,280.18,279.43,116
2023-07-18 13:45:00,2229,280.2737,280.51,280.1,280.565,280.01,65
2023-07-18 13:46:00,8719,280.5577,280.09,280.5,280.94,280.09,137
2023-07-18 13:47:00,3304,281.0083,280.495,281.21,281.44,280.495,59
2023-07-18 13:48:00,5526,281.1339,281.24,281.145,281.275,280.98,122
2023-07-18 13:49:00,6102,281.0009,280.905,280.69,281.56,280.49,127
2023-07-18 13:50:00,2021,280.7142,280.75,280.625,280.92,280.49,44
2023-07-18 13:51:00,3676,279.9023,280.625,279.5675,280.625,279.5675,119
2023-07-18 13:52:00,7097,279.8889,279.65,280.58,280.58,279.58,139
2023-07-18 13:53:00,2216,281.1581,280.93,281.38,281.38,280.93,55
2023-07-18 13:54:00,1700,281.4355,280.93,281.575,281.575,280.93,59
2023-07-18 13:55:00,2749,281.3932,281.44,281.56,281.62,281.15,93
2023-07-18 13:56:00,5444,281.9352,281.59,282.42,282.42,281.59,119
2023-07-18 13:57:00,2319,283.0672,282.485,283.46,283.48,282.485,45
2023-07-18 13:58:00,1653,283.6627,283.46,283.925,284.0293,283.265,39
2023-07-18 13:59:00,1459,283.9474,283.811,283.915,284.06,283.811,52
2023-07-18 14:00:00,5788,283.6931,283.84,283.39,283.99,283.39,173
2023-07-18 14:01:00,2089,283.4767,283.38,283.4236,283.55,283.33,56
2023-07-18 14:02:00,6538,283.5663,283.65,283.735,283.735,283.36,146
2023-07-18 14:03:00,4728,283.4155,283.55,283.24,283.7527,283.145,116
2023-07-18 14:04:00,3060,283.4241,283.41,283.4618,283.485,283.38,74
2023-07-18 14:05:00,1586,283.7929,283.8,283.923,283.923,283.735,25
2023-07-18 14:06:00,12606,283.4237,283.74,283.18,283.74,283.07,135
2023-07-18 14:07:00,254,282.9036,283.11,282.73,283.11,282.73,16
2023-07-18 14:08:00,4392,282.8688,282.73,282.94,283.0,282.645,88
2023-07-18 14:09:00,4977,282.3859,282.64,282.3,282.81,282.18,128
2023-07-18 14:10:00,5986,282.2341,282.05,282.6,282.6,281.9925,140
2023-07-18 14:11:00,4888,282.5564,282.45,282.53,282.81,282.395,99
2023-07-18 14:12:00,4907,282.0424,282.25,281.93,282.25,281.84,94
2023-07-18 14:13:00,4685,281.5397,281.84,281.26,281.84,281.26,127
2023-07-18 14:14:00,6220,280.4426,281.07,280.35,281.07,280.24,94
2023-07-18 14:15:00,3437,280.607,280.46,280.715,280.715,280.46,99
2023-07-18 14:16:00,3466,280.4762,280.61,280.57,280.61,280.25,72
2023-07-18 14:17:00,3540,280.5773,280.7,280.445,280.8,280.32,84
2023-07-18 14:19:00,4426,280.9103,280.78,281.0,281.04,280.78,99
2023-07-18 14:20:00,1700,280.708,280.69,280.795,280.795,280.69,68
2023-07-18 14:21:00,7509,281.4688,281.0,281.805,282.1297,281.0,135
2023-07-18 14:22:00,1020,281.7696,281.78,281.805,281.81,281.75,27
2023-07-18 14:23:00,1770,281.1948,281.21,281.16,281.47,281.16,73
2023-07-18 14:24:00,4009,280.7015,281.035,280.5,281.035,280.5,76
2023-07-18 14:25:00,2883,280.1025,280.385,279.915,280.385,279.67,81
2023-07-18 14:26:00,7312,280.0733,279.97,280.345,280.51,279.82,204
2023-07-18 14:27:00,3971,280.5172,280.44,280.65,280.65,280.35,84
2023-07-18 14:28:00,1189,280.7347,280.68,280.755,280.755,280.68,33
2023-07-18 14:29:00,3058,281.0412,281.0,281.13,281.135,280.825,54
2023-07-18 14:30:00,6923,280.9591,281.17,280.62,281.2,280.62,116
2023-07-18 14:31:00,2719,280.5735,280.75,280.51,280.8,280.5,67
2023-07-18 14:32:00,2374,280.4355,280.585,280.2715,280.585,280.2715,60
2023-07-18 14:33:00,10805,280.3877,280.44,280.57,280.84,280.0,215
2023-07-18 14:34:00,2930,280.7205,280.6,280.77,281.0297,280.43,88
2023-07-18 14:35:00,2580,280.9064,280.99,280.85,281.02,280.75,54
2023-07-18 14:36:00,2164,280.779,280.9,280.82,280.92,280.7,71
2023-07-18 14:37:00,3154,281.057,280.98,281.05,281.24,280.98,51
2023-07-18 14:38:00,1956,280.7681,280.92,280.545,280.94,280.45,73
2023-07-18 14:39:00,2884,280.3626,280.36,280.36,280.65,280.34,56
2023-07-18 14:40:00,3006,280.325,280.36,280.18,280.64,280.02,62
2023-07-18 14:41:00,6471,280.8574,280.3,281.13,281.44,280.3,94
2023-07-18 14:42:00,2268,280.8335,281.14,280.9864,281.14,280.64,54
2023-07-18 14:43:00,1557,280.6039,281.03,280.37,281.03,280.37,47
2023-07-18 14:44:00,3195,280.1441,280.445,279.97,280.445,279.97,63
2023-07-18 14:45:00,4311,279.7781,279.91,279.305,279.915,279.305,98
2023-07-18 14:46:00,2601,279.4576,279.11,279.56,279.65,279.11,68
2023-07-18 14:47:00,2457,279.7436,279.75,279.58,279.88,279.58,54
2023-07-18 14:48:00,2873,279.2346,279.51,278.965,279.51,278.965,66
2023-07-18 14:49:00,5890,278.8706,278.905,279.13,279.13,278.65,154
2023-07-18 14:50:00,776,279.0872,279.12,279.13,279.13,279.12,25
2023-07-18 14:51:00,4078,278.217,278.72,278.06,278.72,278.0,133
2023-07-18 14:52:00,1321,277.8013,277.72,277.67,277.72,277.67,41
2023-07-18 14:53:00,2731,277.8229,277.8,277.99,277.99,277.67,62
2023-07-18 14:54:00,596,277.8908,277.95,277.99,277.99,277.95,28
2023-07-18 14:55:00,2389,277.7304,277.85,277.605,278.0,277.6,72
2023-07-18 14:56:00,1140,277.3954,277.42,277.4,277.445,277.3,48
2023-07-18 14:57:00,10359,277.3568,277.42,277.415,277.55,276.9901,193
2023-07-18 14:58:00,4354,277.498,277.53,277.755,277.755,277.28,78
2023-07-18 14:59:00,6434,277.8382,277.83,277.47,278.0,277.455,123
2023-07-18 15:00:00,3144,277.5325,277.49,277.62,277.6533,277.49,59
2023-07-18 15:01:00,3402,277.3802,277.64,277.41,277.66,277.015,119
2023-07-18 15:02:00,3651,276.9863,277.22,276.86,277.25,276.8,130
2023-07-18 15:03:00,1987,277.0271,277.02,276.93,277.12,276.93,56
2023-07-18 15:04:00,1116,276.7567,276.66,276.74,276.8,276.66,37
2023-07-18 15:05:00,2705,277.0831,276.87,277.024,277.27,276.87,72
2023-07-18 15:06:00,2123,276.8931,277.0,276.84,277.0,276.735,50
2023-07-18 15:07:00,2553,276.9016,276.8691,276.85,277.07,276.85,27
2023-07-18 15:08:00,2119,276.8382,277.07,276.56,277.07,276.56,89
2023-07-18 15:09:00,7511,276.6556,276.5407,277.1,277.1,276.28,140
2023-07-18 15:10:00,2347,277.4837,277.29,277.79,277.79,277.29,59
2023-07-18 15:11:00,3240,277.6036,277.525,277.44,277.81,277.44,92
2023-07-18 15:12:00,1352,277.2316,277.23,277.2,277.23,277.2,34
2023-07-18 15:13:00,2339,277.4356,277.37,277.8,277.8,277.37,73
2023-07-18 15:14:00,1786,277.8313,277.59,278.0,278.0,277.59,41
2023-07-18 15:15:00,482,277.8847,277.865,277.865,277.865,277.865,23
2023-07-18 15:16:00,621,277.9819,278.0,278.0,278.0,278.0,22
2023-07-18 15:17:00,1780,277.7904,277.86,277.69,277.985,277.69,70
2023-07-18 15:18:00,8008,277.6523,277.65,277.7,277.82,277.5,175
2023-07-18 15:19:00,1013,277.5255,277.61,277.555,277.61,277.52,37
2023-07-18 15:20:00,3819,277.5858,277.41,277.725,277.87,277.41,94
2023-07-18 15:21:00,1790,277.9605,277.725,278.0,278.0,277.705,31
2023-07-18 15:22:00,1146,278.1334,278.08,278.005,278.24,278.005,33
2023-07-18 15:23:00,1523,277.6298,277.84,277.4,277.84,277.4,52
2023-07-18 15:24:00,1257,277.1906,277.205,277.18,277.205,277.18,41
2023-07-18 15:25:00,728,277.2107,277.21,277.1872,277.22,277.1872,30
2023-07-18 15:26:00,2779,277.3771,277.32,277.41,277.51,277.32,66
2023-07-18 15:27:00,2062,277.0034,277.14,276.89,277.14,276.89,79
2023-07-18 15:28:00,5188,276.727,276.55,277.05,277.13,276.4,112
2023-07-18 15:29:00,4628,276.8632,277.065,276.86,277.065,276.84,40
2023-07-18 15:30:00,2928,276.6057,276.65,276.925,276.925,276.4,88
2023-07-18 15:31:00,7664,276.3167,276.7,276.305,276.7,276.08,95
2023-07-18 15:32:00,5453,275.8452,276.03,275.71,276.03,275.5,128
2023-07-18 15:33:00,1845,275.4988,275.5892,275.43,275.5892,275.4,56
2023-07-18 15:34:00,2735,275.432,275.52,275.24,275.56,275.24,64
2023-07-18 15:35:00,2719,275.1205,275.186,275.16,275.2,275.02,83
2023-07-18 15:36:00,8455,275.0992,275.32,275.03,275.32,274.69,179
2023-07-18 15:37:00,1798,275.1039,275.07,275.055,275.29,275.04,60
2023-07-18 15:38:00,6092,275.1208,275.05,275.06,275.24,275.05,158
2023-07-18 15:39:00,2004,274.894,275.05,274.71,275.05,274.63,70
2023-07-18 15:40:00,6028,274.633,274.59,274.44,274.84,274.42,154
2023-07-18 15:41:00,2369,274.2319,274.24,274.195,274.31,274.195,68
2023-07-18 15:42:00,5488,274.0448,274.195,274.165,274.2,273.8,116
2023-07-18 15:43:00,3919,273.8702,274.04,273.7075,274.165,273.67,93
2023-07-18 15:44:00,2568,273.7852,273.715,273.84,273.9,273.715,65
2023-07-18 15:45:00,6015,274.0855,273.84,273.9,274.33,273.84,163
2023-07-18 15:46:00,8097,274.0839,273.955,274.69,274.69,273.8,166
2023-07-18 15:47:00,1458,274.6851,274.7,274.6225,274.9,274.565,44
2023-07-18 15:48:00,3681,274.2131,274.42,274.01,274.42,274.0,101
2023-07-18 15:49:00,1880,274.3556,274.01,274.62,274.63,274.01,54
2023-07-18 15:50:00,1096,274.5892,274.72,274.52,274.72,274.52,44
2023-07-18 15:51:00,1600,274.8324,274.78,274.82,274.92,274.78,44
2023-07-18 15:52:00,5660,274.9146,274.805,274.585,275.2,274.51,117
2023-07-18 15:53:00,2534,274.7752,274.595,274.72,274.81,274.595,98
2023-07-18 15:54:00,1796,274.9188,275.0045,274.78,275.0045,274.78,41
2023-07-18 15:55:00,3969,274.4076,274.57,274.26,274.57,274.26,103
2023-07-18 15:56:00,2491,274.3941,274.305,274.37,274.46,274.305,64
2023-07-18 15:57:00,3559,274.4921,274.36,274.54,274.615,274.36,82
2023-07-18 15:58:00,6892,274.7226,274.575,274.99,274.99,274.5,116
2023-07-18 15:59:00,3037,274.8692,274.89,274.75,274.93,274.75,85
2023-07-18 16:00:00,2697,274.6746,274.7191,274.78,274.78,274.5,78
2023-07-18 16:01:00,4705,274.5654,274.81,274.47,274.81,274.4,175
2023-07-18 16:02:00,4641,274.3758,274.345,274.5,274.5,274.12,122
2023-07-18 16:03:00,12978,275.006,274.63,275.0,275.125,274.63,241
2023-07-18 16:04:00,5432,274.9877,274.91,274.76,275.1388,274.76,117
2023-07-18 16:05:00,5917,274.0944,274.72,274.055,274.72,273.84,181
2023-07-18 16:06:00,834,274.2632,274.28,274.3,274.3,274.28,34
2023-07-18 16:07:00,1769,274.5911,274.5899,274.8799,274.8799,274.5899,43
2023-07-18 16:08:00,292,274.6912,274.86,274.64,274.86,274.64,13
2023-07-18 16:09:00,919,274.9148,274.87,274.86,274.87,274.86,47
2023-07-18 16:10:00,1942,274.6738,274.86,274.4,274.87,274.4,75
2023-07-18 16:11:00,1779,274.7971,274.64,274.71,274.72,274.64,57
2023-07-18 16:12:00,2432,275.1251,275.22,275.04,275.26,275.03,66
2023-07-18 16:13:00,3010,274.9478,274.87,274.875,275.0,274.82,79
2023-07-18 16:14:00,1825,274.602,274.76,274.46,274.86,274.41,60
2023-07-18 16:15:00,229,274.5487,274.525,274.525,274.525,274.525,15
2023-07-18 16:16:00,2809,274.6677,274.65,274.91,274.91,274.65,49
2023-07-18 16:17:00,4174,274.5775,274.9,273.9101,274.93,273.9101,106
2023-07-18 16:18:00,438,274.1939,274.12,274.195,274.195,274.12,34
2023-07-18 16:19:00,3115,274.0943,274.0691,274.02,274.21,273.97,80
2023-07-18 16:20:00,3816,274.4463,274.25,274.49,274.68,274.25,88
2023-07-18 16:21:00,2795,274.1943,274.33,274.11,274.33,274.07,76
2023-07-18 16:22:00,4270,274.031,273.995,273.86,274.18,273.8,109
2023-07-18 16:23:00,1039,273.9677,273.88,273.93,274.0,273.88,41
2023-07-18 16:24:00,2770,273.3441,273.75,272.79,273.75,272.79,148
2023-07-18 16:25:00,4657,272.933,273.09,273.06,273.09,272.83,172
2023-07-18 16:26:00,2510,273.2383,273.0,273.38,273.45,273.0,79
2023-07-18 16:27:00,2262,273.3253,273.3975,273.295,273.46,273.14,92
2023-07-18 16:28:00,1266,273.4318,273.22,273.735,273.735,273.22,43
2023-07-18 16:29:00,800,273.4329,273.465,273.465,273.465,273.465,42
2023-07-18 16:31:00,2526,273.378,273.36,273.44,273.44,273.21,87
2023-07-18 16:32:00,764,273.2764,273.33,273.2,273.33,273.2,42
2023-07-18 16:33:00,1395,273.1515,273.3,273.03,273.3,273.03,84
2023-07-18 16:34:00,5106,272.9189,273.095,272.96,273.115,272.82,137
2023-07-18 16:35:00,2031,272.9704,272.965,272.99,273.08,272.87,65
2023-07-18 16:36:00,2015,273.0643,273.08,272.88,273.14,272.88,88
2023-07-18 16:37:00,337,273.0409,273.07,273.07,273.07,273.07,22
2023-07-18 16:38:00,1597,273.2449,273.22,273.295,273.31,273.15,39
2023-07-18 16:39:00,1263,273.4074,273.385,273.45,273.45,273.32,49
2023-07-18 16:40:00,2629,273.4742,273.47,273.26,273.64,273.26,105
2023-07-18 16:41:00,1577,273.1182,273.25,273.18,273.25,273.18,78
2023-07-18 16:42:00,6655,272.7247,272.995,272.23,273.135,272.23,134
2023-07-18 16:43:00,1155,272.4742,272.41,272.5899,272.5899,272.41,35
2023-07-18 16:44:00,619,272.3893,272.37,272.41,272.41,272.37,28
2023-07-18 16:45:00,3751,272.3711,272.3,272.565,272.565,272.2735,109
2023-07-18 16:46:00,1317,272.5573,272.51,272.74,272.74,272.5,33
2023-07-18 16:47:00,2288,272.723,272.74,272.8,272.8,272.74,68
2023-07-18 16:48:00,1178,272.3357,272.4,272.31,272.4,272.21,43
2023-07-18 16:49:00,6818,272.1182,272.19,272.08,272.46,271.9,173
2023-07-18 16:50:00,2920,272.2901,272.09,272.41,272.42,272.09,76
2023-07-18 16:51:00,1557,272.1839,272.01,272.19,272.205,272.01,41
2023-07-18 16:52:00,2734,271.9322,272.13,271.8,272.13,271.8,97
2023-07-18 16:53:00,4153,271.466,271.5041,271.495,271.6902,271.26,122
2023-07-18 16:54:00,4964,271.5367,271.4925,271.69,271.69,271.3684,145
2023-07-18 16:55:00,3901,271.7052,271.6,271.7999,271.7999,271.53,58
2023-07-18 16:56:00,2327,271.8161,271.65,272.01,272.01,271.65,77
2023-07-18 16:57:00,1198,272.228,272.095,272.325,272.33,272.095,44
2023-07-18 16:58:00,571,272.3582,272.38,272.39,272.39,272.31,24
2023-07-18 16:59:00,1550,272.3408,272.41,272.3012,272.46,272.3,53
2023-07-18 17:00:00,3805,272.5853,272.47,272.605,272.7,272.47,120
2023-07-18 17:01:00,4291,272.8364,272.605,273.05,273.05,272.605,87
2023-07-18 17:02:00,2544,272.8086,273.034,272.76,273.034,272.66,88
2023-07-18 17:03:00,239,272.7509,272.62,272.62,272.62,272.62,15
2023-07-18 17:04:00,1335,272.9498,272.7767,273.01,273.01,272.7767,55
2023-07-18 17:05:00,2698,273.1065,273.02,273.39,273.39,273.02,53
2023-07-18 17:06:00,3166,273.4142,273.36,273.53,273.69,273.34,92
2023-07-18 17:07:00,1531,273.4645,273.53,273.525,273.55,273.38,55
2023-07-18 17:08:00,1545,273.5611,273.55,273.63,273.67,273.54,52
2023-07-18 17:09:00,17009,278.7181,273.71,273.35,273.71,273.23,147
2023-07-18 17:10:00,3370,273.4961,273.5,273.5797,273.5797,273.5,92
2023-07-18 17:11:00,4235,273.2411,273.56,273.08,273.58,273.06,108
2023-07-18 17:12:00,4340,272.9994,273.03,273.0,273.08,272.91,103
2023-07-18 17:14:00,1507,272.7818,272.89,272.64,272.89,272.64,68
2023-07-18 17:15:00,3629,272.7101,272.63,272.82,272.82,272.63,111
2023-07-18 17:16:00,2611,272.5046,272.83,272.22,272.83,272.22,70
2023-07-18 17:17:00,1494,272.2875,272.13,272.38,272.38,272.13,47
2023-07-18 17:18:00,709,272.1755,272.2,272.04,272.2,272.04,24
2023-07-18 17:19:00,1414,272.0412,272.15,272.0,272.15,272.0,61
2023-07-18 17:20:00,463,272.0097,272.09,271.92,272.09,271.92,18
2023-07-18 17:21:00,1102,271.8478,271.92,271.71,271.92,271.71,51
2023-07-18 17:22:00,956,271.7107,271.75,271.63,271.75,271.62,42
2023-07-18 17:23:00,5042,271.5951,271.62,271.57,271.63,271.47,146
2023-07-18 17:24:00,518,271.5465,271.51,271.63,271.63,271.51,35
2023-07-18 17:25:00,489,271.5442,271.46,271.57,271.57,271.46,40
2023-07-18 17:26:00,6690,271.659,271.57,271.85,271.85,271.56,192
2023-07-18 17:27:00,1854,271.8812,271.7225,271.925,271.93,271.7225,56
2023-07-18 17:28:00,1389,271.8771,271.925,271.865,271.925,271.8,38
2023-07-18 17:29:00,1561,271.9912,272.01,272.05,272.05,271.875,53
2023-07-18 17:30:00,2234,272.0108,272.05,272.0,272.05,271.86,69
2023-07-18 17:31:00,1274,271.8602,271.85,271.85,271.85,271.82,51
2023-07-18 17:32:00,444,271.8234,271.86,271.805,271.86,271.805,12
2023-07-18 17:33:00,1448,271.7567,271.9299,271.64,271.9299,271.64,54
2023-07-18 17:34:00,2867,271.7446,271.75,271.7,271.78,271.7,84
2023-07-18 17:35:00,1610,271.5157,271.6,271.48,271.6,271.48,59
2023-07-18 17:36:00,3851,271.4567,271.32,271.58,271.58,271.26,102
2023-07-18 17:37:00,2629,271.7509,271.64,271.9,271.9,271.64,77
2023-07-18 17:39:00,5144,272.3079,271.965,272.3,272.55,271.965,148
2023-07-18 17:40:00,2085,272.4631,272.3596,272.625,272.625,272.3596,57
2023-07-18 17:41:00,391,272.5045,272.4799,272.4799,272.4799,272.4799,23
2023-07-18 17:42:00,1593,272.665,272.63,272.7,272.7,272.63,68
2023-07-18 17:43:00,3828,272.436,272.7699,271.99,272.7699,271.99,134
2023-07-18 17:44:00,945,271.8511,271.57,271.705,271.705,271.57,34
2023-07-18 17:46:00,3845,271.5308,271.47,271.5975,271.72,271.32,106
2023-07-18 17:47:00,942,271.6755,271.3701,271.76,271.76,271.3701,40
2023-07-18 17:49:00,3014,271.6922,271.71,271.71,271.71,271.63,105
2023-07-18 17:50:00,2057,271.6426,271.71,271.61,271.71,271.61,65
2023-07-18 17:51:00,3422,271.8048,271.65,271.61,272.0,271.61,97
2023-07-18 17:52:00,1184,271.7521,271.7,271.85,271.85,271.67,52
2023-07-18 17:53:00,1251,271.6864,271.865,271.63,271.865,271.63,63
2023-07-18 17:54:00,983,271.5182,271.47,271.51,271.515,271.47,44
2023-07-18 17:55:00,769,271.6048,271.62,271.58,271.62,271.58,47
2023-07-18 17:56:00,2600,271.6791,271.46,271.545,271.7299,271.46,39
2023-07-18 17:57:00,565,271.5413,271.535,271.54,271.55,271.535,24
2023-07-18 17:58:00,1474,271.4186,271.5,271.27,271.5,271.27,86
2023-07-18 17:59:00,4833,271.2253,271.26,271.275,271.3,271.06,137
2023-07-18 18:00:00,3551,271.3112,271.33,271.2,271.39,271.2,101
2023-07-18 18:01:00,597,271.258,271.26,271.255,271.26,271.255,27
2023-07-18 18:02:00,6321,271.1162,271.17,271.08,271.235,270.88,143
2023-07-18 18:03:00,2656,271.0176,271.17,270.93,271.17,270.86,99
2023-07-18 18:04:00,2676,270.8232,270.93,270.78,270.93,270.78,59
2023-07-18 18:05:00,2651,270.9015,270.93,270.865,271.03,270.69,89
2023-07-18 18:06:00,3188,271.0007,270.835,271.3,271.3,270.835,123
2023-07-18 18:07:00,2607,271.4275,271.285,271.62,271.62,271.285,65
2023-07-18 18:08:00,1630,271.4692,271.63,271.545,271.63,271.47,63
2023-07-18 18:09:00,1339,271.5793,271.6545,271.52,271.6545,271.4,33
2023-07-18 18:10:00,2475,271.6583,271.515,271.8,271.8,271.515,98
2023-07-18 18:11:00,2194,271.8984,271.795,271.97,272.0,271.795,72
2023-07-18 18:12:00,1067,271.9321,271.9,271.95,271.97,271.9,52
2023-07-18 18:13:00,4092,271.7118,271.91,271.575,271.91,271.54,168
2023-07-18 18:15:00,1742,271.7622,271.77,271.77,271.81,271.64,68
2023-07-18 18:16:00,660,271.8042,271.9199,271.765,271.9199,271.765,43
2023-07-18 18:17:00,1276,271.8385,271.775,271.82,271.92,271.775,62
2023-07-18 18:18:00,3138,271.7316,271.775,271.64,271.82,271.64,125
2023-07-18 18:19:00,3149,271.8299,271.72,271.87,271.87,271.72,135
2023-07-18 18:21:00,4242,271.5168,271.78,271.28,271.78,271.28,132
2023-07-18 18:22:00,3532,271.5989,271.22,271.61,271.86,271.22,105
2023-07-18 18:23:00,2954,271.4792,271.44,271.42,271.55,271.37,74
2023-07-18 18:24:00,987,271.5916,271.63,271.52,271.63,271.52,52
2023-07-18 18:25:00,935,271.4186,271.27,271.27,271.27,271.27,52
2023-07-18 18:26:00,2108,271.343,271.35,271.33,271.38,271.33,47
2023-07-18 18:27:00,2965,271.4045,271.33,271.47,271.47,271.33,111
2023-07-18 18:28:00,941,271.7079,271.7,271.69,271.79,271.69,48
2023-07-18 18:29:00,5400,271.7788,271.75,271.89,272.03,271.6393,142
2023-07-18 18:30:00,2572,271.9899,272.035,271.935,272.1646,271.89,68
2023-07-18 18:31:00,3908,272.0109,271.92,272.29,272.33,271.8322,89
2023-07-18 18:32:00,3759,272.1836,272.22,272.255,272.29,272.01,115
2023-07-18 18:33:00,3110,272.2482,272.27,272.1,272.3,272.1,97
2023-07-18 18:34:00,1689,271.9852,272.045,271.97,272.045,271.92,41
2023-07-18 18:35:00,2410,271.8317,271.91,271.8264,271.91,271.7,86
2023-07-18 18:36:00,201,271.6984,271.71,271.71,271.71,271.71,11
2023-07-18 18:37:00,1289,271.5575,271.59,271.53,271.59,271.53,75
2023-07-18 18:38:00,1521,271.3802,271.36,271.36,271.44,271.345,61
2023-07-18 18:39:00,2154,271.5133,271.41,271.62,271.63,271.41,95
2023-07-18 18:40:00,4239,271.3496,271.57,271.1,271.68,271.1,136
2023-07-18 18:41:00,5772,270.9874,271.07,270.95,271.08,270.874,121
2023-07-18 18:42:00,2590,271.042,270.99,271.025,271.07,270.985,88
2023-07-18 18:43:00,1897,271.0639,271.07,271.12,271.12,271.03,51
2023-07-18 18:44:00,1729,270.8971,271.04,270.77,271.04,270.77,84
2023-07-18 18:45:00,2350,270.9616,270.77,271.02,271.02,270.77,95
2023-07-18 18:46:00,800,271.3034,271.24,271.41,271.41,271.24,34
2023-07-18 18:47:00,4002,271.5115,271.4,271.57,271.57,271.4,101
2023-07-18 18:48:00,3636,271.7682,271.555,271.745,271.88,271.55,98
2023-07-18 18:49:00,1800,271.559,271.56,271.61,271.61,271.484,50
2023-07-18 18:50:00,1680,271.5586,271.49,271.49,271.7289,271.49,60
2023-07-18 18:51:00,4016,271.8051,271.62,271.54,271.91,271.54,123
2023-07-18 18:52:00,1888,271.4222,271.57,271.4999,271.575,271.3,59
2023-07-18 18:53:00,1796,271.5358,271.49,271.5907,271.6,271.49,57
2023-07-18 18:54:00,687,271.5603,271.48,271.58,271.58,271.48,30
2023-07-18 18:55:00,1113,271.5433,271.54,271.535,271.54,271.535,32
2023-07-18 18:56:00,688,271.4772,271.41,271.525,271.535,271.41,25
2023-07-18 18:57:00,2012,271.5641,271.53,271.545,271.63,271.53,52
2023-07-18 18:58:00,3361,271.8496,271.695,272.01,272.17,271.695,83
2023-07-18 18:59:00,3589,272.1266,272.105,272.24,272.24,272.06,87
2023-07-18 19:00:00,3003,272.1548,272.29,272.135,272.29,272.04,99
2023-07-18 19:01:00,1432,272.0832,272.135,272.02,272.135,272.02,62
2023-07-18 19:02:00,2854,271.9956,272.02,272.11,272.14,271.88,109
2023-07-18 19:03:00,1858,272.3851,272.23,272.525,272.525,272.23,63
2023-07-18 19:04:00,1719,272.4825,272.525,272.63,272.63,272.43,66
2023-07-18 19:05:00,1681,272.6215,272.52,272.57,272.74,272.505,63
2023-07-18 19:06:00,3184,272.6825,272.75,272.59,272.78,272.57,127
2023-07-18 19:07:00,1321,272.7314,272.635,272.735,272.78,272.635,43
2023-07-18 19:08:00,1315,272.6821,272.75,272.64,272.75,272.64,59
2023-07-18 19:09:00,2495,272.4875,272.51,272.59,272.59,272.41,70
2023-07-18 19:10:00,2648,272.7973,272.7,272.915,272.915,272.6512,77
2023-07-18 19:11:00,1005,272.9717,273.0,272.93,273.0,272.93,37
2023-07-18 19:12:00,3221,272.7681,272.975,272.705,272.975,272.58,118
2023-07-18 19:13:00,2277,272.9054,272.73,273.01,273.04,272.73,93
2023-07-18 19:14:00,3587,273.2048,273.16,273.3,273.3,273.065,111
2023-07-18 19:15:00,2001,273.342,273.225,273.45,273.45,273.225,64
2023-07-18 19:16:00,2626,273.3728,273.4759,273.375,273.49,273.3,92
2023-07-18 19:17:00,2212,273.538,273.4407,273.61,273.615,273.37,70
2023-07-18 19:18:00,3957,273.5234,273.63,273.5,273.6999,273.38,113
2023-07-18 19:19:00,1039,273.6175,273.575,273.64,273.65,273.57,38
2023-07-18 19:20:00,4869,273.4594,273.57,273.345,273.59,273.25,101
2023-07-18 19:21:00,3130,273.2173,273.25,273.21,273.25,273.16,75
2023-07-18 19:22:00,889,273.0987,273.0001,273.12,273.12,273.0001,23
2023-07-18 19:23:00,4947,272.9886,273.13,273.005,273.13,272.9,122
2023-07-18 19:24:00,1937,273.1198,273.01,273.11,273.15,273.01,61
2023-07-18 19:25:00,2668,273.229,273.1,273.22,273.42,273.1,77
2023-07-18 19:26:00,4752,272.9949,273.1,272.96,273.11,272.86,183
2023-07-18 19:27:00,1168,272.9068,272.9,272.9175,272.92,272.85,50
2023-07-18 19:28:00,4146,272.9062,272.92,273.145,273.145,272.75,157
2023-07-18 19:29:00,1160,273.2213,273.28,273.27,273.28,273.155,57
2023-07-18 19:30:00,2933,273.3114,273.27,273.42,273.42,273.24,132
2023-07-18 19:31:00,5793,273.4449,273.45,273.71,273.71,273.3325,145
2023-07-18 19:32:00,1228,273.6705,273.71,273.665,273.73,273.665,58
2023-07-18 19:33:00,14239,273.6597,273.665,273.634,273.835,273.53,217
2023-07-18 19:34:00,2748,273.8478,273.8,273.98,274.0,273.715,105
2023-07-18 19:35:00,3483,273.919,274.03,273.86,274.05,273.86,147
2023-07-18 19:36:00,2224,273.8428,273.89,273.76,273.98,273.73,75
2023-07-18 19:37:00,3578,273.9077,273.76,273.975,274.01,273.76,88
2023-07-18 19:38:00,3360,274.0146,274.085,274.08,274.1,273.94,109
2023-07-18 19:39:00,5178,273.8747,274.025,273.62,274.11,273.585,156
2023-07-18 19:40:00,1481,273.7688,273.67,273.83,273.8317,273.67,41
2023-07-18 19:41:00,3990,273.6317,273.715,273.72,273.73,273.54,168
2023-07-18 19:42:00,697,273.7303,273.71,273.73,273.81,273.71,26
2023-07-18 19:43:00,4624,273.6086,273.72,273.61,273.82,273.445,175
2023-07-18 19:44:00,5762,273.825,273.69,273.945,274.02,273.66,154
2023-07-18 19:45:00,4750,273.9489,273.91,274.01,274.09,273.84,116
2023-07-18 19:46:00,1402,274.0093,273.995,273.98,274.1,273.86,49
2023-07-18 19:47:00,6142,273.8999,274.01,273.9,274.05,273.83,176
2023-07-18 19:48:00,4361,273.9588,273.79,274.07,274.075,273.79,123
2023-07-18 19:49:00,11909,273.9583,274.0579,273.775,274.15,273.705,344
2023-07-18 19:50:00,10074,273.8855,273.98,273.8575,274.12,273.625,232
2023-07-18 19:51:00,7179,273.7861,273.84,273.745,273.885,273.71,233
2023-07-18 19:52:00,7193,273.8598,273.75,273.885,273.98,273.7,167
2023-07-18 19:53:00,7353,273.8279,273.88,273.84,273.88,273.77,200
2023-07-18 19:54:00,21409,273.7873,273.84,273.52,274.07,273.46,491
2023-07-18 19:55:00,10528,273.6416,273.61,273.61,273.81,273.505,280
2023-07-18 19:56:00,14678,273.4755,273.63,273.415,273.63,273.32,330
2023-07-18 19:57:00,17375,273.5868,273.35,273.75,273.81,273.35,422
2023-07-18 19:58:00,11647,273.8452,273.7578,273.937,273.965,273.7,351
2023-07-18 19:59:00,30125,274.0897,273.98,274.15,274.25,273.85,640
2023-07-18 20:00:00,11530,274.1608,274.25,274.16,274.25,274.16,22
2023-07-19 12:00:00,253,274.3854,274.85,274.85,274.85,274.85,7
2023-07-19 12:21:00,100,275.0,275.0,275.0,275.0,275.0,1
2023-07-19 13:05:00,205,275.1957,275.2,275.2,275.2,275.2,6
2023-07-19 13:08:00,200,275.99,275.99,275.99,275.99,275.99,2
2023-07-19 13:10:00,160,275.9994,276.0,276.0,276.0,276.0,2
2023-07-19 13:22:00,101,275.03,275.03,275.03,275.03,275.03,2
2023-07-19 13:25:00,551,275.0486,275.04,275.03,275.04,275.03,16
2023-07-19 13:27:00,235,275.9798,275.99,275.97,275.99,275.97,3
2023-07-19 13:29:00,196,275.438,275.34,275.34,275.34,275.34,3
2023-07-19 13:30:00,12258,275.9225,275.92,276.4,276.4,275.69,154
2023-07-19 13:31:00,5009,277.4658,276.48,278.0,278.0,276.48,103
2023-07-19 13:32:00,6102,277.9565,277.005,278.495,278.5985,277.005,146
2023-07-19 13:33:00,5492,278.0118,278.115,278.59,278.59,277.635,117
2023-07-19 13:34:00,8286,279.2259,278.95,279.63,279.65,278.87,111
2023-07-19 13:35:00,6870,280.3073,279.64,280.885,281.37,279.61,193
2023-07-19 13:36:00,4811,279.6461,279.86,279.365,279.965,279.03,97
2023-07-19 13:37:00,9009,278.0885,279.06,277.97,279.21,277.63,248
2023-07-19 13:38:00,1943,277.2182,277.53,276.29,277.9537,276.04,57
2023-07-19 13:39:00,5237,276.0976,276.5275,276.0,276.8099,275.46,115
2023-07-19 13:40:00,3423,277.03,276.36,277.3765,277.9999,276.29,73
2023-07-19 13:41:00,2437,277.1213,277.05,277.155,277.16,277.05,66
2023-07-19 13:42:00,2099,277.5491,277.08,277.785,277.895,276.55,87
2023-07-19 13:43:00,1830,278.378,278.245,278.27,278.5,278.245,65
2023-07-19 13:44:00,2808,278.6024,278.87,278.49,278.89,278.49,50
2023-07-19 13:45:00,1770,278.5874,278.49,278.865,278.93,278.49,51
2023-07-19 13:46:00,2403,278.2177,278.31,277.705,278.345,277.705,78
2023-07-19 13:47:00,2507,277.3292,277.91,277.06,277.91,277.06,66
2023-07-19 13:48:00,2877,277.311,276.98,277.93,277.965,276.98,93
2023-07-19 13:49:00,1702,277.807,277.88,277.585,277.94,277.54,60
2023-07-19 13:50:00,12579,277.9155,277.52,278.3985,278.615,277.5,247
2023-07-19 13:51:00,1767,277.8838,278.12,278.12,278.12,278.12,70
2023-07-19 13:52:00,2424,276.7824,277.07,276.244,277.3313,276.244,67
2023-07-19 13:53:00,4711,276.2246,276.44,275.76,276.44,275.76,139
2023-07-19 13:54:00,4874,275.8779,275.78,275.68,276.0194,275.35,98
2023-07-19 13:55:00,1010,275.8154,275.84,275.425,275.84,275.425,47
2023-07-19 13:56:00,2341,275.4583,275.37,275.61,275.63,275.29,73
2023-07-19 13:57:00,606,275.5931,275.62,275.495,275.62,275.495,33
2023-07-19 13:58:00,2214,275.755,275.515,275.93,275.97,275.515,91
2023-07-19 13:59:00,1297,276.1867,275.85,276.165,276.2595,275.85,28
2023-07-19 14:00:00,3343,275.7537,276.0,275.63,276.08,275.5,102
2023-07-19 14:01:00,1753,275.5154,275.79,275.815,275.815,275.3,96
2023-07-19 14:02:00,819,275.457,275.51,275.625,275.625,275.25,41
2023-07-19 14:03:00,743,275.4803,275.32,275.58,275.58,275.32,37
2023-07-19 14:05:00,1074,275.5553,275.45,275.8699,275.8699,275.45,56
2023-07-19 14:06:00,713,275.6069,275.49,275.69,275.69,275.265,27
2023-07-19 14:07:00,2022,276.022,276.0034,276.165,276.19,275.785,46
2023-07-19 14:08:00,854,276.153,276.165,276.15,276.165,276.1,27
2023-07-19 14:09:00,1623,276.1577,276.46,276.265,276.46,276.035,65
2023-07-19 14:10:00,515,276.196,276.25,276.16,276.25,276.16,19
2023-07-19 14:11:00,875,276.499,276.49,276.44,276.5275,276.44,36
2023-07-19 14:12:00,1848,276.8168,276.79,276.66,277.01,276.66,35
2023-07-19 14:13:00,1441,276.5857,276.575,276.565,276.575,276.565,50
2023-07-19 14:14:00,2011,276.2326,276.22,276.06,276.22,276.06,94
2023-07-19 14:16:00,1094,276.0016,275.99,276.04,276.04,275.99,53
2023-07-19 14:17:00,1326,276.2617,276.3708,276.3708,276.3708,276.3708,32
2023-07-19 14:18:00,1889,276.8008,276.84,276.795,276.84,276.69,72
2023-07-19 14:19:00,960,277.1312,277.11,277.22,277.485,277.11,57
2023-07-19 14:20:00,1497,276.7538,276.97,276.55,276.97,276.48,58
2023-07-19 14:21:00,592,276.6794,276.6501,276.66,276.66,276.6501,24
2023-07-19 14:22:00,951,276.9253,276.89,276.9,276.9,276.89,38
2023-07-19 14:24:00,8240,277.1898,277.0,277.54,277.54,276.975,145
2023-07-19 14:25:00,2409,277.7666,277.66,278.19,278.19,277.43,61
2023-07-19 14:26:00,3187,278.0447,278.08,277.84,278.3845,277.73,73
2023-07-19 14:27:00,440,277.9458,277.845,278.1,278.1,277.845,22
2023-07-19 14:28:00,12103,277.9393,277.745,278.105,278.5,277.745,160
2023-07-19 14:29:00,1291,278.0243,277.86,278.2,278.2,277.86,52
2023-07-19 14:30:00,6594,278.5086,278.38,278.35,278.82,278.154,145
2023-07-19 14:31:00,2405,278.2815,278.29,278.34,278.45,278.135,57
2023-07-19 14:33:00,576,278.3457,278.21,278.43,278.43,278.21,20
2023-07-19 14:34:00,2203,278.6545,278.6799,278.65,278.6799,278.635,39
2023-07-19 14:35:00,1885,278.6484,278.86,278.5501,278.86,278.5501,58
2023-07-19 14:36:00,513,278.8236,279.0,278.77,279.0,278.77,26
2023-07-19 14:37:00,5388,278.5599,278.735,278.7513,278.7513,278.31,107
2023-07-19 14:38:00,1892,278.8723,278.94,278.7975,279.015,278.645,65
2023-07-19 14:40:00,531,278.7913,278.745,278.745,278.745,278.745,26
2023-07-19 14:41:00,3760,279.0536,278.86,279.11,279.3909,278.86,83
2023-07-19 14:42:00,2976,279.5492,279.45,279.53,279.75,279.45,56
2023-07-19 14:43:00,1899,279.5927,279.695,279.54,279.695,279.54,59
2023-07-19 14:44:00,263,279.5033,279.54,279.54,279.54,279.54,22
2023-07-19 14:45:00,790,279.6277,279.72,279.67,279.72,279.67,38
2023-07-19 14:46:00,5803,279.4297,279.81,279.57,279.89,279.03,132
2023-07-19 14:47:00,738,279.0121,278.93,278.93,278.93,278.93,50
2023-07-19 14:48:00,275,278.4324,278.28,278.28,278.28,278.28,16
2023-07-19 14:49:00,762,278.8639,278.97,278.97,278.97,278.97,64
2023-07-19 14:51:00,207,278.5301,278.56,278.56,278.56,278.56,14
2023-07-19 14:52:00,1159,278.3056,278.48,278.19,278.48,278.19,66
2023-07-19 14:54:00,1344,277.6185,278.04,276.985,278.1,276.985,73
2023-07-19 14:55:00,1991,276.5709,276.75,276.525,276.75,276.34,64
2023-07-19 14:56:00,6097,276.4336,276.36,276.81,276.81,276.13,153
2023-07-19 14:57:00,681,277.1048,277.09,277.22,277.22,277.015,26
2023-07-19 14:58:00,1639,276.9097,276.94,276.78,276.94,276.78,52
2023-07-19 14:59:00,375,276.9558,276.8,276.8,276.8,276.8,23
2023-07-19 15:00:00,1293,277.2976,277.23,277.19,277.44,277.19,52
2023-07-19 15:01:00,528,276.9627,276.945,276.945,276.945,276.945,27
2023-07-19 15:02:00,469,277.1556,277.18,277.18,277.18,277.18,40
2023-07-19 15:03:00,1495,276.9896,277.13,276.94,277.13,276.94,73
2023-07-19 15:04:00,2233,277.0582,276.965,277.22,277.26,276.965,89
2023-07-19 15:05:00,2133,277.527,277.36,277.48,277.7399,277.36,43
2023-07-19 15:06:00,1596,277.4646,277.58,277.36,277.58,277.36,15
2023-07-19 15:07:00,2262,277.8866,277.74,278.01,278.01,277.74,62
2023-07-19 15:08:00,2927,278.0273,278.01,278.4,278.4,277.7741,60
2023-07-19 15:09:00,2725,278.2474,278.47,278.39,278.54,278.15,102
2023-07-19 15:10:00,4265,278.2608,278.41,278.15,278.41,278.09,100
2023-07-19 15:11:00,854,278.1213,278.1,278.19,278.19,278.07,24
2023-07-19 15:12:00,590,278.0415,278.08,278.08,278.08,278.08,41
2023-07-19 15:13:00,3487,277.8821,277.94,277.88,278.0,277.74,112
2023-07-19 15:14:00,2309,277.9728,278.04,277.87,278.0693,277.85,48
2023-07-19 15:15:00,850,277.5189,277.555,277.555,277.555,277.555,56
2023-07-19 15:17:00,1715,277.2375,277.485,276.93,277.485,276.93,80
2023-07-19 15:18:00,674,277.1997,277.0,277.0,277.0,277.0,38
2023-07-19 15:19:00,283,277.241,277.34,277.11,277.34,277.11,8
2023-07-19 15:20:00,735,277.2547,277.24,277.43,277.43,277.24,39
2023-07-19 15:21:00,499,277.2862,277.37,277.39,277.39,277.37,27
2023-07-19 15:22:00,525,277.1861,277.1798,277.1798,277.1798,277.1798,21
2023-07-19 15:23:00,2205,277.5688,277.21,277.805,277.805,277.21,88
2023-07-19 15:24:00,1082,277.5719,277.655,277.5,277.655,277.5,47
2023-07-19 15:26:00,2325,277.436,277.14,277.8,277.8,277.14,70
2023-07-19 15:27:00,2350,278.1389,277.96,278.1118,278.37,277.96,75
2023-07-19 15:28:00,1119,278.0419,278.095,277.96,278.095,277.96,34
2023-07-19 15:29:00,2446,277.9801,278.09,278.085,278.09,277.84,75
2023-07-19 15:30:00,1903,278.4817,278.145,278.57,278.81,278.145,56
2023-07-19 15:31:00,1281,278.8514,278.8,278.9598,278.9598,278.8,35
2023-07-19 15:32:00,1792,278.9793,278.84,279.15,279.15,278.84,47
2023-07-19 15:33:00,1049,279.0809,279.0,279.205,279.225,278.96,37
2023-07-19 15:34:00,1097,279.2624,279.23,279.31,279.31,279.23,27
2023-07-19 15:35:00,828,279.0902,279.205,279.13,279.205,278.96,32
2023-07-19 15:36:00,2043,278.9561,278.98,278.99,279.16,278.87,68
2023-07-19 15:37:00,843,279.1418,279.015,279.21,279.21,279.015,36
2023-07-19 15:39:00,1864,279.0007,279.17,278.94,279.17,278.9,83
2023-07-19 15:40:00,2471,278.6172,278.82,278.36,278.9705,278.36,81
2023-07-19 15:41:00,296,278.3001,278.335,278.335,278.335,278.335,12
2023-07-19 15:42:00,750,278.3361,278.365,278.385,278.385,278.365,33
2023-07-19 15:43:00,517,278.2221,278.22,278.22,278.22,278.22,23
2023-07-19 15:44:00,1784,278.2777,278.22,278.32,278.36,278.11,53
2023-07-19 15:45:00,210,278.3095,278.32,278.32,278.32,278.32,4
2023-07-19 15:46:00,2592,277.9668,278.32,277.86,278.32,277.685,89
2023-07-19 15:47:00,372,277.6036,277.635,277.635,277.635,277.635,17
2023-07-19 15:48:00,968,277.7098,277.52,277.88,277.88,277.52,51
2023-07-19 15:49:00,668,277.7119,277.8,277.675,277.8,277.675,25
2023-07-19 15:50:00,1578,277.3966,277.65,277.1312,277.65,277.1312,47
2023-07-19 15:51:00,1179,277.0292,277.26,276.72,277.26,276.72,41
2023-07-19 15:52:00,2484,276.6982,276.815,276.65,276.815,276.6,88
2023-07-19 15:53:00,762,276.6102,276.79,276.5,276.79,276.5,31
2023-07-19 15:54:00,1481,276.5522,276.45,276.53,276.67,276.45,57
2023-07-19 15:55:00,661,276.4555,276.52,276.38,276.52,276.38,32
2023-07-19 15:56:00,2675,276.152,276.23,276.38,276.38,275.98,124
2023-07-19 15:59:00,1290,276.6366,276.66,276.65,276.68,276.65,70
2023-07-19 16:00:00,962,276.4082,276.53,276.34,276.53,276.29,46
2023-07-19 16:01:00,978,276.3583,276.225,276.41,276.41,276.225,60
2023-07-19 16:02:00,842,276.4048,276.46,276.48,276.48,276.44,37
2023-07-19 16:03:00,611,276.6678,276.595,276.71,276.71,276.595,33
2023-07-19 16:04:00,1089,276.7247,276.69,276.68,276.76,276.68,32
2023-07-19 16:05:00,2475,276.56,276.785,276.68,276.785,276.58,93
2023-07-19 16:06:00,316,276.5901,276.6535,276.6535,276.6535,276.6535,17
2023-07-19 16:07:00,1350,276.6954,276.73,276.76,276.76,276.73,51
2023-07-19 16:08:00,345,276.7829,276.807,276.807,276.807,276.807,18
2023-07-19 16:09:00,945,276.7833,276.92,276.64,276.92,276.64,43
2023-07-19 16:10:00,2184,276.9806,276.88,277.025,277.025,276.855,76
2023-07-19 16:11:00,1081,276.7515,276.77,276.63,276.77,276.63,56
2023-07-19 16:12:00,511,277.0272,277.12,277.12,277.12,277.12,47
2023-07-19 16:14:00,600,276.8834,276.87,276.87,276.87,276.87,11
2023-07-19 16:15:00,691,276.7655,276.6945,276.6945,276.6945,276.6945,14
2023-07-19 16:16:00,1224,276.5149,276.58,276.42,276.58,276.4,52
2023-07-19 16:17:00,1672,276.2514,276.31,276.075,276.35,276.075,63
2023-07-19 16:19:00,1226,276.2545,276.16,276.42,276.42,276.16,56
2023-07-19 16:20:00,123,276.1588,276.145,276.145,276.145,276.145,4
2023-07-19 16:21:00,675,276.1232,276.165,276.1,276.165,276.1,27
2023-07-19 16:22:00,805,275.5703,275.65,275.46,275.65,275.46,60
2023-07-19 16:23:00,798,275.5974,275.46,275.72,275.72,275.46,23
2023-07-19 16:24:00,388,275.459,275.445,275.445,275.445,275.445,20
2023-07-19 16:25:00,1052,275.4692,275.656,275.35,275.656,275.35,61
2023-07-19 16:26:00,719,275.3871,275.39,275.3325,275.41,275.325,23
2023-07-19 16:27:00,1536,275.5335,275.41,275.555,275.62,275.355,66
2023-07-19 16:28:00,3252,275.5588,275.61,275.23,275.82,275.22,111
2023-07-19 16:29:00,3815,274.9153,275.2561,274.565,275.2561,274.565,130
2023-07-19 16:30:00,2719,274.1056,274.345,274.065,274.345,273.9,98
2023-07-19 16:31:00,544,273.9448,273.56,273.865,274.21,273.56,21
2023-07-19 16:32:00,2804,274.0258,273.875,273.88,274.19,273.875,95
2023-07-19 16:33:00,1048,273.8248,273.86,273.77,273.86,273.77,42
2023-07-19 16:34:00,677,273.7594,273.77,273.64,273.77,273.64,49
2023-07-19 16:36:00,1181,273.5177,273.59,273.36,273.59,273.36,59
2023-07-19 16:37:00,2695,273.4587,273.4,273.66,273.66,273.365,82
2023-07-19 16:38:00,10760,273.5478,273.525,273.785,273.785,273.26,210
2023-07-19 16:39:00,733,273.8497,273.765,273.765,273.765,273.765,22
2023-07-19 16:40:00,606,273.9729,273.96,273.96,273.96,273.96,35
2023-07-19 16:41:00,437,274.1153,274.115,274.12,274.12,274.115,21
2023-07-19 16:44:00,401,274.0252,274.0,274.01,274.01,274.0,26
2023-07-19 16:45:00,421,274.0401,274.0,274.1,274.1,273.935,12
2023-07-19 16:46:00,1042,273.8116,273.82,273.8,273.82,273.8,54
2023-07-19 16:47:00,808,273.7786,273.79,273.77,273.8,273.77,16
2023-07-19 16:48:00,3307,273.6931,273.66,273.715,273.715,273.601,111
2023-07-19 16:49:00,1966,273.9918,273.85,274.3404,274.3404,273.85,62
2023-07-19 16:50:00,948,274.1138,274.11,274.0,274.26,273.99,42
2023-07-19 16:52:00,2747,274.1083,273.89,274.65,274.65,273.84,93
2023-07-19 16:54:00,989,274.7026,274.585,274.501,274.78,274.501,46
2023-07-19 16:55:00,408,274.701,274.62,274.62,274.62,274.62,17
2023-07-19 16:56:00,253,274.7144,274.7301,274.7301,274.7301,274.7301,11
2023-07-19 16:57:00,1728,274.5199,274.7,274.22,274.7,274.22,71
2023-07-19 17:00:00,883,274.2346,274.23,274.205,274.23,274.14,43
2023-07-19 17:01:00,1268,274.457,274.205,274.58,274.58,274.205,54
2023-07-19 17:04:00,1535,274.5318,274.665,274.405,274.665,274.405,47
2023-07-19 17:06:00,1980,274.1666,274.09,274.36,274.39,274.0,71
2023-07-19 17:07:00,113,274.3656,274.3804,274.3804,274.3804,274.3804,5
2023-07-19 17:08:00,157,274.2047,274.24,274.24,274.24,274.24,8
2023-07-19 17:09:00,160,274.2239,274.24,274.24,274.24,274.24,12
2023-07-19 17:10:00,1855,274.456,274.435,274.535,274.55,274.3,54
2023-07-19 17:11:00,330,274.5778,274.57,274.57,274.57,274.57,19
2023-07-19 17:13:00,188,274.7547,274.75,274.75,274.75,274.75,8
2023-07-19 17:14:00,872,274.7691,274.76,274.81,274.81,274.76,32
2023-07-19 17:15:00,1896,274.4509,274.55,274.32,274.56,274.32,69
2023-07-19 17:16:00,1466,274.2898,274.29,274.2775,274.29,274.275,54
2023-07-19 17:17:00,948,274.149,274.0074,274.0074,274.0074,274.0074,50
2023-07-19 17:20:00,1199,274.2955,274.12,274.43,274.43,274.12,74
2023-07-19 17:21:00,1241,274.1897,274.2,274.38,274.38,274.02,39
2023-07-19 17:22:00,1041,274.5122,274.42,274.55,274.55,274.42,57
2023-07-19 17:24:00,250,274.7947,274.795,274.795,274.795,274.795,6
2023-07-19 17:26:00,442,274.5711,274.55,274.61,274.61,274.55,29
2023-07-19 17:27:00,1440,274.8042,274.81,274.84,274.84,274.81,41
2023-07-19 17:28:00,733,274.4879,274.58,274.34,274.58,274.34,39
2023-07-19 17:30:00,207,274.4422,274.46,274.46,274.46,274.46,14
2023-07-19 17:31:00,164,274.6434,274.695,274.695,274.695,274.695,9
2023-07-19 17:32:00,851,274.6829,274.71,274.71,274.71,274.71,38
2023-07-19 17:33:00,555,274.7532,274.765,274.765,274.765,274.765,22
2023-07-19 17:34:00,402,274.6449,274.64,274.64,274.64,274.64,27
2023-07-19 17:35:00,2568,274.5727,274.5,274.52,274.66,274.5,85
2023-07-19 17:36:00,270,274.7042,274.57,274.57,274.57,274.57,25
2023-07-19 17:41:00,552,274.8058,274.885,274.7,274.885,274.7,8
2023-07-19 17:42:00,2307,275.014,274.98,274.97,274.98,274.97,98
2023-07-19 17:43:00,1345,275.1172,275.21,275.23,275.23,275.01,42
2023-07-19 17:45:00,350,275.3731,275.35,275.41,275.41,275.35,17
2023-07-19 17:46:00,673,275.4226,275.56,275.495,275.56,275.495,37
2023-07-19 17:47:00,1016,275.5976,275.57,275.635,275.635,275.57,43
2023-07-19 17:49:00,479,275.6345,275.61,275.61,275.61,275.61,20
2023-07-19 17:50:00,2141,275.3055,275.58,275.195,275.58,275.15,90
2023-07-19 17:52:00,387,275.0424,275.03,275.03,275.03,275.03,29
2023-07-19 17:53:00,5362,274.6672,274.88,274.53,274.88,274.52,118
2023-07-19 17:54:00,1556,274.4102,274.495,274.32,274.52,274.26,37
2023-07-19 17:55:00,334,274.2163,274.325,274.325,274.325,274.325,19
2023-07-19 17:56:00,2051,274.5824,274.3,275.13,275.13,274.3,108
2023-07-19 17:57:00,507,274.9477,275.05,275.01,275.05,275.01,19
2023-07-19 17:58:00,397,274.9171,275.09,275.09,275.09,275.09,21
2023-07-19 17:59:00,606,275.0323,274.965,274.98,275.075,274.965,17
2023-07-19 18:00:00,2023,274.8012,274.86,275.035,275.035,274.7,52
2023-07-19 18:02:00,873,274.9122,274.8564,274.98,274.98,274.8564,31
2023-07-19 18:03:00,402,274.8655,274.955,274.71,274.955,274.71,17
2023-07-19 18:04:00,842,274.8609,274.9568,274.83,274.9568,274.78,14
2023-07-19 18:05:00,409,274.8006,274.83,274.83,274.83,274.83,25
2023-07-19 18:06:00,1339,275.0226,274.97,275.175,275.175,274.97,75
2023-07-19 18:07:00,2330,274.8413,274.95,274.73,275.045,274.68,61
2023-07-19 18:08:00,669,274.6331,274.64,274.725,274.725,274.64,25
2023-07-19 18:09:00,457,274.5973,274.54,274.54,274.54,274.54,20
2023-07-19 18:10:00,653,274.5988,274.67,274.67,274.69,274.67,28
2023-07-19 18:11:00,348,274.5947,274.47,274.44,274.47,274.44,9
2023-07-19 18:12:00,1617,274.8627,274.645,274.92,274.92,274.645,74
2023-07-19 18:13:00,574,274.9603,275.0228,274.968,275.0228,274.93,24
2023-07-19 18:14:00,1106,274.9817,274.86,275.07,275.07,274.83,50
2023-07-19 18:16:00,1004,275.2226,275.22,275.27,275.27,275.22,47
2023-07-19 18:17:00,636,275.2815,275.285,275.285,275.285,275.285,27
2023-07-19 18:18:00,158,275.316,275.315,275.315,275.315,275.315,8
2023-07-19 18:19:00,1870,275.5507,275.39,275.63,275.67,275.39,62
2023-07-19 18:20:00,1587,275.6746,275.59,275.63,275.85,275.59,28
2023-07-19 18:21:00,1634,275.1647,275.31,274.89,275.31,274.89,76
2023-07-19 18:24:00,4075,274.3614,274.57,274.37,274.57,274.12,127
2023-07-19 18:27:00,118,274.2593,274.21,274.21,274.21,274.21,7
2023-07-19 18:29:00,620,274.5484,274.45,274.45,274.45,274.45,47
2023-07-19 18:30:00,604,274.7645,274.67,274.82,274.82,274.67,37
2023-07-19 18:32:00,2640,274.7603,274.6801,274.86,274.87,274.66,34
2023-07-19 18:34:00,1460,274.9261,274.94,275.054,275.054,274.94,19
2023-07-19 18:35:00,750,274.8567,274.865,275.0,275.0,274.865,28
2023-07-19 18:36:00,164,274.8366,274.83,274.83,274.83,274.83,9
2023-07-19 18:37:00,808,274.6867,274.715,274.715,274.715,274.715,30
2023-07-19 18:38:00,386,274.6061,274.595,274.595,274.595,274.595,11
2023-07-19 18:39:00,342,274.4973,274.44,274.44,274.44,274.44,14
2023-07-19 18:40:00,1105,274.4289,274.48,274.383,274.48,274.383,38
2023-07-19 18:41:00,524,274.3296,274.39,274.265,274.39,274.265,32
2023-07-19 18:43:00,801,274.4425,274.495,274.44,274.495,274.44,11
2023-07-19 18:45:00,1112,274.3812,274.455,274.27,274.455,274.27,17
2023-07-19 18:46:00,819,274.1858,274.03,274.14,274.27,274.03,39
2023-07-19 18:47:00,1037,273.9788,273.94,273.77,273.94,273.77,51
2023-07-19 18:50:00,1189,273.4734,273.5,273.485,273.5,273.4,50
2023-07-19 18:51:00,854,273.5266,273.47,273.4,273.655,273.4,35
2023-07-19 18:52:00,405,273.4813,273.48,273.48,273.48,273.48,13
2023-07-19 18:53:00,469,273.372,273.4,273.27,273.4,273.27,30
2023-07-19 18:54:00,1449,273.2881,273.27,273.27,273.27,273.27,83
2023-07-19 18:55:00,278,273.3997,273.39,273.4,273.4,273.39,8
2023-07-19 18:57:00,1404,273.4167,273.35,273.56,273.56,273.35,69
2023-07-19 18:58:00,1603,273.6383,273.56,273.72,273.72,273.55,56
2023-07-19 18:59:00,405,273.66,273.7,273.7,273.7,273.7,20
2023-07-19 19:00:00,1187,273.7908,273.77,273.92,273.92,273.715,52
2023-07-19 19:02:00,3438,274.014,273.79,274.27,274.27,273.79,146
2023-07-19 19:03:00,14493,277.6962,274.4,274.81,274.81,274.17,103
2023-07-19 19:04:00,989,274.5468,274.48,274.5,274.5,274.48,63
2023-07-19 19:05:00,1429,274.4502,274.42,274.5396,274.5396,274.4,97
2023-07-19 19:06:00,1321,274.3681,274.3,274.18,274.3,274.18,57
2023-07-19 19:07:00,1827,274.5663,274.54,274.72,274.72,274.5,79
2023-07-19 19:09:00,1774,274.5821,274.59,274.55,274.59,274.55,66
2023-07-19 19:10:00,1084,274.7678,274.65,274.83,274.83,274.65,48
2023-07-19 19:11:00,741,274.7925,274.78,274.76,274.78,274.75,37
2023-07-19 19:12:00,853,274.9371,274.86,275.0,275.0,274.86,42
2023-07-19 19:13:00,1077,274.8771,274.95,274.95,274.95,274.95,66
2023-07-19 19:14:00,501,274.7728,274.7975,274.75,274.7975,274.75,23
2023-07-19 19:15:00,1145,274.9547,274.87,274.87,274.87,274.87,60
2023-07-19 19:17:00,401,274.8719,274.88,274.88,274.88,274.88,24
2023-07-19 19:19:00,1145,275.1098,275.1,275.16,275.16,275.1,76
2023-07-19 19:20:00,1425,275.2845,275.13,275.33,275.33,275.13,65
2023-07-19 19:23:00,999,275.3488,275.4,275.38,275.4,275.38,55
2023-07-19 19:24:00,404,275.4517,275.51,275.51,275.51,275.51,30
2023-07-19 19:25:00,905,275.4829,275.45,275.56,275.56,275.45,45
2023-07-19 19:26:00,1504,275.5731,275.59,275.57,275.65,275.57,69
2023-07-19 19:27:00,697,275.5658,275.59,275.56,275.59,275.56,29
2023-07-19 19:28:00,4182,275.4281,275.49,275.3,275.49,275.25,177
2023-07-19 19:29:00,2077,275.3335,275.28,275.255,275.36,275.255,61
2023-07-19 19:30:00,2921,275.2941,275.26,275.17,275.46,275.08,123
2023-07-19 19:32:00,2863,275.2295,275.08,275.29,275.34,275.08,117
2023-07-19 19:34:00,2944,275.3437,275.56,274.92,275.56,274.92,109
2023-07-19 19:35:00,1149,274.7158,274.89,274.475,275.0714,274.45,53
2023-07-19 19:36:00,2407,274.6179,274.61,274.77,274.77,274.5,83
2023-07-19 19:37:00,1896,274.6394,274.62,274.65,274.69,274.53,59
2023-07-19 19:38:00,1538,274.7063,274.66,274.8,274.8,274.66,66
2023-07-19 19:39:00,1566,274.7403,274.7619,274.7,274.815,274.7,66
2023-07-19 19:40:00,1249,274.7875,274.86,274.775,274.865,274.775,80
2023-07-19 19:41:00,3044,274.6381,274.8,274.47,274.81,274.47,130
2023-07-19 19:42:00,1729,274.5362,274.52,274.615,274.6697,274.52,65
2023-07-19 19:43:00,2172,274.6147,274.59,274.54,274.59,274.53,101
2023-07-19 19:44:00,1117,274.6131,274.63,274.59,274.63,274.59,47
2023-07-19 19:45:00,1744,274.4043,274.42,274.3,274.445,274.25,84
2023-07-19 19:46:00,1545,274.333,274.285,274.29,274.44,274.285,60
2023-07-19 19:47:00,5448,274.2651,274.24,274.375,274.45,274.07,211
2023-07-19 19:48:00,3932,274.1319,274.21,274.145,274.22,274.01,144
2023-07-19 19:49:00,6658,274.0256,274.04,273.93,274.15,273.91,231
2023-07-19 19:50:00,3814,274.2135,274.15,274.29,274.3,274.14,187
2023-07-19 19:51:00,1727,274.1663,274.135,274.15,274.17,274.115,60
2023-07-19 19:52:00,6144,274.1894,274.35,274.15,274.3579,274.05,184
2023-07-19 19:53:00,3945,274.2694,274.18,274.18,274.3594,274.18,143
2023-07-19 19:54:00,6872,273.8975,274.01,273.675,274.1,273.66,209
2023-07-19 19:55:00,4617,273.8211,273.93,273.76,273.94,273.75,203
2023-07-19 19:56:00,3955,273.7514,273.74,273.76,273.76,273.68,149
2023-07-19 19:57:00,4990,273.7742,273.82,273.73,273.84,273.7,223
2023-07-19 19:58:00,7210,273.7343,273.82,273.75,273.82,273.66,313
2023-07-19 19:59:00,13707,273.7061,273.7,273.66,273.83,273.65,452
2023-07-19 20:10:00,459,273.7595,273.75,273.75,273.75,273.75,2
2023-07-19 20:12:00,147,273.8024,273.8,273.8,273.8,273.8,4
2023-07-19 22:09:00,170,273.0026,273.0,273.0,273.0,273.0,3
2023-07-19 22:23:00,2016,271.0791,271.57,271.0,271.57,271.0,24
2023-07-19 22:25:00,189,271.0,271.0,271.0,271.0,271.0,2
2023-07-19 22:26:00,3000,270.0,270.0,270.0,270.0,270.0,1
2023-07-19 23:14:00,194,270.0108,270.0,270.0,270.0,270.0,3
