t,v,vw,o,c,h,l,n
2023-08-29 11:18:00,150,84.48,84.48,84.48,84.48,84.48,1
2023-08-29 13:29:00,410,84.3998,84.4,84.4,84.4,84.4,3
2023-08-29 13:30:00,3021,84.3929,84.39,84.46,84.46,84.36,11
2023-08-29 13:31:00,511,84.4297,84.42,84.42,84.42,84.42,10
2023-08-29 13:32:00,686,84.4363,84.41,84.45,84.45,84.41,23
2023-08-29 13:33:00,1511,84.4413,84.45,84.4,84.46,84.4,22
2023-08-29 13:35:00,181,84.4085,84.4082,84.4082,84.4082,84.4082,5
2023-08-29 13:37:00,860,84.4436,84.46,84.46,84.46,84.46,34
2023-08-29 13:40:00,872,84.485,84.48,84.5,84.5,84.48,10
2023-08-29 13:41:00,774,84.5712,84.54,84.6,84.62,84.54,16
2023-08-29 13:42:00,515,84.6704,84.68,84.68,84.68,84.68,6
2023-08-29 13:43:00,906,84.6919,84.72,84.68,84.72,84.68,19
2023-08-29 13:44:00,414,84.6729,84.67,84.67,84.67,84.67,12
2023-08-29 13:45:00,899,84.6844,84.67,84.705,84.705,84.655,19
2023-08-29 13:46:00,5342,84.7795,84.76,84.755,84.81,84.755,45
2023-08-29 13:47:00,1525,84.7439,84.77,84.7,84.77,84.7,22
2023-08-29 13:48:00,649,84.6856,84.69,84.67,84.7,84.67,8
2023-08-29 13:49:00,1185,84.6234,84.655,84.62,84.655,84.62,17
2023-08-29 13:50:00,946,84.6127,84.62,84.6,84.62,84.6,23
2023-08-29 13:51:00,486,84.5928,84.57,84.58,84.58,84.57,7
2023-08-29 13:54:00,123,84.6898,84.69,84.69,84.69,84.69,5
2023-08-29 13:56:00,1458,84.7444,84.72,84.73,84.76,84.72,38
2023-08-29 13:57:00,819,84.7214,84.74,84.72,84.74,84.72,7
2023-08-29 13:58:00,174,84.6915,84.69,84.69,84.69,84.69,6
2023-08-29 14:00:00,2369,84.8469,84.73,84.94,84.94,84.73,58
2023-08-29 14:01:00,3403,84.963,84.98,84.93,85.0,84.93,37
2023-08-29 14:02:00,1338,85.0142,85.0,85.01,85.02,85.0,17
2023-08-29 14:03:00,790,85.0404,85.04,85.02,85.0597,85.02,14
2023-08-29 14:04:00,3018,85.0332,85.06,84.9607,85.07,84.9607,32
2023-08-29 14:05:00,2579,85.0645,85.07,85.08,85.08,85.06,28
2023-08-29 14:07:00,626,85.062,85.08,85.06,85.08,85.05,7
2023-08-29 14:08:00,1235,85.0809,85.06,85.1,85.1,85.06,21
2023-08-29 14:09:00,1141,85.0554,85.09,85.04,85.09,85.04,16
2023-08-29 14:10:00,552,85.0373,85.04,85.03,85.04,85.03,8
2023-08-29 14:11:00,1468,85.0093,85.04,84.99,85.04,84.99,24
2023-08-29 14:12:00,1890,84.908,84.91,84.88,84.92,84.88,13
2023-08-29 14:13:00,278,84.87,84.87,84.87,84.87,84.87,2
2023-08-29 14:14:00,334,84.9138,84.9,84.94,84.94,84.9,5
2023-08-29 14:17:00,279,84.9377,84.93,84.95,84.95,84.93,15
2023-08-29 14:18:00,264,84.9489,84.9304,84.9304,84.9304,84.9304,6
2023-08-29 14:20:00,408,84.981,84.99,85.0,85.0,84.99,11
2023-08-29 14:21:00,337,85.0789,85.09,85.12,85.12,85.09,8
2023-08-29 14:22:00,560,85.1089,85.1,85.12,85.12,85.1,6
2023-08-29 14:23:00,454,85.1072,85.11,85.11,85.11,85.11,11
2023-08-29 14:24:00,1442,85.0948,85.1,85.1,85.1,85.08,14
2023-08-29 14:25:00,1798,85.096,85.11,85.07,85.11,85.07,25
2023-08-29 14:26:00,5336,85.038,85.07,85.03,85.075,84.993,52
2023-08-29 14:27:00,1816,85.0391,85.0379,85.055,85.06,85.03,27
2023-08-29 14:28:00,1613,85.0818,85.07,85.07,85.095,85.07,26
2023-08-29 14:29:00,562,85.0668,85.07,85.07,85.07,85.07,6
2023-08-29 14:30:00,1795,85.0375,85.06,85.04,85.06,85.0,26
2023-08-29 14:31:00,1548,85.1135,85.07,85.14,85.14,85.07,26
2023-08-29 14:32:00,649,85.1508,85.15,85.16,85.16,85.15,9
2023-08-29 14:33:00,518,85.0963,85.1223,85.08,85.1223,85.08,11
2023-08-29 14:34:00,432,85.0752,85.08,85.08,85.08,85.08,12
2023-08-29 14:35:00,1509,85.0934,85.08,85.1,85.1,85.08,22
2023-08-29 14:36:00,253,85.0521,85.05,85.05,85.05,85.05,7
2023-08-29 14:37:00,2847,84.9762,85.03,84.98,85.03,84.96,33
2023-08-29 14:38:00,229,84.9714,84.96,84.96,84.96,84.96,7
2023-08-29 14:39:00,415,85.0016,84.98,84.98,84.98,84.98,11
2023-08-29 14:40:00,2075,84.9862,85.0,84.98,85.01,84.98,26
2023-08-29 14:43:00,1884,84.9643,84.96,84.93,84.98,84.93,29
2023-08-29 14:44:00,208,84.9406,84.94,84.94,84.94,84.94,5
2023-08-29 14:45:00,933,84.9067,84.92,84.9,84.92,84.9,14
2023-08-29 14:46:00,782,84.929,84.92,84.95,84.95,84.92,19
2023-08-29 14:47:00,700,84.9689,84.95,84.975,84.975,84.95,15
2023-08-29 14:48:00,502,84.9859,84.99,84.98,84.99,84.98,12
2023-08-29 14:49:00,1550,85.0289,85.015,85.04,85.04,85.015,23
2023-08-29 14:50:00,529,85.0001,85.0,85.0,85.0,85.0,9
2023-08-29 14:51:00,1027,85.0129,85.0259,85.0,85.0259,85.0,20
2023-08-29 14:53:00,546,84.9791,84.97,84.98,84.98,84.97,7
2023-08-29 14:54:00,975,84.9592,84.96,84.96,84.96,84.96,13
2023-08-29 14:55:00,697,84.9202,84.92,84.9,84.9399,84.9,11
2023-08-29 14:58:00,568,84.933,84.93,84.94,84.94,84.93,21
2023-08-29 14:59:00,759,84.97,84.97,84.97,84.97,84.97,13
2023-08-29 15:00:00,3002,84.9498,84.97,84.94,84.97,84.94,25
2023-08-29 15:01:00,384,84.932,84.92,84.935,84.935,84.92,9
2023-08-29 15:02:00,209,84.9253,84.91,84.91,84.91,84.91,8
2023-08-29 15:03:00,312,84.9544,84.96,84.96,84.96,84.96,8
2023-08-29 15:04:00,497,84.9334,84.94,84.93,84.94,84.93,12
2023-08-29 15:05:00,249,84.942,84.93,84.95,84.95,84.93,2
2023-08-29 15:06:00,268,84.9735,84.97,84.97,84.97,84.97,12
2023-08-29 15:07:00,541,84.9306,84.92,84.94,84.94,84.91,16
2023-08-29 15:08:00,488,84.939,84.94,84.94,84.94,84.94,17
2023-08-29 15:09:00,333,84.9421,84.94,84.94,84.94,84.94,9
2023-08-29 15:10:00,260,84.9504,84.95,84.95,84.95,84.95,6
2023-08-29 15:11:00,1720,84.9449,84.93,84.9818,84.9818,84.93,34
2023-08-29 15:12:00,546,85.0024,84.975,85.02,85.02,84.975,14
2023-08-29 15:13:00,340,85.0044,85.0,85.0179,85.0179,84.99,3
2023-08-29 15:14:00,1532,85.0393,85.02,85.04,85.07,85.02,19
2023-08-29 15:15:00,750,85.1046,85.1066,85.1,85.1066,85.1,14
2023-08-29 15:16:00,102,85.0998,85.1,85.1,85.1,85.1,2
2023-08-29 15:17:00,1007,85.0983,85.1,85.07,85.11,85.07,15
2023-08-29 15:19:00,1220,85.1198,85.11,85.13,85.14,85.11,25
2023-08-29 15:20:00,476,85.1841,85.185,85.185,85.185,85.185,4
2023-08-29 15:22:00,316,85.0965,85.105,85.105,85.105,85.105,13
2023-08-29 15:24:00,172,85.1078,85.1,85.1,85.1,85.1,6
2023-08-29 15:26:00,310,85.1094,85.11,85.11,85.11,85.11,7
2023-08-29 15:28:00,116,85.1448,85.145,85.145,85.145,85.145,4
2023-08-29 15:29:00,8072,85.1088,85.135,85.13,85.135,85.08,84
2023-08-29 15:30:00,756,85.1354,85.14,85.1283,85.14,85.1283,14
2023-08-29 15:31:00,200,85.145,85.145,85.145,85.145,85.145,2
2023-08-29 15:35:00,1110,85.1959,85.19,85.2,85.21,85.19,23
2023-08-29 15:36:00,330,85.2199,85.22,85.22,85.22,85.22,7
2023-08-29 15:38:00,928,85.2161,85.22,85.2,85.22,85.2,27
2023-08-29 15:39:00,554,85.2038,85.2,85.2,85.2,85.2,6
2023-08-29 15:41:00,110,85.2502,85.25,85.25,85.25,85.25,5
2023-08-29 15:43:00,110,85.3282,85.33,85.33,85.33,85.33,3
2023-08-29 15:45:00,173,85.3444,85.34,85.34,85.34,85.34,7
2023-08-29 15:46:00,737,85.3343,85.32,85.34,85.34,85.32,16
2023-08-29 15:49:00,598,85.2994,85.3,85.3,85.3,85.3,28
2023-08-29 15:50:00,1602,85.2839,85.285,85.295,85.295,85.28,9
2023-08-29 15:53:00,1397,85.3294,85.31,85.36,85.36,85.31,24
2023-08-29 15:54:00,172,85.3516,85.35,85.35,85.35,85.35,10
2023-08-29 15:55:00,118,85.3721,85.375,85.375,85.375,85.375,5
2023-08-29 15:56:00,449,85.4023,85.4,85.41,85.41,85.4,12
2023-08-29 15:57:00,203,85.3824,85.445,85.445,85.445,85.445,3
2023-08-29 15:59:00,131,85.4749,85.475,85.475,85.475,85.475,3
2023-08-29 16:02:00,893,85.4199,85.4458,85.39,85.4458,85.39,16
2023-08-29 16:04:00,202,85.4001,85.41,85.39,85.41,85.39,2
2023-08-29 16:06:00,516,85.3731,85.39,85.34,85.39,85.34,11
2023-08-29 16:07:00,331,85.3131,85.3101,85.3101,85.3101,85.3101,3
2023-08-29 16:08:00,616,85.3747,85.38,85.36,85.38,85.36,10
2023-08-29 16:09:00,224,85.3602,85.36,85.36,85.36,85.36,3
2023-08-29 16:11:00,9492,85.354,85.3887,85.305,85.3958,85.3,129
2023-08-29 16:13:00,221,85.2936,85.295,85.295,85.295,85.295,7
2023-08-29 16:14:00,241,85.284,85.295,85.28,85.295,85.28,4
2023-08-29 16:16:00,233,85.2836,85.275,85.275,85.275,85.275,5
2023-08-29 16:17:00,1078,85.3392,85.29,85.37,85.37,85.29,23
2023-08-29 16:19:00,150,85.4295,85.43,85.43,85.43,85.43,2
2023-08-29 16:22:00,350,85.4887,85.49,85.485,85.49,85.485,15
2023-08-29 16:26:00,1228,85.503,85.5,85.51,85.51,85.495,14
2023-08-29 16:27:00,612,85.5284,85.53,85.515,85.54,85.515,13
2023-08-29 16:29:00,2759,85.5023,85.52,85.47,85.52,85.47,29
2023-08-29 16:31:00,100,85.49,85.49,85.49,85.49,85.49,1
2023-08-29 16:32:00,541,85.4968,85.47,85.51,85.51,85.47,19
2023-08-29 16:39:00,103,85.4901,85.49,85.49,85.49,85.49,2
2023-08-29 16:40:00,200,85.495,85.495,85.495,85.495,85.495,2
2023-08-29 16:41:00,330,85.4898,85.49,85.49,85.49,85.49,13
2023-08-29 16:43:00,651,85.4915,85.485,85.495,85.495,85.485,13
2023-08-29 16:45:00,430,85.4748,85.46,85.46,85.46,85.46,17
2023-08-29 16:46:00,1150,85.4618,85.455,85.47,85.47,85.455,26
2023-08-29 16:47:00,208,85.4592,85.44,85.44,85.44,85.44,3
2023-08-29 16:48:00,303,85.4588,85.45,85.45,85.45,85.45,5
2023-08-29 16:49:00,216,85.4665,85.47,85.47,85.47,85.47,3
2023-08-29 16:50:00,2882,85.4448,85.4501,85.43,85.47,85.43,38
2023-08-29 16:55:00,1820,85.3806,85.36,85.4,85.4,85.36,34
2023-08-29 16:56:00,389,85.3997,85.4,85.4,85.4,85.4,8
2023-08-29 16:58:00,203,85.4051,85.405,85.405,85.405,85.405,4
2023-08-29 16:59:00,205,85.405,85.405,85.405,85.405,85.405,3
2023-08-29 17:00:00,335,85.4051,85.405,85.405,85.405,85.405,6
2023-08-29 17:01:00,2958,85.4277,85.405,85.48,85.48,85.4,53
2023-08-29 17:04:00,395,85.521,85.52,85.52,85.52,85.52,10
2023-08-29 17:05:00,209,85.5397,85.54,85.54,85.54,85.54,4
2023-08-29 17:06:00,577,85.5269,85.52,85.52,85.52,85.52,18
2023-08-29 17:07:00,216,85.5167,85.51,85.51,85.51,85.51,5
2023-08-29 17:08:00,821,85.521,85.54,85.52,85.54,85.52,25
2023-08-29 17:09:00,16207,85.4955,85.48,85.53,85.53,85.48,18
2023-08-29 17:10:00,291,85.4912,85.49,85.49,85.49,85.49,9
2023-08-29 17:11:00,616,85.4623,85.45,85.45,85.45,85.45,16
2023-08-29 17:12:00,297,85.441,85.43,85.43,85.43,85.43,4
2023-08-29 17:13:00,873,85.4208,85.43,85.415,85.43,85.41,19
2023-08-29 17:14:00,504,85.3865,85.39,85.39,85.39,85.39,11
2023-08-29 17:15:00,370,85.3559,85.35,85.35,85.35,85.35,8
2023-08-29 17:16:00,218,85.309,85.31,85.31,85.31,85.31,4
2023-08-29 17:17:00,1004,85.295,85.27,85.29,85.35,85.27,12
2023-08-29 17:18:00,194,85.3133,85.315,85.315,85.315,85.315,7
2023-08-29 17:20:00,761,85.2907,85.26,85.275,85.275,85.26,14
2023-08-29 17:21:00,1758,85.3179,85.3,85.34,85.355,85.3,29
2023-08-29 17:23:00,294,85.3626,85.35,85.37,85.37,85.35,6
2023-08-29 17:24:00,348,85.3694,85.37,85.37,85.37,85.37,5
2023-08-29 17:25:00,396,85.3747,85.36,85.38,85.38,85.36,14
2023-08-29 17:28:00,1435,85.36,85.37,85.32,85.37,85.32,43
2023-08-29 17:29:00,212,85.3261,85.33,85.33,85.33,85.33,5
2023-08-29 17:30:00,866,85.3494,85.35,85.34,85.355,85.34,18
2023-08-29 17:31:00,1166,85.3557,85.33,85.355,85.36,85.33,30
2023-08-29 17:32:00,471,85.3811,85.38,85.39,85.39,85.38,14
2023-08-29 17:35:00,1662,85.4106,85.39,85.42,85.42,85.39,23
2023-08-29 17:36:00,1164,85.4099,85.41,85.41,85.42,85.4,27
2023-08-29 17:37:00,419,85.39,85.4039,85.37,85.4039,85.37,5
2023-08-29 17:38:00,795,85.3946,85.4,85.383,85.4,85.383,10
2023-08-29 17:40:00,1681,85.4145,85.42,85.4,85.43,85.4,31
2023-08-29 17:41:00,594,85.3841,85.39,85.37,85.39,85.36,12
2023-08-29 17:43:00,305,85.3609,85.36,85.36,85.36,85.36,7
2023-08-29 17:44:00,362,85.349,85.352,85.34,85.352,85.34,5
2023-08-29 17:45:00,1530,85.3291,85.34,85.33,85.34,85.31,27
2023-08-29 17:48:00,451,85.3037,85.3,85.3,85.3,85.3,9
2023-08-29 17:51:00,110,85.315,85.315,85.315,85.315,85.315,2
2023-08-29 17:53:00,3167,85.3239,85.315,85.31,85.34,85.29,55
2023-08-29 17:54:00,274,85.259,85.25,85.25,85.25,85.25,10
2023-08-29 17:55:00,201,85.2424,85.235,85.25,85.25,85.235,3
2023-08-29 17:56:00,398,85.2203,85.21,85.21,85.21,85.21,11
2023-08-29 17:57:00,1952,85.2625,85.24,85.29,85.29,85.24,25
2023-08-29 17:59:00,993,85.3255,85.33,85.32,85.34,85.32,18
2023-08-29 18:00:00,543,85.3434,85.35,85.36,85.36,85.35,21
2023-08-29 18:01:00,281,85.375,85.375,85.375,85.375,85.375,3
2023-08-29 18:02:00,944,85.3353,85.36,85.32,85.36,85.31,36
2023-08-29 18:03:00,227,85.3271,85.32,85.32,85.32,85.32,4
2023-08-29 18:04:00,252,85.32,85.32,85.32,85.32,85.32,5
2023-08-29 18:05:00,613,85.3074,85.3,85.32,85.32,85.3,14
2023-08-29 18:06:00,338,85.3237,85.32,85.32,85.32,85.32,5
2023-08-29 18:07:00,130,85.3108,85.31,85.31,85.31,85.31,2
2023-08-29 18:08:00,313,85.3257,85.32,85.34,85.34,85.32,4
2023-08-29 18:09:00,753,85.336,85.3496,85.3302,85.3496,85.3302,5
2023-08-29 18:10:00,314,85.3335,85.33,85.33,85.34,85.33,9
2023-08-29 18:11:00,2283,85.3594,85.33,85.32,85.38,85.32,50
2023-08-29 18:12:00,1016,85.3379,85.3493,85.3493,85.3493,85.3493,10
2023-08-29 18:13:00,1145,85.3164,85.31,85.32,85.32,85.3,20
2023-08-29 18:14:00,601,85.3103,85.32,85.3,85.32,85.3,12
2023-08-29 18:15:00,2246,85.2877,85.3,85.285,85.305,85.27,51
2023-08-29 18:16:00,783,85.3157,85.3,85.32,85.32,85.3,11
2023-08-29 18:17:00,6574,85.3282,85.32,85.34,85.34,85.3,54
2023-08-29 18:18:00,4047,85.3188,85.31,85.3,85.33,85.29,21
2023-08-29 18:19:00,1606,85.317,85.31,85.32,85.32,85.31,26
2023-08-29 18:20:00,2920,85.3139,85.33,85.2885,85.335,85.28,36
2023-08-29 18:21:00,1403,85.3268,85.33,85.33,85.33,85.32,21
2023-08-29 18:22:00,674,85.3289,85.325,85.34,85.34,85.32,21
2023-08-29 18:24:00,1222,85.3258,85.34,85.31,85.34,85.31,19
2023-08-29 18:25:00,853,85.2898,85.27,85.29,85.305,85.27,22
2023-08-29 18:26:00,1472,85.2697,85.27,85.26,85.28,85.25,28
2023-08-29 18:27:00,831,85.2198,85.23,85.2,85.23,85.2,17
2023-08-29 18:28:00,886,85.1844,85.2,85.185,85.205,85.16,11
2023-08-29 18:29:00,500,85.1802,85.17,85.18,85.2,85.17,4
2023-08-29 18:30:00,2398,85.2046,85.22,85.19,85.24,85.17,34
2023-08-29 18:31:00,680,85.1969,85.2,85.19,85.2,85.19,34
2023-08-29 18:32:00,833,85.1501,85.16,85.14,85.165,85.13,11
2023-08-29 18:33:00,1464,85.1289,85.14,85.14,85.15,85.09,21
2023-08-29 18:34:00,2712,85.1586,85.145,85.15,85.18,85.14,40
2023-08-29 18:35:00,1540,85.1708,85.16,85.18,85.18,85.16,34
2023-08-29 18:36:00,2148,85.1794,85.16,85.17,85.2,85.16,24
2023-08-29 18:37:00,2066,85.1883,85.19,85.17,85.2,85.17,44
2023-08-29 18:38:00,1841,85.1477,85.17,85.14,85.17,85.13,36
2023-08-29 18:39:00,1655,85.1344,85.13,85.13,85.14,85.12,27
2023-08-29 18:40:00,3375,85.1401,85.13,85.16,85.16,85.12,59
2023-08-29 18:41:00,1458,85.1964,85.2,85.205,85.205,85.2,29
2023-08-29 18:42:00,1115,85.1846,85.19,85.173,85.19,85.173,36
2023-08-29 18:43:00,201,85.2025,85.2,85.205,85.205,85.2,3
2023-08-29 18:44:00,1349,85.1959,85.2,85.2,85.21,85.19,21
2023-08-29 18:45:00,557,85.2003,85.205,85.19,85.205,85.19,13
2023-08-29 18:46:00,2255,85.194,85.19,85.18,85.21,85.18,45
2023-08-29 18:47:00,1391,85.1785,85.18,85.18,85.18,85.16,26
2023-08-29 18:48:00,2838,85.169,85.19,85.18,85.19,85.15,46
2023-08-29 18:49:00,230,85.18,85.18,85.18,85.18,85.18,2
2023-08-29 18:50:00,672,85.1735,85.18,85.17,85.18,85.17,10
2023-08-29 18:51:00,1250,85.164,85.17,85.16,85.17,85.15,34
2023-08-29 18:52:00,447,85.1532,85.155,85.14,85.155,85.14,10
2023-08-29 18:53:00,2840,85.1165,85.13,85.13,85.13,85.09,42
2023-08-29 18:54:00,1022,85.1384,85.14,85.13,85.145,85.13,19
2023-08-29 18:55:00,350,85.1223,85.12,85.1215,85.1215,85.12,5
2023-08-29 18:56:00,1063,85.1287,85.13,85.12,85.13,85.12,22
2023-08-29 18:57:00,2972,85.1026,85.11,85.11,85.11,85.09,56
2023-08-29 18:58:00,1473,85.1196,85.12,85.1209,85.1209,85.115,22
2023-08-29 18:59:00,1915,85.1171,85.11,85.13,85.13,85.1,33
2023-08-29 19:00:00,1923,85.077,85.12,85.07,85.12,85.0519,49
2023-08-29 19:01:00,1727,85.0986,85.08,85.11,85.11,85.08,27
2023-08-29 19:02:00,1253,85.124,85.12,85.138,85.138,85.12,37
2023-08-29 19:03:00,617,85.12,85.12,85.125,85.125,85.12,16
2023-08-29 19:04:00,661,85.1318,85.12,85.14,85.14,85.12,19
2023-08-29 19:05:00,1602,85.147,85.14,85.14,85.15,85.14,22
2023-08-29 19:06:00,415,85.1391,85.16,85.16,85.16,85.16,11
2023-08-29 19:07:00,921,85.1415,85.15,85.13,85.15,85.13,26
2023-08-29 19:08:00,2096,85.1309,85.14,85.12,85.14,85.11,31
2023-08-29 19:09:00,1500,85.1223,85.11,85.12,85.13,85.11,32
2023-08-29 19:10:00,963,85.1301,85.12,85.14,85.14,85.12,14
2023-08-29 19:11:00,1053,85.1361,85.14,85.14,85.14,85.13,28
2023-08-29 19:12:00,2940,85.1537,85.13,85.17,85.17,85.13,47
2023-08-29 19:13:00,2939,85.1834,85.18,85.1814,85.2,85.18,46
2023-08-29 19:14:00,1187,85.1815,85.185,85.18,85.185,85.175,16
2023-08-29 19:15:00,1096,85.1747,85.17,85.17,85.178,85.17,17
2023-08-29 19:16:00,368,85.1639,85.165,85.16,85.165,85.16,8
2023-08-29 19:17:00,1071,85.1536,85.155,85.155,85.155,85.15,24
2023-08-29 19:18:00,5114,85.1565,85.15,85.15,85.18,85.14,78
2023-08-29 19:19:00,2240,85.1769,85.16,85.19,85.19,85.16,37
2023-08-29 19:20:00,420,85.189,85.19,85.19,85.19,85.19,9
2023-08-29 19:21:00,1735,85.1827,85.18,85.18,85.2,85.18,41
2023-08-29 19:22:00,2060,85.1952,85.18,85.2,85.2,85.18,36
2023-08-29 19:23:00,7230,85.2069,85.21,85.17,85.25,85.17,106
2023-08-29 19:24:00,1457,85.1809,85.18,85.18,85.19,85.18,26
2023-08-29 19:25:00,7195,85.164,85.19,85.2,85.21,85.14,109
2023-08-29 19:26:00,828,85.2212,85.21,85.23,85.23,85.21,11
2023-08-29 19:27:00,3361,85.2078,85.23,85.191,85.23,85.19,59
2023-08-29 19:28:00,513,85.1971,85.195,85.205,85.205,85.195,6
2023-08-29 19:29:00,2187,85.2016,85.2,85.19,85.21,85.19,45
2023-08-29 19:30:00,3684,85.2169,85.2,85.24,85.24,85.2,69
2023-08-29 19:31:00,2027,85.2041,85.225,85.18,85.239,85.175,39
2023-08-29 19:32:00,2763,85.1776,85.18,85.175,85.19,85.16,51
2023-08-29 19:33:00,1469,85.1887,85.19,85.19,85.2,85.18,21
2023-08-29 19:34:00,2516,85.1976,85.18,85.21,85.21,85.18,26
2023-08-29 19:35:00,3519,85.2117,85.21,85.19,85.23,85.19,56
2023-08-29 19:36:00,3267,85.1857,85.195,85.19,85.2,85.17,40
2023-08-29 19:37:00,4917,85.179,85.17,85.195,85.2,85.17,83
2023-08-29 19:38:00,2842,85.2031,85.21,85.2,85.21,85.19,44
2023-08-29 19:39:00,943,85.1899,85.19,85.19,85.2,85.18,18
2023-08-29 19:40:00,3370,85.1759,85.19,85.18,85.2,85.16,52
2023-08-29 19:41:00,1535,85.1632,85.175,85.14,85.18,85.14,31
2023-08-29 19:42:00,2226,85.1372,85.12,85.13,85.16,85.11,35
2023-08-29 19:43:00,3006,85.1365,85.13,85.135,85.15,85.12,58
2023-08-29 19:44:00,2148,85.1609,85.135,85.18,85.18,85.135,47
2023-08-29 19:45:00,3891,85.1856,85.17,85.18,85.2,85.16,63
2023-08-29 19:46:00,3589,85.1801,85.18,85.17,85.19,85.17,58
2023-08-29 19:47:00,4061,85.1668,85.175,85.185,85.185,85.15,70
2023-08-29 19:48:00,3030,85.1689,85.18,85.16,85.18,85.15,49
2023-08-29 19:49:00,6511,85.1757,85.15,85.19,85.2,85.13,90
2023-08-29 19:50:00,5088,85.1834,85.18,85.19,85.2,85.17,100
2023-08-29 19:51:00,5641,85.1832,85.18,85.2,85.2,85.17,100
2023-08-29 19:52:00,8667,85.2134,85.2,85.25,85.25,85.2,125
2023-08-29 19:53:00,1718,85.2679,85.26,85.28,85.28,85.25,56
2023-08-29 19:54:00,4279,85.274,85.275,85.25,85.29,85.245,93
2023-08-29 19:55:00,8848,85.2723,85.26,85.265,85.3,85.255,110
2023-08-29 19:56:00,7176,85.2683,85.265,85.29,85.29,85.25,112
2023-08-29 19:57:00,7496,85.2751,85.29,85.265,85.3,85.25,111
2023-08-29 19:58:00,9562,85.2705,85.26,85.3,85.3,85.26,110
2023-08-29 19:59:00,22723,85.2318,85.29,85.19,85.295,85.19,305
2023-08-30 09:15:00,300,85.27,85.27,85.27,85.27,85.27,4
2023-08-30 09:21:00,200,85.27,85.27,85.27,85.27,85.27,1
2023-08-30 13:27:00,100,85.64,85.64,85.64,85.64,85.64,1
2023-08-30 13:29:00,500,85.5844,85.6,85.58,85.6,85.58,3
2023-08-30 13:30:00,2591,85.6365,85.65,85.58,85.65,85.58,19
2023-08-30 13:31:00,459,85.5786,85.54,85.59,85.59,85.54,11
2023-08-30 13:32:00,783,85.585,85.575,85.59,85.62,85.575,13
2023-08-30 13:33:00,2651,85.579,85.65,85.55,85.65,85.53,35
2023-08-30 13:34:00,1095,85.5951,85.58,85.615,85.615,85.58,25
2023-08-30 13:35:00,3469,85.643,85.63,85.58,85.7,85.58,52
2023-08-30 13:36:00,411,85.5819,85.57,85.59,85.59,85.57,16
2023-08-30 13:37:00,1464,85.535,85.54,85.54,85.5525,85.52,24
2023-08-30 13:38:00,1705,85.5512,85.54,85.54,85.56,85.52,33
2023-08-30 13:39:00,843,85.5966,85.6,85.585,85.6,85.58,18
2023-08-30 13:40:00,764,85.568,85.58,85.58,85.59,85.58,20
2023-08-30 13:41:00,825,85.5221,85.52,85.52,85.52,85.52,21
2023-08-30 13:42:00,1349,85.5778,85.53,85.565,85.6,85.53,27
2023-08-30 13:43:00,1244,85.5621,85.56,85.58,85.58,85.55,27
2023-08-30 13:45:00,419,85.7228,85.665,85.76,85.76,85.665,12
2023-08-30 13:46:00,1847,85.7093,85.7,85.72,85.72,85.7,43
2023-08-30 13:47:00,1994,85.6872,85.7,85.67,85.7,85.65,50
2023-08-30 13:48:00,412,85.6989,85.685,85.705,85.705,85.685,11
2023-08-30 13:49:00,1101,85.7053,85.73,85.675,85.73,85.675,18
2023-08-30 13:50:00,310,85.6642,85.67,85.67,85.67,85.67,12
2023-08-30 13:51:00,524,85.6908,85.7,85.7,85.7,85.7,15
2023-08-30 13:52:00,449,85.6847,85.69,85.675,85.69,85.675,8
2023-08-30 13:54:00,286,85.7056,85.7,85.7,85.7,85.7,25
2023-08-30 13:55:00,1138,85.7188,85.7,85.74,85.74,85.7,49
2023-08-30 13:56:00,531,85.7135,85.72,85.725,85.725,85.72,19
2023-08-30 13:57:00,1465,85.7167,85.72,85.72,85.72,85.71,51
2023-08-30 13:58:00,1379,85.712,85.715,85.69,85.73,85.69,33
2023-08-30 13:59:00,510,85.6768,85.67,85.68,85.68,85.67,20
2023-08-30 14:00:00,3485,85.6696,85.67,85.66,85.69,85.66,86
2023-08-30 14:01:00,925,85.6912,85.68,85.7,85.7,85.68,32
2023-08-30 14:02:00,790,85.633,85.63,85.62,85.63,85.62,32
2023-08-30 14:03:00,684,85.6099,85.625,85.6,85.625,85.6,28
2023-08-30 14:04:00,632,85.5644,85.56,85.56,85.56,85.56,12
2023-08-30 14:05:00,409,85.5619,85.55,85.56,85.56,85.55,14
2023-08-30 14:06:00,1284,85.5322,85.54,85.51,85.54,85.51,35
2023-08-30 14:07:00,1292,85.5383,85.52,85.545,85.55,85.52,27
2023-08-30 14:08:00,2009,85.5753,85.57,85.58,85.59,85.555,36
2023-08-30 14:09:00,595,85.5741,85.585,85.56,85.585,85.56,12
2023-08-30 14:10:00,701,85.5529,85.55,85.56,85.56,85.54,20
2023-08-30 14:11:00,1464,85.5676,85.56,85.56,85.58,85.56,40
2023-08-30 14:12:00,2643,85.6004,85.58,85.61,85.62,85.58,50
2023-08-30 14:13:00,1931,85.5842,85.62,85.525,85.62,85.525,50
2023-08-30 14:14:00,4738,85.5111,85.552,85.49,85.56,85.49,57
2023-08-30 14:15:00,1599,85.4824,85.48,85.48,85.48,85.48,38
2023-08-30 14:16:00,2444,85.4576,85.48,85.48,85.48,85.42,59
2023-08-30 14:18:00,2173,85.5191,85.48,85.515,85.53,85.48,41
2023-08-30 14:19:00,1150,85.4654,85.45,85.46,85.46,85.44,17
2023-08-30 14:20:00,437,85.4197,85.44,85.4,85.44,85.4,9
2023-08-30 14:21:00,708,85.3994,85.4,85.4,85.4,85.4,16
2023-08-30 14:22:00,867,85.372,85.4,85.36,85.4,85.36,22
2023-08-30 14:23:00,977,85.3165,85.32,85.3,85.32,85.3,21
2023-08-30 14:24:00,2028,85.289,85.28,85.3,85.31,85.28,37
2023-08-30 14:25:00,507,85.2887,85.32,85.27,85.32,85.27,14
2023-08-30 14:26:00,1319,85.2552,85.25,85.245,85.25,85.22,23
2023-08-30 14:27:00,1078,85.2181,85.245,85.19,85.27,85.19,29
2023-08-30 14:28:00,2614,85.204,85.2,85.215,85.215,85.2,31
2023-08-30 14:29:00,725,85.2194,85.215,85.2225,85.2225,85.215,17
2023-08-30 14:30:00,5403,85.2494,85.215,85.22,85.28,85.215,83
2023-08-30 14:31:00,1514,85.2547,85.22,85.27,85.27,85.22,22
2023-08-30 14:32:00,126,85.2687,85.27,85.27,85.27,85.27,5
2023-08-30 14:33:00,531,85.2828,85.28,85.28,85.28,85.28,17
2023-08-30 14:34:00,1127,85.3268,85.3,85.34,85.34,85.3,20
2023-08-30 14:35:00,1053,85.3045,85.31,85.3,85.31,85.3,17
2023-08-30 14:36:00,879,85.2848,85.3,85.27,85.3,85.27,21
2023-08-30 14:37:00,508,85.2391,85.25,85.24,85.25,85.24,9
2023-08-30 14:39:00,874,85.2691,85.25,85.27,85.28,85.25,16
2023-08-30 14:40:00,637,85.2495,85.26,85.24,85.2623,85.24,20
2023-08-30 14:42:00,438,85.2624,85.27,85.255,85.27,85.255,13
2023-08-30 14:43:00,1143,85.2927,85.275,85.315,85.315,85.275,27
2023-08-30 14:44:00,2567,85.2919,85.3038,85.28,85.3038,85.28,33
2023-08-30 14:45:00,713,85.2682,85.25,85.275,85.275,85.25,17
2023-08-30 14:46:00,303,85.2587,85.26,85.26,85.26,85.26,12
2023-08-30 14:47:00,702,85.2053,85.25,85.175,85.25,85.175,18
2023-08-30 14:48:00,281,85.2162,85.195,85.195,85.195,85.195,12
2023-08-30 14:49:00,256,85.1823,85.195,85.195,85.195,85.195,8
2023-08-30 14:50:00,2709,85.1344,85.11,85.155,85.155,85.1,45
2023-08-30 14:51:00,1395,85.1447,85.15,85.135,85.16,85.135,32
2023-08-30 14:52:00,241,85.1279,85.13,85.13,85.13,85.13,9
2023-08-30 14:53:00,3391,85.1362,85.14,85.1,85.16,85.1,59
2023-08-30 14:54:00,3592,85.1012,85.1,85.12,85.12,85.09,70
2023-08-30 14:55:00,1232,85.0848,85.11,85.07,85.11,85.07,23
2023-08-30 14:56:00,5168,85.1244,85.105,85.14,85.14,85.105,30
2023-08-30 14:57:00,985,85.1679,85.17,85.1794,85.1794,85.16,15
2023-08-30 14:58:00,2114,85.1776,85.17,85.18,85.18,85.17,34
2023-08-30 14:59:00,993,85.1854,85.17,85.22,85.22,85.17,13
2023-08-30 15:00:00,1007,85.1856,85.19,85.195,85.195,85.17,14
2023-08-30 15:01:00,1163,85.2094,85.19,85.19,85.23,85.19,22
2023-08-30 15:02:00,1820,85.1888,85.17,85.16,85.2153,85.16,22
2023-08-30 15:03:00,2135,85.1557,85.14,85.15,85.18,85.14,27
2023-08-30 15:04:00,670,85.1733,85.18,85.16,85.18,85.16,13
2023-08-30 15:05:00,727,85.1772,85.16,85.18,85.18,85.16,16
2023-08-30 15:06:00,978,85.1714,85.16,85.18,85.18,85.16,10
2023-08-30 15:07:00,324,85.1907,85.195,85.195,85.195,85.195,8
2023-08-30 15:08:00,1793,85.1468,85.18,85.11,85.19,85.1,29
2023-08-30 15:09:00,910,85.107,85.12,85.11,85.12,85.09,15
2023-08-30 15:10:00,1958,85.1181,85.12,85.115,85.14,85.105,35
2023-08-30 15:11:00,2592,85.0991,85.09,85.115,85.12,85.08,33
2023-08-30 15:12:00,1137,85.0771,85.07,85.07,85.1032,85.06,14
2023-08-30 15:13:00,441,85.083,85.08,85.09,85.09,85.08,11
2023-08-30 15:14:00,778,85.095,85.075,85.115,85.115,85.075,15
2023-08-30 15:15:00,1060,85.1262,85.125,85.13,85.13,85.125,16
2023-08-30 15:16:00,882,85.1484,85.13,85.165,85.165,85.13,26
2023-08-30 15:18:00,753,85.2012,85.18,85.225,85.225,85.18,14
2023-08-30 15:19:00,600,85.1845,85.2,85.17,85.2,85.17,17
2023-08-30 15:20:00,1302,85.1807,85.18,85.18,85.19,85.18,18
2023-08-30 15:21:00,232,85.1512,85.14,85.14,85.14,85.14,8
2023-08-30 15:22:00,2413,85.1705,85.17,85.185,85.185,85.15,33
2023-08-30 15:23:00,402,85.1907,85.18,85.19,85.19,85.18,16
2023-08-30 15:24:00,513,85.1601,85.16,85.16,85.16,85.16,16
2023-08-30 15:25:00,1333,85.1037,85.15,85.11,85.15,85.07,26
2023-08-30 15:26:00,103,85.0797,85.08,85.08,85.08,85.08,2
2023-08-30 15:27:00,1401,85.0694,85.075,85.06,85.1,85.04,31
2023-08-30 15:28:00,2191,85.089,85.07,85.1,85.1,85.07,27
2023-08-30 15:29:00,2354,85.1484,85.13,85.2,85.2,85.115,37
2023-08-30 15:30:00,1931,85.2295,85.22,85.24,85.25,85.21,24
2023-08-30 15:31:00,200,85.24,85.24,85.24,85.24,85.24,2
2023-08-30 15:33:00,747,85.2246,85.235,85.205,85.2582,85.205,9
2023-08-30 15:34:00,881,85.1794,85.2,85.14,85.2,85.14,21
2023-08-30 15:36:00,293,85.192,85.195,85.19,85.195,85.19,6
2023-08-30 15:37:00,819,85.1839,85.2,85.17,85.2,85.17,22
2023-08-30 15:39:00,526,85.1526,85.16,85.145,85.16,85.145,10
2023-08-30 15:40:00,1900,85.1314,85.15,85.12,85.15,85.12,29
2023-08-30 15:41:00,211,85.1301,85.12,85.14,85.14,85.12,4
2023-08-30 15:42:00,103,85.1548,85.155,85.155,85.155,85.155,4
2023-08-30 15:43:00,5186,85.1861,85.16,85.17,85.2298,85.15,136
2023-08-30 15:44:00,1142,85.1488,85.16,85.13,85.16,85.13,27
2023-08-30 15:45:00,587,85.1305,85.135,85.135,85.135,85.135,12
2023-08-30 15:46:00,256,85.125,85.12,85.12,85.12,85.12,6
2023-08-30 15:48:00,983,85.1637,85.13,85.17,85.17,85.13,19
2023-08-30 15:49:00,1392,85.1647,85.17,85.15,85.17,85.15,24
2023-08-30 15:50:00,173,85.1206,85.12,85.12,85.12,85.12,8
2023-08-30 15:51:00,609,85.0887,85.1,85.09,85.1,85.08,12
2023-08-30 15:52:00,757,85.0332,85.04,85.0,85.04,85.0,20
2023-08-30 15:55:00,1636,85.0129,85.035,85.01,85.035,85.01,34
2023-08-30 15:56:00,1205,84.9926,85.01,84.99,85.01,84.99,21
2023-08-30 15:57:00,381,84.9773,84.98,84.98,84.98,84.98,9
2023-08-30 15:58:00,1368,84.9693,84.97,84.97,84.97,84.96,25
2023-08-30 15:59:00,12451,84.9692,84.97,84.97,84.99,84.9483,175
2023-08-30 16:00:00,2048,84.9797,84.985,84.97,84.985,84.96,16
2023-08-30 16:01:00,824,84.9633,84.96,84.97,84.97,84.96,19
2023-08-30 16:02:00,1258,84.9333,84.95,84.915,84.95,84.91,27
2023-08-30 16:03:00,316,84.9062,84.915,84.9,84.915,84.9,14
2023-08-30 16:04:00,1910,84.9349,84.885,84.94,84.95,84.885,51
2023-08-30 16:05:00,1739,84.9414,84.95,84.93,84.95,84.93,36
2023-08-30 16:06:00,1395,84.911,84.91,84.91,84.92,84.9,22
2023-08-30 16:08:00,11000,84.896,84.9,84.88,84.91,84.88,118
2023-08-30 16:09:00,602,84.8751,84.88,84.87,84.88,84.87,13
2023-08-30 16:10:00,1034,84.8444,84.86,84.83,84.86,84.82,24
2023-08-30 16:11:00,670,84.8405,84.83,84.835,84.835,84.83,11
2023-08-30 16:12:00,302,84.87,84.88,84.865,84.88,84.865,5
2023-08-30 16:14:00,2515,84.896,84.88,84.92,84.92,84.88,49
2023-08-30 16:15:00,5373,84.8799,84.92,84.87,84.92,84.86,86
2023-08-30 16:16:00,1514,84.8713,84.87,84.87,84.88,84.87,25
2023-08-30 16:17:00,1070,84.8759,84.88,84.87,84.9,84.86,15
2023-08-30 16:18:00,2612,84.8676,84.87,84.875,84.875,84.8575,42
2023-08-30 16:19:00,692,84.8715,84.87,84.87,84.87,84.87,9
2023-08-30 16:20:00,1600,84.872,84.87,84.875,84.875,84.87,40
2023-08-30 16:21:00,687,84.8697,84.87,84.87,84.88,84.87,10
2023-08-30 16:22:00,1222,84.8697,84.8894,84.855,84.8894,84.855,16
2023-08-30 16:23:00,346,84.8587,84.87,84.85,84.87,84.85,5
2023-08-30 16:24:00,419,84.855,84.86,84.85,84.86,84.85,7
2023-08-30 16:25:00,1535,84.8639,84.86,84.87,84.87,84.85,40
2023-08-30 16:26:00,8483,84.8682,84.86,84.87,84.89,84.85,148
2023-08-30 16:27:00,330,84.87,84.87,84.87,84.87,84.87,6
2023-08-30 16:28:00,9265,84.8922,84.87,84.93,84.93,84.87,132
2023-08-30 16:29:00,2877,84.9128,84.93,84.91,84.93,84.91,28
2023-08-30 16:30:00,1810,84.9132,84.91,84.91,84.92,84.91,33
2023-08-30 16:31:00,283,84.9104,84.91,84.91,84.91,84.91,7
2023-08-30 16:32:00,1672,84.9153,84.915,84.905,84.935,84.88,37
2023-08-30 16:33:00,356,84.9169,84.9254,84.91,84.9254,84.91,6
2023-08-30 16:34:00,2843,84.9226,84.93,84.92,84.95,84.91,53
2023-08-30 16:35:00,1057,84.9155,84.92,84.905,84.93,84.89,20
2023-08-30 16:36:00,1352,84.8884,84.89,84.895,84.895,84.88,35
2023-08-30 16:38:00,14306,84.8234,84.87,84.9,84.9,84.8,93
2023-08-30 16:39:00,1036,84.8978,84.885,84.9,84.9,84.885,16
2023-08-30 16:40:00,1410,84.902,84.91,84.88,84.91,84.88,27
2023-08-30 16:41:00,5244,84.822,84.87,84.8,84.87,84.8,69
2023-08-30 16:42:00,1067,84.8208,84.81,84.82,84.83,84.81,19
2023-08-30 16:43:00,124,84.8244,84.82,84.82,84.82,84.82,3
2023-08-30 16:44:00,2180,84.7939,84.83,84.8,84.83,84.765,46
2023-08-30 16:45:00,765,84.8355,84.82,84.84,84.84,84.82,13
2023-08-30 16:46:00,4016,84.8896,84.875,84.88,84.925,84.875,42
2023-08-30 16:47:00,2027,84.8738,84.88,84.85,84.89,84.85,26
2023-08-30 16:48:00,211,84.8426,84.845,84.84,84.845,84.84,4
2023-08-30 16:50:00,249,84.837,84.825,84.825,84.825,84.825,7
2023-08-30 16:51:00,4706,84.8605,84.87,84.89,84.89,84.84,84
2023-08-30 16:52:00,2105,84.8848,84.895,84.8863,84.91,84.87,25
2023-08-30 16:53:00,1349,84.8708,84.89,84.85,84.89,84.85,24
2023-08-30 16:54:00,120,84.825,84.82,84.82,84.82,84.82,3
2023-08-30 16:56:00,861,84.8647,84.86,84.875,84.875,84.86,7
2023-08-30 16:57:00,4845,84.8722,84.86,84.83,84.89,84.82,89
2023-08-30 16:58:00,1607,84.8288,84.83,84.82,84.85,84.82,22
2023-08-30 16:59:00,585,84.8197,84.82,84.82,84.82,84.82,18
2023-08-30 17:00:00,149,84.8263,84.835,84.835,84.835,84.835,3
2023-08-30 17:01:00,440,84.8014,84.8,84.8,84.8,84.8,15
2023-08-30 17:02:00,121,84.8139,84.815,84.815,84.815,84.815,2
2023-08-30 17:03:00,323,84.8238,84.83,84.81,84.83,84.81,6
2023-08-30 17:04:00,2208,84.8514,84.84,84.875,84.875,84.84,45
2023-08-30 17:05:00,661,84.854,84.86,84.85,84.86,84.85,18
2023-08-30 17:06:00,702,84.8651,84.86,84.87,84.87,84.86,11
2023-08-30 17:07:00,874,84.87,84.87,84.87,84.87,84.87,8
2023-08-30 17:09:00,1256,84.8589,84.87,84.85,84.87,84.85,26
2023-08-30 17:11:00,2408,84.8315,84.865,84.79,84.865,84.79,44
2023-08-30 17:12:00,201,84.8039,84.79,84.8177,84.8177,84.79,3
2023-08-30 17:13:00,444,84.8248,84.83,84.83,84.83,84.825,10
2023-08-30 17:14:00,371,84.8451,84.85,84.825,84.85,84.825,5
2023-08-30 17:15:00,1467,84.8118,84.84,84.8,84.84,84.79,33
2023-08-30 17:16:00,465,84.7678,84.78,84.75,84.78,84.75,10
2023-08-30 17:17:00,746,84.7694,84.77,84.77,84.77,84.76,15
2023-08-30 17:18:00,101,84.7602,84.76,84.76,84.76,84.76,2
2023-08-30 17:19:00,244,84.7635,84.76,84.76,84.76,84.76,6
2023-08-30 17:20:00,531,84.7594,84.76,84.75,84.76,84.75,13
2023-08-30 17:21:00,565,84.7661,84.78,84.7621,84.78,84.7621,9
2023-08-30 17:22:00,729,84.7468,84.76,84.73,84.76,84.73,13
2023-08-30 17:23:00,952,84.7342,84.74,84.7237,84.74,84.72,25
2023-08-30 17:24:00,895,84.7533,84.735,84.75,84.75,84.735,24
2023-08-30 17:25:00,348,84.7534,84.76,84.7501,84.76,84.7501,6
2023-08-30 17:26:00,1974,84.7908,84.77,84.82,84.82,84.77,43
2023-08-30 17:27:00,1841,84.8054,84.82,84.79,84.82,84.79,26
2023-08-30 17:28:00,126,84.7901,84.79,84.79,84.79,84.79,3
2023-08-30 17:29:00,203,84.7751,84.77,84.78,84.78,84.77,5
2023-08-30 17:30:00,575,84.7836,84.79,84.78,84.79,84.78,15
2023-08-30 17:31:00,219,84.7853,84.79,84.79,84.79,84.79,8
2023-08-30 17:33:00,356,84.787,84.78,84.79,84.79,84.78,8
2023-08-30 17:34:00,596,84.79,84.79,84.79,84.79,84.79,23
2023-08-30 17:35:00,2433,84.7667,84.78,84.75,84.78,84.75,50
2023-08-30 17:36:00,496,84.7517,84.7625,84.74,84.7625,84.74,14
2023-08-30 17:37:00,360,84.7504,84.75,84.75,84.75,84.75,11
2023-08-30 17:38:00,381,84.7537,84.755,84.7625,84.7625,84.755,7
2023-08-30 17:39:00,1296,84.7489,84.74,84.75,84.755,84.74,28
2023-08-30 17:40:00,1304,84.7434,84.74,84.74,84.75,84.74,32
2023-08-30 17:41:00,113,84.7423,84.74,84.74,84.74,84.74,2
2023-08-30 17:42:00,2185,84.7366,84.75,84.72,84.75,84.72,52
2023-08-30 17:43:00,301,84.6956,84.7,84.69,84.7,84.69,4
2023-08-30 17:44:00,127,84.7018,84.7,84.7,84.7,84.7,6
2023-08-30 17:45:00,2577,84.7325,84.705,84.7568,84.7568,84.705,44
2023-08-30 17:46:00,323,84.7238,84.72,84.72,84.72,84.72,8
2023-08-30 17:47:00,2140,84.7319,84.72,84.72,84.74,84.72,27
2023-08-30 17:48:00,2777,84.7348,84.74,84.745,84.75,84.72,38
2023-08-30 17:49:00,1459,84.7375,84.75,84.73,84.75,84.73,20
2023-08-30 17:50:00,2175,84.7084,84.73,84.69,84.73,84.69,27
2023-08-30 17:51:00,7776,84.6951,84.68,84.725,84.725,84.67,72
2023-08-30 17:52:00,561,84.725,84.72,84.73,84.73,84.72,6
2023-08-30 17:53:00,876,84.7552,84.75,84.79,84.79,84.74,14
2023-08-30 17:54:00,3706,84.7967,84.79,84.77,84.825,84.77,45
2023-08-30 17:55:00,3487,84.7563,84.78,84.78,84.79,84.73,42
2023-08-30 17:56:00,883,84.7472,84.77,84.73,84.77,84.73,16
2023-08-30 17:57:00,3056,84.7037,84.72,84.71,84.725,84.68,30
2023-08-30 17:58:00,5400,84.7309,84.72,84.775,84.775,84.72,43
2023-08-30 17:59:00,1365,84.8025,84.79,84.8,84.815,84.79,28
2023-08-30 18:00:00,1060,84.79,84.79,84.79,84.79,84.79,1
2023-08-30 18:01:00,112,84.81,84.81,84.81,84.81,84.81,4
2023-08-30 18:02:00,843,84.7538,84.77,84.7355,84.77,84.7355,13
2023-08-30 18:03:00,362,84.7722,84.8,84.74,84.8,84.74,7
2023-08-30 18:05:00,124,84.7461,84.74,84.74,84.74,84.74,5
2023-08-30 18:06:00,1240,84.7515,84.77,84.71,84.77,84.71,21
2023-08-30 18:07:00,503,84.7183,84.7,84.71,84.73,84.7,13
2023-08-30 18:08:00,380,84.7073,84.7076,84.7076,84.7076,84.7076,3
2023-08-30 18:09:00,617,84.7164,84.7,84.71,84.71,84.7,11
2023-08-30 18:10:00,308,84.7214,84.75,84.71,84.75,84.71,6
2023-08-30 18:11:00,431,84.7287,84.71,84.71,84.71,84.71,7
2023-08-30 18:12:00,665,84.7637,84.75,84.75,84.75,84.75,13
2023-08-30 18:13:00,2197,84.7528,84.75,84.74,84.796,84.74,40
2023-08-30 18:14:00,836,84.7915,84.73,84.7999,84.7999,84.73,3
2023-08-30 18:15:00,457,84.7354,84.735,84.73,84.74,84.73,9
2023-08-30 18:16:00,303,84.7485,84.765,84.74,84.765,84.74,6
2023-08-30 18:17:00,1218,84.7467,84.75,84.75,84.75,84.74,15
2023-08-30 18:18:00,957,84.7535,84.75,84.76,84.77,84.75,15
2023-08-30 18:19:00,1812,84.756,84.75,84.75,84.77,84.74,27
2023-08-30 18:20:00,311,84.7501,84.75,84.75,84.75,84.75,3
2023-08-30 18:21:00,1896,84.7404,84.75,84.75,84.75,84.72,37
2023-08-30 18:22:00,814,84.7492,84.73,84.75,84.7631,84.73,11
2023-08-30 18:23:00,355,84.7392,84.74,84.74,84.74,84.73,7
2023-08-30 18:24:00,596,84.7431,84.75,84.75,84.75,84.73,10
2023-08-30 18:25:00,2559,84.7396,84.755,84.72,84.755,84.72,44
2023-08-30 18:26:00,1442,84.7464,84.71,84.755,84.755,84.71,23
2023-08-30 18:27:00,1076,84.7511,84.755,84.7525,84.755,84.74,15
2023-08-30 18:28:00,1922,84.75,84.75,84.75,84.76,84.74,58
2023-08-30 18:29:00,143,84.746,84.74,84.74,84.74,84.74,3
2023-08-30 18:30:00,724,84.751,84.7498,84.755,84.755,84.7498,42
2023-08-30 18:31:00,6037,84.7683,84.75,84.77,84.7942,84.75,69
2023-08-30 18:32:00,1017,84.7823,84.77,84.8,84.8,84.77,6
2023-08-30 18:33:00,440,84.8185,84.82,84.82,84.82,84.82,5
2023-08-30 18:34:00,507,84.8248,84.825,84.825,84.825,84.825,13
2023-08-30 18:35:00,2016,84.8243,84.825,84.82,84.825,84.82,10
2023-08-30 18:36:00,758,84.8203,84.82,84.82,84.82,84.82,29
2023-08-30 18:37:00,36104,84.754,84.82,84.75,84.82,84.74,121
2023-08-30 18:39:00,1462,84.7594,84.75,84.76,84.77,84.75,34
2023-08-30 18:40:00,1870,84.7286,84.75,84.69,84.75,84.69,41
2023-08-30 18:41:00,226,84.7409,84.74,84.735,84.74,84.735,8
2023-08-30 18:42:00,717,84.7656,84.75,84.78,84.78,84.75,16
2023-08-30 18:43:00,333,84.7681,84.76,84.77,84.77,84.76,10
2023-08-30 18:45:00,2796,84.7819,84.81,84.77,84.81,84.75,52
2023-08-30 18:46:00,401,84.755,84.75,84.76,84.76,84.75,5
2023-08-30 18:47:00,868,84.7592,84.76,84.77,84.77,84.74,15
2023-08-30 18:49:00,141,84.753,84.75,84.75,84.75,84.75,7
2023-08-30 18:50:00,598,84.7464,84.74,84.74,84.74,84.74,9
2023-08-30 18:51:00,3975,84.7748,84.78,84.79,84.79,84.765,50
2023-08-30 18:52:00,922,84.8027,84.79,84.815,84.815,84.79,15
2023-08-30 18:53:00,501,84.812,84.815,84.82,84.82,84.79,6
2023-08-30 18:54:00,383,84.8294,84.825,84.835,84.835,84.825,12
2023-08-30 18:55:00,1720,84.8387,84.82,84.84,84.84,84.82,39
2023-08-30 18:56:00,514,84.84,84.84,84.84,84.84,84.84,6
2023-08-30 18:57:00,3682,84.8068,84.84,84.78,84.84,84.78,85
2023-08-30 18:58:00,448,84.7902,84.79,84.79,84.79,84.79,9
2023-08-30 18:59:00,1894,84.7859,84.78,84.785,84.79,84.78,24
2023-08-30 19:00:00,520,84.7865,84.785,84.78,84.795,84.78,8
2023-08-30 19:01:00,2408,84.7888,84.785,84.79,84.8,84.785,40
2023-08-30 19:02:00,657,84.7983,84.8,84.79,84.8,84.79,11
2023-08-30 19:03:00,1274,84.7884,84.78,84.795,84.795,84.78,24
2023-08-30 19:04:00,627,84.7928,84.78,84.795,84.8,84.78,10
2023-08-30 19:05:00,1122,84.8036,84.8,84.8,84.81,84.8,20
2023-08-30 19:06:00,3923,84.7869,84.79,84.79,84.8,84.7701,93
2023-08-30 19:07:00,3045,84.79,84.805,84.78,84.805,84.78,38
2023-08-30 19:08:00,391,84.786,84.785,84.785,84.785,84.785,6
2023-08-30 19:09:00,702,84.7886,84.79,84.79,84.79,84.78,9
2023-08-30 19:10:00,2073,84.7801,84.78,84.775,84.785,84.775,40
2023-08-30 19:11:00,2779,84.7801,84.78,84.78,84.78,84.78,34
2023-08-30 19:12:00,1638,84.7782,84.78,84.78,84.78,84.77,20
2023-08-30 19:13:00,4209,84.7721,84.77,84.76,84.78,84.76,92
2023-08-30 19:14:00,3103,84.7609,84.76,84.76,84.77,84.751,87
2023-08-30 19:15:00,1999,84.7566,84.76,84.75,84.77,84.75,28
2023-08-30 19:16:00,747,84.753,84.75,84.76,84.76,84.75,13
2023-08-30 19:17:00,1955,84.748,84.74,84.75,84.76,84.74,47
2023-08-30 19:18:00,302,84.7459,84.7574,84.74,84.7574,84.74,4
2023-08-30 19:19:00,7753,84.7639,84.75,84.7601,84.78,84.75,106
2023-08-30 19:20:00,1176,84.7622,84.76,84.77,84.77,84.75,21
2023-08-30 19:21:00,4379,84.7713,84.77,84.78,84.79,84.751,77
2023-08-30 19:22:00,372,84.78,84.78,84.78,84.78,84.78,8
2023-08-30 19:23:00,2353,84.7629,84.78,84.76,84.78,84.75,54
2023-08-30 19:24:00,2442,84.7418,84.76,84.71,84.76,84.71,45
2023-08-30 19:25:00,1153,84.7312,84.73,84.72,84.73,84.72,26
2023-08-30 19:26:00,2203,84.7472,84.73,84.75,84.76,84.73,33
2023-08-30 19:27:00,1949,84.7379,84.75,84.72,84.75,84.715,48
2023-08-30 19:28:00,225,84.7233,84.711,84.711,84.711,84.711,10
2023-08-30 19:29:00,256,84.7271,84.73,84.725,84.73,84.725,9
2023-08-30 19:30:00,1271,84.7198,84.72,84.73,84.73,84.71,41
2023-08-30 19:31:00,2509,84.7117,84.74,84.69,84.74,84.689,56
2023-08-30 19:32:00,1242,84.6691,84.67,84.67,84.67,84.67,27
2023-08-30 19:33:00,132,84.675,84.675,84.675,84.675,84.675,8
2023-08-30 19:34:00,2148,84.6518,84.68,84.635,84.68,84.635,45
2023-08-30 19:35:00,738,84.6583,84.64,84.67,84.67,84.64,18
2023-08-30 19:36:00,2600,84.673,84.64,84.68,84.69,84.64,51
2023-08-30 19:37:00,1598,84.6881,84.69,84.7,84.7,84.68,56
2023-08-30 19:38:00,2678,84.7034,84.7,84.705,84.72,84.69,50
2023-08-30 19:39:00,3377,84.695,84.7,84.71,84.71,84.67,60
2023-08-30 19:40:00,1943,84.676,84.68,84.66,84.68,84.66,35
2023-08-30 19:41:00,674,84.6643,84.67,84.67,84.67,84.65,15
2023-08-30 19:42:00,1095,84.6638,84.66,84.67,84.67,84.66,32
2023-08-30 19:43:00,1091,84.6669,84.67,84.66,84.68,84.66,19
2023-08-30 19:44:00,2188,84.6795,84.67,84.67,84.69,84.67,46
2023-08-30 19:45:00,3844,84.66,84.67,84.65,84.6775,84.65,66
2023-08-30 19:46:00,1003,84.6684,84.67,84.675,84.675,84.67,22
2023-08-30 19:47:00,3850,84.6879,84.675,84.68,84.69,84.675,100
2023-08-30 19:48:00,3118,84.6582,84.68,84.655,84.68,84.64,52
2023-08-30 19:49:00,3261,84.6526,84.65,84.65,84.66,84.64,54
2023-08-30 19:50:00,3725,84.6541,84.65,84.675,84.675,84.64,66
2023-08-30 19:51:00,5494,84.6631,84.675,84.64,84.675,84.64,87
2023-08-30 19:52:00,2907,84.6495,84.64,84.645,84.66,84.64,46
2023-08-30 19:53:00,5295,84.6376,84.65,84.64,84.65,84.62,115
2023-08-30 19:54:00,5809,84.685,84.655,84.7,84.71,84.65,102
2023-08-30 19:55:00,5887,84.6786,84.69,84.65,84.71,84.65,128
2023-08-30 19:56:00,5117,84.6463,84.65,84.63,84.675,84.63,100
2023-08-30 19:57:00,6556,84.6219,84.63,84.63,84.64,84.61,108
2023-08-30 19:58:00,6589,84.6629,84.63,84.68,84.69,84.62,93
2023-08-30 19:59:00,13127,84.715,84.685,84.73,84.74,84.685,186
2023-08-31 12:02:00,200,84.425,84.43,84.42,84.43,84.42,2
2023-08-31 12:36:00,444,84.3173,84.32,84.32,84.32,84.32,9
2023-08-31 13:29:00,2309,83.873,83.88,83.84,83.9,83.84,17
2023-08-31 13:30:00,12877,83.9503,83.93,84.06,84.06,83.88,69
2023-08-31 13:31:00,924,84.0809,84.08,84.08,84.08,84.08,7
2023-08-31 13:32:00,1056,84.0839,84.03,84.14,84.14,84.03,19
2023-08-31 13:33:00,107,84.0822,84.08,84.08,84.08,84.08,3
2023-08-31 13:34:00,1120,84.1205,84.14,84.12,84.14,84.1,19
2023-08-31 13:36:00,992,84.0763,84.09,84.0896,84.09,84.04,17
2023-08-31 13:37:00,499,83.9981,84.0,83.99,84.0,83.99,12
2023-08-31 13:38:00,559,83.9662,84.0,83.92,84.0,83.92,18
2023-08-31 13:39:00,220,83.9236,83.92,83.92,83.92,83.92,4
2023-08-31 13:40:00,915,83.9294,83.93,83.93,83.93,83.93,18
2023-08-31 13:41:00,886,83.9178,83.93,83.883,83.93,83.883,19
2023-08-31 13:42:00,1269,83.8306,83.88,83.81,83.88,83.8,23
2023-08-31 13:43:00,700,83.8238,83.85,83.8,83.85,83.8,19
2023-08-31 13:44:00,425,83.8003,83.82,83.82,83.82,83.82,11
2023-08-31 13:45:00,2887,83.8456,83.8,83.92,83.92,83.8,46
2023-08-31 13:46:00,520,83.8919,83.88,83.86,83.88,83.86,9
2023-08-31 13:47:00,1345,83.7516,83.75,83.74,83.78,83.74,22
2023-08-31 13:48:00,546,83.7989,83.8,83.81,83.81,83.8,17
2023-08-31 13:49:00,1130,83.8127,83.83,83.81,83.83,83.8,20
2023-08-31 13:50:00,177,83.8418,83.83,83.83,83.83,83.83,7
2023-08-31 13:51:00,279,83.8592,83.86,83.86,83.86,83.86,13
2023-08-31 13:52:00,797,83.8379,83.83,83.84,83.84,83.83,16
2023-08-31 13:53:00,1234,83.9004,83.9,83.9,83.9,83.9,29
2023-08-31 13:54:00,769,83.9184,83.91,83.92,83.92,83.91,18
2023-08-31 13:55:00,1569,83.9332,83.94,83.93,83.94,83.93,31
2023-08-31 13:56:00,1127,83.9515,83.95,83.96,83.96,83.95,24
2023-08-31 13:57:00,328,83.9999,83.99,84.0,84.01,83.99,12
2023-08-31 13:58:00,1121,84.0049,84.0,84.0,84.005,84.0,26
2023-08-31 13:59:00,470,84.0208,84.02,84.02,84.02,84.02,14
2023-08-31 14:00:00,885,84.0032,84.015,84.0,84.015,84.0,18
2023-08-31 14:01:00,2223,83.9753,83.98,84.0,84.0,83.94,52
2023-08-31 14:02:00,1098,83.9872,83.98,84.0,84.0,83.97,31
2023-08-31 14:03:00,623,83.9894,83.995,83.98,84.0,83.98,12
2023-08-31 14:05:00,252,83.9803,84.0,84.0,84.0,84.0,11
2023-08-31 14:06:00,427,83.9499,83.96,83.96,83.96,83.96,17
2023-08-31 14:07:00,1070,83.9458,83.95,83.94,83.96,83.94,22
2023-08-31 14:08:00,946,83.9804,83.95,84.0,84.0,83.95,17
2023-08-31 14:09:00,994,83.9838,83.99,83.97,83.99,83.97,25
2023-08-31 14:10:00,1424,83.915,83.94,83.87,83.94,83.87,26
2023-08-31 14:11:00,935,83.8627,83.85,83.86,83.88,83.845,22
2023-08-31 14:12:00,695,83.8539,83.84,83.86,83.86,83.84,19
2023-08-31 14:14:00,138,83.8987,83.9,83.9,83.9,83.9,8
2023-08-31 14:15:00,750,83.918,83.91,83.93,83.93,83.91,23
2023-08-31 14:16:00,1025,83.9114,83.92,83.9,83.92,83.9,22
2023-08-31 14:17:00,629,83.9453,83.95,83.94,83.95,83.94,18
2023-08-31 14:18:00,346,83.9403,83.94,83.94,83.94,83.94,12
2023-08-31 14:19:00,1954,83.9542,83.95,83.96,83.97,83.95,23
2023-08-31 14:20:00,1126,83.9912,83.98,84.05,84.05,83.98,30
2023-08-31 14:21:00,598,84.0187,84.0,84.03,84.03,84.0,16
2023-08-31 14:22:00,208,84.0307,84.03,84.03,84.03,84.03,7
2023-08-31 14:23:00,699,83.9739,84.02,83.91,84.02,83.91,23
2023-08-31 14:24:00,587,83.8604,83.86,83.86,83.87,83.86,17
2023-08-31 14:25:00,685,83.856,83.85,83.855,83.86,83.85,20
2023-08-31 14:26:00,687,83.8411,83.86,83.82,83.86,83.82,16
2023-08-31 14:27:00,1263,83.829,83.83,83.81,83.85,83.81,29
2023-08-31 14:28:00,805,83.8006,83.79,83.79,83.79,83.79,18
2023-08-31 14:29:00,579,83.8056,83.805,83.805,83.805,83.805,11
2023-08-31 14:30:00,355,83.7977,83.8,83.8,83.8,83.8,14
2023-08-31 14:31:00,2161,83.8052,83.8,83.7953,83.82,83.78,34
2023-08-31 14:32:00,435,83.726,83.73,83.72,83.73,83.72,14
2023-08-31 14:33:00,494,83.7029,83.7,83.7,83.7,83.7,15
2023-08-31 14:34:00,2296,83.7166,83.7,83.728,83.74,83.7,39
2023-08-31 14:35:00,712,83.8452,83.84,83.83,83.86,83.83,16
2023-08-31 14:36:00,593,83.7994,83.81,83.81,83.81,83.81,14
2023-08-31 14:37:00,432,83.7669,83.76,83.78,83.78,83.76,9
2023-08-31 14:38:00,1091,83.7522,83.76,83.73,83.7606,83.73,20
2023-08-31 14:40:00,823,83.7315,83.74,83.72,83.74,83.71,21
2023-08-31 14:41:00,514,83.7063,83.7,83.7017,83.7017,83.7,15
2023-08-31 14:42:00,1102,83.7354,83.74,83.7,83.76,83.7,19
2023-08-31 14:44:00,402,83.7062,83.6953,83.6953,83.6953,83.6953,6
2023-08-31 14:45:00,759,83.7066,83.68,83.715,83.72,83.68,13
2023-08-31 14:46:00,1471,83.7253,83.73,83.72,83.74,83.72,26
2023-08-31 14:48:00,1082,83.6899,83.7,83.67,83.7,83.67,22
2023-08-31 14:49:00,326,83.6962,83.7,83.7,83.7,83.7,12
2023-08-31 14:50:00,425,83.672,83.67,83.67,83.67,83.67,9
2023-08-31 14:51:00,2040,83.6911,83.67,83.7,83.7,83.67,40
2023-08-31 14:52:00,328,83.6645,83.6756,83.6756,83.6756,83.6756,7
2023-08-31 14:53:00,419,83.6769,83.68,83.68,83.68,83.68,11
2023-08-31 14:54:00,224,83.6987,83.71,83.71,83.71,83.71,8
2023-08-31 14:55:00,1415,83.6928,83.7,83.69,83.7,83.67,27
2023-08-31 14:56:00,1486,83.6737,83.705,83.66,83.705,83.66,23
2023-08-31 14:57:00,507,83.6532,83.655,83.65,83.655,83.65,10
2023-08-31 14:58:00,908,83.6417,83.64,83.641,83.65,83.64,8
2023-08-31 14:59:00,114,83.6601,83.66,83.66,83.66,83.66,5
2023-08-31 15:00:00,1620,83.6752,83.65,83.7,83.7,83.65,23
2023-08-31 15:01:00,817,83.6821,83.68,83.67,83.68,83.67,23
2023-08-31 15:02:00,1844,83.626,83.64,83.62,83.6599,83.62,36
2023-08-31 15:03:00,596,83.5803,83.6,83.56,83.6,83.56,15
2023-08-31 15:04:00,916,83.5693,83.58,83.56,83.58,83.56,24
2023-08-31 15:05:00,1852,83.4766,83.54,83.455,83.54,83.44,25
2023-08-31 15:06:00,719,83.4528,83.45,83.45,83.45,83.45,17
2023-08-31 15:07:00,2730,83.4707,83.455,83.47,83.5,83.455,52
2023-08-31 15:08:00,1456,83.4725,83.45,83.5,83.5,83.45,22
2023-08-31 15:09:00,496,83.525,83.53,83.53,83.54,83.53,7
2023-08-31 15:10:00,1554,83.5452,83.56,83.51,83.56,83.51,39
2023-08-31 15:11:00,1205,83.5035,83.5,83.511,83.511,83.5,22
2023-08-31 15:12:00,121,83.5106,83.51,83.51,83.51,83.51,6
2023-08-31 15:13:00,636,83.4906,83.51,83.461,83.51,83.461,19
2023-08-31 15:14:00,780,83.4311,83.44,83.42,83.44,83.42,19
2023-08-31 15:15:00,2054,83.3881,83.39,83.38,83.41,83.38,45
2023-08-31 15:16:00,2008,83.372,83.39,83.35,83.39,83.35,43
2023-08-31 15:17:00,2205,83.3526,83.353,83.38,83.38,83.34,31
2023-08-31 15:18:00,1880,83.4266,83.41,83.43,83.44,83.41,15
2023-08-31 15:19:00,665,83.4075,83.4,83.4,83.4,83.4,15
2023-08-31 15:20:00,6069,83.4125,83.36,83.45,83.45,83.34,72
2023-08-31 15:21:00,463,83.4519,83.45,83.45,83.45,83.45,10
2023-08-31 15:25:00,1614,83.5282,83.52,83.55,83.55,83.51,27
2023-08-31 15:26:00,480,83.5392,83.53,83.54,83.54,83.53,11
2023-08-31 15:27:00,326,83.5642,83.58,83.58,83.58,83.58,15
2023-08-31 15:28:00,5444,83.597,83.6,83.575,83.62,83.575,50
2023-08-31 15:29:00,20447,83.6054,83.59,83.68,83.68,83.545,220
2023-08-31 15:32:00,984,83.5808,83.59,83.5775,83.59,83.5775,21
2023-08-31 15:35:00,1848,83.5589,83.55,83.55,83.55,83.54,47
2023-08-31 15:39:00,2815,83.6112,83.5801,83.64,83.64,83.5801,8
2023-08-31 15:43:00,290,83.617,83.615,83.615,83.615,83.615,9
2023-08-31 15:45:00,290,83.6277,83.6395,83.6395,83.6395,83.6395,7
2023-08-31 15:46:00,1061,83.5833,83.61,83.56,83.615,83.56,32
2023-08-31 15:47:00,2672,83.5135,83.54,83.5,83.54,83.5,54
2023-08-31 15:48:00,1144,83.5112,83.52,83.505,83.52,83.5,22
2023-08-31 15:50:00,773,83.4903,83.49,83.49,83.49,83.49,16
2023-08-31 15:51:00,611,83.4738,83.485,83.485,83.485,83.47,11
2023-08-31 15:52:00,121,83.4252,83.42,83.42,83.42,83.42,3
2023-08-31 15:53:00,203,83.4304,83.43,83.43,83.43,83.43,5
2023-08-31 15:54:00,871,83.4771,83.43,83.46,83.46,83.43,14
2023-08-31 15:55:00,1246,83.4909,83.49,83.5,83.5,83.48,52
2023-08-31 15:56:00,817,83.4851,83.48,83.47,83.505,83.47,12
2023-08-31 15:57:00,386,83.4499,83.45,83.45,83.45,83.45,12
2023-08-31 15:58:00,136,83.4099,83.41,83.41,83.41,83.41,4
2023-08-31 16:00:00,1203,83.4529,83.465,83.43,83.465,83.43,7
2023-08-31 16:01:00,1093,83.4669,83.48,83.441,83.49,83.44,26
2023-08-31 16:02:00,226,83.4408,83.44,83.44,83.44,83.44,9
2023-08-31 16:04:00,1078,83.4562,83.46,83.45,83.46,83.45,23
2023-08-31 16:05:00,366,83.4731,83.48,83.48,83.48,83.48,5
2023-08-31 16:06:00,1572,83.5027,83.48,83.525,83.53,83.48,25
2023-08-31 16:08:00,398,83.5474,83.54,83.55,83.55,83.54,7
2023-08-31 16:09:00,377,83.556,83.545,83.56,83.56,83.545,8
2023-08-31 16:12:00,1100,83.5402,83.54,83.5458,83.5458,83.535,7
2023-08-31 16:13:00,5573,83.5508,83.535,83.56,83.56,83.535,34
2023-08-31 16:14:00,484,83.5879,83.625,83.625,83.625,83.625,15
2023-08-31 16:15:00,797,83.6582,83.66,83.66,83.66,83.66,4
2023-08-31 16:16:00,521,83.5907,83.58,83.6,83.6,83.58,12
2023-08-31 16:20:00,5785,83.6178,83.62,83.625,83.63,83.61,32
2023-08-31 16:21:00,1500,83.5879,83.6,83.55,83.6,83.55,31
2023-08-31 16:22:00,681,83.5575,83.56,83.555,83.56,83.555,12
2023-08-31 16:23:00,196,83.533,83.53,83.53,83.53,83.53,13
2023-08-31 16:26:00,1170,83.564,83.56,83.545,83.59,83.545,20
2023-08-31 16:27:00,575,83.5685,83.57,83.57,83.57,83.57,10
2023-08-31 16:28:00,224,83.5825,83.575,83.575,83.575,83.575,10
2023-08-31 16:29:00,101,83.5802,83.58,83.58,83.58,83.58,2
2023-08-31 16:31:00,999,83.5736,83.585,83.56,83.585,83.56,17
2023-08-31 16:32:00,580,83.5334,83.54,83.52,83.54,83.52,14
2023-08-31 16:37:00,104,83.5198,83.52,83.52,83.52,83.52,4
2023-08-31 16:38:00,862,83.5033,83.5,83.5005,83.5005,83.5,17
2023-08-31 16:39:00,1865,83.5187,83.5,83.52,83.53,83.5,27
2023-08-31 16:40:00,200,83.5126,83.52,83.52,83.52,83.52,6
2023-08-31 16:41:00,915,83.507,83.5,83.515,83.53,83.5,7
2023-08-31 16:42:00,810,83.489,83.5019,83.47,83.5019,83.47,24
2023-08-31 16:43:00,204,83.4433,83.443,83.443,83.443,83.443,4
2023-08-31 16:44:00,487,83.4156,83.43,83.39,83.43,83.39,14
2023-08-31 16:46:00,502,83.4298,83.33,83.33,83.33,83.33,5
2023-08-31 16:48:00,202,83.3305,83.33,83.33,83.33,83.33,2
2023-08-31 16:49:00,1341,83.2962,83.32,83.295,83.32,83.275,28
2023-08-31 16:50:00,1585,83.3062,83.29,83.305,83.33,83.285,20
2023-08-31 16:51:00,429,83.2721,83.27,83.26,83.27,83.26,11
2023-08-31 16:52:00,453,83.2554,83.26,83.24,83.26,83.24,15
2023-08-31 16:53:00,369,83.2687,83.27,83.26,83.27,83.26,6
2023-08-31 16:54:00,336,83.2581,83.25,83.25,83.27,83.25,9
2023-08-31 16:55:00,2431,83.302,83.29,83.31,83.31,83.29,38
2023-08-31 16:56:00,227,83.3022,83.305,83.3,83.305,83.3,7
2023-08-31 16:57:00,423,83.2942,83.305,83.29,83.305,83.29,14
2023-08-31 16:58:00,136,83.3048,83.305,83.305,83.305,83.305,5
2023-08-31 16:59:00,254,83.2932,83.29,83.29,83.29,83.29,4
2023-08-31 17:00:00,619,83.2939,83.29,83.3,83.3,83.29,18
2023-08-31 17:01:00,255,83.2861,83.282,83.282,83.282,83.282,8
2023-08-31 17:02:00,328,83.2932,83.3,83.28,83.3,83.28,9
2023-08-31 17:03:00,330,83.2765,83.275,83.275,83.275,83.275,14
2023-08-31 17:04:00,628,83.2894,83.29,83.29,83.295,83.28,8
2023-08-31 17:05:00,826,83.2933,83.2823,83.29,83.29,83.2823,18
2023-08-31 17:06:00,536,83.2939,83.29,83.291,83.291,83.29,8
2023-08-31 17:07:00,396,83.2878,83.29,83.28,83.29,83.28,9
2023-08-31 17:08:00,377,83.2729,83.28,83.25,83.28,83.25,10
2023-08-31 17:09:00,139,83.2792,83.285,83.285,83.285,83.285,5
2023-08-31 17:10:00,785,83.2667,83.27,83.27,83.27,83.26,18
2023-08-31 17:12:00,213,83.2511,83.25,83.25,83.25,83.25,3
2023-08-31 17:13:00,2043,83.2411,83.265,83.245,83.265,83.23,42
2023-08-31 17:14:00,564,83.2442,83.24,83.24,83.255,83.24,25
2023-08-31 17:15:00,1466,83.2599,83.25,83.28,83.28,83.25,48
2023-08-31 17:16:00,403,83.2728,83.27,83.27,83.27,83.27,16
2023-08-31 17:17:00,151,83.2621,83.26,83.26,83.26,83.26,6
2023-08-31 17:19:00,1664,83.2361,83.22,83.255,83.26,83.22,34
2023-08-31 17:20:00,717,83.2361,83.24,83.22,83.25,83.22,13
2023-08-31 17:21:00,580,83.227,83.2301,83.2313,83.2313,83.21,9
2023-08-31 17:22:00,173,83.2244,83.221,83.221,83.221,83.221,6
2023-08-31 17:23:00,900,83.1996,83.19,83.2,83.2,83.18,31
2023-08-31 17:24:00,1015,83.2141,83.21,83.22,83.22,83.21,25
2023-08-31 17:25:00,899,83.2143,83.22,83.21,83.22,83.21,23
2023-08-31 17:27:00,992,83.1912,83.2,83.19,83.2,83.19,31
2023-08-31 17:28:00,445,83.1796,83.19,83.17,83.19,83.17,20
2023-08-31 17:29:00,1802,83.1947,83.18,83.2,83.215,83.18,46
2023-08-31 17:30:00,1215,83.2118,83.21,83.2,83.21,83.19,29
2023-08-31 17:31:00,817,83.2251,83.23,83.22,83.23,83.22,26
2023-08-31 17:32:00,309,83.2304,83.225,83.225,83.225,83.225,8
2023-08-31 17:34:00,319,83.2627,83.26,83.26,83.26,83.26,14
2023-08-31 17:35:00,592,83.2533,83.26,83.25,83.26,83.25,21
2023-08-31 17:36:00,863,83.2882,83.29,83.28,83.29,83.28,9
2023-08-31 17:37:00,390,83.2916,83.29,83.29,83.29,83.29,10
2023-08-31 17:38:00,339,83.2746,83.28,83.28,83.28,83.28,14
2023-08-31 17:40:00,414,83.2875,83.2811,83.29,83.29,83.2811,9
2023-08-31 17:41:00,460,83.2842,83.3,83.28,83.3,83.28,14
2023-08-31 17:44:00,4350,83.2494,83.25,83.235,83.2507,83.235,27
2023-08-31 17:45:00,890,83.2321,83.23,83.2,83.23,83.2,20
2023-08-31 17:46:00,412,83.183,83.18,83.185,83.185,83.18,9
2023-08-31 17:47:00,1362,83.1814,83.185,83.18,83.185,83.17,26
2023-08-31 17:48:00,958,83.1939,83.18,83.19,83.2,83.18,38
2023-08-31 17:49:00,157,83.1933,83.195,83.195,83.195,83.195,11
2023-08-31 17:52:00,246,83.2138,83.22,83.22,83.22,83.22,15
2023-08-31 17:53:00,338,83.2064,83.215,83.215,83.215,83.215,14
2023-08-31 17:54:00,743,83.1937,83.2,83.2,83.2,83.19,21
2023-08-31 17:55:00,749,83.1816,83.18,83.18,83.19,83.18,21
2023-08-31 17:56:00,294,83.1899,83.19,83.19,83.19,83.19,12
2023-08-31 17:58:00,1420,83.1779,83.198,83.17,83.198,83.16,18
2023-08-31 17:59:00,808,83.1869,83.18,83.19,83.19,83.18,15
2023-08-31 18:00:00,1317,83.2095,83.19,83.23,83.23,83.19,28
2023-08-31 18:01:00,349,83.2504,83.25,83.25,83.25,83.25,8
2023-08-31 18:03:00,521,83.2506,83.25,83.25,83.25,83.25,13
2023-08-31 18:06:00,737,83.2538,83.24,83.25,83.26,83.24,20
2023-08-31 18:07:00,695,83.2722,83.26,83.28,83.28,83.26,22
2023-08-31 18:08:00,1720,83.3,83.3,83.3,83.3,83.3,31
2023-08-31 18:09:00,1676,83.2707,83.29,83.25,83.29,83.25,42
2023-08-31 18:10:00,206,83.2635,83.25,83.25,83.25,83.25,4
2023-08-31 18:11:00,489,83.2424,83.23,83.24,83.24,83.23,18
2023-08-31 18:12:00,391,83.2518,83.262,83.25,83.262,83.24,9
2023-08-31 18:14:00,312,83.2549,83.255,83.255,83.255,83.255,12
2023-08-31 18:16:00,316,83.253,83.24,83.26,83.26,83.24,18
2023-08-31 18:17:00,464,83.252,83.25,83.25,83.25,83.25,18
2023-08-31 18:21:00,840,83.2272,83.23,83.23,83.23,83.23,26
2023-08-31 18:22:00,1252,83.2369,83.23,83.24,83.24,83.22,38
2023-08-31 18:23:00,963,83.2662,83.27,83.27,83.27,83.27,22
2023-08-31 18:24:00,185,83.2864,83.2962,83.2962,83.2962,83.2962,5
2023-08-31 18:27:00,1168,83.2861,83.29,83.27,83.29,83.27,34
2023-08-31 18:29:00,331,83.268,83.265,83.265,83.265,83.265,9
2023-08-31 18:30:00,1259,83.3012,83.28,83.33,83.33,83.28,37
2023-08-31 18:31:00,735,83.33,83.33,83.335,83.335,83.33,46
2023-08-31 18:33:00,336,83.3344,83.3369,83.33,83.3369,83.33,22
2023-08-31 18:34:00,2030,83.3237,83.32,83.33,83.33,83.31,39
2023-08-31 18:35:00,654,83.3145,83.32,83.31,83.325,83.31,18
2023-08-31 18:36:00,682,83.3,83.31,83.29,83.31,83.29,13
2023-08-31 18:39:00,687,83.2643,83.265,83.265,83.265,83.265,31
2023-08-31 18:40:00,163,83.263,83.26,83.26,83.26,83.26,15
2023-08-31 18:41:00,141,83.2615,83.26,83.26,83.26,83.26,7
2023-08-31 18:42:00,537,83.2598,83.26,83.25,83.26,83.25,14
2023-08-31 18:43:00,288,83.2583,83.26,83.26,83.26,83.26,9
2023-08-31 18:44:00,1104,83.2307,83.25,83.19,83.25,83.19,26
2023-08-31 18:45:00,2615,83.241,83.215,83.25,83.25,83.215,24
2023-08-31 18:46:00,895,83.2585,83.256,83.275,83.275,83.25,21
2023-08-31 18:50:00,235,83.2683,83.265,83.265,83.265,83.265,9
2023-08-31 18:51:00,554,83.2682,83.2684,83.2684,83.2684,83.2684,8
2023-08-31 18:52:00,2273,83.2591,83.26,83.2516,83.27,83.25,50
2023-08-31 18:54:00,857,83.271,83.25,83.28,83.28,83.25,27
2023-08-31 18:56:00,247,83.2806,83.2927,83.2927,83.2927,83.2927,7
2023-08-31 18:57:00,3371,83.232,83.26,83.175,83.26,83.165,55
2023-08-31 18:58:00,1206,83.1955,83.18,83.18,83.19,83.18,28
2023-08-31 18:59:00,412,83.1555,83.15,83.15,83.15,83.15,14
2023-08-31 19:00:00,166,83.169,83.165,83.165,83.165,83.165,11
2023-08-31 19:01:00,705,83.1647,83.17,83.165,83.17,83.1611,16
2023-08-31 19:02:00,709,83.1475,83.15,83.14,83.15,83.14,16
2023-08-31 19:03:00,1110,83.1485,83.15,83.15,83.1675,83.12,26
2023-08-31 19:04:00,389,83.1503,83.145,83.145,83.145,83.145,11
2023-08-31 19:05:00,222,83.141,83.15,83.13,83.15,83.13,6
2023-08-31 19:06:00,2241,83.1375,83.13,83.13,83.15,83.13,41
2023-08-31 19:07:00,398,83.1306,83.13,83.13,83.13,83.13,7
2023-08-31 19:08:00,3376,83.1388,83.14,83.12,83.16,83.12,71
2023-08-31 19:09:00,817,83.1092,83.11,83.105,83.11,83.105,17
2023-08-31 19:10:00,458,83.0968,83.095,83.095,83.095,83.095,13
2023-08-31 19:12:00,208,83.0933,83.09,83.09,83.09,83.09,10
2023-08-31 19:13:00,239,83.114,83.1,83.1,83.1,83.1,10
2023-08-31 19:14:00,1199,83.0863,83.09,83.08,83.09,83.075,23
2023-08-31 19:15:00,1488,83.0654,83.075,83.065,83.075,83.06,29
2023-08-31 19:16:00,442,83.0648,83.06,83.06,83.06,83.06,19
2023-08-31 19:18:00,448,83.0691,83.07,83.08,83.08,83.06,12
2023-08-31 19:19:00,1986,83.0975,83.08,83.11,83.11,83.08,51
2023-08-31 19:20:00,320,83.1538,83.155,83.16,83.16,83.155,12
2023-08-31 19:21:00,497,83.1753,83.17,83.19,83.19,83.17,15
2023-08-31 19:22:00,984,83.172,83.18,83.17,83.18,83.17,24
2023-08-31 19:23:00,833,83.1384,83.15,83.13,83.15,83.13,24
2023-08-31 19:24:00,623,83.1261,83.11,83.11,83.11,83.11,14
2023-08-31 19:26:00,367,83.1008,83.1,83.1,83.1,83.1,13
2023-08-31 19:27:00,1371,83.1326,83.11,83.15,83.15,83.11,32
2023-08-31 19:28:00,1678,83.1085,83.129,83.101,83.129,83.1,37
2023-08-31 19:29:00,567,83.1304,83.13,83.12,83.13,83.12,13
2023-08-31 19:30:00,2808,83.1853,83.165,83.19,83.19,83.165,15
2023-08-31 19:31:00,217,83.1662,83.18,83.18,83.18,83.18,17
2023-08-31 19:32:00,1427,83.1168,83.12,83.11,83.12,83.1,36
2023-08-31 19:33:00,1028,83.1244,83.12,83.13,83.13,83.12,34
2023-08-31 19:34:00,1173,83.1387,83.15,83.15,83.15,83.15,23
2023-08-31 19:35:00,345,83.1331,83.13,83.13,83.13,83.13,11
2023-08-31 19:36:00,744,83.122,83.12,83.1224,83.1224,83.12,12
2023-08-31 19:37:00,688,83.1344,83.13,83.14,83.14,83.13,18
2023-08-31 19:38:00,2584,83.1386,83.14,83.15,83.15,83.13,53
2023-08-31 19:40:00,2385,83.1592,83.17,83.17,83.17,83.15,49
2023-08-31 19:41:00,311,83.1585,83.17,83.17,83.17,83.17,9
2023-08-31 19:42:00,619,83.1909,83.18,83.2,83.21,83.18,23
2023-08-31 19:43:00,2767,83.2037,83.21,83.185,83.23,83.17,59
2023-08-31 19:44:00,2298,83.1708,83.19,83.175,83.19,83.17,37
2023-08-31 19:45:00,2632,83.1939,83.19,83.199,83.21,83.17,56
2023-08-31 19:46:00,334,83.1871,83.19,83.185,83.19,83.185,9
2023-08-31 19:47:00,1140,83.2004,83.18,83.22,83.22,83.18,25
2023-08-31 19:48:00,1987,83.2059,83.23,83.2,83.23,83.18,42
2023-08-31 19:49:00,1922,83.1925,83.19,83.21,83.21,83.185,49
2023-08-31 19:50:00,5794,83.1779,83.2,83.17,83.21,83.15,84
2023-08-31 19:51:00,3446,83.1754,83.17,83.18,83.18,83.17,61
2023-08-31 19:52:00,2988,83.1698,83.19,83.1563,83.19,83.1563,74
2023-08-31 19:53:00,2939,83.1469,83.15,83.14,83.16,83.14,54
2023-08-31 19:54:00,5633,83.1488,83.14,83.13,83.15,83.12,93
2023-08-31 19:55:00,4651,83.1068,83.13,83.13,83.13,83.09,76
2023-08-31 19:56:00,7399,83.09,83.11,83.06,83.12,83.05,111
2023-08-31 19:57:00,6970,83.0854,83.07,83.1,83.11,83.07,137
2023-08-31 19:58:00,9374,83.1122,83.09,83.13,83.13,83.09,133
2023-08-31 19:59:00,22319,83.1124,83.13,83.01,83.17,83.01,304
2023-08-31 20:07:00,1000,82.75,82.75,82.75,82.75,82.75,1
2023-09-01 08:01:00,606,82.44,82.44,82.44,82.44,82.44,4
2023-09-01 11:59:00,1200,82.61,82.6,82.62,82.62,82.6,4
2023-09-01 12:05:00,250,82.684,82.69,82.68,82.69,82.68,2
2023-09-01 12:37:00,607,83.16,83.16,83.16,83.16,83.16,5
2023-09-01 13:28:00,100,83.38,83.38,83.38,83.38,83.38,1
2023-09-01 13:29:00,2410,83.3288,83.38,83.3,83.38,83.29,25
2023-09-01 13:30:00,6695,83.3594,83.36,83.36,83.36,83.36,10
2023-09-01 13:31:00,202,83.3796,83.38,83.38,83.38,83.38,3
2023-09-01 13:33:00,220,83.3323,83.31,83.31,83.31,83.31,6
2023-09-01 13:34:00,917,83.32,83.35,83.32,83.35,83.3,12
2023-09-01 13:35:00,426,83.1921,83.24,83.17,83.24,83.16,7
2023-09-01 13:37:00,599,83.0442,83.05,83.04,83.05,83.04,7
2023-09-01 13:38:00,778,82.9871,83.02,82.97,83.02,82.97,18
2023-09-01 13:40:00,499,82.8695,82.8903,82.83,82.8903,82.83,10
2023-09-01 13:41:00,1402,82.7598,82.785,82.72,82.785,82.72,11
2023-09-01 13:42:00,1503,82.7801,82.73,82.84,82.84,82.73,24
2023-09-01 13:43:00,491,82.8856,82.88,82.88,82.88,82.88,11
2023-09-01 13:45:00,2718,82.8441,82.87,82.79,82.87,82.79,22
2023-09-01 13:46:00,2524,82.7702,82.78,82.79,82.81,82.74,26
2023-09-01 13:47:00,302,82.7867,82.79,82.8,82.8,82.77,4
2023-09-01 13:48:00,698,82.8243,82.81,82.83,82.84,82.81,18
2023-09-01 13:50:00,244,82.7389,82.74,82.74,82.74,82.74,7
2023-09-01 13:51:00,263,82.7331,82.71,82.75,82.75,82.71,14
2023-09-01 13:52:00,235,82.7914,82.79,82.79,82.79,82.79,5
2023-09-01 13:53:00,584,82.7747,82.77,82.79,82.79,82.77,15
2023-09-01 13:54:00,217,82.7551,82.77,82.74,82.77,82.74,7
2023-09-01 13:56:00,208,82.7988,82.8,82.8,82.8,82.8,8
2023-09-01 13:57:00,1211,82.8607,82.82,82.92,82.92,82.82,19
2023-09-01 13:58:00,538,82.8781,82.88,82.88,82.88,82.88,10
2023-09-01 13:59:00,105,82.8893,82.89,82.89,82.89,82.89,4
2023-09-01 14:00:00,2855,82.7306,82.83,82.69,82.83,82.67,62
2023-09-01 14:01:00,2322,82.7105,82.67,82.835,82.835,82.65,31
2023-09-01 14:02:00,505,82.9062,82.85,82.96,82.99,82.84,9
2023-09-01 14:03:00,3175,82.9281,82.92,82.96,82.995,82.88,34
2023-09-01 14:04:00,428,82.9606,82.94,82.9544,82.9544,82.94,10
2023-09-01 14:05:00,668,82.933,82.95,82.92,82.95,82.92,8
2023-09-01 14:06:00,468,82.9155,82.93,82.91,82.93,82.91,12
2023-09-01 14:08:00,798,82.9407,82.93,82.93,82.93,82.93,22
2023-09-01 14:09:00,788,82.9499,82.94,82.968,82.97,82.93,18
2023-09-01 14:10:00,1814,82.9683,82.96,82.97,82.97,82.96,36
2023-09-01 14:12:00,1121,82.9818,83.0,82.97,83.0,82.95,23
2023-09-01 14:13:00,288,83.0619,83.05,83.05,83.05,83.05,15
2023-09-01 14:14:00,754,83.0354,83.05,83.02,83.05,83.02,9
2023-09-01 14:15:00,2644,83.0133,83.02,82.97,83.06,82.97,43
2023-09-01 14:16:00,1820,82.9202,82.93,82.9,82.93,82.9,16
2023-09-01 14:17:00,115,82.9485,82.95,82.95,82.95,82.95,4
2023-09-01 14:21:00,635,82.9253,82.92,82.92,82.94,82.92,11
2023-09-01 14:22:00,1020,82.9264,82.93,82.9,82.93,82.9,24
2023-09-01 14:24:00,954,82.8287,82.87,82.81,82.87,82.81,15
2023-09-01 14:25:00,1242,82.8415,82.83,82.8,82.86,82.8,32
2023-09-01 14:26:00,1020,82.8404,82.83,82.84,82.85,82.83,22
2023-09-01 14:27:00,427,82.8448,82.86,82.837,82.86,82.837,10
2023-09-01 14:28:00,1115,82.8264,82.83,82.82,82.83,82.82,18
2023-09-01 14:29:00,1565,82.7765,82.76,82.85,82.85,82.72,31
2023-09-01 14:30:00,268,82.8145,82.82,82.82,82.82,82.82,7
2023-09-01 14:31:00,276,82.7512,82.78,82.7,82.78,82.7,9
2023-09-01 14:32:00,197,82.7386,82.74,82.74,82.74,82.74,12
2023-09-01 14:33:00,508,82.7392,82.75,82.7271,82.75,82.7271,12
2023-09-01 14:34:00,613,82.7366,82.73,82.745,82.745,82.73,17
2023-09-01 14:36:00,471,82.8376,82.82,82.8592,82.8592,82.82,9
2023-09-01 14:37:00,796,82.8275,82.84,82.8381,82.84,82.82,21
2023-09-01 14:38:00,333,82.7832,82.805,82.7722,82.805,82.7722,8
2023-09-01 14:40:00,841,82.7702,82.79,82.755,82.79,82.755,22
2023-09-01 14:41:00,496,82.758,82.73,82.78,82.78,82.73,14
2023-09-01 14:42:00,352,82.7905,82.785,82.8,82.8,82.785,15
2023-09-01 14:44:00,267,82.817,82.82,82.82,82.82,82.82,16
2023-09-01 14:45:00,1297,82.829,82.842,82.83,82.842,82.82,34
2023-09-01 14:46:00,1586,82.7457,82.8,82.74,82.8,82.7,28
2023-09-01 14:47:00,997,82.7571,82.75,82.77,82.77,82.74,20
2023-09-01 14:48:00,1770,82.7196,82.75,82.7,82.75,82.7,30
2023-09-01 14:49:00,178,82.6999,82.71,82.71,82.71,82.71,9
2023-09-01 14:50:00,319,82.7424,82.74,82.74,82.74,82.74,11
2023-09-01 14:51:00,1136,82.7682,82.76,82.7748,82.78,82.76,14
2023-09-01 14:52:00,140,82.7557,82.76,82.76,82.76,82.76,3
2023-09-01 14:53:00,293,82.7415,82.74,82.74,82.74,82.74,7
2023-09-01 14:54:00,943,82.7334,82.74,82.7,82.74,82.7,27
2023-09-01 14:55:00,1245,82.6901,82.68,82.6913,82.72,82.6733,25
2023-09-01 14:56:00,741,82.6308,82.65,82.62,82.65,82.61,16
2023-09-01 14:57:00,209,82.6349,82.64,82.64,82.64,82.64,13
2023-09-01 14:59:00,638,82.6609,82.65,82.6627,82.69,82.65,16
2023-09-01 15:00:00,522,82.6825,82.6788,82.69,82.69,82.6788,16
2023-09-01 15:01:00,3136,82.6843,82.67,82.685,82.7,82.66,50
2023-09-01 15:02:00,1026,82.699,82.685,82.71,82.71,82.685,27
2023-09-01 15:03:00,3828,82.6803,82.7,82.65,82.71,82.64,35
2023-09-01 15:04:00,364,82.6851,82.69,82.69,82.69,82.69,11
2023-09-01 15:05:00,734,82.6505,82.66,82.655,82.66,82.64,21
2023-09-01 15:07:00,268,82.6282,82.63,82.635,82.635,82.63,11
2023-09-01 15:08:00,4053,82.6647,82.64,82.63,82.687,82.63,69
2023-09-01 15:09:00,2325,82.6031,82.61,82.62,82.62,82.58,24
2023-09-01 15:10:00,1500,82.6366,82.64,82.63,82.64,82.63,24
2023-09-01 15:11:00,1401,82.5942,82.62,82.56,82.62,82.56,37
2023-09-01 15:12:00,332,82.5648,82.57,82.57,82.57,82.57,22
2023-09-01 15:13:00,1187,82.5602,82.55,82.55,82.58,82.55,29
2023-09-01 15:14:00,848,82.5386,82.53,82.55,82.55,82.53,20
2023-09-01 15:15:00,878,82.5425,82.53,82.54,82.56,82.53,24
2023-09-01 15:17:00,354,82.5857,82.59,82.59,82.59,82.59,11
2023-09-01 15:19:00,432,82.6326,82.63,82.63,82.63,82.63,12
2023-09-01 15:20:00,4837,82.6382,82.64,82.63,82.66,82.63,70
2023-09-01 15:21:00,3464,82.6518,82.63,82.655,82.66,82.63,35
2023-09-01 15:23:00,1857,82.6403,82.64,82.64,82.64,82.64,33
2023-09-01 15:24:00,361,82.6386,82.6362,82.6362,82.6362,82.6362,10
2023-09-01 15:25:00,7110,82.6094,82.63,82.6,82.64,82.59,93
2023-09-01 15:26:00,1859,82.5929,82.59,82.59,82.59,82.59,29
2023-09-01 15:27:00,6408,82.6266,82.63,82.59,82.65,82.59,65
2023-09-01 15:28:00,10714,82.5886,82.585,82.57,82.62,82.57,134
2023-09-01 15:29:00,6579,82.5374,82.56,82.62,82.62,82.52,71
2023-09-01 15:31:00,2013,82.6587,82.67,82.65,82.675,82.65,30
2023-09-01 15:32:00,472,82.649,82.65,82.64,82.65,82.64,12
2023-09-01 15:35:00,263,82.6879,82.68,82.68,82.68,82.68,11
2023-09-01 15:36:00,6328,82.7265,82.77,82.6701,82.777,82.6701,39
2023-09-01 15:37:00,1180,82.6636,82.67,82.65,82.68,82.65,17
2023-09-01 15:38:00,322,82.633,82.63,82.63,82.63,82.63,7
2023-09-01 15:43:00,213,82.5171,82.52,82.52,82.52,82.52,6
2023-09-01 15:45:00,444,82.5426,82.54,82.52,82.56,82.52,7
2023-09-01 15:47:00,292,82.5351,82.5264,82.5264,82.5264,82.5264,8
2023-09-01 15:48:00,567,82.5116,82.52,82.52,82.52,82.5,11
2023-09-01 15:49:00,764,82.4933,82.5,82.49,82.5,82.49,18
2023-09-01 15:50:00,245,82.4874,82.49,82.49,82.49,82.49,7
2023-09-01 15:52:00,233,82.51,82.51,82.51,82.51,82.51,7
2023-09-01 15:53:00,2794,82.5237,82.53,82.51,82.53,82.51,8
2023-09-01 15:54:00,888,82.5257,82.53,82.52,82.53,82.52,19
2023-09-01 15:55:00,270,82.5229,82.5217,82.5217,82.5217,82.5217,4
2023-09-01 15:57:00,5922,82.5406,82.53,82.5689,82.5689,82.5216,158
2023-09-01 15:59:00,1004,82.5546,82.55,82.56,82.56,82.55,22
2023-09-01 16:01:00,1172,82.5251,82.545,82.5,82.545,82.5,20
2023-09-01 16:02:00,204,82.4969,82.46,82.46,82.46,82.46,3
2023-09-01 16:06:00,719,82.4521,82.45,82.45,82.45,82.45,11
2023-09-01 16:07:00,434,82.4945,82.4775,82.5,82.5,82.4775,8
2023-09-01 16:11:00,126,82.5142,82.51,82.51,82.51,82.51,3
2023-09-01 16:12:00,655,82.5315,82.52,82.54,82.54,82.52,7
2023-09-01 16:13:00,254,82.5206,82.52,82.52,82.52,82.52,6
2023-09-01 16:14:00,552,82.5109,82.51,82.51,82.51,82.51,9
2023-09-01 16:16:00,460,82.4656,82.46,82.46,82.46,82.46,13
2023-09-01 16:17:00,112,82.4523,82.45,82.45,82.45,82.45,4
2023-09-01 16:18:00,224,82.4267,82.44,82.41,82.44,82.41,7
2023-09-01 16:23:00,301,82.4182,82.42,82.42,82.42,82.42,7
2023-09-01 16:25:00,509,82.412,82.41,82.42,82.42,82.41,12
2023-09-01 16:26:00,479,82.3992,82.4,82.39,82.4,82.39,9
2023-09-01 16:27:00,548,82.4305,82.43,82.43,82.43,82.43,8
2023-09-01 16:28:00,5922,82.3908,82.42,82.395,82.43,82.36,66
2023-09-01 16:29:00,104,82.4092,82.41,82.41,82.41,82.41,2
2023-09-01 16:31:00,1019,82.4621,82.44,82.46,82.49,82.44,18
2023-09-01 16:32:00,101,82.535,82.535,82.535,82.535,82.535,2
2023-09-01 16:34:00,412,82.5014,82.5,82.5,82.5,82.5,7
2023-09-01 16:35:00,480,82.4698,82.48,82.46,82.48,82.46,12
2023-09-01 16:39:00,2565,82.4615,82.51,82.445,82.51,82.42,20
2023-09-01 16:41:00,720,82.4236,82.42,82.41,82.445,82.41,15
2023-09-01 16:44:00,391,82.4515,82.45,82.46,82.46,82.45,11
2023-09-01 16:46:00,537,82.4604,82.46,82.46,82.46,82.46,8
2023-09-01 16:47:00,972,82.4554,82.47,82.46,82.47,82.45,26
2023-09-01 16:48:00,652,82.5022,82.51,82.51,82.51,82.51,14
2023-09-01 16:50:00,1356,82.5231,82.545,82.52,82.545,82.52,20
2023-09-01 16:53:00,290,82.5266,82.52,82.53,82.53,82.52,7
2023-09-01 16:55:00,528,82.5294,82.5275,82.53,82.53,82.5275,11
2023-09-01 16:56:00,178,82.5518,82.56,82.56,82.56,82.56,6
2023-09-01 16:57:00,807,82.5426,82.55,82.54,82.55,82.535,27
2023-09-01 16:58:00,290,82.5307,82.53,82.53,82.53,82.53,5
2023-09-01 17:02:00,251,82.5386,82.55,82.55,82.55,82.55,8
2023-09-01 17:03:00,564,82.5294,82.5542,82.51,82.5542,82.51,17
2023-09-01 17:06:00,558,82.4984,82.5,82.5054,82.5054,82.481,15
2023-09-01 17:07:00,400,82.4879,82.5,82.475,82.5,82.475,8
2023-09-01 17:08:00,463,82.4651,82.46,82.46,82.46,82.46,17
2023-09-01 17:09:00,542,82.4567,82.46,82.456,82.46,82.456,14
2023-09-01 17:10:00,559,82.4748,82.47,82.4899,82.4899,82.47,11
2023-09-01 17:11:00,1444,82.4979,82.49,82.52,82.52,82.47,34
2023-09-01 17:12:00,424,82.5434,82.55,82.54,82.55,82.54,9
2023-09-01 17:14:00,1292,82.5307,82.54,82.54,82.54,82.52,34
2023-09-01 17:15:00,401,82.5719,82.57,82.59,82.59,82.57,4
2023-09-01 17:18:00,308,82.5965,82.6,82.5997,82.6,82.59,7
2023-09-01 17:20:00,1477,82.604,82.58,82.6,82.6,82.58,26
2023-09-01 17:22:00,417,82.6423,82.64,82.66,82.66,82.64,15
2023-09-01 17:23:00,321,82.6431,82.645,82.62,82.645,82.62,7
2023-09-01 17:24:00,112,82.65,82.65,82.65,82.65,82.65,1
2023-09-01 17:25:00,387,82.6021,82.61,82.6,82.61,82.6,9
2023-09-01 17:30:00,293,82.5764,82.58,82.57,82.58,82.57,7
2023-09-01 17:31:00,479,82.5672,82.57,82.57,82.57,82.57,12
2023-09-01 17:32:00,300,82.552,82.54,82.545,82.545,82.54,3
2023-09-01 17:33:00,3488,82.4781,82.545,82.44,82.545,82.42,57
2023-09-01 17:34:00,190,82.4381,82.44,82.44,82.44,82.44,4
2023-09-01 17:36:00,132,82.4345,82.435,82.435,82.435,82.435,4
2023-09-01 17:40:00,210,82.44,82.44,82.44,82.44,82.44,3
2023-09-01 17:41:00,279,82.4092,82.41,82.41,82.41,82.41,14
2023-09-01 17:42:00,498,82.3922,82.39,82.39,82.39,82.39,13
2023-09-01 17:43:00,485,82.3938,82.39,82.39,82.39,82.39,11
2023-09-01 17:44:00,200,82.39,82.39,82.39,82.39,82.39,2
2023-09-01 17:45:00,315,82.3795,82.38,82.38,82.38,82.38,8
2023-09-01 17:49:00,125,82.3702,82.37,82.37,82.37,82.37,5
2023-09-01 17:51:00,730,82.3954,82.3706,82.405,82.41,82.3706,21
2023-09-01 17:53:00,114,82.4288,82.43,82.43,82.43,82.43,4
2023-09-01 17:54:00,311,82.4036,82.41,82.4,82.41,82.4,6
2023-09-01 17:56:00,2752,82.4005,82.4,82.42,82.42,82.39,70
2023-09-01 17:57:00,217,82.3996,82.4,82.4,82.4,82.4,3
2023-09-01 17:58:00,854,82.4229,82.41,82.43,82.43,82.41,13
2023-09-01 17:59:00,447,82.445,82.445,82.445,82.445,82.445,3
2023-09-01 18:00:00,512,82.4403,82.44,82.44,82.44,82.44,6
2023-09-01 18:01:00,490,82.416,82.41,82.41,82.41,82.41,24
2023-09-01 18:02:00,402,82.385,82.3845,82.3845,82.3845,82.3845,4
2023-09-01 18:03:00,709,82.3986,82.4015,82.39,82.4015,82.39,20
2023-09-01 18:04:00,145,82.4103,82.41,82.41,82.41,82.41,6
2023-09-01 18:05:00,381,82.4201,82.42,82.42,82.42,82.42,16
2023-09-01 18:06:00,418,82.4339,82.43,82.439,82.439,82.43,7
2023-09-01 18:07:00,1229,82.4253,82.43,82.42,82.43,82.42,28
2023-09-01 18:11:00,588,82.4086,82.42,82.4,82.42,82.4,34
2023-09-01 18:12:00,349,82.4163,82.41,82.42,82.42,82.41,9
2023-09-01 18:13:00,356,82.4101,82.41,82.41,82.41,82.41,12
2023-09-01 18:18:00,877,82.4222,82.41,82.42,82.42,82.41,22
2023-09-01 18:19:00,535,82.4309,82.46,82.42,82.46,82.42,29
2023-09-01 18:20:00,205,82.4325,82.44,82.44,82.44,82.44,7
2023-09-01 18:21:00,847,82.3983,82.41,82.38,82.41,82.38,31
2023-09-01 18:24:00,494,82.383,82.39,82.38,82.39,82.38,24
2023-09-01 18:25:00,452,82.381,82.38,82.38,82.38,82.38,13
2023-09-01 18:26:00,248,82.3886,82.39,82.39,82.39,82.39,14
2023-09-01 18:27:00,1336,82.3877,82.39,82.4,82.4,82.38,30
2023-09-01 18:28:00,1247,82.3768,82.39,82.385,82.39,82.35,32
2023-09-01 18:29:00,3317,82.3952,82.38,82.38,82.4,82.38,48
2023-09-01 18:30:00,633,82.3653,82.37,82.35,82.37,82.35,20
2023-09-01 18:32:00,710,82.329,82.33,82.32,82.33,82.32,21
2023-09-01 18:33:00,104,82.3351,82.335,82.335,82.335,82.335,3
2023-09-01 18:35:00,313,82.34,82.33,82.35,82.35,82.33,5
2023-09-01 18:36:00,329,82.3515,82.35,82.355,82.355,82.35,9
2023-09-01 18:37:00,340,82.358,82.37,82.3524,82.37,82.3524,5
2023-09-01 18:39:00,867,82.3557,82.35,82.37,82.37,82.345,31
2023-09-01 18:41:00,1487,82.3924,82.38,82.39,82.4,82.38,31
2023-09-01 18:42:00,152,82.3955,82.395,82.395,82.395,82.395,6
2023-09-01 18:43:00,1167,82.3905,82.39,82.39,82.405,82.38,30
2023-09-01 18:44:00,681,82.3758,82.38,82.37,82.38,82.37,16
2023-09-01 18:45:00,415,82.3878,82.39,82.39,82.39,82.38,13
2023-09-01 18:47:00,110,82.4,82.4,82.4,82.4,82.4,2
2023-09-01 18:48:00,249,82.3995,82.4,82.4,82.4,82.4,6
2023-09-01 18:49:00,1196,82.3837,82.4,82.385,82.4,82.37,24
2023-09-01 18:52:00,286,82.396,82.3909,82.4,82.4,82.3909,7
2023-09-01 18:54:00,545,82.3843,82.39,82.38,82.39,82.38,17
2023-09-01 18:55:00,220,82.3821,82.38,82.38,82.38,82.38,14
2023-09-01 18:56:00,644,82.3987,82.4,82.41,82.41,82.4,20
2023-09-01 18:57:00,2693,82.3987,82.39,82.4,82.41,82.39,52
2023-09-01 18:59:00,415,82.4012,82.4,82.4,82.4,82.4,11
2023-09-01 19:00:00,1172,82.3963,82.4,82.39,82.406,82.39,14
2023-09-01 19:01:00,1733,82.397,82.4,82.395,82.405,82.39,24
2023-09-01 19:02:00,909,82.3918,82.3871,82.4,82.4,82.3871,9
2023-09-01 19:03:00,2702,82.39,82.4,82.4,82.4,82.37,49
2023-09-01 19:04:00,100,82.3702,82.3702,82.3702,82.3702,82.3702,1
2023-09-01 19:05:00,1634,82.3495,82.35,82.35,82.35,82.34,27
2023-09-01 19:06:00,166,82.3754,82.37,82.37,82.37,82.37,11
2023-09-01 19:07:00,849,82.3705,82.37,82.37,82.37,82.37,18
2023-09-01 19:08:00,976,82.4032,82.3754,82.4,82.4223,82.3754,19
2023-09-01 19:09:00,616,82.402,82.4,82.4,82.4,82.4,13
2023-09-01 19:10:00,541,82.3964,82.4,82.39,82.4,82.39,15
2023-09-01 19:11:00,705,82.3788,82.4,82.37,82.4,82.37,16
2023-09-01 19:12:00,807,82.3837,82.35,82.4055,82.4055,82.35,11
2023-09-01 19:13:00,678,82.3973,82.395,82.4,82.4,82.395,12
2023-09-01 19:14:00,518,82.3887,82.38,82.405,82.405,82.38,6
2023-09-01 19:15:00,289,82.3987,82.4,82.4,82.4,82.4,8
2023-09-01 19:16:00,197,82.4053,82.405,82.405,82.405,82.405,14
2023-09-01 19:17:00,3654,82.3989,82.4,82.38,82.405,82.38,89
2023-09-01 19:21:00,1547,82.3798,82.38,82.38,82.38,82.375,35
2023-09-01 19:24:00,6986,82.3961,82.39,82.4,82.41,82.38,131
2023-09-01 19:26:00,1920,82.4004,82.4,82.4,82.41,82.39,43
2023-09-01 19:27:00,1206,82.401,82.41,82.4,82.41,82.4,27
2023-09-01 19:28:00,453,82.4,82.4,82.4,82.4,82.4,13
2023-09-01 19:29:00,2998,82.4002,82.4,82.4,82.4,82.4,52
2023-09-01 19:30:00,4196,82.4011,82.39,82.41,82.415,82.39,90
2023-09-01 19:31:00,6863,82.4019,82.405,82.4,82.41,82.4,105
2023-09-01 19:32:00,2549,82.392,82.4,82.4,82.4,82.38,55
2023-09-01 19:33:00,9552,82.3935,82.4,82.4,82.4,82.38,200
2023-09-01 19:34:00,3989,82.4018,82.4,82.405,82.41,82.4,56
2023-09-01 19:35:00,1063,82.402,82.405,82.4,82.405,82.4,23
2023-09-01 19:36:00,977,82.3986,82.4,82.4,82.4,82.4,10
2023-09-01 19:37:00,1160,82.4004,82.4,82.405,82.405,82.4,19
2023-09-01 19:38:00,2022,82.3933,82.4,82.39,82.4,82.39,43
2023-09-01 19:39:00,3135,82.399,82.4,82.3923,82.4,82.3923,52
2023-09-01 19:40:00,1608,82.4034,82.4,82.405,82.405,82.4,13
2023-09-01 19:41:00,1663,82.3868,82.39,82.38,82.39,82.38,36
2023-09-01 19:42:00,1549,82.3944,82.4,82.39,82.4,82.39,47
2023-09-01 19:43:00,1554,82.3923,82.4,82.38,82.4,82.38,30
2023-09-01 19:44:00,463,82.3799,82.38,82.38,82.38,82.38,11
2023-09-01 19:45:00,3291,82.3984,82.39,82.405,82.41,82.39,84
2023-09-01 19:46:00,2080,82.379,82.39,82.37,82.39,82.365,52
2023-09-01 19:47:00,1313,82.3774,82.37,82.4,82.4,82.37,26
2023-09-01 19:48:00,2732,82.3781,82.39,82.36,82.39,82.355,48
2023-09-01 19:49:00,2322,82.3592,82.36,82.36,82.37,82.34,46
2023-09-01 19:50:00,4635,82.37,82.37,82.38,82.4,82.34,71
2023-09-01 19:51:00,2616,82.3857,82.37,82.385,82.4,82.37,54
2023-09-01 19:52:00,3619,82.381,82.39,82.37,82.4,82.37,67
2023-09-01 19:53:00,2701,82.381,82.37,82.4,82.4,82.36,75
2023-09-01 19:54:00,6362,82.3931,82.395,82.4,82.405,82.38,102
2023-09-01 19:55:00,16267,82.4032,82.41,82.44,82.44,82.38,243
2023-09-01 19:56:00,6816,82.4844,82.46,82.53,82.53,82.45,116
2023-09-01 19:57:00,5747,82.5401,82.52,82.54,82.55,82.52,103
2023-09-01 19:58:00,6085,82.5393,82.55,82.55,82.55,82.53,83
2023-09-01 19:59:00,10093,82.5269,82.56,82.52,82.56,82.49,167
2023-09-05 12:19:00,300,82.4333,82.44,82.42,82.44,82.42,2
2023-09-05 13:29:00,1110,82.2888,82.34,82.26,82.34,82.26,4
2023-09-05 13:30:00,4497,82.2959,82.28,82.26,82.41,82.26,29
2023-09-05 13:31:00,3404,82.1605,82.22,82.1,82.22,82.1,29
2023-09-05 13:32:00,1379,82.1459,82.115,82.13,82.16,82.115,19
2023-09-05 13:33:00,4264,82.0877,82.13,82.03,82.13,82.03,49
2023-09-05 13:34:00,2118,82.0391,82.04,82.0,82.08,82.0,27
2023-09-05 13:35:00,2842,81.9776,82.05,81.94,82.05,81.94,34
2023-09-05 13:36:00,3413,81.8859,81.945,81.83,81.945,81.81,30
2023-09-05 13:37:00,2059,81.8162,81.78,81.87,81.87,81.78,34
2023-09-05 13:38:00,1860,81.7942,81.84,81.76,81.84,81.76,31
2023-09-05 13:39:00,243,81.7973,81.74,81.74,81.74,81.74,6
2023-09-05 13:40:00,1541,81.7485,81.77,81.71,81.77,81.71,23
2023-09-05 13:41:00,1662,81.6892,81.73,81.64,81.73,81.64,27
2023-09-05 13:42:00,733,81.5983,81.61,81.575,81.61,81.575,10
2023-09-05 13:43:00,1478,81.5567,81.565,81.54,81.57,81.54,19
2023-09-05 13:44:00,2929,81.5043,81.54,81.525,81.55,81.47,35
2023-09-05 13:45:00,1853,81.5383,81.55,81.53,81.58,81.5,28
2023-09-05 13:46:00,975,81.6082,81.55,81.64,81.64,81.55,15
2023-09-05 13:47:00,2704,81.6644,81.62,81.7,81.71,81.62,37
2023-09-05 13:48:00,2104,81.6864,81.68,81.72,81.72,81.66,30
2023-09-05 13:49:00,2335,81.6681,81.68,81.68,81.69,81.64,29
2023-09-05 13:50:00,1070,81.6793,81.695,81.67,81.695,81.67,20
2023-09-05 13:51:00,3664,81.721,81.68,81.765,81.77,81.68,40
2023-09-05 13:52:00,1569,81.762,81.74,81.78,81.79,81.74,28
2023-09-05 13:53:00,769,81.7431,81.76,81.73,81.76,81.73,20
2023-09-05 13:54:00,3905,81.7265,81.74,81.7,81.76,81.7,52
2023-09-05 13:55:00,3774,81.7409,81.67,81.78,81.8,81.67,49
2023-09-05 13:57:00,304,81.7467,81.74,81.74,81.76,81.74,5
2023-09-05 13:58:00,768,81.7107,81.72,81.68,81.72,81.68,13
2023-09-05 13:59:00,816,81.7001,81.69,81.71,81.71,81.68,13
2023-09-05 14:00:00,1447,81.6944,81.71,81.67,81.71,81.67,25
2023-09-05 14:01:00,1078,81.6735,81.66,81.7,81.7,81.66,18
2023-09-05 14:02:00,2207,81.7052,81.7,81.72,81.72,81.68,32
2023-09-05 14:03:00,831,81.7598,81.76,81.78,81.78,81.75,18
2023-09-05 14:04:00,314,81.7841,81.785,81.79,81.79,81.785,5
2023-09-05 14:05:00,2556,81.7527,81.775,81.76,81.775,81.74,37
2023-09-05 14:06:00,512,81.754,81.78,81.75,81.78,81.75,13
2023-09-05 14:07:00,499,81.7885,81.77,81.785,81.8,81.77,16
2023-09-05 14:08:00,1244,81.7616,81.76,81.76,81.76,81.76,30
2023-09-05 14:09:00,1568,81.7302,81.76,81.7071,81.76,81.7071,36
2023-09-05 14:10:00,243,81.7341,81.735,81.735,81.735,81.735,9
2023-09-05 14:11:00,2375,81.7336,81.73,81.75,81.75,81.71,37
2023-09-05 14:12:00,467,81.7413,81.74,81.74,81.74,81.74,8
2023-09-05 14:13:00,1014,81.7349,81.74,81.73,81.74,81.73,19
2023-09-05 14:14:00,891,81.6913,81.71,81.68,81.71,81.68,24
2023-09-05 14:15:00,182,81.6915,81.69,81.69,81.69,81.69,10
2023-09-05 14:16:00,742,81.6628,81.66,81.65,81.66,81.65,17
2023-09-05 14:17:00,1552,81.6514,81.64,81.67,81.67,81.64,28
2023-09-05 14:18:00,811,81.7254,81.7,81.74,81.74,81.7,18
2023-09-05 14:19:00,409,81.741,81.74,81.74,81.74,81.74,12
2023-09-05 14:20:00,1096,81.7625,81.73,81.77,81.77,81.73,26
2023-09-05 14:21:00,660,81.7639,81.75,81.76,81.78,81.75,19
2023-09-05 14:22:00,638,81.8189,81.82,81.825,81.825,81.81,14
2023-09-05 14:23:00,1747,81.8401,81.84,81.8366,81.86,81.821,24
2023-09-05 14:24:00,772,81.8356,81.83,81.84,81.84,81.82,24
2023-09-05 14:25:00,953,81.8452,81.84,81.86,81.86,81.83,18
2023-09-05 14:26:00,517,81.8524,81.86,81.84,81.86,81.84,12
2023-09-05 14:27:00,1072,81.8428,81.85,81.84,81.85,81.84,18
2023-09-05 14:28:00,435,81.8363,81.84,81.82,81.84,81.82,11
2023-09-05 14:29:00,361,81.8522,81.84,81.86,81.86,81.84,11
2023-09-05 14:30:00,524,81.8743,81.88,81.88,81.88,81.88,21
2023-09-05 14:31:00,2103,81.8789,81.885,81.87,81.895,81.87,37
2023-09-05 14:32:00,3749,81.8682,81.88,81.8525,81.89,81.852,48
2023-09-05 14:33:00,1277,81.8746,81.87,81.92,81.92,81.86,23
2023-09-05 14:34:00,2172,81.9123,81.89,81.91,81.94,81.89,33
2023-09-05 14:35:00,4417,81.8613,81.901,81.86,81.901,81.83,64
2023-09-05 14:36:00,1176,81.8415,81.85,81.825,81.85,81.825,26
2023-09-05 14:37:00,165,81.7893,81.8,81.8,81.8,81.8,11
2023-09-05 14:38:00,4825,81.8225,81.8,81.84,81.84,81.8,61
2023-09-05 14:40:00,1243,81.8211,81.82,81.82,81.82,81.82,26
2023-09-05 14:41:00,1251,81.8144,81.82,81.8,81.825,81.8,24
2023-09-05 14:42:00,2858,81.779,81.78,81.76,81.8,81.76,42
2023-09-05 14:43:00,990,81.7466,81.74,81.76,81.76,81.74,20
2023-09-05 14:45:00,898,81.7904,81.78,81.79,81.81,81.78,22
2023-09-05 14:46:00,1493,81.7577,81.76,81.76,81.76,81.75,29
2023-09-05 14:48:00,1892,81.7597,81.75,81.77,81.77,81.75,47
2023-09-05 14:49:00,1292,81.78,81.78,81.785,81.785,81.775,29
2023-09-05 14:50:00,2305,81.7618,81.78,81.735,81.78,81.73,39
2023-09-05 14:51:00,394,81.7199,81.72,81.72,81.72,81.72,19
2023-09-05 14:52:00,1325,81.7394,81.74,81.74,81.74,81.74,23
2023-09-05 14:53:00,1693,81.6876,81.7,81.69,81.7,81.68,34
2023-09-05 14:54:00,274,81.6762,81.685,81.685,81.685,81.685,11
2023-09-05 14:55:00,1779,81.6677,81.66,81.661,81.67,81.65,32
2023-09-05 14:56:00,1957,81.6833,81.68,81.72,81.72,81.66,53
2023-09-05 14:57:00,1834,81.7018,81.7,81.68,81.71,81.68,32
2023-09-05 14:58:00,603,81.6744,81.69,81.67,81.69,81.67,16
2023-09-05 15:00:00,2090,81.6867,81.68,81.7,81.7,81.68,44
2023-09-05 15:01:00,3250,81.7413,81.72,81.79,81.79,81.7185,61
2023-09-05 15:02:00,1685,81.8,81.8,81.8,81.8,81.785,29
2023-09-05 15:03:00,2183,81.8321,81.86,81.82,81.86,81.82,40
2023-09-05 15:04:00,408,81.8421,81.855,81.855,81.855,81.855,15
2023-09-05 15:05:00,730,81.8467,81.83,81.86,81.86,81.83,17
2023-09-05 15:06:00,1442,81.8388,81.835,81.835,81.84,81.835,18
2023-09-05 15:07:00,665,81.8598,81.85,81.85,81.87,81.85,12
2023-09-05 15:08:00,449,81.8761,81.865,81.88,81.88,81.865,14
2023-09-05 15:09:00,2360,81.8704,81.88,81.865,81.89,81.86,33
2023-09-05 15:10:00,1308,81.8643,81.85,81.91,81.91,81.85,32
2023-09-05 15:12:00,419,81.9256,81.93,81.93,81.93,81.93,11
2023-09-05 15:13:00,746,81.9108,81.91,81.9,81.93,81.9,14
2023-09-05 15:14:00,945,81.8996,81.89,81.8901,81.905,81.89,16
2023-09-05 15:15:00,325,81.9089,81.91,81.91,81.91,81.91,12
2023-09-05 15:16:00,3015,81.8981,81.91,81.88,81.91,81.88,48
2023-09-05 15:17:00,364,81.88,81.88,81.88,81.88,81.88,16
2023-09-05 15:18:00,1073,81.8613,81.86,81.86,81.86,81.85,26
2023-09-05 15:19:00,360,81.8754,81.87,81.87,81.87,81.87,12
2023-09-05 15:21:00,606,81.9202,81.93,81.925,81.935,81.91,14
2023-09-05 15:22:00,614,81.9285,81.929,81.93,81.93,81.929,18
2023-09-05 15:24:00,712,81.9794,81.98,81.98,81.98,81.98,10
2023-09-05 15:25:00,691,81.9683,81.96,81.9762,81.9762,81.96,20
2023-09-05 15:26:00,906,81.9724,81.98,81.965,81.98,81.965,11
2023-09-05 15:27:00,6273,81.9228,81.95,81.89,81.95,81.89,111
2023-09-05 15:28:00,5308,81.8779,81.89,81.83,81.89,81.83,72
2023-09-05 15:29:00,7145,81.8216,81.82,81.88,81.88,81.81,95
2023-09-05 15:30:00,3105,81.841,81.85,81.84,81.87,81.8,49
2023-09-05 15:31:00,683,81.8401,81.82,81.87,81.87,81.82,17
2023-09-05 15:33:00,429,81.863,81.845,81.88,81.88,81.845,12
2023-09-05 15:34:00,354,81.861,81.87,81.84,81.87,81.84,8
2023-09-05 15:35:00,389,81.8614,81.86,81.86,81.86,81.86,8
2023-09-05 15:36:00,380,81.8831,81.853,81.905,81.905,81.853,9
2023-09-05 15:37:00,823,81.8824,81.87,81.88,81.895,81.87,17
2023-09-05 15:39:00,1252,81.9041,81.88,81.92,81.92,81.88,26
2023-09-05 15:41:00,222,81.9153,81.92,81.91,81.92,81.91,5
2023-09-05 15:42:00,964,81.905,81.89,81.91,81.915,81.89,18
2023-09-05 15:43:00,212,81.9083,81.9,81.9,81.9,81.9,8
2023-09-05 15:45:00,485,81.8991,81.88,81.9,81.91,81.88,10
2023-09-05 15:46:00,1286,81.9092,81.9,81.9,81.92,81.8885,23
2023-09-05 15:47:00,428,81.9024,81.9,81.91,81.91,81.9,14
2023-09-05 15:48:00,1158,81.9166,81.9,81.93,81.93,81.9,27
2023-09-05 15:49:00,657,81.9619,81.94,81.96,81.96,81.94,13
2023-09-05 15:50:00,714,82.0124,82.03,82.03,82.03,82.0265,12
2023-09-05 15:52:00,545,82.0315,82.021,82.035,82.035,82.021,10
2023-09-05 15:53:00,1086,82.0303,82.035,82.02,82.035,82.02,28
2023-09-05 15:54:00,1381,82.0288,82.025,82.04,82.04,82.025,28
2023-09-05 15:55:00,380,82.0297,82.03,82.03,82.03,82.03,11
2023-09-05 15:56:00,879,82.0459,82.03,82.055,82.055,82.03,12
2023-09-05 15:57:00,204,82.0646,82.065,82.065,82.065,82.065,4
2023-09-05 15:58:00,624,82.0611,82.06,82.07,82.07,82.06,14
2023-09-05 15:59:00,464,82.0603,82.06,82.06,82.06,82.06,13
2023-09-05 16:00:00,1223,82.0967,82.08,82.11,82.13,82.08,23
2023-09-05 16:01:00,2701,82.1021,82.13,82.1,82.13,82.09,52
2023-09-05 16:02:00,512,82.1149,82.12,82.12,82.12,82.12,13
2023-09-05 16:03:00,669,82.1218,82.14,82.1275,82.14,82.11,15
2023-09-05 16:04:00,358,82.1273,82.14,82.14,82.14,82.12,7
2023-09-05 16:05:00,1111,82.1169,82.09,82.115,82.14,82.09,17
2023-09-05 16:06:00,1032,82.1134,82.1086,82.115,82.115,82.1086,37
2023-09-05 16:07:00,2435,82.0905,82.115,82.07,82.115,82.07,50
2023-09-05 16:08:00,1012,82.0572,82.065,82.06,82.065,82.05,19
2023-09-05 16:09:00,1598,82.0572,82.05,82.05,82.06,82.05,24
2023-09-05 16:11:00,720,82.0653,82.06,82.07,82.07,82.06,22
2023-09-05 16:12:00,1764,82.0798,82.055,82.09,82.09,82.055,33
2023-09-05 16:15:00,596,82.0901,82.09,82.09,82.09,82.09,9
2023-09-05 16:17:00,1340,82.091,82.1,82.08,82.1,82.08,26
2023-09-05 16:18:00,2261,82.0601,82.07,82.05,82.07,82.05,42
2023-09-05 16:19:00,963,82.0637,82.06,82.07,82.07,82.05,17
2023-09-05 16:20:00,459,82.0761,82.08,82.08,82.08,82.065,9
2023-09-05 16:22:00,1310,82.0608,82.06,82.065,82.065,82.06,30
2023-09-05 16:23:00,764,82.0767,82.08,82.09,82.09,82.07,13
2023-09-05 16:24:00,281,82.1013,82.09,82.1099,82.1099,82.09,10
2023-09-05 16:25:00,541,82.0994,82.085,82.1,82.1,82.085,17
2023-09-05 16:26:00,973,82.105,82.1,82.1,82.11,82.1,22
2023-09-05 16:27:00,474,82.1174,82.12,82.12,82.12,82.12,19
2023-09-05 16:28:00,748,82.1277,82.13,82.12,82.13,82.12,9
2023-09-05 16:29:00,918,82.1255,82.12,82.13,82.13,82.12,14
2023-09-05 16:30:00,1517,82.1316,82.13,82.15,82.155,82.11,34
2023-09-05 16:31:00,1269,82.166,82.19,82.17,82.19,82.14,15
2023-09-05 16:32:00,1232,82.1846,82.17,82.18,82.2,82.17,21
2023-09-05 16:33:00,1874,82.1696,82.17,82.1578,82.185,82.1578,40
2023-09-05 16:34:00,504,82.1597,82.155,82.155,82.169,82.155,8
2023-09-05 16:35:00,503,82.1599,82.16,82.16,82.16,82.16,6
2023-09-05 16:36:00,1039,82.1955,82.17,82.235,82.235,82.17,26
2023-09-05 16:37:00,1564,82.2691,82.25,82.29,82.29,82.2485,28
2023-09-05 16:38:00,3568,82.3012,82.295,82.37,82.37,82.28,73
2023-09-05 16:39:00,664,82.3814,82.38,82.39,82.39,82.38,18
2023-09-05 16:40:00,105,82.385,82.385,82.385,82.385,82.385,4
2023-09-05 16:41:00,211,82.4018,82.395,82.395,82.395,82.395,12
2023-09-05 16:42:00,752,82.3944,82.395,82.395,82.395,82.395,15
2023-09-05 16:43:00,2035,82.4063,82.41,82.4163,82.4163,82.4,37
2023-09-05 16:44:00,597,82.4197,82.42,82.43,82.43,82.41,17
2023-09-05 16:45:00,7217,82.3992,82.4,82.38,82.415,82.37,102
2023-09-05 16:46:00,235,82.3855,82.36,82.41,82.41,82.36,5
2023-09-05 16:47:00,395,82.3774,82.38,82.385,82.385,82.38,12
2023-09-05 16:48:00,915,82.3377,82.36,82.325,82.36,82.325,21
2023-09-05 16:49:00,1721,82.2817,82.27,82.295,82.3199,82.25,33
2023-09-05 16:50:00,170,82.2656,82.27,82.27,82.27,82.27,13
2023-09-05 16:51:00,135,82.2495,82.25,82.25,82.25,82.25,4
2023-09-05 16:52:00,2148,82.2583,82.29,82.26,82.29,82.25,35
2023-09-05 16:53:00,573,82.265,82.27,82.26,82.27,82.26,16
2023-09-05 16:54:00,611,82.2696,82.29,82.26,82.29,82.26,20
2023-09-05 16:55:00,336,82.2671,82.25,82.25,82.25,82.25,10
2023-09-05 16:56:00,2273,82.2487,82.265,82.26,82.265,82.23,39
2023-09-05 16:57:00,1145,82.281,82.28,82.29,82.29,82.28,29
2023-09-05 16:58:00,442,82.2836,82.28,82.2875,82.2875,82.28,8
2023-09-05 17:00:00,616,82.2938,82.285,82.285,82.2987,82.285,7
2023-09-05 17:02:00,2210,82.2995,82.3,82.3,82.31,82.29,53
2023-09-05 17:03:00,1240,82.271,82.27,82.27,82.27,82.27,22
2023-09-05 17:05:00,680,82.2429,82.25,82.23,82.25,82.23,17
2023-09-05 17:07:00,603,82.2115,82.21,82.21,82.21,82.21,16
2023-09-05 17:08:00,211,82.1832,82.1859,82.18,82.1859,82.18,6
2023-09-05 17:09:00,741,82.1837,82.18,82.18,82.18,82.18,12
2023-09-05 17:10:00,601,82.177,82.175,82.175,82.1899,82.175,12
2023-09-05 17:11:00,248,82.1737,82.16,82.16,82.16,82.16,8
2023-09-05 17:12:00,2326,82.1599,82.16,82.165,82.165,82.15,32
2023-09-05 17:13:00,2505,82.1404,82.174,82.09,82.18,82.08,49
2023-09-05 17:14:00,477,82.0726,82.07,82.075,82.075,82.07,13
2023-09-05 17:15:00,641,82.087,82.1,82.07,82.1,82.07,14
2023-09-05 17:16:00,241,82.1113,82.1,82.1,82.1,82.1,13
2023-09-05 17:17:00,470,82.0981,82.1,82.1,82.1,82.1,20
2023-09-05 17:18:00,112,82.1083,82.1099,82.1099,82.1099,82.1099,4
2023-09-05 17:19:00,304,82.0802,82.085,82.07,82.085,82.07,11
2023-09-05 17:20:00,1125,82.1024,82.0985,82.11,82.11,82.085,30
2023-09-05 17:21:00,412,82.1099,82.11,82.11,82.11,82.11,11
2023-09-05 17:22:00,359,82.108,82.11,82.11,82.11,82.11,9
2023-09-05 17:24:00,562,82.0999,82.1,82.1,82.1,82.1,12
2023-09-05 17:25:00,671,82.1029,82.1,82.105,82.105,82.1,12
2023-09-05 17:26:00,796,82.0958,82.1,82.09,82.1,82.09,19
2023-09-05 17:27:00,163,82.0912,82.091,82.091,82.091,82.091,7
2023-09-05 17:28:00,366,82.0985,82.1,82.1,82.1,82.1,12
2023-09-05 17:29:00,181,82.1003,82.1,82.1,82.1,82.1,13
2023-09-05 17:30:00,724,82.0975,82.1,82.09,82.1,82.09,16
2023-09-05 17:31:00,546,82.0954,82.1,82.09,82.1,82.09,9
2023-09-05 17:32:00,1230,82.0875,82.08,82.09,82.09,82.08,45
2023-09-05 17:33:00,222,82.0845,82.09,82.08,82.09,82.08,7
2023-09-05 17:34:00,987,82.0676,82.07,82.06,82.075,82.06,23
2023-09-05 17:35:00,976,82.0687,82.07,82.07,82.07,82.06,22
2023-09-05 17:36:00,631,82.0667,82.06,82.075,82.075,82.06,13
2023-09-05 17:37:00,121,82.0683,82.07,82.07,82.07,82.07,3
2023-09-05 17:38:00,485,82.0693,82.07,82.07,82.07,82.07,17
2023-09-05 17:39:00,1857,82.0816,82.0799,82.08,82.09,82.061,25
2023-09-05 17:40:00,874,82.0673,82.07,82.05,82.07,82.05,16
2023-09-05 17:41:00,738,82.0383,82.0313,82.05,82.05,82.03,17
2023-09-05 17:42:00,103,82.03,82.03,82.03,82.03,82.03,3
2023-09-05 17:43:00,1601,81.9932,82.03,81.96,82.03,81.96,30
2023-09-05 17:44:00,1543,81.9318,81.975,81.93,81.975,81.92,30
2023-09-05 17:46:00,667,81.9059,81.9,81.9,81.91,81.9,18
2023-09-05 17:47:00,279,81.9013,81.905,81.905,81.905,81.905,11
2023-09-05 17:48:00,1013,81.8924,81.89,81.89,81.89,81.89,23
2023-09-05 17:49:00,288,81.8854,81.885,81.885,81.885,81.885,10
2023-09-05 17:50:00,678,81.8834,81.885,81.88,81.885,81.88,20
2023-09-05 17:51:00,212,81.8922,81.89,81.89,81.89,81.89,9
2023-09-05 17:52:00,1069,81.88,81.88,81.88,81.88,81.88,22
2023-09-05 17:54:00,226,81.8802,81.88,81.88,81.88,81.88,11
2023-09-05 17:55:00,572,81.8806,81.88,81.88,81.88,81.88,14
2023-09-05 17:56:00,1741,81.8944,81.89,81.9,81.91,81.885,51
2023-09-05 17:57:00,926,81.9076,81.91,81.9,81.91,81.9,13
2023-09-05 17:58:00,3901,81.9112,81.89,81.97,81.97,81.89,81
2023-09-05 17:59:00,406,82.0076,81.98,81.98,81.98,81.98,15
2023-09-05 18:00:00,327,82.0481,82.05,82.045,82.05,82.045,11
2023-09-05 18:01:00,1300,82.0308,82.04,82.01,82.04,82.01,30
2023-09-05 18:02:00,1023,82.0086,82.01,81.995,82.02,81.995,24
2023-09-05 18:05:00,243,82.009,82.01,82.01,82.01,82.01,7
2023-09-05 18:06:00,252,82.011,82.01,82.01,82.01,82.01,10
2023-09-05 18:07:00,764,82.0074,82.01,82.01,82.01,82.0,15
2023-09-05 18:08:00,464,82.0112,82.01,82.01,82.01,82.01,15
2023-09-05 18:09:00,1239,82.0028,82.01,82.005,82.01,82.0,25
2023-09-05 18:10:00,1040,81.993,81.9961,81.99,82.0,81.99,14
2023-09-05 18:11:00,385,82.0025,82.0,82.0,82.0,82.0,8
2023-09-05 18:12:00,438,81.9968,82.0,82.0,82.0,81.9925,11
2023-09-05 18:13:00,1148,82.0117,82.0,82.02,82.02,82.0,29
2023-09-05 18:14:00,114,82.0197,82.02,82.02,82.02,82.02,9
2023-09-05 18:15:00,842,82.0103,82.0004,82.02,82.02,82.0,17
2023-09-05 18:16:00,1309,82.0289,82.03,82.02,82.04,82.015,35
2023-09-05 18:17:00,317,82.0364,82.045,82.045,82.045,82.045,9
2023-09-05 18:18:00,258,82.0431,82.05,82.04,82.05,82.04,12
2023-09-05 18:19:00,874,82.029,82.035,82.021,82.035,82.021,21
2023-09-05 18:20:00,968,82.0315,82.03,82.04,82.04,82.03,23
2023-09-05 18:21:00,380,82.0283,82.03,82.0265,82.03,82.0265,10
2023-09-05 18:22:00,300,82.0273,82.03,82.03,82.03,82.03,17
2023-09-05 18:23:00,2240,82.0205,82.03,82.02,82.03,82.01,48
2023-09-05 18:24:00,139,82.0107,82.01,82.01,82.01,82.01,7
2023-09-05 18:25:00,328,82.0163,82.01,82.015,82.015,82.01,6
2023-09-05 18:26:00,895,82.0229,82.0285,82.02,82.0285,82.01,12
2023-09-05 18:28:00,1276,82.0303,82.03,82.03,82.035,82.02,38
2023-09-05 18:29:00,570,82.052,82.04,82.06,82.06,82.04,13
2023-09-05 18:30:00,1079,82.064,82.07,82.065,82.07,82.06,30
2023-09-05 18:31:00,983,82.0715,82.065,82.07,82.07,82.065,47
2023-09-05 18:33:00,804,82.086,82.09,82.08,82.09,82.08,18
2023-09-05 18:35:00,4687,82.0635,82.07,82.045,82.08,82.045,87
2023-09-05 18:36:00,933,82.032,82.03,82.025,82.03,82.025,17
2023-09-05 18:37:00,1408,82.0331,82.025,82.03,82.04,82.025,26
2023-09-05 18:38:00,251,82.0329,82.02,82.02,82.02,82.02,10
2023-09-05 18:39:00,420,82.0099,82.01,82.01,82.01,82.01,14
2023-09-05 18:40:00,328,82.0095,82.01,82.01,82.01,82.01,8
2023-09-05 18:41:00,121,82.0048,82.0,82.0,82.0,82.0,4
2023-09-05 18:42:00,527,82.0048,82.01,82.0,82.01,82.0,25
2023-09-05 18:43:00,342,82.0061,82.0,82.01,82.01,82.0,8
2023-09-05 18:44:00,1312,81.9993,82.0,81.99,82.0,81.99,29
2023-09-05 18:45:00,1141,81.9906,82.0,81.98,82.0,81.98,28
2023-09-05 18:46:00,534,81.9794,81.98,81.98,81.98,81.98,11
2023-09-05 18:47:00,1592,81.9884,81.99,81.99,81.99,81.98,31
2023-09-05 18:48:00,1491,82.0154,81.99,82.05,82.05,81.99,29
2023-09-05 18:49:00,1830,82.0661,82.045,82.09,82.095,82.045,33
2023-09-05 18:50:00,429,82.0727,82.07,82.07,82.07,82.07,9
2023-09-05 18:51:00,1244,82.0638,82.06,82.08,82.08,82.05,25
2023-09-05 18:52:00,661,82.0647,82.065,82.065,82.065,82.065,13
2023-09-05 18:53:00,982,82.0519,82.05,82.035,82.065,82.035,27
2023-09-05 18:54:00,1217,82.041,82.03,82.035,82.05,82.03,21
2023-09-05 18:55:00,1172,82.0439,82.04,82.055,82.055,82.04,33
2023-09-05 18:56:00,553,82.0564,82.05,82.06,82.06,82.05,21
2023-09-05 18:57:00,1447,82.0695,82.06,82.08,82.08,82.06,43
2023-09-05 18:58:00,925,82.0945,82.08,82.1,82.1,82.08,29
2023-09-05 18:59:00,836,82.1272,82.12,82.15,82.15,82.12,23
2023-09-05 19:00:00,2782,82.14,82.145,82.125,82.16,82.125,65
2023-09-05 19:01:00,2048,82.0996,82.11,82.0911,82.115,82.08,37
2023-09-05 19:02:00,463,82.0825,82.0847,82.06,82.0847,82.06,15
2023-09-05 19:03:00,698,82.0552,82.04,82.04,82.04,82.04,21
2023-09-05 19:04:00,731,82.0354,82.045,82.03,82.045,82.03,25
2023-09-05 19:05:00,701,82.0147,82.02,82.0,82.02,82.0,25
2023-09-05 19:06:00,802,81.9592,81.97,81.94,81.97,81.94,27
2023-09-05 19:07:00,5104,81.957,81.96,81.99,81.99,81.935,93
2023-09-05 19:08:00,782,81.9928,81.985,81.99,82.003,81.985,17
2023-09-05 19:09:00,257,81.9981,82.002,81.995,82.002,81.995,9
2023-09-05 19:10:00,198,81.9958,81.995,81.995,81.995,81.995,11
2023-09-05 19:11:00,763,81.9802,81.995,81.98,81.995,81.97,31
2023-09-05 19:12:00,672,81.9357,81.94,81.935,81.94,81.935,24
2023-09-05 19:14:00,518,81.9132,81.91,81.92,81.92,81.91,23
2023-09-05 19:15:00,291,81.9041,81.9,81.9,81.9,81.9,10
2023-09-05 19:16:00,1354,81.8966,81.893,81.9,81.9,81.8901,24
2023-09-05 19:17:00,1134,81.8841,81.89,81.875,81.89,81.875,31
2023-09-05 19:19:00,183,81.8745,81.87,81.87,81.87,81.87,10
2023-09-05 19:20:00,1671,81.8831,81.87,81.89,81.89,81.87,45
2023-09-05 19:21:00,2222,81.8963,81.88,81.91,81.92,81.88,52
2023-09-05 19:23:00,1505,81.9081,81.94,81.9,81.94,81.9,37
2023-09-05 19:24:00,396,81.9096,81.9165,81.9,81.9165,81.9,14
2023-09-05 19:25:00,1117,81.8909,81.9,81.885,81.9,81.88,27
2023-09-05 19:26:00,970,81.8657,81.89,81.84,81.893,81.84,24
2023-09-05 19:27:00,128,81.8266,81.825,81.825,81.825,81.825,9
2023-09-05 19:28:00,2182,81.8486,81.83,81.84,81.85,81.83,43
2023-09-05 19:29:00,1436,81.8438,81.84,81.8494,81.8494,81.8363,24
2023-09-05 19:30:00,805,81.8446,81.83,81.85,81.85,81.83,21
2023-09-05 19:31:00,1958,81.8373,81.85,81.81,81.85,81.81,38
2023-09-05 19:32:00,709,81.8181,81.815,81.815,81.8284,81.815,31
2023-09-05 19:33:00,1322,81.8004,81.815,81.79,81.815,81.79,31
2023-09-05 19:34:00,921,81.7863,81.765,81.7846,81.7846,81.7643,23
2023-09-05 19:35:00,204,81.7674,81.76,81.775,81.775,81.76,6
2023-09-05 19:36:00,363,81.7704,81.775,81.76,81.775,81.76,14
2023-09-05 19:37:00,4378,81.786,81.775,81.78,81.79,81.77,74
2023-09-05 19:38:00,3998,81.8024,81.8,81.8,81.82,81.795,74
2023-09-05 19:39:00,658,81.8417,81.83,81.84,81.84,81.83,23
2023-09-05 19:40:00,956,81.8415,81.85,81.85,81.85,81.84,21
2023-09-05 19:41:00,414,81.8363,81.841,81.841,81.841,81.841,11
2023-09-05 19:42:00,630,81.8493,81.85,81.85,81.86,81.85,20
2023-09-05 19:43:00,624,81.8371,81.84,81.84,81.84,81.84,20
2023-09-05 19:44:00,1296,81.8421,81.85,81.84,81.85,81.84,37
2023-09-05 19:45:00,1875,81.8296,81.83,81.83,81.83,81.82,44
2023-09-05 19:46:00,1225,81.8303,81.83,81.83,81.84,81.82,28
2023-09-05 19:47:00,4678,81.8038,81.82,81.81,81.83,81.78,79
2023-09-05 19:48:00,2825,81.7933,81.8,81.79,81.8,81.785,50
2023-09-05 19:49:00,5307,81.7653,81.78,81.75,81.7838,81.73,67
2023-09-05 19:50:00,2847,81.7218,81.74,81.72,81.75,81.7,57
2023-09-05 19:51:00,3960,81.7274,81.715,81.74,81.74,81.715,73
2023-09-05 19:52:00,1764,81.7463,81.75,81.74,81.75,81.74,45
2023-09-05 19:53:00,3685,81.7653,81.74,81.77,81.79,81.74,59
2023-09-05 19:54:00,5861,81.7755,81.785,81.78,81.79,81.76,104
2023-09-05 19:55:00,3446,81.7847,81.77,81.79,81.8,81.77,64
2023-09-05 19:56:00,4390,81.7801,81.78,81.78,81.79,81.77,94
2023-09-05 19:57:00,6854,81.797,81.79,81.8,81.81,81.78,92
2023-09-05 19:58:00,6685,81.768,81.8,81.75,81.8,81.75,91
2023-09-05 19:59:00,10769,81.7267,81.76,81.71,81.76,81.71,184
2023-09-05 20:00:00,1080,81.71,81.71,81.71,81.71,81.71,2
