t,v,vw,o,c,h,l,n
2024-03-25 13:30:00,3090,55.6238,55.62,55.62,55.62,55.62,31
2024-03-25 13:32:00,26503,56.0125,56.035,55.62,56.035,55.62,19
2024-03-25 13:33:00,25251,56.0186,56.02,56.015,56.02,55.665,9
2024-03-25 13:34:00,2361,55.7306,55.7889,55.57,55.7889,55.57,41
2024-03-25 13:35:00,2709,55.5866,55.5792,55.57,55.5792,55.57,17
2024-03-25 13:36:00,1116,55.6222,55.57,55.61,55.775,55.56,16
2024-03-25 13:37:00,740,55.6838,55.63,55.93,55.93,55.63,10
2024-03-25 13:38:00,907,55.7742,55.75,55.75,55.75,55.75,23
2024-03-25 13:39:00,115,55.8129,55.81,55.81,55.81,55.81,7
2024-03-25 13:40:00,232,55.7794,55.77,55.77,55.77,55.77,7
2024-03-25 13:41:00,147,55.8392,55.77,55.77,55.77,55.77,7
2024-03-25 13:42:00,382,55.8521,55.9,55.8,55.9,55.8,16
2024-03-25 13:43:00,122,55.8153,55.79,55.79,55.79,55.79,10
2024-03-25 13:44:00,2292,55.8107,55.81,55.81,55.8147,55.81,11
2024-03-25 13:45:00,2042,55.7612,55.8,55.71,55.81,55.69,33
2024-03-25 13:46:00,1382,55.7917,55.715,55.8,55.8,55.715,9
2024-03-25 13:47:00,454,55.6775,55.705,55.58,55.705,55.58,11
2024-03-25 13:48:00,113,55.6915,55.695,55.695,55.695,55.695,11
2024-03-25 13:50:00,12349,55.7114,55.705,55.71,55.84,55.65,25
2024-03-25 13:51:00,2447,55.8614,55.72,55.94,55.94,55.72,41
2024-03-25 13:52:00,7517,55.9702,55.97,56.01,56.01,55.97,19
2024-03-25 13:53:00,2788,55.9097,55.97,55.885,56.05,55.88,37
2024-03-25 13:54:00,388,56.0024,56.03,56.0,56.03,56.0,11
2024-03-25 13:55:00,124,55.9057,55.895,55.895,55.895,55.895,4
2024-03-25 13:56:00,897,55.8591,55.9,55.85,55.9,55.85,18
2024-03-25 13:57:00,371,55.91,55.865,55.865,55.865,55.865,9
2024-03-25 13:58:00,335,55.9321,55.9,55.955,55.955,55.9,7
2024-03-25 13:59:00,235,55.8614,55.8375,55.8375,55.8375,55.8375,13
2024-03-25 14:00:00,141,55.91,55.91,55.91,55.91,55.91,9
2024-03-25 14:01:00,714,55.9932,55.905,56.005,56.03,55.905,22
2024-03-25 14:02:00,668,56.011,55.91,56.085,56.085,55.91,15
2024-03-25 14:04:00,1253,56.1159,56.11,56.15,56.15,56.11,16
2024-03-25 14:05:00,1094,56.0496,56.01,56.1202,56.1202,56.01,19
2024-03-25 14:07:00,691,56.073,56.11,56.14,56.14,56.035,10
2024-03-25 14:08:00,1566,56.1486,56.15,56.15,56.15,56.15,16
2024-03-25 14:09:00,1579,56.1747,56.115,56.19,56.19,56.115,18
2024-03-25 14:10:00,479,56.1816,56.175,56.175,56.19,56.175,14
2024-03-25 14:11:00,794,56.0861,56.08,56.08,56.08,56.08,10
2024-03-25 14:12:00,985,56.1379,56.16,56.16,56.16,56.16,26
2024-03-25 14:13:00,258,56.1692,56.17,56.17,56.17,56.17,18
2024-03-25 14:14:00,1134,56.1662,56.165,56.165,56.165,56.165,16
2024-03-25 14:15:00,999,56.0663,56.08,56.04,56.14,56.03,46
2024-03-25 14:16:00,1081,56.0853,56.05,56.09,56.1,56.03,29
2024-03-25 14:17:00,607,56.0936,56.09,56.09,56.09,56.0887,17
2024-03-25 14:18:00,2124,56.1908,56.13,56.26,56.26,56.13,37
2024-03-25 14:19:00,2592,56.2596,56.2999,56.2,56.3,56.2,57
2024-03-25 14:21:00,1738,56.2828,56.28,56.29,56.29,56.27,27
2024-03-25 14:24:00,484,56.3081,56.315,56.315,56.315,56.315,23
2024-03-25 14:27:00,181,56.2714,56.25,56.25,56.25,56.25,16
2024-03-25 14:28:00,1022,56.3128,56.305,56.3178,56.3185,56.305,20
2024-03-25 14:29:00,192,56.2764,56.2604,56.2604,56.2604,56.2604,10
2024-03-25 14:32:00,2742,56.2115,56.25,56.283,56.283,56.16,82
2024-03-25 14:33:00,4737,56.2321,56.205,56.25,56.26,56.205,28
2024-03-25 14:35:00,455,56.2075,56.22,56.16,56.22,56.16,23
2024-03-25 14:36:00,910,56.2013,56.2695,56.17,56.2695,56.17,18
2024-03-25 14:37:00,2875,56.1225,56.16,56.11,56.16,56.11,56
2024-03-25 14:38:00,568,56.0704,56.06,56.07,56.07,56.06,34
2024-03-25 14:39:00,2883,55.9953,56.0,56.01,56.03,55.94,52
2024-03-25 14:40:00,961,55.9579,55.94,56.0,56.0,55.93,21
2024-03-25 14:41:00,216,56.0,56.0,56.0,56.0,56.0,7
2024-03-25 14:42:00,486,56.0141,56.01,56.0,56.01,56.0,13
2024-03-25 14:44:00,776,55.9014,55.89,55.9,55.9,55.88,40
2024-03-25 14:45:00,690,55.8382,55.85,55.83,55.85,55.83,25
2024-03-25 14:47:00,492,55.7596,55.745,55.745,55.745,55.745,20
2024-03-25 14:48:00,1574,55.8148,55.76,55.82,55.83,55.76,51
2024-03-25 14:49:00,284,55.8817,55.86,55.885,55.885,55.86,11
2024-03-25 14:50:00,2270,55.9416,55.885,55.96,56.0,55.885,34
2024-03-25 14:51:00,458,56.0852,56.095,56.02,56.1,56.02,23
2024-03-25 14:52:00,177,56.1023,56.08,56.08,56.08,56.08,9
2024-03-25 14:53:00,2489,55.9916,56.02,56.02,56.02,55.96,52
2024-03-25 14:55:00,167,55.8946,55.87,55.87,55.87,55.87,10
2024-03-25 14:56:00,646,55.8866,55.87,55.87,55.935,55.87,11
2024-03-25 14:57:00,273,55.8931,55.87,55.87,55.87,55.87,11
2024-03-25 14:58:00,394,55.9717,56.0,56.0,56.0,56.0,15
2024-03-25 14:59:00,958,55.9448,55.94,55.91,55.98,55.91,26
2024-03-25 15:00:00,319,55.9125,55.91,55.91,55.91,55.91,12
2024-03-25 15:01:00,502,55.9614,55.89,56.0099,56.0099,55.89,25
2024-03-25 15:02:00,1015,55.8054,55.75,55.765,55.86,55.75,53
2024-03-25 15:03:00,344,55.6941,55.58,55.655,55.655,55.58,10
2024-03-25 15:04:00,273,55.6432,55.66,55.66,55.66,55.66,8
2024-03-25 15:06:00,394,55.6996,55.675,55.71,55.71,55.675,10
2024-03-25 15:07:00,913,55.592,55.6,55.625,55.625,55.5599,20
2024-03-25 15:08:00,1116,55.6288,55.655,55.61,55.655,55.61,29
2024-03-25 15:09:00,438,55.566,55.57,55.55,55.57,55.55,22
2024-03-25 15:10:00,305,55.5705,55.55,55.55,55.55,55.55,6
2024-03-25 15:12:00,803,55.6073,55.55,55.55,55.55,55.55,15
2024-03-25 15:14:00,358,55.57,55.55,55.55,55.55,55.55,19
2024-03-25 15:16:00,1339,55.6365,55.675,55.68,55.68,55.6001,28
2024-03-25 15:17:00,348,55.6525,55.675,55.675,55.675,55.675,15
2024-03-25 15:18:00,906,55.6247,55.6201,55.6201,55.6201,55.6201,11
2024-03-25 15:19:00,1855,55.7423,55.72,55.775,55.775,55.715,39
2024-03-25 15:20:00,623,55.7571,55.74,55.74,55.74,55.74,24
2024-03-25 15:21:00,1920,55.7908,55.815,55.77,55.82,55.71,47
2024-03-25 15:22:00,583,55.7502,55.77,55.71,55.77,55.71,24
2024-03-25 15:23:00,1291,55.7303,55.72,55.75,55.82,55.71,18
2024-03-25 15:25:00,1657,55.7198,55.75,55.69,55.75,55.69,52
2024-03-25 15:26:00,986,55.6689,55.72,55.65,55.72,55.65,16
2024-03-25 15:27:00,1007,55.6227,55.65,55.635,55.65,55.6,26
2024-03-25 15:28:00,139,55.6265,55.63,55.63,55.63,55.63,6
2024-03-25 15:29:00,303,55.605,55.605,55.605,55.605,55.605,4
2024-03-25 15:30:00,4213,55.5509,55.6266,55.5,55.6266,55.5,63
2024-03-25 15:31:00,1928,55.2329,55.34,55.13,55.34,55.13,57
2024-03-25 15:32:00,474,55.2003,55.195,55.195,55.195,55.195,14
2024-03-25 15:33:00,15325,55.3976,55.195,55.485,55.54,55.195,105
2024-03-25 15:34:00,4256,55.5219,55.5,55.505,55.56,55.45,27
2024-03-25 15:35:00,1570,55.5421,55.505,55.54,55.55,55.505,25
2024-03-25 15:36:00,2224,55.4739,55.47,55.48,55.54,55.4575,47
2024-03-25 15:37:00,398,55.5216,55.48,55.52,55.545,55.48,10
2024-03-25 15:38:00,685,55.5105,55.51,55.51,55.51,55.51,8
2024-03-25 15:39:00,1857,55.5739,55.55,55.625,55.625,55.55,26
2024-03-25 15:41:00,799,55.6352,55.66,55.66,55.66,55.66,18
2024-03-25 15:42:00,903,55.7065,55.69,55.71,55.71,55.675,21
2024-03-25 15:43:00,2259,55.7329,55.75,55.7579,55.77,55.72,29
2024-03-25 15:44:00,361,55.7454,55.73,55.75,55.75,55.73,6
2024-03-25 15:45:00,565,55.7861,55.79,55.79,55.79,55.79,16
2024-03-25 15:47:00,240,55.7688,55.77,55.77,55.77,55.77,6
2024-03-25 15:48:00,1324,55.799,55.77,55.7667,55.82,55.7667,28
2024-03-25 15:49:00,903,55.7898,55.84,55.8,55.84,55.76,18
2024-03-25 15:50:00,156,55.8018,55.79,55.79,55.79,55.79,3
2024-03-25 15:51:00,738,55.7646,55.78,55.78,55.78,55.75,26
2024-03-25 15:52:00,514,55.7516,55.7422,55.7422,55.7422,55.7422,5
2024-03-25 15:53:00,3989,55.7007,55.75,55.67,55.775,55.605,98
2024-03-25 15:54:00,1296,55.6133,55.63,55.59,55.63,55.59,28
2024-03-25 15:55:00,195,55.5736,55.57,55.57,55.57,55.57,8
2024-03-25 15:58:00,438,55.5748,55.57,55.57,55.57,55.55,18
2024-03-25 15:59:00,524,55.5825,55.585,55.625,55.625,55.53,11
2024-03-25 16:01:00,100,55.59,55.59,55.59,55.59,55.59,1
2024-03-25 16:05:00,1077,55.5631,55.54,55.585,55.59,55.54,37
2024-03-25 16:06:00,1002,55.605,55.605,55.605,55.605,55.605,5
2024-03-25 16:07:00,4053,55.6374,55.62,55.65,55.69,55.605,48
2024-03-25 16:08:00,470,55.6394,55.65,55.61,55.65,55.61,15
2024-03-25 16:09:00,1487,55.6103,55.65,55.605,55.65,55.6,41
2024-03-25 16:11:00,531,55.5852,55.56,55.56,55.56,55.56,16
2024-03-25 16:12:00,2517,55.5232,55.55,55.47,55.55,55.47,49
2024-03-25 16:13:00,683,55.3674,55.37,55.35,55.37,55.35,21
2024-03-25 16:14:00,115,55.4126,55.41,55.41,55.41,55.41,5
2024-03-25 16:16:00,286,55.5169,55.48,55.48,55.48,55.48,14
2024-03-25 16:17:00,981,55.502,55.49,55.51,55.51,55.49,18
2024-03-25 16:18:00,429,55.4958,55.495,55.495,55.495,55.495,6
2024-03-25 16:19:00,611,55.4691,55.5,55.46,55.5,55.46,19
2024-03-25 16:20:00,202,55.5111,55.4875,55.535,55.535,55.4875,4
2024-03-25 16:22:00,361,55.4957,55.495,55.495,55.495,55.495,10
2024-03-25 16:24:00,126,55.478,55.4725,55.4725,55.4725,55.4725,6
2024-03-25 16:25:00,214,55.4825,55.4925,55.47,55.4925,55.47,6
2024-03-25 16:26:00,263,55.4934,55.47,55.525,55.525,55.47,14
2024-03-25 16:27:00,2230,55.5348,55.49,55.53,55.55,55.49,53
2024-03-25 16:28:00,250,55.5647,55.5658,55.5658,55.5658,55.5658,12
2024-03-25 16:29:00,1206,55.6125,55.57,55.68,55.68,55.57,33
2024-03-25 16:30:00,1698,55.6536,55.645,55.64,55.665,55.64,30
2024-03-25 16:31:00,6792,55.6663,55.665,55.705,55.71,55.645,85
2024-03-25 16:32:00,546,55.7024,55.705,55.71,55.71,55.705,11
2024-03-25 16:33:00,534,55.7158,55.71,55.71,55.755,55.7,14
2024-03-25 16:34:00,4612,55.6925,55.72,55.66,55.72,55.64,55
2024-03-25 16:35:00,815,55.663,55.66,55.67,55.67,55.65,21
2024-03-25 16:36:00,252,55.691,55.67,55.72,55.72,55.67,13
2024-03-25 16:37:00,235,55.6358,55.63,55.63,55.63,55.63,4
2024-03-25 16:38:00,2283,55.7583,55.75,55.8,55.8,55.73,36
2024-03-25 16:39:00,234,55.819,55.83,55.815,55.83,55.815,14
2024-03-25 16:40:00,908,55.8079,55.81,55.79,55.82,55.79,28
2024-03-25 16:42:00,145,55.8195,55.82,55.82,55.82,55.82,7
2024-03-25 16:43:00,476,55.8197,55.82,55.8,55.82,55.8,27
2024-03-25 16:44:00,1877,55.8349,55.8,55.84,55.87,55.8,30
2024-03-25 16:45:00,544,55.8411,55.88,55.805,55.88,55.805,27
2024-03-25 16:47:00,404,55.8327,55.8,55.84,55.84,55.8,16
2024-03-25 16:48:00,2988,55.8112,55.84,55.82,55.84,55.79,65
2024-03-25 16:49:00,114,55.8034,55.8,55.8,55.8,55.8,6
2024-03-25 16:50:00,896,55.8695,55.87,55.87,55.87,55.87,13
2024-03-25 16:51:00,335,55.8346,55.825,55.825,55.825,55.825,11
2024-03-25 16:52:00,832,55.869,55.87,55.845,55.88,55.845,19
2024-03-25 16:53:00,745,55.8831,55.8744,55.87,55.89,55.87,17
2024-03-25 16:54:00,220,55.8849,55.87,55.87,55.87,55.87,7
2024-03-25 16:55:00,251,55.8751,55.87,55.87,55.87,55.87,9
2024-03-25 16:57:00,661,55.8704,55.855,55.87,55.87,55.855,21
2024-03-25 16:58:00,434,55.8637,55.845,55.87,55.87,55.84,12
2024-03-25 16:59:00,977,55.879,55.8958,55.87,55.9,55.84,19
2024-03-25 17:01:00,976,55.8672,55.87,55.89,55.9,55.84,22
2024-03-25 17:02:00,1612,55.8347,55.84,55.845,55.845,55.82,48
2024-03-25 17:03:00,791,55.8778,55.88,55.88,55.88,55.88,14
2024-03-25 17:04:00,416,55.8577,55.85,55.875,55.875,55.85,8
2024-03-25 17:06:00,1678,55.7917,55.87,55.72,55.87,55.72,56
2024-03-25 17:07:00,717,55.623,55.66,55.56,55.66,55.56,29
2024-03-25 17:08:00,706,55.5035,55.48,55.52,55.52,55.48,16
2024-03-25 17:11:00,276,55.4403,55.42,55.475,55.475,55.42,6
2024-03-25 17:13:00,347,55.4429,55.415,55.47,55.47,55.415,12
2024-03-25 17:14:00,411,55.5191,55.52,55.52,55.52,55.52,10
2024-03-25 17:18:00,175,55.5272,55.54,55.54,55.54,55.54,9
2024-03-25 17:19:00,180,55.4839,55.46,55.46,55.46,55.46,10
2024-03-25 17:20:00,222,55.5146,55.4925,55.535,55.535,55.4925,5
2024-03-25 17:22:00,3117,55.469,55.4501,55.51,55.54,55.45,20
2024-03-25 17:23:00,1680,55.546,55.53,55.58,55.58,55.53,32
2024-03-25 17:24:00,6911,55.5662,55.59,55.545,55.6,55.54,28
2024-03-25 17:26:00,1103,55.5499,55.55,55.55,55.55,55.55,4
2024-03-25 17:27:00,107,55.584,55.585,55.585,55.585,55.585,7
2024-03-25 17:28:00,210,55.5257,55.54,55.51,55.54,55.51,3
2024-03-25 17:29:00,940,55.537,55.5514,55.54,55.5514,55.54,20
2024-03-25 17:30:00,1663,55.601,55.54,55.66,55.66,55.54,42
2024-03-25 17:33:00,607,55.6323,55.64,55.635,55.64,55.635,12
2024-03-25 17:34:00,329,55.6685,55.67,55.675,55.675,55.67,11
2024-03-25 17:35:00,146,55.6364,55.635,55.635,55.635,55.635,7
2024-03-25 17:36:00,1565,55.683,55.6651,55.7,55.72,55.6651,35
2024-03-25 17:38:00,2203,55.7198,55.74,55.67,55.75,55.67,49
2024-03-25 17:40:00,366,55.7052,55.71,55.71,55.71,55.71,7
2024-03-25 17:44:00,526,55.7092,55.71,55.71,55.71,55.71,4
2024-03-25 17:45:00,2930,55.7196,55.69,55.71,55.75,55.69,53
2024-03-25 17:47:00,691,55.7983,55.795,55.8,55.8,55.795,17
2024-03-25 17:48:00,1305,55.8657,55.8,55.9,55.9,55.8,25
2024-03-25 17:49:00,1043,55.9476,55.9,55.99,55.99,55.9,18
2024-03-25 17:50:00,406,55.9921,55.99,55.99,55.99,55.99,8
2024-03-25 17:51:00,2658,55.9067,55.95,55.94,55.95,55.85,52
2024-03-25 17:52:00,346,55.8009,55.8,55.8,55.8,55.8,10
2024-03-25 17:53:00,968,55.8198,55.8,55.813,55.84,55.8,13
2024-03-25 17:57:00,479,55.9203,55.91,55.905,55.91,55.905,19
2024-03-25 17:58:00,214,55.9416,55.94,55.94,55.94,55.94,7
2024-03-25 17:59:00,737,55.9525,55.93,55.96,55.96,55.93,21
2024-03-25 18:00:00,920,55.9443,55.96,55.93,55.96,55.93,19
2024-03-25 18:02:00,207,55.9322,55.955,55.955,55.955,55.955,7
2024-03-25 18:04:00,140,55.956,55.955,55.955,55.955,55.955,2
2024-03-25 18:06:00,250,55.9672,55.955,56.0,56.0,55.955,6
2024-03-25 18:07:00,203,55.9554,55.955,55.955,55.955,55.955,5
2024-03-25 18:08:00,1250,56.0053,56.0,56.02,56.02,55.99,26
2024-03-25 18:10:00,102,56.041,56.04,56.04,56.04,56.04,3
2024-03-25 18:12:00,104,56.0404,56.04,56.04,56.04,56.04,4
2024-03-25 18:13:00,3373,56.0063,56.0,56.02,56.03,55.98,63
2024-03-25 18:14:00,107,55.9937,55.99,55.99,55.99,55.99,5
2024-03-25 18:17:00,203,56.0306,56.03,56.03,56.03,56.03,4
2024-03-25 18:18:00,1407,56.0627,56.025,56.08,56.09,56.025,27
2024-03-25 18:20:00,162,56.1445,56.17,56.17,56.17,56.17,6
2024-03-25 18:21:00,1191,56.1618,56.135,56.16,56.17,56.135,34
2024-03-25 18:24:00,1373,56.078,56.1,56.1,56.1,56.04,57
2024-03-25 18:25:00,201,56.0776,56.095,56.095,56.095,56.095,4
2024-03-25 18:26:00,5974,56.0161,56.09,56.01,56.09,56.01,47
2024-03-25 18:27:00,3995,56.0959,56.0999,56.04,56.0999,56.04,9
2024-03-25 18:30:00,1440,55.9799,56.0,55.95,56.0,55.95,45
2024-03-25 18:33:00,479,55.8444,55.8517,55.85,55.8517,55.85,14
2024-03-25 18:34:00,146,55.8303,55.83,55.83,55.83,55.83,5
2024-03-25 18:36:00,1670,55.8721,55.86,55.905,55.905,55.85,28
2024-03-25 18:37:00,815,55.9897,55.96,56.0,56.0,55.96,29
2024-03-25 18:38:00,885,55.9635,55.98,55.965,55.98,55.965,35
2024-03-25 18:39:00,203,55.9652,55.965,55.965,55.965,55.965,4
2024-03-25 18:40:00,362,55.936,55.93,55.93,55.93,55.93,9
2024-03-25 18:41:00,2326,56.0093,55.97,56.01,56.06,55.97,37
2024-03-25 18:42:00,695,55.9976,56.0,56.0,56.0,56.0,22
2024-03-25 18:43:00,211,55.988,55.99,55.99,55.99,55.99,4
2024-03-25 18:44:00,302,55.9978,55.99,56.005,56.005,55.99,11
2024-03-25 18:46:00,151,56.0302,56.015,56.015,56.015,56.015,2
2024-03-25 18:47:00,261,56.0377,56.015,56.05,56.05,56.015,7
2024-03-25 18:48:00,254,56.0397,56.015,56.06,56.06,56.015,5
2024-03-25 18:49:00,162,56.0269,56.015,56.015,56.015,56.015,11
2024-03-25 18:50:00,354,56.0581,56.0599,56.0599,56.0599,56.0599,8
2024-03-25 18:51:00,4672,56.0902,56.06,56.11,56.14,56.06,44
2024-03-25 18:52:00,250,56.1646,56.16,56.16,56.16,56.16,8
2024-03-25 18:53:00,852,56.1066,56.17,56.0925,56.17,56.0925,18
2024-03-25 18:55:00,153,56.1064,56.09,56.09,56.09,56.09,4
2024-03-25 18:56:00,193,56.1041,56.08,56.08,56.08,56.08,4
2024-03-25 18:57:00,1291,56.0496,56.05,56.03,56.05,56.03,36
2024-03-25 18:58:00,4311,55.9878,56.0,55.95,56.01,55.95,53
2024-03-25 18:59:00,589,55.9342,55.95,55.93,55.95,55.915,17
2024-03-25 19:00:00,5876,55.9936,55.96,55.995,56.005,55.96,37
2024-03-25 19:01:00,1414,55.9922,55.9685,56.005,56.04,55.9685,19
2024-03-25 19:03:00,351,55.9958,55.975,56.005,56.005,55.975,8
2024-03-25 19:04:00,1135,56.0353,56.005,56.04,56.04,56.005,30
2024-03-25 19:06:00,2056,56.0036,56.0,56.01,56.01,56.0,30
2024-03-25 19:07:00,112,56.0458,56.05,56.05,56.05,56.05,4
2024-03-25 19:08:00,1519,55.9993,56.0,56.05,56.05,55.995,25
2024-03-25 19:09:00,206,55.9906,56.01,56.01,56.01,56.01,12
2024-03-25 19:11:00,2447,55.958,55.97,55.94,55.99,55.94,88
2024-03-25 19:12:00,2796,55.9437,55.94,55.94,55.97,55.935,40
2024-03-25 19:13:00,267,55.9525,55.97,55.95,55.97,55.95,4
2024-03-25 19:14:00,310,55.961,55.955,55.955,55.955,55.955,11
2024-03-25 19:15:00,307,55.9892,55.99,55.99,55.99,55.99,5
2024-03-25 19:17:00,853,55.9841,55.98,55.99,55.99,55.98,15
2024-03-25 19:18:00,692,56.0001,56.03,56.0,56.03,55.99,18
2024-03-25 19:19:00,236,55.9943,56.0,55.99,56.0,55.99,16
2024-03-25 19:20:00,2184,55.9852,55.98,55.99,55.995,55.98,34
2024-03-25 19:21:00,2043,55.9792,55.99,56.0,56.0,55.97,36
2024-03-25 19:22:00,42983,55.9679,55.9825,55.61,55.985,55.61,117
2024-03-25 19:23:00,60838,55.6843,55.69,55.52,55.69,55.52,42
2024-03-25 19:24:00,386,55.4594,55.445,55.45,55.45,55.445,14
2024-03-25 19:26:00,411,55.4902,55.49,55.49,55.49,55.49,10
2024-03-25 19:27:00,1122,55.4798,55.48,55.46,55.48,55.46,31
2024-03-25 19:28:00,643,55.4447,55.46,55.45,55.46,55.45,25
2024-03-25 19:29:00,18027,55.5671,55.405,55.64,55.66,55.4,118
2024-03-25 19:30:00,1424,55.5386,55.58,55.505,55.58,55.5,42
2024-03-25 19:31:00,2348,55.6354,55.52,55.72,55.72,55.52,40
2024-03-25 19:33:00,425,55.738,55.785,55.81,55.81,55.78,9
2024-03-25 19:34:00,2126,55.7202,55.79,55.565,55.79,55.565,60
2024-03-25 19:35:00,161,55.528,55.51,55.51,55.51,55.51,7
2024-03-25 19:36:00,332,55.5877,55.51,55.635,55.635,55.51,13
2024-03-25 19:37:00,2236,55.6458,55.64,55.7,55.7,55.63,37
2024-03-25 19:38:00,4396,55.6703,55.67,55.66,55.7,55.64,79
2024-03-25 19:39:00,2490,55.6953,55.65,55.67,55.72,55.65,43
2024-03-25 19:40:00,3906,55.6751,55.66,55.65,55.69,55.65,62
2024-03-25 19:41:00,10455,55.6414,55.645,55.685,55.69,55.63,28
2024-03-25 19:42:00,2319,55.7078,55.72,55.75,55.75,55.69,27
2024-03-25 19:43:00,7439,55.8202,55.72,55.895,55.9,55.72,118
2024-03-25 19:44:00,3070,55.839,55.895,55.815,55.895,55.77,55
2024-03-25 19:45:00,2284,55.8615,55.82,55.89,55.89,55.82,38
2024-03-25 19:46:00,7736,55.8378,55.89,55.91,55.91,55.76,123
2024-03-25 19:47:00,5009,55.8373,55.91,55.825,55.91,55.8,64
2024-03-25 19:48:00,4905,55.8454,55.77,55.89,55.91,55.77,58
2024-03-25 19:49:00,6926,55.8471,55.89,55.75,55.92,55.73,88
2024-03-25 19:50:00,3854,55.7039,55.74,55.72,55.74,55.68,38
2024-03-25 19:51:00,16720,55.7841,55.725,55.67,55.86,55.63,224
2024-03-25 19:52:00,16988,55.5069,55.68,55.505,55.68,55.36,191
2024-03-25 19:53:00,8309,55.484,55.505,55.465,55.525,55.43,99
2024-03-25 19:54:00,4285,55.4817,55.46,55.515,55.515,55.43,75
2024-03-25 19:55:00,7083,55.4972,55.52,55.5,55.52,55.48,103
2024-03-25 19:56:00,6525,55.4755,55.505,55.51,55.51,55.44,130
2024-03-25 19:57:00,11300,55.4559,55.505,55.44,55.52,55.38,128
2024-03-25 19:58:00,9652,55.3873,55.44,55.38,55.44,55.33,138
2024-03-25 19:59:00,80449,55.2687,55.35,55.23,55.4,55.22,585
2024-03-25 20:00:00,350,55.23,55.23,55.23,55.23,55.23,8
2024-03-25 20:06:00,220000,55.23,55.23,55.23,55.23,55.23,1
2024-03-25 21:28:00,463,56.393,56.4,56.45,56.45,56.4,17
2024-03-25 21:29:00,100,56.48,56.48,56.48,56.48,56.48,1
2024-03-25 21:31:00,525,56.7338,56.52,56.79,56.79,56.52,3
2024-03-25 21:40:00,1201,56.7955,56.69,56.8,56.8,56.68,13
2024-03-25 21:42:00,1500,58.157,57.9943,59.2004,59.2004,57.9943,3
2024-03-25 21:44:00,2403,58.3435,58.35,58.35,58.35,58.23,12
2024-03-25 21:45:00,515,58.884,59.0,58.9,59.0,58.8,14
2024-03-25 21:46:00,2710,58.7622,58.7,58.8,58.8,58.7,27
2024-03-25 21:47:00,3607,58.8451,58.7999,60.0,60.0,58.6,29
2024-03-25 21:48:00,2585,60.1225,59.5,60.9,60.98,59.5,29
2024-03-25 21:49:00,5180,60.8076,60.0,60.0,62.0299,60.0,67
2024-03-25 21:50:00,2711,61.1464,61.0,61.25,61.47,60.98,40
2024-03-25 21:51:00,4385,61.7855,61.55,61.88,62.18,61.25,90
2024-03-25 21:52:00,4621,61.0298,61.8,60.25,61.8,60.24,67
2024-03-25 21:53:00,978,61.2025,61.0,61.7994,61.7994,60.95,26
2024-03-25 21:54:00,1423,61.3282,61.66,61.0125,61.79,61.0,30
2024-03-25 21:55:00,7144,60.936,61.0,61.01,61.06,60.4,44
2024-03-25 21:56:00,1634,61.0087,61.0,61.0,61.02,61.0,20
2024-03-25 21:57:00,2145,60.9282,61.01,61.0,61.01,60.54,27
2024-03-25 21:58:00,1666,60.597,60.94,60.33,60.94,60.33,20
2024-03-25 21:59:00,1648,60.2982,60.15,60.5,60.5,60.15,19
2024-03-25 22:00:00,266,60.6404,60.65,60.65,60.65,60.65,3
2024-03-25 22:01:00,852,60.6538,60.8,60.62,60.8,60.61,8
2024-03-25 22:02:00,1889,60.9487,60.61,60.95,61.0,60.61,8
2024-03-25 22:03:00,613,60.8534,60.9,60.9,60.9,60.9,6
2024-03-25 22:05:00,116,60.8435,60.8825,60.8825,60.8825,60.8825,3
2024-03-25 22:06:00,358,60.5838,60.5,60.5,60.5,60.5,4
2024-03-25 22:07:00,115,60.6,60.6,60.6,60.6,60.6,4
2024-03-25 22:09:00,394,60.762,60.6005,60.9,60.9,60.6005,6
2024-03-25 22:10:00,539,61.0032,61.0,61.0,61.0,61.0,6
2024-03-25 22:11:00,777,61.255,61.3,61.3,61.3,61.3,19
2024-03-25 22:18:00,140,61.3029,61.3,61.3,61.3,61.3,2
2024-03-25 22:25:00,1496,61.0845,61.3,60.9,61.3,60.9,22
2024-03-25 22:26:00,1304,60.5591,60.7,60.5,60.75,60.5,24
2024-03-25 22:27:00,110,61.3,61.3,61.3,61.3,61.3,2
2024-03-25 22:32:00,903,60.7582,60.75,60.7,60.75,60.7,20
2024-03-25 22:34:00,100,61.0,61.0,61.0,61.0,61.0,1
2024-03-25 22:35:00,500,60.9994,61.0,61.0,61.0,61.0,2
2024-03-25 22:36:00,730,61.0011,60.98,61.0,61.0,60.98,12
2024-03-25 22:42:00,325,60.6525,60.64,60.64,60.64,60.64,9
2024-03-25 22:44:00,501,61.1658,61.15,61.18,61.18,61.15,7
2024-03-25 22:47:00,105,61.1802,61.18,61.18,61.18,61.18,3
2024-03-25 22:50:00,176,61.1459,61.18,61.18,61.18,61.18,3
2024-03-25 22:51:00,100,61.18,61.18,61.18,61.18,61.18,1
2024-03-25 22:53:00,214,61.0007,61.0,61.0,61.0,61.0,2
2024-03-25 22:54:00,4959,60.7075,61.0,60.5,61.0,60.5,21
2024-03-25 22:58:00,401,60.5748,60.5,60.65,60.65,60.5,4
2024-03-25 22:59:00,700,60.5857,60.65,60.5,60.65,60.5,8
2024-03-25 23:01:00,1300,60.3204,60.5,60.28,60.5,60.25,11
2024-03-25 23:02:00,954,60.1402,60.24,60.3,60.3,60.05,9
2024-03-25 23:03:00,1121,60.7227,60.64,60.8,60.8,60.64,14
2024-03-25 23:04:00,237,60.7884,60.79,60.79,60.79,60.79,5
2024-03-25 23:12:00,1000,60.9999,61.0,61.0,61.0,61.0,6
2024-03-25 23:17:00,598,61.132,61.2,61.2,61.2,61.2,6
2024-03-25 23:22:00,325,61.0843,61.08,61.08,61.08,61.08,5
2024-03-25 23:23:00,1506,61.0803,61.08,61.1,61.1,61.08,15
2024-03-25 23:24:00,727,61.0409,61.09,61.09,61.09,61.09,13
2024-03-25 23:25:00,622,61.0647,61.0,61.11,61.11,61.0,8
2024-03-25 23:27:00,250,61.1339,61.11,61.1499,61.1499,61.11,2
2024-03-25 23:30:00,446,61.163,61.15,61.15,61.15,61.15,10
2024-03-25 23:31:00,315,60.989,60.99,60.99,60.99,60.99,2
2024-03-25 23:33:00,2000,60.36,60.36,60.36,60.36,60.36,1
2024-03-25 23:35:00,230,60.6833,60.6,60.6,60.6,60.6,5
2024-03-25 23:41:00,200,60.4,60.4,60.4,60.4,60.4,1
2024-03-25 23:45:00,592,60.8,60.8,60.8,60.8,60.8,2
2024-03-25 23:48:00,432,60.9989,61.0,61.0,61.0,61.0,9
2024-03-25 23:50:00,3389,61.2556,61.1,61.5,61.5,61.1,31
2024-03-25 23:53:00,100,61.5,61.5,61.5,61.5,61.5,1
2024-03-25 23:55:00,650,61.3969,60.72,61.52,61.52,60.72,3
2024-03-25 23:57:00,163,61.5,61.5,61.5,61.5,61.5,4
2024-03-25 23:58:00,159,61.4819,61.48,61.48,61.48,61.48,4
2024-03-25 23:59:00,3045,61.4976,61.52,61.5,61.64,61.2,15
2024-03-26 08:00:00,205,61.12,61.12,61.12,61.12,61.12,2
2024-03-26 11:13:00,454,60.3007,60.3,60.3,60.3,60.3,37
2024-03-26 11:14:00,902,59.9315,60.17,59.58,60.17,59.58,22
2024-03-26 11:16:00,300,59.5799,59.56,59.59,59.59,59.56,4
2024-03-26 11:18:00,435,59.228,59.25,59.25,59.25,59.25,11
2024-03-26 11:19:00,428,59.0,59.0,59.0,59.0,59.0,7
2024-03-26 11:21:00,265,59.0297,59.0,59.0,59.0,59.0,6
2024-03-26 11:26:00,114,58.7311,58.74,58.74,58.74,58.74,4
2024-03-26 11:28:00,678,58.9647,59.0,58.84,59.0,58.84,16
2024-03-26 11:29:00,253,58.7795,58.73,58.8,58.8,58.73,9
2024-03-26 11:30:00,515,58.8294,58.89,58.8,58.89,58.8,18
2024-03-26 11:31:00,641,58.7661,58.81,58.75,58.81,58.75,36
2024-03-26 11:32:00,840,58.7143,58.71,58.69,58.71,58.69,23
2024-03-26 11:33:00,293,58.6858,58.67,58.67,58.67,58.67,10
2024-03-26 11:34:00,1007,58.6949,58.7,58.7,58.7,58.68,27
2024-03-26 11:35:00,200,58.695,58.7,58.69,58.7,58.69,2
2024-03-26 11:36:00,159,58.67,58.67,58.67,58.67,58.67,6
2024-03-26 11:38:00,135,58.6715,58.67,58.67,58.67,58.67,3
2024-03-26 11:39:00,483,58.6692,58.67,58.67,58.67,58.67,9
2024-03-26 11:44:00,200,58.495,58.55,58.44,58.55,58.44,2
2024-03-26 11:58:00,150,58.5,58.5,58.5,58.5,58.5,2
2024-03-26 12:00:00,9567,59.5585,59.79,60.98,60.98,58.7,60
2024-03-26 12:02:00,765,60.5336,60.5,60.5,60.5,60.5,13
2024-03-26 12:03:00,237,60.5981,60.5,60.5,60.5,60.5,7
2024-03-26 12:04:00,476,59.2196,58.67,58.67,58.67,58.67,3
2024-03-26 12:05:00,915,58.5225,58.51,58.5,58.51,58.5,17
2024-03-26 12:08:00,100,58.75,58.75,58.75,58.75,58.75,1
2024-03-26 12:09:00,400,58.8375,58.85,58.85,58.85,58.85,9
2024-03-26 12:10:00,1030,58.9365,58.78,59.0,59.0,58.78,9
2024-03-26 12:12:00,4520,58.999,59.0,59.0,59.0,58.99,55
2024-03-26 12:13:00,300,58.8675,58.88,58.88,58.88,58.88,6
2024-03-26 12:15:00,260,58.856,58.85,58.85,58.85,58.85,6
2024-03-26 12:16:00,1000,58.85,58.85,58.85,58.85,58.85,2
2024-03-26 12:17:00,500,58.8436,58.84,58.85,58.85,58.84,4
2024-03-26 12:20:00,300,58.7733,58.8,58.8,58.8,58.8,5
2024-03-26 12:23:00,300,58.8,58.8,58.8,58.8,58.8,2
2024-03-26 12:26:00,500,58.8453,58.84,58.85,58.85,58.84,5
2024-03-26 12:35:00,236,58.8479,58.85,58.85,58.85,58.85,5
2024-03-26 12:41:00,600,58.8773,58.75,58.75,58.75,58.75,12
2024-03-26 12:42:00,545,58.5253,58.65,58.4,58.65,58.4,11
2024-03-26 12:43:00,301,58.1707,58.26,58.26,58.26,58.26,7
2024-03-26 12:45:00,1933,58.1328,58.2,58.25,58.25,58.01,39
2024-03-26 12:59:00,5938,57.9962,58.25,57.95,58.25,57.88,60
2024-03-26 13:01:00,250,58.04,58.04,58.04,58.04,58.04,1
2024-03-26 13:04:00,348,57.95,57.95,57.95,57.95,57.95,2
2024-03-26 13:05:00,100,58.14,58.14,58.14,58.14,58.14,1
2024-03-26 13:14:00,200,58.12,58.12,58.12,58.12,58.12,1
2024-03-26 13:17:00,700,58.1257,58.1,58.14,58.14,58.1,8
2024-03-26 13:19:00,200,58.4,58.4,58.4,58.4,58.4,1
2024-03-26 13:20:00,150,58.4,58.4,58.4,58.4,58.4,1
2024-03-26 13:22:00,894,58.39,58.39,58.39,58.39,58.39,1
2024-03-26 13:23:00,907,58.4269,58.39,58.49,58.5,58.39,14
2024-03-26 13:24:00,950,58.4953,58.5,58.5,58.5,58.5,14
2024-03-26 13:25:00,150,58.5,58.5,58.5,58.5,58.5,1
2024-03-26 13:28:00,974,58.499,58.5,58.5,58.5,58.49,13
2024-03-26 13:29:00,1133,58.4977,58.5,58.5,58.5,58.5,9
2024-03-26 13:33:00,27741,58.1252,58.2,57.9,58.2,57.87,150
2024-03-26 13:34:00,15328,58.1482,58.11,57.96,58.4,57.95,178
2024-03-26 13:35:00,4034,57.8048,57.7,57.82,58.0,57.69,42
2024-03-26 13:36:00,8237,57.6538,57.61,57.545,57.8567,57.3573,39
2024-03-26 13:37:00,6285,57.4315,57.55,57.17,57.55,57.155,62
2024-03-26 13:38:00,12100,57.0872,57.155,57.06,57.5199,56.735,105
2024-03-26 13:39:00,1036,56.8573,56.795,56.765,57.0,56.765,24
2024-03-26 13:40:00,2768,57.1665,57.0,56.91,57.26,56.91,37
2024-03-26 13:41:00,2425,57.2278,57.4515,57.25,57.4654,57.03,33
2024-03-26 13:42:00,519,57.2282,57.23,57.24,57.24,57.23,28
2024-03-26 13:43:00,4033,57.2909,57.4457,57.41,57.4457,57.24,26
2024-03-26 13:44:00,5684,57.3657,57.14,57.5496,57.5699,57.14,42
2024-03-26 13:45:00,4816,57.4435,57.435,57.33,57.5699,57.33,66
2024-03-26 13:46:00,9165,57.6126,57.395,57.6,57.85,57.33,83
2024-03-26 13:47:00,10224,57.8551,57.85,57.76,57.9799,57.71,120
2024-03-26 13:48:00,3394,57.8889,57.815,57.97,57.97,57.73,53
2024-03-26 13:49:00,15273,57.9099,57.95,57.74,58.07,57.74,158
2024-03-26 13:50:00,19739,57.599,57.73,57.65,57.8,57.35,171
2024-03-26 13:51:00,17119,57.535,57.67,57.52,57.67,57.3401,122
2024-03-26 13:52:00,3258,57.505,57.4772,57.55,57.56,57.4501,53
2024-03-26 13:53:00,6531,57.5146,57.52,57.534,57.595,57.47,50
2024-03-26 13:54:00,18008,57.6028,57.495,57.995,58.13,57.495,128
2024-03-26 13:55:00,17208,58.4109,57.99,58.62,58.62,57.99,152
2024-03-26 13:56:00,35017,58.9727,58.78,58.94,59.19,58.78,320
2024-03-26 13:57:00,3780,58.7366,58.78,58.76,58.875,58.62,70
2024-03-26 13:58:00,6199,58.9608,58.76,58.97,59.08,58.76,83
2024-03-26 13:59:00,35299,59.052,58.95,58.995,59.185,58.73,172
2024-03-26 14:00:00,4949,59.1797,59.0,59.345,59.345,59.0,72
2024-03-26 14:01:00,9450,59.1849,59.21,59.12,59.4399,59.0,126
2024-03-26 14:02:00,20100,58.9924,59.01,58.97,59.12,58.88,102
2024-03-26 14:03:00,6564,58.9977,58.88,59.13,59.17,58.88,80
2024-03-26 14:04:00,5544,58.9924,58.97,59.015,59.04,58.885,46
2024-03-26 14:05:00,7464,59.2165,58.91,59.29,59.48,58.795,108
2024-03-26 14:06:00,20469,59.1646,59.31,58.925,59.445,58.925,186
2024-03-26 14:07:00,15233,59.0425,58.925,58.98,59.165,58.9,149
2024-03-26 14:08:00,18400,59.1485,59.0,59.505,59.53,58.895,134
2024-03-26 14:09:00,3661,59.3098,59.53,59.145,59.53,59.145,71
2024-03-26 14:10:00,8273,58.9924,59.15,58.99,59.22,58.77,113
2024-03-26 14:11:00,6150,58.7546,58.77,58.745,58.86,58.65,92
2024-03-26 14:13:00,1950,58.856,58.855,58.855,58.8731,58.855,27
2024-03-26 14:14:00,2769,58.8012,58.8,58.81,58.82,58.74,37
2024-03-26 14:15:00,1302,58.7532,58.92,58.7102,58.9499,58.7102,16
2024-03-26 14:16:00,579,58.8399,58.7948,58.9,58.94,58.7948,13
2024-03-26 14:17:00,966,58.7979,58.91,58.7101,58.91,58.7101,18
2024-03-26 14:18:00,16011,59.0023,58.93,59.0,59.1199,58.7101,89
2024-03-26 14:19:00,20104,59.0914,59.0,58.93,59.25,58.92,172
2024-03-26 14:20:00,2668,58.9054,59.0,58.86,59.0,58.85,48
2024-03-26 14:21:00,443,58.8311,58.82,58.8599,58.8599,58.82,20
2024-03-26 14:22:00,2139,58.8232,58.86,58.85,58.88,58.745,47
2024-03-26 14:23:00,1787,58.719,58.72,58.81,58.81,58.67,34
2024-03-26 14:25:00,2223,58.824,58.87,58.775,58.87,58.72,49
2024-03-26 14:26:00,2852,58.6367,58.74,58.5601,58.74,58.5601,75
2024-03-26 14:27:00,3579,58.8202,58.8,58.85,58.9241,58.795,53
2024-03-26 14:28:00,1153,58.9113,58.8478,58.98,58.98,58.8478,26
2024-03-26 14:29:00,1436,58.81,58.82,58.83,58.83,58.78,44
2024-03-26 14:30:00,3260,58.7753,58.83,58.95,58.95,58.7,55
2024-03-26 14:31:00,8266,58.8258,58.831,59.0,59.0,58.72,85
2024-03-26 14:32:00,13009,58.9805,59.0,58.885,59.05,58.885,125
2024-03-26 14:33:00,15854,58.8324,58.99,58.73,59.05,58.73,163
2024-03-26 14:34:00,636,58.8237,58.83,58.83,58.83,58.83,14
2024-03-26 14:35:00,6057,58.5765,58.74,58.6094,58.74,58.46,54
2024-03-26 14:36:00,2159,58.3367,58.41,58.34,58.41,58.1851,47
2024-03-26 14:37:00,11014,58.1477,58.34,57.92,58.36,57.92,127
2024-03-26 14:38:00,4913,57.9266,57.92,57.89,58.01,57.87,56
2024-03-26 14:39:00,1308,58.0346,57.98,58.19,58.19,57.98,28
2024-03-26 14:40:00,4481,58.1983,58.26,58.22,58.26,58.16,74
2024-03-26 14:42:00,1439,58.1792,58.205,58.14,58.205,58.14,18
2024-03-26 14:43:00,3295,58.3001,58.17,58.395,58.44,58.17,52
2024-03-26 14:45:00,475,58.4674,58.51,58.45,58.51,58.45,21
2024-03-26 14:46:00,1967,58.341,58.41,58.34,58.41,58.22,63
2024-03-26 14:48:00,1215,58.2639,58.215,58.33,58.33,58.21,34
2024-03-26 14:49:00,4463,58.0805,58.22,58.15,58.22,58.0,84
2024-03-26 14:50:00,640,57.9874,58.1,58.01,58.1,57.89,10
2024-03-26 14:52:00,4103,57.8437,57.91,57.7796,57.9649,57.76,43
2024-03-26 14:53:00,335,57.8764,57.875,57.875,57.875,57.875,12
2024-03-26 14:54:00,1554,57.9139,57.85,57.97,58.0,57.82,39
2024-03-26 14:55:00,4090,58.0954,57.85,58.2,58.205,57.85,42
2024-03-26 14:56:00,13097,57.9803,58.105,57.75,58.11,57.75,144
2024-03-26 14:57:00,359,57.8531,57.855,57.855,57.855,57.855,11
2024-03-26 14:58:00,355,57.9063,57.865,57.865,57.865,57.865,10
2024-03-26 14:59:00,735,57.8832,57.865,57.865,57.97,57.865,17
2024-03-26 15:00:00,1428,57.8233,57.8699,57.86,57.8699,57.7678,13
2024-03-26 15:01:00,6694,57.9017,57.97,57.9691,57.97,57.79,65
2024-03-26 15:02:00,608,58.1109,58.126,58.126,58.126,58.126,10
2024-03-26 15:03:00,473,58.0384,58.0353,58.025,58.0353,58.025,16
2024-03-26 15:04:00,267,58.0622,58.025,58.025,58.025,58.025,10
2024-03-26 15:05:00,3100,58.0821,58.025,58.235,58.235,57.98,55
2024-03-26 15:07:00,1074,58.2836,58.32,58.21,58.34,58.21,22
2024-03-26 15:08:00,409,58.2775,58.26,58.34,58.34,58.26,11
2024-03-26 15:09:00,23678,58.1041,58.255,57.99,58.33,57.99,241
2024-03-26 15:10:00,15805,58.0097,57.98,57.995,58.09,57.965,116
2024-03-26 15:11:00,6663,58.0034,57.97,57.97,58.03,57.97,41
2024-03-26 15:12:00,237,57.964,57.95,57.97,57.97,57.95,8
2024-03-26 15:13:00,3376,57.9639,57.97,57.93,57.9801,57.93,35
2024-03-26 15:14:00,4955,57.9405,57.93,57.97,57.98,57.87,57
2024-03-26 15:15:00,3153,57.907,57.93,57.86,57.93,57.83,44
2024-03-26 15:16:00,242,57.8704,57.9,57.9,57.9,57.9,11
2024-03-26 15:17:00,2437,57.7497,57.81,57.705,57.81,57.68,55
2024-03-26 15:18:00,5125,57.5709,57.67,57.54,57.67,57.525,83
2024-03-26 15:19:00,1918,57.5821,57.55,57.62,57.63,57.53,25
2024-03-26 15:20:00,935,57.6147,57.62,57.6,57.62,57.6,18
2024-03-26 15:21:00,2123,57.5862,57.58,57.6,57.6,57.56,33
2024-03-26 15:22:00,1384,57.6944,57.605,57.75,57.75,57.605,21
2024-03-26 15:23:00,308,57.7557,57.75,57.78,57.78,57.75,13
2024-03-26 15:25:00,1244,57.6659,57.68,57.63,57.68,57.63,47
2024-03-26 15:27:00,663,57.7124,57.68,57.73,57.77,57.674,10
2024-03-26 15:29:00,138,57.7208,57.71,57.71,57.71,57.71,12
2024-03-26 15:30:00,311,57.6866,57.69,57.69,57.69,57.69,19
2024-03-26 15:31:00,964,57.6229,57.62,57.58,57.65,57.58,43
2024-03-26 15:33:00,1180,57.5758,57.58,57.57,57.58,57.57,34
2024-03-26 15:34:00,2097,57.5054,57.56,57.45,57.56,57.45,52
2024-03-26 15:35:00,1342,57.4484,57.43,57.5,57.5,57.41,23
2024-03-26 15:36:00,576,57.4655,57.47,57.47,57.47,57.47,33
2024-03-26 15:37:00,1985,57.4802,57.4816,57.465,57.5,57.465,12
2024-03-26 15:38:00,1664,57.3637,57.41,57.36,57.41,57.36,52
2024-03-26 15:39:00,2545,57.2669,57.27,57.2182,57.28,57.2182,36
2024-03-26 15:40:00,2721,57.2324,57.21,57.26,57.34,57.18,54
2024-03-26 15:41:00,1803,57.2905,57.26,57.35,57.35,57.26,22
2024-03-26 15:42:00,710,57.3773,57.39,57.3619,57.39,57.335,7
2024-03-26 15:43:00,1935,57.2791,57.29,57.22,57.29,57.22,38
2024-03-26 15:44:00,1783,57.1676,57.15,57.21,57.23,57.1495,44
2024-03-26 15:45:00,2870,57.2604,57.17,57.3,57.3,57.17,41
2024-03-26 15:46:00,2192,57.3541,57.3,57.41,57.46,57.3,63
2024-03-26 15:47:00,1641,57.3899,57.3994,57.39,57.3994,57.39,5
2024-03-26 15:48:00,1311,57.4373,57.4482,57.405,57.45,57.4,29
2024-03-26 15:49:00,1919,57.4089,57.4,57.4,57.44,57.4,17
2024-03-26 15:51:00,880,57.4081,57.4,57.42,57.43,57.36,15
2024-03-26 15:52:00,712,57.4115,57.42,57.405,57.42,57.405,14
2024-03-26 15:53:00,781,57.4386,57.43,57.44,57.449,57.43,16
2024-03-26 15:54:00,594,57.4205,57.41,57.42,57.43,57.41,21
2024-03-26 15:55:00,625,57.3828,57.38,57.38,57.38,57.38,25
2024-03-26 15:56:00,1059,57.3793,57.3908,57.38,57.3908,57.37,28
2024-03-26 15:57:00,857,57.3308,57.31,57.31,57.36,57.31,19
2024-03-26 15:58:00,2105,57.3356,57.33,57.35,57.36,57.3275,42
2024-03-26 15:59:00,455,57.3526,57.352,57.3659,57.3659,57.352,16
2024-03-26 16:00:00,1167,57.3204,57.32,57.3651,57.3651,57.29,43
2024-03-26 16:01:00,338,57.3337,57.33,57.33,57.33,57.33,9
2024-03-26 16:02:00,967,57.3893,57.38,57.43,57.43,57.37,21
2024-03-26 16:03:00,637,57.4118,57.42,57.42,57.42,57.42,18
2024-03-26 16:04:00,539,57.3959,57.365,57.37,57.37,57.365,26
2024-03-26 16:07:00,755,57.3874,57.38,57.39,57.395,57.38,29
2024-03-26 16:08:00,666,57.3895,57.39,57.3942,57.3942,57.385,19
2024-03-26 16:09:00,1567,57.3948,57.35,57.44,57.44,57.35,40
2024-03-26 16:10:00,3574,57.4031,57.5,57.4,57.5,57.38,50
2024-03-26 16:11:00,2439,57.4321,57.43,57.39,57.5,57.39,50
2024-03-26 16:12:00,4709,57.3705,57.44,57.3,57.44,57.3,81
2024-03-26 16:13:00,5470,57.2078,57.26,57.22,57.26,57.2,57
2024-03-26 16:14:00,1159,57.2847,57.25,57.305,57.34,57.25,20
2024-03-26 16:15:00,1399,57.4113,57.375,57.415,57.42,57.375,37
2024-03-26 16:17:00,984,57.3689,57.38,57.358,57.38,57.3567,20
2024-03-26 16:20:00,946,57.3317,57.365,57.31,57.365,57.31,34
2024-03-26 16:21:00,5553,57.3732,57.3,57.505,57.5599,57.3,78
2024-03-26 16:22:00,617,57.3813,57.45,57.37,57.45,57.37,12
2024-03-26 16:23:00,536,57.392,57.38,57.4488,57.4488,57.38,14
2024-03-26 16:24:00,518,57.3615,57.35,57.4,57.4,57.35,8
2024-03-26 16:25:00,237,57.4247,57.405,57.4499,57.4499,57.405,5
2024-03-26 16:26:00,1452,57.546,57.45,57.66,57.66,57.45,51
2024-03-26 16:27:00,520,57.6532,57.66,57.655,57.66,57.655,15
2024-03-26 16:28:00,726,57.6667,57.67,57.72,57.72,57.603,19
2024-03-26 16:29:00,255,57.6656,57.66,57.66,57.66,57.66,10
2024-03-26 16:30:00,2491,57.5651,57.67,57.49,57.67,57.49,91
2024-03-26 16:31:00,1930,57.3913,57.4,57.3,57.455,57.3,44
2024-03-26 16:32:00,354,57.3801,57.38,57.38,57.38,57.38,9
2024-03-26 16:33:00,197,57.315,57.305,57.305,57.305,57.305,10
2024-03-26 16:34:00,295,57.3667,57.355,57.4099,57.4099,57.355,7
2024-03-26 16:35:00,1209,57.3785,57.4,57.385,57.4,57.35,17
2024-03-26 16:36:00,3651,57.2886,57.38,57.25,57.38,57.25,71
2024-03-26 16:37:00,1436,57.3234,57.23,57.3542,57.41,57.1872,46
2024-03-26 16:41:00,3209,57.319,57.38,57.24,57.39,57.24,69
2024-03-26 16:42:00,1355,57.2743,57.26,57.28,57.3,57.26,21
2024-03-26 16:46:00,390,57.1777,57.2399,57.11,57.2399,57.11,10
2024-03-26 16:47:00,856,57.2109,57.23,57.23,57.23,57.22,18
2024-03-26 16:48:00,2591,57.2826,57.17,57.3,57.3,57.17,32
2024-03-26 16:49:00,563,57.4055,57.4,57.4,57.4,57.4,26
2024-03-26 16:52:00,807,57.2824,57.28,57.26,57.28,57.26,32
2024-03-26 16:53:00,143,57.3188,57.31,57.31,57.31,57.31,5
2024-03-26 16:55:00,409,57.3076,57.3,57.3,57.3,57.3,19
2024-03-26 16:57:00,702,57.3226,57.3596,57.3,57.3596,57.3,11
2024-03-26 16:58:00,13007,57.0763,57.3,56.995,57.3,56.95,192
2024-03-26 16:59:00,5951,57.0261,57.03,57.0,57.045,57.0,51
2024-03-26 17:00:00,1738,56.9347,57.0,56.88,57.0,56.88,49
2024-03-26 17:01:00,547,56.9059,56.885,56.8846,56.885,56.8846,18
2024-03-26 17:02:00,697,56.8734,56.88,56.835,56.88,56.835,11
2024-03-26 17:03:00,391,56.8928,56.88,56.88,56.88,56.88,8
2024-03-26 17:04:00,857,56.8593,56.885,56.85,56.885,56.84,15
2024-03-26 17:05:00,771,56.8591,56.84,56.89,56.89,56.84,29
2024-03-26 17:06:00,197,56.8723,56.85,56.85,56.85,56.85,13
2024-03-26 17:07:00,1690,56.9443,56.93,56.97,56.97,56.89,21
2024-03-26 17:08:00,1049,57.0105,56.97,57.005,57.04,56.97,32
2024-03-26 17:09:00,525,56.9494,56.95,56.95,56.95,56.95,18
2024-03-26 17:12:00,774,56.9402,56.95,56.905,56.95,56.905,17
2024-03-26 17:13:00,338,56.9342,56.94,56.94,56.94,56.94,12
2024-03-26 17:15:00,773,56.9764,56.96,57.0,57.0,56.96,21
2024-03-26 17:18:00,1045,57.0207,57.0124,57.046,57.046,57.0,19
2024-03-26 17:19:00,128,57.0108,57.01,57.01,57.01,57.01,11
2024-03-26 17:20:00,308,57.0259,57.069,57.069,57.069,57.069,13
2024-03-26 17:21:00,1673,56.9667,56.98,56.95,56.98,56.95,41
2024-03-26 17:22:00,1400,56.9027,56.9,56.9,56.9,56.9,32
2024-03-26 17:23:00,125,56.8734,56.87,56.87,56.87,56.87,4
2024-03-26 17:24:00,1016,56.8737,56.86,56.9,56.9,56.86,36
2024-03-26 17:26:00,750,56.9418,56.94,56.99,56.99,56.93,20
2024-03-26 17:28:00,260,56.95,56.95,56.95,56.95,56.95,5
2024-03-26 17:29:00,1243,57.025,57.01,57.0454,57.07,57.0,37
2024-03-26 17:30:00,458,57.0149,57.0,57.02,57.02,57.0,24
2024-03-26 17:33:00,830,57.0277,57.045,57.0197,57.045,57.0197,5
2024-03-26 17:34:00,2970,56.8829,56.98,56.8,56.98,56.8,98
2024-03-26 17:35:00,5647,56.7518,56.8,56.695,56.84,56.68,85
2024-03-26 17:36:00,234,56.7531,56.755,56.755,56.755,56.755,10
2024-03-26 17:37:00,1695,56.86,56.83,56.94,56.94,56.815,37
2024-03-26 17:38:00,1490,57.119,57.04,57.1756,57.1756,57.04,43
2024-03-26 17:39:00,535,57.1422,57.24,57.1,57.24,57.1,35
2024-03-26 17:40:00,363,57.1357,57.13,57.1301,57.14,57.13,12
2024-03-26 17:41:00,757,57.1121,57.115,57.16,57.16,57.115,12
2024-03-26 17:42:00,2869,57.1318,57.1,57.105,57.1451,57.1,11
2024-03-26 17:44:00,2719,57.0506,57.06,57.05,57.07,57.0,58
2024-03-26 17:45:00,266,57.023,57.005,57.0,57.005,57.0,14
2024-03-26 17:47:00,421,57.028,57.02,57.02,57.02,57.02,13
2024-03-26 17:49:00,6089,56.9848,57.0,56.93,57.02,56.92,105
2024-03-26 17:50:00,1841,57.0069,56.96,57.06,57.07,56.96,47
2024-03-26 17:51:00,1196,57.1266,57.11,57.2,57.2,57.11,35
2024-03-26 17:52:00,412,57.2843,57.29,57.28,57.29,57.28,12
2024-03-26 17:53:00,401,57.287,57.2619,57.2619,57.2619,57.2619,15
2024-03-26 17:54:00,433,57.296,57.28,57.35,57.35,57.28,14
2024-03-26 17:55:00,3671,57.2008,57.225,57.12,57.23,57.09,96
2024-03-26 17:56:00,1025,56.9998,57.01,56.97,57.02,56.97,14
2024-03-26 17:57:00,1275,57.0027,57.01,57.01,57.01,57.01,24
2024-03-26 17:58:00,1283,57.023,57.0,57.01,57.05,57.0,28
2024-03-26 18:00:00,15248,57.2727,57.01,57.2,57.34,57.01,74
2024-03-26 18:01:00,7778,57.0685,57.15,57.05,57.15,57.04,80
2024-03-26 18:02:00,5366,57.0768,57.01,57.06,57.13,57.01,53
2024-03-26 18:03:00,2340,57.0575,57.1,57.02,57.1,57.01,29
2024-03-26 18:04:00,743,57.0588,57.0204,57.08,57.08,57.0204,8
2024-03-26 18:05:00,2123,57.2322,57.12,57.345,57.345,57.12,45
2024-03-26 18:06:00,12341,57.2091,57.345,57.295,57.43,57.08,183
2024-03-26 18:07:00,532,57.2554,57.26,57.255,57.295,57.22,14
2024-03-26 18:08:00,2310,57.2243,57.17,57.25,57.25,57.17,22
2024-03-26 18:09:00,730,57.2094,57.22,57.2,57.22,57.2,5
2024-03-26 18:10:00,703,57.2368,57.275,57.2,57.275,57.2,18
2024-03-26 18:11:00,514,57.2073,57.2106,57.215,57.215,57.2106,10
2024-03-26 18:12:00,264,57.1787,57.19,57.19,57.19,57.19,9
2024-03-26 18:13:00,891,57.2596,57.24,57.3,57.3,57.24,22
2024-03-26 18:14:00,217,57.3551,57.36,57.36,57.36,57.36,8
2024-03-26 18:15:00,206,57.2797,57.278,57.278,57.278,57.278,2
2024-03-26 18:17:00,163,57.3705,57.4,57.4,57.4,57.4,5
2024-03-26 18:18:00,429,57.3355,57.335,57.335,57.335,57.335,18
2024-03-26 18:19:00,449,57.33,57.33,57.33,57.33,57.33,11
2024-03-26 18:20:00,2185,57.3092,57.28,57.32,57.325,57.27,38
2024-03-26 18:21:00,1496,57.2643,57.27,57.26,57.27,57.24,46
2024-03-26 18:22:00,1101,57.2658,57.265,57.27,57.27,57.265,15
2024-03-26 18:23:00,1215,57.2202,57.265,57.21,57.265,57.21,44
2024-03-26 18:25:00,962,57.2098,57.2,57.2,57.2,57.2,26
2024-03-26 18:28:00,1466,57.212,57.15,57.27,57.27,57.14,36
2024-03-26 18:29:00,236,57.2687,57.2688,57.2688,57.2688,57.2688,6
2024-03-26 18:35:00,983,57.2751,57.305,57.26,57.305,57.26,30
2024-03-26 18:36:00,486,57.2524,57.24,57.25,57.25,57.24,20
2024-03-26 18:37:00,346,57.2453,57.245,57.245,57.245,57.245,4
2024-03-26 18:38:00,288,57.2481,57.245,57.245,57.245,57.245,11
2024-03-26 18:39:00,448,57.2485,57.24,57.24,57.24,57.24,35
2024-03-26 18:40:00,332,57.2755,57.299,57.24,57.299,57.24,5
2024-03-26 18:41:00,207,57.2164,57.185,57.185,57.185,57.185,12
2024-03-26 18:42:00,639,57.2351,57.24,57.23,57.24,57.23,17
2024-03-26 18:43:00,1736,57.1838,57.18,57.22,57.22,57.17,57
2024-03-26 18:44:00,843,57.2052,57.2585,57.2,57.2585,57.2,27
2024-03-26 18:45:00,324,57.2308,57.225,57.2283,57.2283,57.225,7
2024-03-26 18:46:00,318,57.2318,57.225,57.225,57.225,57.225,9
2024-03-26 18:47:00,2426,57.2642,57.25,57.28,57.29,57.185,64
2024-03-26 18:48:00,795,57.2705,57.34,57.25,57.34,57.25,33
2024-03-26 18:51:00,366,57.2784,57.275,57.28,57.28,57.275,11
2024-03-26 18:52:00,816,57.2736,57.295,57.25,57.295,57.25,33
2024-03-26 18:53:00,835,57.2779,57.26,57.27,57.3,57.26,13
2024-03-26 18:54:00,624,57.2806,57.27,57.27,57.305,57.27,41
2024-03-26 18:55:00,477,57.2502,57.24,57.24,57.24,57.24,28
2024-03-26 18:56:00,428,57.2305,57.23,57.23,57.23,57.23,34
2024-03-26 18:58:00,830,57.2271,57.25,57.21,57.25,57.21,51
2024-03-26 18:59:00,452,57.2162,57.21,57.22,57.22,57.21,28
2024-03-26 19:00:00,868,57.1923,57.22,57.19,57.22,57.18,38
2024-03-26 19:02:00,1826,57.1694,57.17,57.19,57.19,57.16,42
2024-03-26 19:03:00,3831,57.2279,57.22,57.24,57.25,57.22,108
2024-03-26 19:04:00,285,57.2311,57.23,57.23,57.23,57.23,10
2024-03-26 19:05:00,294,57.2171,57.23,57.23,57.23,57.23,13
2024-03-26 19:06:00,1006,57.1393,57.14,57.14,57.145,57.12,44
2024-03-26 19:07:00,3066,57.1256,57.125,57.125,57.125,57.125,7
2024-03-26 19:08:00,615,57.1011,57.09,57.09,57.09,57.09,47
2024-03-26 19:09:00,3736,57.0451,57.0953,57.04,57.0953,57.03,52
2024-03-26 19:10:00,8440,56.9766,57.01,56.92,57.01,56.885,92
2024-03-26 19:11:00,2287,56.9701,56.91,57.02,57.02,56.91,52
2024-03-26 19:12:00,1453,56.9722,56.97,56.98,56.98,56.97,30
2024-03-26 19:13:00,531,56.9891,56.98,56.98,56.98,56.98,16
2024-03-26 19:14:00,223,57.0391,57.0427,57.0427,57.0427,57.0427,11
2024-03-26 19:16:00,1137,57.0911,57.07,57.15,57.15,57.07,51
2024-03-26 19:17:00,351,57.1315,57.13,57.13,57.13,57.13,17
2024-03-26 19:18:00,473,57.1383,57.15,57.15,57.15,57.15,24
2024-03-26 19:19:00,2129,57.0886,57.13,57.04,57.15,57.04,63
2024-03-26 19:21:00,525,57.0596,57.055,57.06,57.06,57.055,20
2024-03-26 19:22:00,557,57.0606,57.06,57.06,57.06,57.06,23
2024-03-26 19:24:00,1425,57.005,57.02,56.995,57.02,56.98,51
2024-03-26 19:27:00,451,56.8769,56.86,56.88,56.88,56.86,22
2024-03-26 19:28:00,275,56.9,56.91,56.885,56.91,56.885,11
2024-03-26 19:29:00,3527,56.815,56.85,56.78,56.85,56.76,83
2024-03-26 19:30:00,1418,56.7036,56.72,56.68,56.72,56.6618,44
2024-03-26 19:31:00,1216,56.6607,56.67,56.65,56.67,56.65,64
2024-03-26 19:32:00,6703,56.6687,56.57,56.79,56.79,56.57,131
2024-03-26 19:33:00,944,56.7768,56.75,56.78,56.785,56.75,13
2024-03-26 19:34:00,412,56.8297,56.83,56.84,56.84,56.83,19
2024-03-26 19:35:00,1276,56.9168,56.94,56.925,56.94,56.925,26
2024-03-26 19:36:00,7190,56.8729,56.9,56.8,56.91,56.8,81
2024-03-26 19:37:00,856,56.7712,56.75,56.79,56.79,56.75,29
2024-03-26 19:38:00,138,56.8003,56.8,56.8,56.8,56.8,6
2024-03-26 19:39:00,5749,56.7871,56.79,56.775,56.84,56.75,56
2024-03-26 19:40:00,1653,56.7984,56.8,56.79,56.84,56.79,47
2024-03-26 19:41:00,548,56.8013,56.82,56.79,56.82,56.79,24
2024-03-26 19:42:00,6410,56.7299,56.76,56.72,56.76,56.67,106
2024-03-26 19:43:00,503,56.7261,56.72,56.74,56.74,56.72,16
2024-03-26 19:44:00,4973,56.6738,56.68,56.7,56.72,56.65,109
2024-03-26 19:45:00,2645,56.6721,56.7162,56.68,56.7162,56.65,45
2024-03-26 19:46:00,2622,56.6483,56.65,56.645,56.65,56.64,54
2024-03-26 19:47:00,835,56.6452,56.65,56.65,56.65,56.65,31
2024-03-26 19:48:00,7403,56.655,56.63,56.64,56.7,56.6,114
2024-03-26 19:49:00,200,56.6212,56.6,56.6,56.6,56.6,14
2024-03-26 19:50:00,2814,56.6798,56.65,56.71,56.71,56.64,54
2024-03-26 19:51:00,7303,56.6681,56.66,56.65,56.7,56.64,98
2024-03-26 19:52:00,8604,56.547,56.61,56.52,56.61,56.52,152
2024-03-26 19:53:00,9096,56.4568,56.52,56.36,56.52,56.355,101
2024-03-26 19:54:00,4950,56.4029,56.35,56.48,56.48,56.35,118
2024-03-26 19:55:00,3850,56.4617,56.47,56.425,56.485,56.425,76
2024-03-26 19:56:00,5703,56.3118,56.36,56.32,56.36,56.25,136
2024-03-26 19:57:00,3303,56.308,56.29,56.3175,56.34,56.28,106
2024-03-26 19:58:00,28029,56.2915,56.315,56.2,56.385,56.2,329
2024-03-26 19:59:00,39961,56.2948,56.24,56.29,56.37,56.21,619
2024-03-26 20:00:00,2313,56.29,56.29,56.29,56.29,56.29,10
2024-03-26 20:03:00,4308,56.29,56.29,56.29,56.29,56.29,1
2024-03-26 20:04:00,440000,56.29,56.29,56.29,56.29,56.29,1
2024-03-26 23:07:00,1000,58.39,58.39,58.39,58.39,58.39,1
2024-03-27 11:02:00,262,58.3276,58.34,58.34,58.34,58.34,7
2024-03-27 11:29:00,201,57.4709,57.4,57.4,57.4,57.4,10
2024-03-27 12:00:00,645,58.2978,58.38,58.57,58.57,58.35,9
2024-03-27 12:22:00,100,58.0,58.0,58.0,58.0,58.0,1
2024-03-27 12:32:00,159,58.1538,58.2,58.2,58.2,58.2,3
2024-03-27 13:13:00,5284,57.5988,57.6,57.6,57.6,57.6,23
2024-03-27 13:14:00,3402,57.1767,57.42,57.16,57.42,57.15,64
2024-03-27 13:15:00,6071,57.246,57.21,57.25,57.26,57.19,44
2024-03-27 13:16:00,1466,57.2791,57.24,57.29,57.31,57.24,15
2024-03-27 13:30:00,11309,56.5729,56.88,56.29,56.88,56.29,82
2024-03-27 13:31:00,3318,56.3927,56.32,56.5,56.5,56.1183,29
2024-03-27 13:32:00,549,56.3082,56.15,56.27,56.41,56.15,17
2024-03-27 13:33:00,325,56.3007,56.3389,56.3389,56.3389,56.3389,15
2024-03-27 13:34:00,2837,56.1085,56.11,56.05,56.175,56.03,32
2024-03-27 13:35:00,3368,56.0191,56.03,56.01,56.21,56.0,44
2024-03-27 13:36:00,788,55.7995,55.8,55.74,55.8,55.74,25
2024-03-27 13:37:00,5449,55.7123,55.76,55.65,55.76,55.65,58
2024-03-27 13:38:00,1195,55.775,55.66,55.8199,55.8199,55.66,22
2024-03-27 13:39:00,3537,55.5263,55.69,55.465,55.69,55.465,42
2024-03-27 13:40:00,1063,55.4195,55.335,55.4,55.44,55.335,20
2024-03-27 13:41:00,1410,55.4946,55.4,55.63,55.63,55.4,38
2024-03-27 13:42:00,1289,55.6345,55.665,55.6364,55.665,55.6364,12
2024-03-27 13:43:00,5214,55.5197,55.56,55.415,55.62,55.33,92
2024-03-27 13:44:00,1806,55.1522,55.22,55.2097,55.22,55.09,49
2024-03-27 13:45:00,1315,55.1862,55.21,55.13,55.235,55.13,26
2024-03-27 13:47:00,1665,55.2468,55.22,55.25,55.305,55.22,41
2024-03-27 13:48:00,26330,54.837,55.35,54.9,55.35,54.51,290
2024-03-27 13:49:00,2420,54.688,54.81,54.59,54.81,54.59,41
2024-03-27 13:50:00,2439,54.567,54.5801,54.56,54.5801,54.54,54
2024-03-27 13:51:00,4152,54.4614,54.35,54.5915,54.5915,54.35,67
2024-03-27 13:52:00,1812,54.6379,54.475,54.645,54.67,54.475,43
2024-03-27 13:53:00,4074,54.3681,54.54,54.24,54.54,54.24,82
2024-03-27 13:54:00,2991,54.3782,54.39,54.3978,54.3978,54.2971,47
2024-03-27 13:55:00,4420,54.4123,54.22,54.5,54.54,54.22,52
2024-03-27 13:56:00,217,54.4656,54.45,54.45,54.45,54.45,10
2024-03-27 13:57:00,760,54.5553,54.39,54.66,54.66,54.39,20
2024-03-27 13:58:00,1058,54.7325,54.74,54.74,54.74,54.74,13
2024-03-27 13:59:00,1741,54.5304,54.595,54.5,54.595,54.48,38
2024-03-27 14:00:00,927,54.5818,54.6,54.515,54.69,54.5,14
2024-03-27 14:01:00,1778,54.5598,54.59,54.62,54.6435,54.48,32
2024-03-27 14:02:00,1001,54.4962,54.52,54.435,54.59,54.435,24
2024-03-27 14:03:00,502,54.4427,54.47,54.41,54.47,54.41,34
2024-03-27 14:04:00,1245,54.4498,54.395,54.43,54.47,54.395,29
2024-03-27 14:05:00,784,54.4566,54.4,54.4899,54.4899,54.4,20
2024-03-27 14:06:00,414,54.3976,54.43,54.325,54.43,54.325,23
2024-03-27 14:07:00,5170,54.5107,54.48,54.54,54.57,54.45,83
2024-03-27 14:08:00,1235,54.5708,54.53,54.66,54.66,54.53,28
2024-03-27 14:09:00,845,54.6266,54.575,54.64,54.65,54.575,18
2024-03-27 14:10:00,249,54.597,54.59,54.59,54.59,54.59,15
2024-03-27 14:11:00,710,54.531,54.53,54.53,54.53,54.53,26
2024-03-27 14:12:00,2252,54.5685,54.4998,54.56,54.62,54.4998,47
2024-03-27 14:13:00,2699,54.7007,54.62,54.84,54.84,54.62,54
2024-03-27 14:14:00,761,54.8763,54.765,54.93,54.93,54.765,21
2024-03-27 14:15:00,429,55.0537,55.005,55.065,55.065,55.005,28
2024-03-27 14:16:00,2423,55.0111,55.07,54.96,55.1481,54.96,37
2024-03-27 14:17:00,249,54.9607,55.005,55.005,55.005,55.005,20
2024-03-27 14:18:00,304,54.9753,55.0213,54.98,55.0213,54.98,6
2024-03-27 14:19:00,374,55.0323,54.995,55.1,55.1,54.995,16
2024-03-27 14:20:00,315,55.0257,55.075,55.075,55.075,55.075,19
2024-03-27 14:21:00,20104,55.4849,55.1,55.77,55.77,55.08,229
2024-03-27 14:22:00,16803,55.7129,55.75,55.66,55.76,55.49,107
2024-03-27 14:23:00,2532,55.5097,55.595,55.5,55.595,55.46,75
2024-03-27 14:24:00,954,55.4251,55.43,55.4456,55.485,55.38,21
2024-03-27 14:25:00,895,55.5065,55.5,55.48,55.51,55.48,25
2024-03-27 14:26:00,291,55.5028,55.48,55.48,55.48,55.48,5
2024-03-27 14:27:00,588,55.4356,55.43,55.41,55.47,55.41,18
2024-03-27 14:28:00,3317,55.3607,55.465,55.24,55.465,55.24,99
2024-03-27 14:29:00,531,55.1778,55.15,55.16,55.16,55.15,20
2024-03-27 14:30:00,1826,55.4214,55.2328,55.535,55.58,55.2328,67
2024-03-27 14:31:00,1318,55.6102,55.57,55.6,55.635,55.57,35
2024-03-27 14:32:00,496,55.5535,55.55,55.55,55.55,55.55,37
2024-03-27 14:33:00,722,55.5943,55.6,55.6,55.6,55.6,30
2024-03-27 14:34:00,1430,55.6485,55.5995,55.68,55.68,55.5995,37
2024-03-27 14:35:00,909,55.7622,55.71,55.77,55.83,55.71,33
2024-03-27 14:36:00,1603,55.7121,55.71,55.72,55.72,55.69,35
2024-03-27 14:38:00,379,55.7587,55.725,55.78,55.78,55.725,13
2024-03-27 14:39:00,701,55.6887,55.73,55.68,55.73,55.68,17
2024-03-27 14:40:00,1123,55.7468,55.685,55.76,55.76,55.685,19
2024-03-27 14:41:00,775,55.7596,55.75,55.768,55.78,55.75,16
2024-03-27 14:42:00,1077,55.6083,55.695,55.56,55.695,55.56,47
2024-03-27 14:43:00,162,55.5422,55.54,55.54,55.54,55.54,8
2024-03-27 14:44:00,1291,55.5978,55.59,55.59,55.61,55.585,30
2024-03-27 14:46:00,118,55.6707,55.67,55.67,55.67,55.67,8
2024-03-27 14:47:00,352,55.6825,55.675,55.675,55.675,55.675,31
2024-03-27 14:49:00,1564,55.5678,55.64,55.5,55.64,55.5,37
2024-03-27 14:51:00,1024,55.4677,55.47,55.49,55.49,55.43,36
2024-03-27 14:52:00,1495,55.497,55.5,55.52,55.52,55.5,35
2024-03-27 14:54:00,212,55.4065,55.41,55.4,55.41,55.4,5
2024-03-27 14:55:00,554,55.4208,55.4196,55.4196,55.4196,55.4196,5
2024-03-27 14:56:00,699,55.4567,55.4786,55.47,55.4786,55.45,11
2024-03-27 14:57:00,1704,55.3202,55.3301,55.3,55.34,55.3,52
2024-03-27 15:00:00,118,55.1455,55.14,55.14,55.14,55.14,8
2024-03-27 15:01:00,293,55.1213,55.11,55.11,55.11,55.11,14
2024-03-27 15:02:00,3326,55.2065,55.21,55.19,55.22,55.19,57
2024-03-27 15:03:00,233,55.1332,55.13,55.14,55.14,55.13,6
2024-03-27 15:04:00,1026,55.2144,55.16,55.24,55.24,55.16,32
2024-03-27 15:06:00,136,55.2791,55.28,55.28,55.28,55.28,6
2024-03-27 15:07:00,333,55.2468,55.23,55.26,55.26,55.23,13
2024-03-27 15:08:00,1485,55.1994,55.19,55.2,55.21,55.18,38
2024-03-27 15:10:00,418,55.2373,55.21,55.25,55.25,55.21,11
2024-03-27 15:12:00,1062,55.2626,55.27,55.245,55.27,55.245,32
2024-03-27 15:13:00,389,55.2368,55.24,55.19,55.24,55.19,15
2024-03-27 15:14:00,591,55.2799,55.29,55.29,55.29,55.29,9
2024-03-27 15:15:00,188,55.2429,55.27,55.27,55.27,55.27,3
2024-03-27 15:17:00,2490,55.3016,55.28,55.31,55.34,55.26,65
2024-03-27 15:18:00,960,55.3176,55.35,55.29,55.35,55.29,37
2024-03-27 15:19:00,1182,55.2718,55.31,55.24,55.31,55.23,30
2024-03-27 15:20:00,1240,55.1583,55.215,55.11,55.215,55.11,49
2024-03-27 15:21:00,637,55.1026,55.11,55.12,55.12,55.06,33
2024-03-27 15:22:00,390,55.0854,55.1,55.09,55.1,55.09,20
2024-03-27 15:23:00,308,55.0617,55.06,55.06,55.06,55.06,15
2024-03-27 15:24:00,1701,55.033,55.05,55.02,55.05,55.02,44
2024-03-27 15:25:00,835,55.0499,55.055,55.04,55.08,55.04,12
2024-03-27 15:26:00,229,55.0435,55.055,55.03,55.055,55.03,7
2024-03-27 15:27:00,555,55.0491,55.055,55.04,55.055,55.04,14
2024-03-27 15:28:00,300,55.0336,55.05,55.05,55.05,55.05,6
2024-03-27 15:29:00,296,55.0321,55.055,55.055,55.055,55.055,7
2024-03-27 15:30:00,3331,55.0453,55.02,55.075,55.12,55.02,59
2024-03-27 15:32:00,2017,55.0666,55.11,55.02,55.11,55.02,45
2024-03-27 15:33:00,310,55.0213,55.02,55.02,55.02,55.02,5
2024-03-27 15:34:00,2400,55.0521,55.055,55.055,55.055,55.02,6
2024-03-27 15:36:00,1144,55.1004,55.09,55.09,55.14,55.07,31
2024-03-27 15:37:00,1497,55.1287,55.14,55.07,55.15,55.07,27
2024-03-27 15:39:00,202,55.1022,55.09,55.115,55.115,55.09,4
2024-03-27 15:40:00,122,55.0863,55.09,55.09,55.09,55.09,4
2024-03-27 15:41:00,613,55.1139,55.14,55.08,55.14,55.08,12
2024-03-27 15:42:00,425,55.145,55.13,55.16,55.16,55.13,21
2024-03-27 15:43:00,2104,55.1617,55.15,55.15,55.17,55.11,37
2024-03-27 15:44:00,793,55.1523,55.15,55.15,55.15,55.15,25
2024-03-27 15:45:00,258,55.1265,55.09,55.09,55.09,55.09,6
2024-03-27 15:47:00,1568,55.1399,55.08,55.16,55.16,55.08,44
2024-03-27 15:48:00,354,55.1201,55.13,55.115,55.13,55.115,16
2024-03-27 15:49:00,781,55.1462,55.13,55.13,55.15,55.13,16
2024-03-27 15:50:00,11082,55.3893,55.19,55.56,55.56,55.18,133
2024-03-27 15:51:00,2179,55.5764,55.59,55.56,55.59,55.56,23
2024-03-27 15:52:00,10197,55.5851,55.58,55.565,55.7,55.49,82
2024-03-27 15:53:00,688,55.6059,55.6,55.63,55.63,55.6,5
2024-03-27 15:54:00,538,55.7241,55.72,55.75,55.75,55.71,14
2024-03-27 15:56:00,435,55.7489,55.75,55.75,55.75,55.75,10
2024-03-27 15:57:00,1214,55.7407,55.71,55.715,55.76,55.69,24
2024-03-27 15:58:00,198,55.7403,55.72,55.72,55.72,55.72,5
2024-03-27 15:59:00,113,55.6984,55.695,55.695,55.695,55.695,4
2024-03-27 16:00:00,376,55.6781,55.695,55.695,55.695,55.695,9
2024-03-27 16:01:00,402,55.7544,55.745,55.745,55.745,55.745,17
2024-03-27 16:02:00,338,55.7572,55.745,55.76,55.76,55.745,20
2024-03-27 16:03:00,435,55.7862,55.79,55.78,55.79,55.78,19
2024-03-27 16:05:00,2338,55.7631,55.75,55.79,55.79,55.75,37
2024-03-27 16:08:00,973,55.7195,55.73,55.73,55.73,55.69,43
2024-03-27 16:10:00,219,55.6866,55.69,55.69,55.69,55.69,6
2024-03-27 16:12:00,4431,55.5298,55.655,55.48,55.655,55.44,115
2024-03-27 16:13:00,478,55.4368,55.43,55.44,55.44,55.43,10
2024-03-27 16:14:00,230,55.4851,55.49,55.49,55.49,55.49,10
2024-03-27 16:16:00,375,55.5231,55.51,55.54,55.54,55.51,6
2024-03-27 16:18:00,1740,55.4777,55.4991,55.48,55.4991,55.455,22
2024-03-27 16:19:00,2181,55.4019,55.47,55.38,55.47,55.36,59
2024-03-27 16:20:00,217,55.2876,55.28,55.28,55.28,55.28,5
2024-03-27 16:22:00,1604,55.357,55.35,55.34,55.4,55.34,33
2024-03-27 16:23:00,177,55.3465,55.34,55.34,55.34,55.34,6
2024-03-27 16:26:00,20851,55.3807,55.38,55.36,55.45,55.21,174
2024-03-27 16:27:00,12100,55.5526,55.43,55.59,55.66,55.43,92
2024-03-27 16:28:00,2650,55.6839,55.67,55.7098,55.74,55.62,24
2024-03-27 16:29:00,7646,55.7703,55.71,55.78,55.8,55.66,29
2024-03-27 16:30:00,401,55.7333,55.755,55.73,55.755,55.73,6
2024-03-27 16:31:00,1625,55.7037,55.76,55.63,55.77,55.63,23
2024-03-27 16:32:00,141,55.67,55.67,55.67,55.67,55.67,11
2024-03-27 16:34:00,810,55.7242,55.67,55.74,55.74,55.67,13
2024-03-27 16:35:00,196,55.7273,55.725,55.725,55.725,55.725,4
2024-03-27 16:36:00,5190,55.7318,55.67,55.76,55.81,55.67,36
2024-03-27 16:38:00,1764,55.7776,55.78,55.765,55.82,55.71,39
2024-03-27 16:39:00,1891,55.7664,55.765,55.71,55.78,55.7,27
2024-03-27 16:40:00,1647,55.7852,55.79,55.765,55.8,55.765,23
2024-03-27 16:41:00,100,55.77,55.77,55.77,55.77,55.77,1
2024-03-27 16:42:00,7785,55.7232,55.82,55.66,55.82,55.59,139
2024-03-27 16:44:00,2586,55.7426,55.7,55.78,55.8,55.66,46
2024-03-27 16:45:00,150,55.78,55.78,55.78,55.78,55.78,2
2024-03-27 16:46:00,716,55.7888,55.78,55.78,55.8,55.78,15
2024-03-27 16:47:00,2605,55.8285,55.8,55.855,55.87,55.8,54
2024-03-27 16:49:00,190,55.7463,55.74,55.74,55.74,55.74,8
2024-03-27 16:50:00,200,55.7725,55.755,55.79,55.79,55.755,2
2024-03-27 16:51:00,1194,55.808,55.81,55.82,55.82,55.8,18
2024-03-27 16:53:00,805,55.7668,55.745,55.71,55.79,55.71,11
2024-03-27 16:54:00,254,55.7802,55.78,55.78,55.78,55.78,4
2024-03-27 16:57:00,755,55.7869,55.78,55.85,55.85,55.76,32
2024-03-27 16:59:00,156,55.8156,55.815,55.815,55.815,55.815,18
2024-03-27 17:00:00,537,55.8675,55.87,55.88,55.88,55.87,19
2024-03-27 17:01:00,2271,55.8899,55.8462,55.94,55.94,55.8462,31
2024-03-27 17:02:00,628,55.9113,55.94,55.85,55.94,55.85,20
2024-03-27 17:04:00,760,55.8453,55.9,55.84,55.9,55.83,23
2024-03-27 17:05:00,473,55.788,55.785,55.785,55.785,55.785,12
2024-03-27 17:06:00,775,55.8171,55.82,55.79,55.82,55.79,16
2024-03-27 17:07:00,1214,55.7642,55.785,55.75,55.785,55.75,25
2024-03-27 17:08:00,569,55.79,55.79,55.79,55.79,55.79,5
2024-03-27 17:10:00,1675,55.8222,55.82,55.82,55.82,55.82,21
2024-03-27 17:12:00,668,55.8737,55.83,55.89,55.89,55.83,19
2024-03-27 17:13:00,2672,55.9053,55.9,55.92,55.945,55.9,51
2024-03-27 17:14:00,102,55.8594,55.86,55.86,55.86,55.86,3
2024-03-27 17:16:00,181,55.8075,55.8,55.8,55.8,55.8,4
2024-03-27 17:17:00,143,55.8077,55.81,55.81,55.81,55.81,15
2024-03-27 17:18:00,1557,55.8481,55.8,55.8706,55.88,55.8,13
2024-03-27 17:19:00,411,55.855,55.85,55.87,55.87,55.85,6
2024-03-27 17:21:00,460,55.8419,55.8,55.8,55.8,55.8,12
2024-03-27 17:22:00,191,55.827,55.83,55.83,55.83,55.83,14
2024-03-27 17:23:00,901,55.7528,55.76,55.72,55.76,55.72,23
2024-03-27 17:24:00,140,55.6565,55.65,55.65,55.65,55.65,9
2024-03-27 17:26:00,265,55.7056,55.72,55.72,55.72,55.72,7
2024-03-27 17:27:00,269,55.6139,55.605,55.605,55.605,55.605,25
2024-03-27 17:28:00,949,55.645,55.595,55.658,55.66,55.595,17
2024-03-27 17:29:00,100,55.63,55.63,55.63,55.63,55.63,1
2024-03-27 17:31:00,238,55.5837,55.545,55.61,55.61,55.545,5
2024-03-27 17:32:00,1495,55.5897,55.6,55.53,55.63,55.53,38
2024-03-27 17:34:00,548,55.5019,55.5,55.5,55.5,55.5,10
2024-03-27 17:39:00,805,55.485,55.45,55.48,55.493,55.45,12
2024-03-27 17:41:00,197,55.3923,55.375,55.375,55.375,55.375,5
2024-03-27 17:43:00,501,55.4636,55.47,55.435,55.48,55.435,20
2024-03-27 17:44:00,406,55.3936,55.375,55.375,55.375,55.375,9
2024-03-27 17:45:00,1046,55.4159,55.42,55.415,55.43,55.415,17
2024-03-27 17:47:00,113,55.415,55.415,55.415,55.415,55.415,4
2024-03-27 17:48:00,107,55.3729,55.37,55.37,55.37,55.37,4
2024-03-27 17:49:00,174,55.3862,55.37,55.37,55.37,55.37,7
2024-03-27 17:50:00,727,55.358,55.36,55.35,55.36,55.35,29
2024-03-27 17:52:00,1381,55.3432,55.315,55.33,55.3595,55.315,29
2024-03-27 17:59:00,252,55.2545,55.25,55.25,55.25,55.25,12
2024-03-27 18:00:00,948,55.2459,55.25,55.245,55.255,55.24,36
2024-03-27 18:01:00,875,55.2788,55.215,55.27,55.3,55.215,21
2024-03-27 18:03:00,149,55.2336,55.2327,55.2327,55.2327,55.2327,5
2024-03-27 18:04:00,518,55.2334,55.2403,55.205,55.2403,55.205,7
2024-03-27 18:06:00,781,55.2262,55.23,55.23,55.23,55.23,18
2024-03-27 18:07:00,291,55.195,55.2,55.2,55.2,55.2,22
2024-03-27 18:08:00,256,55.1396,55.145,55.135,55.145,55.135,8
2024-03-27 18:09:00,186,55.1233,55.14,55.14,55.14,55.14,7
2024-03-27 18:10:00,107,55.0955,55.095,55.095,55.095,55.095,4
2024-03-27 18:11:00,5227,55.2307,55.11,55.33,55.35,55.11,103
2024-03-27 18:12:00,224,55.2829,55.285,55.28,55.285,55.28,8
2024-03-27 18:13:00,837,55.3219,55.31,55.38,55.38,55.31,12
2024-03-27 18:14:00,583,55.2816,55.31,55.26,55.31,55.26,13
2024-03-27 18:15:00,200,55.275,55.28,55.27,55.28,55.27,2
2024-03-27 18:16:00,4128,55.2795,55.26,55.315,55.315,55.26,39
2024-03-27 18:17:00,399,55.3484,55.35,55.35,55.35,55.35,11
2024-03-27 18:19:00,2100,55.2076,55.25,55.15,55.285,55.15,41
2024-03-27 18:20:00,990,55.1333,55.13,55.13,55.14,55.13,13
2024-03-27 18:22:00,799,55.1794,55.17,55.2,55.2,55.17,27
2024-03-27 18:24:00,311,55.1629,55.165,55.16,55.165,55.16,9
2024-03-27 18:26:00,1952,55.2007,55.21,55.19,55.23,55.14,26
2024-03-27 18:28:00,1300,55.1391,55.155,55.14,55.155,55.14,37
2024-03-27 18:29:00,1520,55.0555,55.06,55.04,55.07,55.03,37
2024-03-27 18:30:00,128,55.0617,55.06,55.06,55.06,55.06,5
2024-03-27 18:31:00,996,55.0811,55.09,55.045,55.09,55.045,13
2024-03-27 18:34:00,392,55.0961,55.12,55.06,55.12,55.06,11
2024-03-27 18:35:00,206,55.1007,55.095,55.095,55.095,55.095,12
2024-03-27 18:37:00,2638,55.0935,55.085,55.09,55.125,55.0845,30
2024-03-27 18:39:00,289,55.1031,55.1,55.1,55.1,55.1,10
2024-03-27 18:40:00,658,55.13,55.13,55.13,55.13,55.13,25
2024-03-27 18:41:00,539,55.1313,55.1315,55.1315,55.1315,55.1315,3
2024-03-27 18:42:00,130,55.13,55.13,55.13,55.13,55.13,6
2024-03-27 18:43:00,850,55.1673,55.17,55.18,55.18,55.165,23
2024-03-27 18:44:00,1040,55.1548,55.16,55.13,55.16,55.13,30
2024-03-27 18:45:00,914,55.0857,55.09,55.09,55.09,55.08,28
2024-03-27 18:46:00,509,55.1082,55.12,55.11,55.12,55.07,6
2024-03-27 18:47:00,625,55.1181,55.1185,55.1185,55.1185,55.1185,6
2024-03-27 18:49:00,847,55.1391,55.15,55.145,55.16,55.09,18
2024-03-27 18:50:00,1313,55.2078,55.18,55.2,55.22,55.18,36
2024-03-27 18:51:00,312,55.2044,55.21,55.2,55.21,55.2,6
2024-03-27 18:52:00,831,55.1917,55.2,55.18,55.2,55.18,31
2024-03-27 18:53:00,1775,55.2085,55.2,55.215,55.22,55.18,21
2024-03-27 18:54:00,113,55.2377,55.24,55.24,55.24,55.24,4
2024-03-27 18:55:00,2171,55.1935,55.18,55.16,55.21,55.16,32
2024-03-27 18:57:00,360,55.2163,55.24,55.2,55.24,55.2,8
2024-03-27 18:58:00,2704,55.2434,55.23,55.29,55.29,55.23,47
2024-03-27 18:59:00,2452,55.2764,55.265,55.31,55.31,55.265,24
2024-03-27 19:00:00,1746,55.3892,55.34,55.46,55.46,55.29,38
2024-03-27 19:01:00,464,55.4733,55.46,55.48,55.48,55.46,17
2024-03-27 19:02:00,955,55.4373,55.47,55.465,55.47,55.4,34
2024-03-27 19:03:00,210,55.381,55.38,55.38,55.38,55.38,5
2024-03-27 19:04:00,2048,55.3469,55.37,55.33,55.39,55.32,61
2024-03-27 19:05:00,449,55.2832,55.29,55.27,55.29,55.27,15
2024-03-27 19:06:00,237,55.2881,55.29,55.29,55.29,55.29,13
2024-03-27 19:07:00,1442,55.2876,55.26,55.32,55.32,55.24,38
2024-03-27 19:08:00,277,55.2863,55.2971,55.27,55.2971,55.27,11
2024-03-27 19:09:00,5199,55.3627,55.3,55.41,55.43,55.3,82
2024-03-27 19:10:00,12234,55.5889,55.46,55.74,55.76,55.46,117
2024-03-27 19:11:00,4887,55.7386,55.72,55.78,55.79,55.72,74
2024-03-27 19:12:00,3926,55.769,55.81,55.78,55.82,55.72,74
2024-03-27 19:13:00,105,55.8284,55.8299,55.8299,55.8299,55.8299,3
2024-03-27 19:14:00,1249,55.8286,55.795,55.85,55.85,55.795,31
2024-03-27 19:15:00,1034,55.8361,55.83,55.83,55.8399,55.83,18
2024-03-27 19:16:00,1838,55.8741,55.83,55.91,55.91,55.83,47
2024-03-27 19:17:00,715,55.8478,55.83,55.83,55.83,55.83,33
2024-03-27 19:18:00,5048,55.7464,55.82,55.79,55.82,55.67,99
2024-03-27 19:19:00,2833,55.804,55.72,55.74,55.83,55.72,34
2024-03-27 19:20:00,775,55.7471,55.74,55.76,55.76,55.73,22
2024-03-27 19:21:00,1090,55.7749,55.77,55.785,55.785,55.75,19
2024-03-27 19:22:00,708,55.7288,55.73,55.72,55.73,55.72,23
2024-03-27 19:23:00,1096,55.6977,55.715,55.67,55.715,55.67,26
2024-03-27 19:24:00,463,55.6635,55.65,55.685,55.685,55.65,19
2024-03-27 19:25:00,909,55.6818,55.685,55.68,55.712,55.66,28
2024-03-27 19:26:00,2434,55.6437,55.65,55.67,55.67,55.6,58
2024-03-27 19:27:00,4903,55.9135,55.71,56.03,56.03,55.71,75
2024-03-27 19:28:00,5257,56.2287,56.09,56.37,56.37,56.09,77
2024-03-27 19:29:00,3090,56.2355,56.2701,56.21,56.28,56.21,36
2024-03-27 19:30:00,3036,56.1148,56.18,56.02,56.18,55.98,103
2024-03-27 19:31:00,1008,56.0381,56.0,56.055,56.055,56.0,18
2024-03-27 19:32:00,306,56.104,56.11,56.11,56.11,56.11,13
2024-03-27 19:33:00,7211,55.9428,56.11,55.935,56.119,55.81,93
2024-03-27 19:34:00,790,56.0128,55.99,56.0,56.06,55.99,29
2024-03-27 19:35:00,372,56.0269,56.04,55.99,56.04,55.99,5
2024-03-27 19:36:00,645,56.02,56.0,56.03,56.03,56.0,14
2024-03-27 19:37:00,1634,56.0716,56.0,56.105,56.105,56.0,36
2024-03-27 19:38:00,1106,56.1693,56.13,56.21,56.21,56.13,24
2024-03-27 19:39:00,766,56.2298,56.185,56.26,56.26,56.185,27
2024-03-27 19:40:00,4565,56.2646,56.25,56.26,56.309,56.21,67
2024-03-27 19:41:00,1072,56.2546,56.25,56.24,56.26,56.24,24
2024-03-27 19:42:00,4394,56.2731,56.32,56.27,56.34,56.22,73
2024-03-27 19:43:00,1192,56.2601,56.239,56.31,56.32,56.19,52
2024-03-27 19:44:00,1518,56.3241,56.315,56.31,56.36,56.31,30
2024-03-27 19:45:00,3585,56.3198,56.34,56.28,56.34,56.28,87
2024-03-27 19:46:00,8696,56.2551,56.28,56.26,56.3,56.17,184
2024-03-27 19:47:00,2931,56.3013,56.25,56.39,56.39,56.25,80
2024-03-27 19:48:00,997,56.4169,56.37,56.435,56.45,56.37,43
2024-03-27 19:49:00,5013,56.4604,56.47,56.46,56.5,56.42,84
2024-03-27 19:50:00,1784,56.4653,56.5,56.44,56.5,56.44,43
2024-03-27 19:51:00,4914,56.4212,56.43,56.46,56.46,56.37,122
2024-03-27 19:52:00,5749,56.4804,56.42,56.57,56.57,56.4,136
2024-03-27 19:53:00,6242,56.5099,56.53,56.5101,56.57,56.48,108
2024-03-27 19:54:00,3054,56.5652,56.55,56.62,56.62,56.55,49
2024-03-27 19:55:00,12316,56.6321,56.58,56.6,56.73,56.57,240
2024-03-27 19:56:00,6316,56.7119,56.64,56.815,56.84,56.64,165
2024-03-27 19:57:00,8012,56.8351,56.85,56.89,56.89,56.78,188
2024-03-27 19:58:00,5254,56.9184,56.87,56.96,56.96,56.87,149
2024-03-27 19:59:00,33006,56.97,56.93,57.07,57.07,56.87,437
2024-03-27 20:00:00,4043,57.02,57.02,57.02,57.02,57.02,10
2024-03-27 21:20:00,100,55.1684,55.1684,55.1684,55.1684,55.1684,1
2024-03-28 13:30:00,6398,57.0079,57.02,57.0,57.02,57.0,43
2024-03-28 13:31:00,512,56.7362,56.745,56.75,56.75,56.745,19
2024-03-28 13:32:00,2089,56.5299,56.79,56.47,56.79,56.34,58
2024-03-28 13:33:00,709,56.4169,56.44,56.31,56.44,56.31,31
2024-03-28 13:35:00,390,56.2907,56.27,56.31,56.31,56.27,14
2024-03-28 13:36:00,483,56.2178,56.2,56.2,56.2,56.2,19
2024-03-28 13:37:00,1728,55.9559,56.08,55.8026,56.08,55.8026,46
2024-03-28 13:38:00,1689,55.6681,55.65,55.6,55.705,55.56,20
2024-03-28 13:39:00,781,55.7005,55.7198,55.688,55.7198,55.688,26
2024-03-28 13:40:00,3352,55.5926,55.7356,55.57,55.7356,55.565,40
2024-03-28 13:41:00,10456,55.6256,55.7164,55.5701,55.72,55.5,102
2024-03-28 13:42:00,788,55.5302,55.5332,55.5507,55.5507,55.515,18
2024-03-28 13:43:00,2260,55.6273,55.58,55.6,55.715,55.58,46
2024-03-28 13:44:00,1763,55.5349,55.55,55.45,55.58,55.45,23
2024-03-28 13:45:00,1206,55.5327,55.49,55.56,55.59,55.49,16
2024-03-28 13:46:00,5021,55.5508,55.6,55.5,55.6,55.3901,57
2024-03-28 13:47:00,978,55.5105,55.5,55.5,55.5999,55.5,25
2024-03-28 13:50:00,3882,55.5525,55.43,55.5,55.6,55.43,49
2024-03-28 13:51:00,675,55.4133,55.4001,55.4001,55.4001,55.4001,20
2024-03-28 13:52:00,438,55.4913,55.4968,55.4968,55.4968,55.4968,16
2024-03-28 13:53:00,1709,55.4304,55.54,55.31,55.54,55.31,41
2024-03-28 13:54:00,369,55.3464,55.31,55.31,55.31,55.31,20
2024-03-28 13:55:00,1060,55.3884,55.26,55.43,55.43,55.26,30
2024-03-28 13:56:00,715,55.4544,55.49,55.45,55.49,55.44,9
2024-03-28 13:57:00,803,55.3429,55.38,55.33,55.38,55.33,30
2024-03-28 13:58:00,321,55.3829,55.4099,55.39,55.4099,55.39,14
2024-03-28 13:59:00,527,55.2987,55.25,55.25,55.25,55.25,20
2024-03-28 14:00:00,205,55.3125,55.31,55.31,55.31,55.31,14
2024-03-28 14:01:00,724,55.379,55.315,55.4,55.4,55.315,25
2024-03-28 14:02:00,304,55.4675,55.5,55.44,55.5,55.44,19
2024-03-28 14:03:00,635,55.4425,55.43,55.48,55.48,55.43,20
2024-03-28 14:04:00,1550,55.5094,55.5144,55.47,55.55,55.45,32
2024-03-28 14:05:00,1259,55.5006,55.51,55.5,55.51,55.49,33
2024-03-28 14:06:00,732,55.4702,55.5328,55.43,55.5328,55.43,21
2024-03-28 14:07:00,949,55.2831,55.41,55.25,55.41,55.22,33
2024-03-28 14:08:00,3125,55.2538,55.2758,55.18,55.31,55.18,45
2024-03-28 14:09:00,427,55.2544,55.26,55.205,55.26,55.205,17
2024-03-28 14:10:00,1350,55.1624,55.16,55.14,55.16,55.14,42
2024-03-28 14:11:00,500,55.1341,55.12,55.14,55.14,55.12,19
2024-03-28 14:12:00,1185,55.0945,55.175,55.03,55.175,55.03,43
2024-03-28 14:13:00,525,55.0304,55.03,55.03,55.03,55.03,10
2024-03-28 14:14:00,2928,55.1429,55.0578,55.216,55.24,55.0501,55
2024-03-28 14:16:00,533,55.202,55.19,55.19,55.19,55.19,36
2024-03-28 14:17:00,308,55.2035,55.23,55.19,55.23,55.19,12
2024-03-28 14:18:00,525,55.2401,55.19,55.19,55.19,55.19,21
2024-03-28 14:19:00,256,55.2196,55.24,55.24,55.24,55.24,15
2024-03-28 14:20:00,506,55.1709,55.145,55.15,55.15,55.145,24
2024-03-28 14:21:00,1293,55.292,55.285,55.295,55.3,55.28,26
2024-03-28 14:22:00,909,55.251,55.24,55.25,55.25,55.24,28
2024-03-28 14:23:00,2082,55.3484,55.25,55.4,55.4,55.25,53
2024-03-28 14:24:00,1027,55.4876,55.48,55.505,55.505,55.48,27
2024-03-28 14:25:00,2353,55.5385,55.535,55.55,55.55,55.53,23
2024-03-28 14:26:00,941,55.4486,55.45,55.39,55.45,55.39,20
2024-03-28 14:27:00,1415,55.4992,55.51,55.5097,55.51,55.485,28
2024-03-28 14:28:00,1418,55.5233,55.51,55.54,55.54,55.51,26
2024-03-28 14:29:00,231,55.5388,55.55,55.55,55.55,55.55,13
2024-03-28 14:30:00,2297,55.542,55.53,55.53,55.55,55.53,63
2024-03-28 14:31:00,541,55.5509,55.56,55.56,55.56,55.56,21
2024-03-28 14:32:00,11296,55.6029,55.57,55.48,55.73,55.48,142
2024-03-28 14:33:00,505,55.4959,55.505,55.46,55.505,55.46,12
2024-03-28 14:34:00,3912,55.5591,55.505,55.56,55.6,55.505,66
2024-03-28 14:35:00,3205,55.5642,55.55,55.55,55.58,55.55,40
2024-03-28 14:36:00,1371,55.536,55.54,55.52,55.56,55.515,31
2024-03-28 14:37:00,4076,55.5619,55.55,55.57,55.6,55.54,63
2024-03-28 14:38:00,2272,55.5487,55.57,55.54,55.57,55.52,31
2024-03-28 14:39:00,1033,55.5592,55.56,55.58,55.58,55.56,26
2024-03-28 14:41:00,3521,55.5131,55.53,55.53,55.53,55.48,58
2024-03-28 14:42:00,308,55.5091,55.52,55.505,55.52,55.505,10
2024-03-28 14:43:00,500,55.5399,55.54,55.55,55.55,55.54,11
2024-03-28 14:44:00,805,55.5261,55.5132,55.55,55.55,55.5132,13
2024-03-28 14:45:00,4470,55.5217,55.55,55.49,55.57,55.44,90
2024-03-28 14:47:00,1736,55.4375,55.441,55.42,55.441,55.42,26
2024-03-28 14:48:00,252,55.4163,55.38,55.445,55.445,55.38,9
2024-03-28 14:49:00,2254,55.3489,55.401,55.2,55.401,55.2,60
2024-03-28 14:50:00,792,55.2489,55.2,55.155,55.2893,55.155,23
2024-03-28 14:51:00,569,55.175,55.17,55.17,55.17,55.17,17
2024-03-28 14:52:00,979,55.119,55.135,55.08,55.14,55.08,40
2024-03-28 14:53:00,708,55.0556,55.05,55.065,55.065,55.05,21
2024-03-28 14:54:00,686,55.0552,55.005,55.07,55.1,55.005,20
2024-03-28 14:55:00,384,55.0455,55.035,55.035,55.035,55.035,9
2024-03-28 14:56:00,1121,55.072,55.12,55.035,55.12,55.035,28
2024-03-28 14:57:00,244,55.0547,55.05,55.045,55.05,55.045,7
2024-03-28 14:58:00,778,55.0485,55.04,55.04,55.04,55.04,20
2024-03-28 14:59:00,366,55.0848,55.08,55.08,55.08,55.08,16
2024-03-28 15:00:00,4812,55.057,55.12,55.04,55.16,55.0,112
2024-03-28 15:01:00,1588,55.0178,55.05,55.0,55.05,55.0,27
2024-03-28 15:02:00,1317,55.0699,55.045,55.06,55.105,55.045,23
2024-03-28 15:03:00,363,55.0858,55.095,55.095,55.095,55.095,8
2024-03-28 15:04:00,2019,55.1729,55.115,55.22,55.22,55.115,66
2024-03-28 15:06:00,108,55.3724,55.37,55.37,55.37,55.37,3
2024-03-28 15:07:00,2230,55.4323,55.47,55.4,55.47,55.4,15
2024-03-28 15:08:00,219,55.3571,55.35,55.35,55.35,55.35,14
2024-03-28 15:09:00,102,55.3849,55.385,55.385,55.385,55.385,3
2024-03-28 15:10:00,2170,55.3159,55.385,55.21,55.385,55.21,69
2024-03-28 15:12:00,1650,55.2291,55.22,55.235,55.24,55.22,23
2024-03-28 15:13:00,1197,55.346,55.3,55.36,55.36,55.3,25
2024-03-28 15:14:00,587,55.4094,55.43,55.39,55.43,55.39,26
2024-03-28 15:15:00,2818,55.4711,55.46,55.46,55.49,55.46,27
2024-03-28 15:16:00,186,55.5288,55.5368,55.5368,55.5368,55.5368,13
2024-03-28 15:17:00,1587,55.4707,55.505,55.5,55.505,55.46,29
2024-03-28 15:18:00,755,55.3837,55.4,55.36,55.4,55.36,23
2024-03-28 15:20:00,1415,55.3739,55.35,55.385,55.41,55.315,24
2024-03-28 15:21:00,1583,55.4963,55.385,55.54,55.54,55.385,28
2024-03-28 15:22:00,2614,55.5552,55.55,55.525,55.57,55.52,40
2024-03-28 15:23:00,1145,55.4901,55.49,55.49,55.49,55.49,17
2024-03-28 15:24:00,958,55.5392,55.51,55.55,55.55,55.51,29
2024-03-28 15:25:00,2255,55.5051,55.55,55.44,55.55,55.44,48
2024-03-28 15:26:00,1260,55.4827,55.45,55.5,55.5,55.45,14
2024-03-28 15:27:00,120,55.533,55.5389,55.5389,55.5389,55.5389,11
2024-03-28 15:28:00,742,55.5282,55.5,55.51,55.54,55.5,23
2024-03-28 15:30:00,1601,55.5488,55.55,55.52,55.58,55.52,36
2024-03-28 15:31:00,11577,55.5713,55.51,55.55,55.65,55.51,126
2024-03-28 15:32:00,723,55.5473,55.55,55.56,55.56,55.54,10
2024-03-28 15:33:00,233,55.5441,55.54,55.54,55.54,55.54,7
2024-03-28 15:34:00,306,55.5316,55.525,55.54,55.54,55.525,6
2024-03-28 15:35:00,999,55.5053,55.51,55.5,55.51,55.5,25
2024-03-28 15:36:00,478,55.4914,55.5,55.49,55.5,55.49,16
2024-03-28 15:37:00,11622,55.7365,55.51,55.93,55.98,55.5,168
2024-03-28 15:38:00,1117,55.8266,55.87,55.78,55.87,55.78,34
2024-03-28 15:39:00,1502,55.7653,55.76,55.8161,55.8161,55.72,23
2024-03-28 15:42:00,1031,55.7741,55.77,55.8,55.8,55.77,28
2024-03-28 15:43:00,381,55.7276,55.73,55.72,55.73,55.72,13
2024-03-28 15:44:00,869,55.6828,55.68,55.67,55.68,55.67,25
2024-03-28 15:45:00,3211,55.7584,55.67,55.83,55.85,55.67,57
2024-03-28 15:46:00,1211,55.8903,55.88,56.0,56.0,55.88,17
2024-03-28 15:48:00,406,56.0097,56.0,56.01,56.04,56.0,13
2024-03-28 15:49:00,1026,55.9682,55.96,55.96,55.96,55.96,19
2024-03-28 15:50:00,1343,55.9007,55.97,55.875,55.97,55.84,44
2024-03-28 15:51:00,173,55.8464,55.82,55.82,55.82,55.82,5
2024-03-28 15:52:00,1857,55.9451,55.89,56.025,56.025,55.89,36
2024-03-28 15:54:00,2627,56.0249,55.99,56.07,56.07,55.98,53
2024-03-28 15:55:00,3097,56.1415,56.06,56.235,56.235,56.06,77
2024-03-28 15:56:00,423,56.1643,56.295,56.295,56.295,56.295,16
2024-03-28 15:57:00,763,56.3277,56.34,56.3,56.34,56.3,11
2024-03-28 15:58:00,237,56.3813,56.4,56.4,56.4,56.4,15
2024-03-28 15:59:00,2164,56.2625,56.31,56.2001,56.31,56.2,46
2024-03-28 16:00:00,1772,56.1984,56.25,56.22,56.25,56.17,35
2024-03-28 16:01:00,1530,56.2448,56.18,56.25,56.29,56.18,23
2024-03-28 16:02:00,176,56.2888,56.28,56.28,56.28,56.28,7
2024-03-28 16:03:00,270,56.309,56.305,56.305,56.305,56.305,6
2024-03-28 16:04:00,1528,56.336,56.305,56.34,56.35,56.305,30
2024-03-28 16:05:00,441,56.2779,56.28,56.28,56.28,56.28,17
2024-03-28 16:06:00,703,56.2689,56.27,56.25,56.27,56.25,46
2024-03-28 16:07:00,744,56.2328,56.23,56.24,56.24,56.23,19
2024-03-28 16:08:00,1335,56.2893,56.27,56.34,56.34,56.27,22
2024-03-28 16:09:00,1399,56.4445,56.41,56.54,56.55,56.38,41
2024-03-28 16:10:00,1391,56.5659,56.655,56.6,56.655,56.59,52
2024-03-28 16:12:00,490,56.5735,56.61,56.54,56.61,56.54,13
2024-03-28 16:13:00,1057,56.6356,56.57,56.655,56.655,56.57,39
2024-03-28 16:14:00,1649,56.5982,56.68,56.57,56.68,56.54,42
2024-03-28 16:15:00,586,56.4215,56.41,56.41,56.41,56.41,32
2024-03-28 16:17:00,1153,56.4036,56.42,56.41,56.42,56.355,31
2024-03-28 16:18:00,2088,56.3322,56.35,56.27,56.35,56.27,41
2024-03-28 16:19:00,2134,56.3887,56.34,56.45,56.45,56.33,41
2024-03-28 16:20:00,206,56.3971,56.405,56.405,56.405,56.405,5
2024-03-28 16:22:00,1011,56.3958,56.4,56.42,56.42,56.365,21
2024-03-28 16:23:00,1784,56.4476,56.395,56.47,56.51,56.395,31
2024-03-28 16:24:00,1042,56.5984,56.51,56.64,56.64,56.51,38
2024-03-28 16:25:00,963,56.6551,56.65,56.686,56.686,56.61,22
2024-03-28 16:26:00,212,56.6553,56.655,56.655,56.655,56.655,5
2024-03-28 16:27:00,433,56.6877,56.68,56.69,56.69,56.68,10
2024-03-28 16:28:00,2937,56.6043,56.62,56.605,56.68,56.55,80
2024-03-28 16:29:00,1276,56.5112,56.52,56.47,56.52,56.47,31
2024-03-28 16:30:00,941,56.5075,56.5,56.5,56.5,56.5,36
2024-03-28 16:32:00,5039,56.4809,56.51,56.48,56.53,56.46,57
2024-03-28 16:34:00,7508,56.5605,56.54,56.62,56.62,56.53,93
2024-03-28 16:36:00,1658,56.4826,56.54,56.42,56.54,56.42,67
2024-03-28 16:37:00,426,56.4289,56.41,56.43,56.4593,56.41,12
2024-03-28 16:38:00,1223,56.3713,56.4,56.345,56.4,56.32,37
2024-03-28 16:39:00,289,56.3329,56.33,56.33,56.33,56.33,8
2024-03-28 16:40:00,1468,56.345,56.365,56.3,56.38,56.3,55
2024-03-28 16:41:00,788,56.1879,56.2,56.16,56.2,56.16,40
2024-03-28 16:42:00,878,56.1487,56.15,56.15,56.15,56.15,37
2024-03-28 16:43:00,1257,56.1879,56.18,56.18,56.22,56.18,47
2024-03-28 16:44:00,467,56.2358,56.25,56.25,56.25,56.25,34
2024-03-28 16:45:00,453,56.2121,56.22,56.17,56.23,56.17,25
2024-03-28 16:46:00,1879,56.2092,56.23,56.205,56.23,56.17,57
2024-03-28 16:47:00,1269,56.221,56.22,56.22,56.24,56.22,65
2024-03-28 16:48:00,773,56.2011,56.205,56.2,56.205,56.2,27
2024-03-28 16:49:00,1427,56.1647,56.2,56.11,56.2,56.11,51
2024-03-28 16:50:00,1787,56.1806,56.17,56.2,56.2,56.17,44
2024-03-28 16:51:00,1405,56.2361,56.22,56.29,56.29,56.22,25
2024-03-28 16:52:00,1303,56.2274,56.22,56.23,56.23,56.22,38
2024-03-28 16:53:00,558,56.2946,56.3,56.31,56.31,56.3,21
2024-03-28 16:55:00,332,56.3566,56.355,56.355,56.355,56.355,18
2024-03-28 16:56:00,1094,56.3079,56.32,56.3,56.32,56.29,35
2024-03-28 16:57:00,1923,56.3355,56.32,56.36,56.37,56.32,25
2024-03-28 16:59:00,219,56.2772,56.265,56.265,56.265,56.265,14
2024-03-28 17:00:00,931,56.225,56.26,56.2,56.26,56.2,38
2024-03-28 17:01:00,481,56.0561,56.05,56.05,56.05,56.05,22
2024-03-28 17:02:00,362,55.9806,55.88,55.88,55.88,55.88,18
2024-03-28 17:03:00,1054,55.9841,55.875,56.04,56.04,55.875,39
2024-03-28 17:04:00,1487,55.9486,55.97,55.88,55.97,55.88,22
2024-03-28 17:05:00,263,55.8791,55.89,55.89,55.89,55.89,12
2024-03-28 17:06:00,174,55.8457,55.825,55.825,55.825,55.825,11
2024-03-28 17:07:00,2979,55.9227,55.87,55.925,55.96,55.87,60
2024-03-28 17:08:00,300,55.92,55.92,55.92,55.92,55.92,2
2024-03-28 17:09:00,366,55.9172,55.93,55.915,55.93,55.875,5
2024-03-28 17:10:00,1543,55.8669,55.87,55.87,55.87,55.86,35
2024-03-28 17:12:00,361,55.8865,55.855,55.908,55.908,55.855,4
2024-03-28 17:14:00,880,55.923,55.88,55.94,55.94,55.865,18
2024-03-28 17:15:00,1739,55.889,55.94,55.9,55.94,55.9,42
2024-03-28 17:16:00,601,55.7418,55.75,55.7,55.75,55.7,35
2024-03-28 17:17:00,472,55.7089,55.72,55.7,55.72,55.7,14
2024-03-28 17:18:00,733,55.7533,55.75,55.76,55.76,55.75,21
2024-03-28 17:20:00,1934,55.7531,55.78,55.72,55.78,55.72,36
2024-03-28 17:21:00,223,55.7179,55.725,55.725,55.725,55.725,8
2024-03-28 17:22:00,310,55.7163,55.73,55.7,55.73,55.7,8
2024-03-28 17:23:00,646,55.6714,55.67,55.635,55.67,55.635,23
2024-03-28 17:24:00,2506,55.6885,55.61,55.72,55.74,55.61,46
2024-03-28 17:25:00,3029,55.7732,55.74,55.78,55.8,55.74,62
2024-03-28 17:27:00,1596,55.6707,55.72,55.6,55.72,55.59,36
2024-03-28 17:28:00,429,55.5924,55.63,55.57,55.63,55.57,14
2024-03-28 17:29:00,698,55.6303,55.63,55.63,55.64,55.62,15
2024-03-28 17:30:00,530,55.5813,55.59,55.59,55.59,55.59,19
2024-03-28 17:31:00,565,55.4683,55.5,55.46,55.5,55.43,15
2024-03-28 17:32:00,1417,55.5237,55.52,55.53,55.54,55.52,29
2024-03-28 17:33:00,202,55.5522,55.445,55.445,55.445,55.445,4
2024-03-28 17:34:00,276,55.4465,55.44,55.44,55.44,55.44,17
2024-03-28 17:35:00,583,55.4222,55.43,55.43,55.43,55.43,20
2024-03-28 17:39:00,950,55.3483,55.36,55.32,55.36,55.32,30
2024-03-28 17:40:00,2609,55.3196,55.32,55.31,55.35,55.3,48
2024-03-28 17:41:00,1253,55.2118,55.21,55.22,55.22,55.21,34
2024-03-28 17:42:00,598,55.135,55.13,55.13,55.13,55.12,20
2024-03-28 17:43:00,1483,55.1655,55.16,55.19,55.19,55.16,26
2024-03-28 17:44:00,2046,55.1582,55.1935,55.1,55.1935,55.1,35
2024-03-28 17:45:00,1106,55.15,55.1491,55.1491,55.1491,55.1491,8
2024-03-28 17:46:00,1936,55.1458,55.15,55.16,55.18,55.11,44
2024-03-28 17:47:00,3453,55.2206,55.15,55.27,55.27,55.15,54
2024-03-28 17:49:00,570,55.3465,55.33,55.345,55.345,55.33,25
2024-03-28 17:50:00,3095,55.355,55.35,55.42,55.42,55.34,45
2024-03-28 17:51:00,610,55.3379,55.375,55.32,55.375,55.32,26
2024-03-28 17:52:00,701,55.3215,55.32,55.32,55.32,55.32,10
2024-03-28 17:53:00,672,55.3332,55.36,55.3,55.36,55.3,25
2024-03-28 17:54:00,629,55.2951,55.3,55.3,55.3,55.3,9
2024-03-28 17:55:00,2169,55.2718,55.28,55.27,55.28,55.26,54
2024-03-28 17:56:00,562,55.2887,55.27,55.295,55.3,55.27,8
2024-03-28 17:57:00,201,55.2998,55.3,55.3,55.3,55.3,4
2024-03-28 17:58:00,1827,55.2394,55.3,55.1501,55.3,55.15,55
2024-03-28 17:59:00,2593,55.2216,55.18,55.27,55.27,55.18,41
2024-03-28 18:00:00,1319,55.3354,55.34,55.34,55.34,55.34,21
2024-03-28 18:01:00,709,55.283,55.29,55.26,55.29,55.26,15
2024-03-28 18:02:00,337,55.2581,55.25,55.275,55.275,55.25,6
2024-03-28 18:03:00,899,55.301,55.3,55.315,55.315,55.29,13
2024-03-28 18:05:00,301,55.3166,55.33,55.31,55.33,55.31,5
2024-03-28 18:06:00,1008,55.3447,55.3,55.355,55.355,55.3,22
2024-03-28 18:07:00,1606,55.4524,55.4382,55.49,55.49,55.43,23
2024-03-28 18:09:00,153,55.5041,55.505,55.505,55.505,55.505,5
2024-03-28 18:10:00,1985,55.4589,55.48,55.43,55.48,55.43,40
2024-03-28 18:12:00,205,55.4305,55.415,55.415,55.415,55.415,4
2024-03-28 18:13:00,1457,55.5017,55.415,55.55,55.55,55.415,34
2024-03-28 18:14:00,310,55.5706,55.6,55.6,55.6,55.6,12
2024-03-28 18:16:00,3145,55.5587,55.56,55.57,55.595,55.53,86
2024-03-28 18:18:00,558,55.5814,55.59,55.59,55.59,55.59,33
2024-03-28 18:19:00,733,55.5618,55.57,55.54,55.57,55.54,18
2024-03-28 18:20:00,258,55.5407,55.545,55.545,55.545,55.545,12
2024-03-28 18:21:00,3307,55.4901,55.51,55.4,55.51,55.4,52
2024-03-28 18:22:00,1448,55.4659,55.46,55.41,55.49,55.41,22
2024-03-28 18:25:00,958,55.5247,55.53,55.5,55.53,55.5,20
2024-03-28 18:26:00,1338,55.4926,55.51,55.45,55.51,55.45,24
2024-03-28 18:27:00,1114,55.5298,55.52,55.55,55.55,55.52,29
2024-03-28 18:29:00,783,55.5673,55.57,55.57,55.57,55.57,16
2024-03-28 18:30:00,1342,55.5428,55.57,55.47,55.57,55.47,37
2024-03-28 18:32:00,221,55.5403,55.53,55.53,55.53,55.53,3
2024-03-28 18:33:00,100,55.5,55.5,55.5,55.5,55.5,1
2024-03-28 18:36:00,2861,55.5562,55.505,55.55,55.58,55.505,61
2024-03-28 18:37:00,1557,55.532,55.55,55.47,55.55,55.47,32
2024-03-28 18:38:00,714,55.5362,55.54,55.54,55.54,55.54,21
2024-03-28 18:39:00,1341,55.4845,55.54,55.46,55.54,55.42,34
2024-03-28 18:40:00,1909,55.4436,55.46,55.405,55.48,55.36,43
2024-03-28 18:42:00,555,55.3801,55.39,55.38,55.39,55.38,17
2024-03-28 18:43:00,394,55.3194,55.32,55.32,55.32,55.32,24
2024-03-28 18:44:00,2199,55.315,55.26,55.32,55.34,55.26,34
2024-03-28 18:45:00,593,55.3739,55.37,55.37,55.38,55.37,19
2024-03-28 18:46:00,1024,55.357,55.38,55.32,55.38,55.32,22
2024-03-28 18:47:00,756,55.3615,55.38,55.355,55.38,55.355,18
2024-03-28 18:48:00,1496,55.3969,55.39,55.43,55.43,55.39,31
2024-03-28 18:49:00,1141,55.4158,55.42,55.41,55.42,55.41,16
2024-03-28 18:50:00,755,55.3443,55.38,55.38,55.38,55.38,43
2024-03-28 18:51:00,527,55.3295,55.3499,55.31,55.3499,55.31,9
2024-03-28 18:52:00,1609,55.342,55.3,55.365,55.365,55.3,22
2024-03-28 18:53:00,771,55.3438,55.34,55.36,55.36,55.34,17
2024-03-28 18:55:00,2155,55.4212,55.34,55.47,55.5,55.34,51
2024-03-28 18:56:00,655,55.5491,55.52,55.57,55.57,55.52,28
2024-03-28 18:57:00,1989,55.6002,55.62,55.63,55.64,55.6,35
2024-03-28 18:58:00,2463,55.6272,55.62,55.58,55.66,55.58,59
2024-03-28 18:59:00,1382,55.5527,55.57,55.52,55.575,55.52,43
2024-03-28 19:00:00,1149,55.557,55.51,55.57,55.57,55.51,18
2024-03-28 19:01:00,2091,55.6333,55.63,55.65,55.66,55.63,43
2024-03-28 19:02:00,14246,55.7675,55.62,55.8,55.93,55.6,195
2024-03-28 19:03:00,1218,55.9093,55.86,55.95,55.95,55.86,33
2024-03-28 19:04:00,5377,55.9471,56.0,55.8,56.05,55.8,54
2024-03-28 19:05:00,182,55.944,55.95,55.95,55.95,55.95,8
2024-03-28 19:07:00,1428,55.7845,55.855,55.72,55.87,55.715,49
2024-03-28 19:08:00,2503,55.8222,55.82,55.87,55.89,55.705,33
2024-03-28 19:09:00,889,55.8478,55.9,55.82,55.9,55.82,27
2024-03-28 19:11:00,1383,55.7961,55.825,55.79,55.825,55.79,53
2024-03-28 19:12:00,1992,55.7988,55.8,55.795,55.83,55.79,37
2024-03-28 19:13:00,137,55.8037,55.805,55.805,55.805,55.805,9
2024-03-28 19:14:00,3266,55.7658,55.76,55.76,55.77,55.75,54
2024-03-28 19:15:00,465,55.7477,55.75,55.75,55.75,55.75,23
2024-03-28 19:17:00,748,55.6131,55.62,55.57,55.62,55.57,25
2024-03-28 19:18:00,2770,55.6625,55.64,55.72,55.72,55.63,68
2024-03-28 19:19:00,873,55.7166,55.71,55.71,55.71,55.71,23
2024-03-28 19:21:00,358,55.6931,55.69,55.71,55.71,55.69,8
2024-03-28 19:22:00,617,55.6551,55.66,55.64,55.66,55.64,37
2024-03-28 19:23:00,343,55.5888,55.58,55.565,55.58,55.565,25
2024-03-28 19:24:00,275,55.5735,55.56,55.57,55.57,55.56,19
2024-03-28 19:25:00,4367,55.6019,55.585,55.61,55.62,55.58,83
2024-03-28 19:26:00,326,55.6494,55.645,55.645,55.645,55.645,16
2024-03-28 19:27:00,626,55.6109,55.62,55.62,55.62,55.62,15
2024-03-28 19:28:00,537,55.5805,55.6,55.58,55.6,55.57,14
2024-03-28 19:29:00,980,55.5679,55.5686,55.53,55.5686,55.53,38
2024-03-28 19:30:00,2000,55.4534,55.51,55.41,55.51,55.41,67
2024-03-28 19:31:00,776,55.3916,55.41,55.38,55.41,55.38,32
2024-03-28 19:32:00,2570,55.4324,55.4,55.49,55.49,55.4,65
2024-03-28 19:33:00,887,55.4666,55.47,55.45,55.47,55.45,24
2024-03-28 19:34:00,1141,55.5191,55.52,55.52,55.52,55.51,34
2024-03-28 19:35:00,1977,55.5736,55.555,55.595,55.61,55.555,36
2024-03-28 19:36:00,2635,55.5907,55.615,55.65,55.65,55.55,53
2024-03-28 19:37:00,142,55.6276,55.625,55.625,55.625,55.625,8
2024-03-28 19:38:00,2185,55.6077,55.625,55.615,55.625,55.6,54
2024-03-28 19:39:00,325,55.6066,55.6125,55.6125,55.6125,55.6125,13
2024-03-28 19:40:00,487,55.6303,55.625,55.62,55.65,55.62,11
2024-03-28 19:41:00,1344,55.6523,55.65,55.65,55.669,55.65,39
2024-03-28 19:42:00,2614,55.6354,55.67,55.6,55.67,55.59,86
2024-03-28 19:43:00,1458,55.6223,55.62,55.61,55.63,55.61,32
2024-03-28 19:45:00,6836,55.4864,55.61,55.46,55.61,55.4,152
2024-03-28 19:46:00,1866,55.3693,55.44,55.33,55.44,55.33,56
2024-03-28 19:47:00,2222,55.2895,55.31,55.23,55.341,55.23,58
2024-03-28 19:48:00,1382,55.1767,55.2,55.1738,55.2,55.145,26
2024-03-28 19:49:00,7456,55.1006,55.15,55.04,55.16,55.04,113
2024-03-28 19:50:00,7845,55.0406,55.08,55.03,55.13,55.0,120
2024-03-28 19:51:00,3622,55.0843,55.06,55.119,55.119,55.06,58
2024-03-28 19:52:00,3390,55.1302,55.12,55.15,55.15,55.11,47
2024-03-28 19:53:00,4067,55.1125,55.18,55.03,55.18,55.02,103
2024-03-28 19:54:00,15641,55.0192,55.04,55.0,55.06,54.98,248
2024-03-28 19:55:00,12245,54.9575,55.02,54.895,55.07,54.83,194
2024-03-28 19:56:00,5758,54.8917,54.91,54.85,54.95,54.84,99
2024-03-28 19:57:00,12525,54.9244,54.845,54.985,55.0,54.845,184
2024-03-28 19:58:00,11006,54.9994,54.99,54.94,55.05,54.93,187
2024-03-28 19:59:00,51780,54.8099,54.93,54.74,54.97,54.65,468
2024-03-28 20:00:00,2628,54.6907,54.69,54.69,54.69,54.69,9
2024-03-28 21:52:00,108,55.0,55.0,55.0,55.0,55.0,2
