t,v,vw,o,c,h,l,n
2024-04-17 11:21:00,571,43.5,43.5,43.5,43.5,43.5,1
2024-04-17 12:21:00,1821,43.0011,43.0,43.01,43.01,43.0,13
2024-04-17 12:22:00,405,43.1427,43.09,43.16,43.16,43.09,3
2024-04-17 12:23:00,1610,43.1173,43.16,43.1,43.16,43.1,6
2024-04-17 12:24:00,531,43.5514,43.5,43.51,43.76,43.5,6
2024-04-17 12:25:00,1520,43.6493,43.65,43.64,43.65,43.64,12
2024-04-17 12:26:00,1797,43.6094,43.61,43.6,43.61,43.6,16
2024-04-17 12:27:00,1200,43.56,43.56,43.56,43.56,43.56,9
2024-04-17 12:28:00,2230,43.5501,43.56,43.54,43.56,43.54,20
2024-04-17 12:29:00,200,43.205,43.2,43.2,43.2,43.2,3
2024-04-17 12:31:00,694,43.1563,43.15,43.16,43.16,43.15,19
2024-04-17 12:35:00,188,43.26,43.26,43.26,43.26,43.26,3
2024-04-17 12:38:00,210,43.3248,43.33,43.33,43.33,43.33,5
2024-04-17 12:39:00,3474,43.2976,43.3,43.3,43.3,43.3,26
2024-04-17 12:41:00,2506,43.3394,43.29,43.58,43.58,43.28,28
2024-04-17 12:42:00,431,43.567,43.58,43.55,43.58,43.55,9
2024-04-17 12:43:00,2259,43.5505,43.55,43.55,43.56,43.55,21
2024-04-17 12:44:00,202,43.3103,43.34,43.28,43.34,43.28,4
2024-04-17 13:03:00,2263,43.4166,43.46,43.45,43.46,43.45,20
2024-04-17 13:04:00,775,43.4794,43.44,43.44,43.44,43.44,13
2024-04-17 13:05:00,327,43.5703,43.63,43.63,43.63,43.63,6
2024-04-17 13:07:00,100,43.59,43.59,43.59,43.59,43.59,1
2024-04-17 13:10:00,392,43.5919,43.61,43.61,43.61,43.61,8
2024-04-17 13:26:00,200,44.0,44.0,44.0,44.0,44.0,1
2024-04-17 13:30:00,6893,44.1364,44.14,44.1,44.14,43.99,49
2024-04-17 13:31:00,645,43.8482,43.78,43.781,43.79,43.78,20
2024-04-17 13:32:00,366,43.9267,43.83,44.09,44.09,43.83,6
2024-04-17 13:33:00,519,43.9165,43.82,44.09,44.09,43.76,13
2024-04-17 13:34:00,303,43.8121,43.81,43.79,43.82,43.79,6
2024-04-17 13:35:00,769,43.8283,43.76,43.82,43.82,43.76,22
2024-04-17 13:36:00,494,43.8429,43.765,43.74,43.765,43.74,10
2024-04-17 13:37:00,2072,43.7259,43.865,43.75,43.865,43.53,28
2024-04-17 13:39:00,387,43.4335,43.4,43.4,43.4,43.4,13
2024-04-17 13:40:00,340,43.3922,43.36,43.39,43.39,43.36,10
2024-04-17 13:41:00,616,43.2589,43.34,43.26,43.35,43.26,32
2024-04-17 13:42:00,431,43.0756,43.005,43.02,43.02,43.005,21
2024-04-17 13:43:00,472,43.0235,43.02,43.005,43.02,43.005,12
2024-04-17 13:44:00,5752,43.4346,43.41,43.48,43.58,43.31,84
2024-04-17 13:45:00,6308,43.5232,43.42,43.52,43.575,43.42,82
2024-04-17 13:46:00,342,43.5543,43.52,43.52,43.52,43.52,12
2024-04-17 13:47:00,218,43.5738,43.61,43.61,43.61,43.61,8
2024-04-17 13:48:00,1130,43.4004,43.57,43.345,43.57,43.345,30
2024-04-17 13:49:00,353,43.12,43.165,43.15,43.165,43.01,10
2024-04-17 13:50:00,4818,43.3854,43.23,43.31,43.49,42.995,51
2024-04-17 13:53:00,331,43.1666,43.015,43.46,43.46,43.015,6
2024-04-17 13:54:00,306,43.0115,43.01,42.995,43.015,42.995,5
2024-04-17 13:55:00,221,43.0372,43.015,43.02,43.02,43.015,5
2024-04-17 13:56:00,610,43.1474,43.235,43.1707,43.235,43.08,8
2024-04-17 13:57:00,454,43.1081,43.105,43.095,43.11,43.095,9
2024-04-17 13:58:00,256,43.1114,43.1,43.095,43.1,43.095,6
2024-04-17 13:59:00,1519,43.0788,43.105,43.09,43.11,43.05,34
2024-04-17 14:00:00,1831,43.001,43.005,42.97,43.005,42.97,20
2024-04-17 14:01:00,1618,42.9858,42.9615,43.0,43.0,42.875,14
2024-04-17 14:02:00,280,42.8706,42.855,42.855,42.855,42.855,15
2024-04-17 14:03:00,2277,42.7815,42.82,42.69,42.85,42.69,34
2024-04-17 14:04:00,1358,42.7793,42.78,42.73,42.81,42.73,21
2024-04-17 14:05:00,8770,42.9085,42.94,42.815,42.94,42.68,29
2024-04-17 14:06:00,850,42.6236,42.67,42.55,42.67,42.55,32
2024-04-17 14:07:00,1718,42.6484,42.545,42.66,42.77,42.545,28
2024-04-17 14:08:00,2707,42.7939,42.55,42.95,42.95,42.55,50
2024-04-17 14:09:00,889,42.987,43.0,42.945,43.0,42.945,19
2024-04-17 14:10:00,1029,43.0644,43.07,43.11,43.11,43.03,22
2024-04-17 14:11:00,887,42.9565,42.96,42.94,42.96,42.94,29
2024-04-17 14:12:00,1751,42.8263,42.87,42.85,42.87,42.78,39
2024-04-17 14:13:00,4031,42.8581,42.785,42.86,42.9,42.785,19
2024-04-17 14:15:00,480,42.8585,42.785,42.785,42.785,42.785,15
2024-04-17 14:16:00,415,42.7946,42.8,42.79,42.8,42.79,12
2024-04-17 14:17:00,1558,42.9869,43.0,43.02,43.02,42.94,29
2024-04-17 14:18:00,6176,42.9523,42.965,42.95,43.08,42.92,39
2024-04-17 14:19:00,385,42.9481,42.975,42.89,42.975,42.89,10
2024-04-17 14:20:00,1725,43.0674,42.95,43.07,43.1,42.95,16
2024-04-17 14:21:00,670,43.0445,42.975,42.985,43.09,42.975,14
2024-04-17 14:22:00,1422,43.1358,43.17,43.19,43.19,43.11,43
2024-04-17 14:23:00,7612,43.174,43.1516,43.19,43.28,43.15,62
2024-04-17 14:25:00,1450,43.3534,43.3,43.375,43.46,43.29,34
2024-04-17 14:26:00,838,43.536,43.53,43.56,43.56,43.53,40
2024-04-17 14:27:00,9213,43.5071,43.555,43.465,43.555,43.37,96
2024-04-17 14:28:00,610,43.4779,43.465,43.465,43.54,43.465,15
2024-04-17 14:29:00,2886,43.5311,43.47,43.58,43.58,43.47,40
2024-04-17 14:31:00,4374,43.601,43.56,43.805,43.85,43.46,66
2024-04-17 14:34:00,1048,43.8309,43.805,43.88,43.88,43.8,18
2024-04-17 14:35:00,10566,43.8039,43.8,43.725,43.89,43.69,118
2024-04-17 14:36:00,2306,43.7005,43.78,43.595,43.78,43.595,38
2024-04-17 14:37:00,782,43.5828,43.595,43.55,43.595,43.55,19
2024-04-17 14:38:00,304,43.479,43.47,43.48,43.485,43.47,6
2024-04-17 14:39:00,215,43.4934,43.49,43.49,43.49,43.49,4
2024-04-17 14:40:00,105,43.5017,43.495,43.495,43.495,43.495,3
2024-04-17 14:41:00,1241,43.6119,43.5,43.59,43.68,43.5,23
2024-04-17 14:42:00,1047,43.7095,43.54,43.54,43.54,43.54,8
2024-04-17 14:43:00,1279,43.6038,43.72,43.7099,43.72,43.54,19
2024-04-17 14:44:00,946,43.533,43.535,43.52,43.535,43.52,14
2024-04-17 14:45:00,1029,43.521,43.5201,43.52,43.5201,43.52,25
2024-04-17 14:46:00,1680,43.5676,43.475,43.49,43.64,43.47,19
2024-04-17 14:47:00,120,43.4941,43.49,43.49,43.49,43.49,4
2024-04-17 14:48:00,1587,43.5984,43.65,43.54,43.66,43.5,27
2024-04-17 14:49:00,4237,43.5661,43.53,43.56,43.61,43.52,59
2024-04-17 14:50:00,425,43.5757,43.58,43.565,43.58,43.565,7
2024-04-17 14:51:00,6352,43.4922,43.51,43.435,43.51,43.42,55
2024-04-17 14:52:00,1715,43.3679,43.38,43.32,43.39,43.3,52
2024-04-17 14:53:00,391,43.3159,43.32,43.32,43.32,43.32,13
2024-04-17 14:55:00,1261,43.4133,43.42,43.4,43.44,43.4,21
2024-04-17 14:57:00,323,43.3888,43.39,43.39,43.39,43.39,9
2024-04-17 14:58:00,188,43.3544,43.325,43.325,43.325,43.325,9
2024-04-17 14:59:00,905,43.4096,43.325,43.46,43.46,43.325,16
2024-04-17 15:00:00,282,43.362,43.335,43.345,43.345,43.335,5
2024-04-17 15:01:00,3707,43.4852,43.37,43.54,43.54,43.35,48
2024-04-17 15:02:00,402,43.4603,43.4,43.47,43.47,43.4,7
2024-04-17 15:03:00,110,43.4156,43.41,43.41,43.41,43.41,2
2024-04-17 15:04:00,3525,43.5209,43.53,43.54,43.55,43.445,37
2024-04-17 15:05:00,1782,43.4421,43.505,43.39,43.505,43.39,40
2024-04-17 15:06:00,501,43.3691,43.355,43.35,43.425,43.35,5
2024-04-17 15:07:00,7691,43.273,43.35,43.12,43.35,43.12,46
2024-04-17 15:08:00,103,43.1181,43.115,43.115,43.115,43.115,3
2024-04-17 15:09:00,3207,43.2634,43.13,43.295,43.34,43.13,54
2024-04-17 15:10:00,337,43.3574,43.375,43.375,43.375,43.375,12
2024-04-17 15:11:00,851,43.4209,43.42,43.48,43.48,43.42,23
2024-04-17 15:13:00,121,43.4104,43.41,43.41,43.41,43.41,4
2024-04-17 15:14:00,11721,43.5982,43.45,43.62,43.71,43.43,145
2024-04-17 15:16:00,422,43.6027,43.61,43.595,43.61,43.595,8
2024-04-17 15:18:00,2860,43.4841,43.5949,43.45,43.5949,43.43,64
2024-04-17 15:19:00,1158,43.4282,43.41,43.435,43.46,43.41,22
2024-04-17 15:20:00,1623,43.4773,43.45,43.4,43.51,43.4,25
2024-04-17 15:21:00,578,43.3953,43.39,43.39,43.39,43.39,7
2024-04-17 15:22:00,1575,43.4077,43.39,43.405,43.43,43.39,36
2024-04-17 15:23:00,105,43.4076,43.405,43.405,43.405,43.405,2
2024-04-17 15:24:00,432,43.4,43.4,43.4,43.4,43.4,11
2024-04-17 15:25:00,203,43.3857,43.39,43.38,43.39,43.38,4
2024-04-17 15:27:00,145,43.3981,43.385,43.385,43.385,43.385,3
2024-04-17 15:28:00,1409,43.4942,43.5,43.41,43.52,43.4,12
2024-04-17 15:29:00,2170,43.3974,43.4,43.4,43.4,43.37,42
2024-04-17 15:30:00,1647,43.3572,43.36,43.36,43.36,43.36,33
2024-04-17 15:31:00,895,43.2839,43.3,43.295,43.3,43.29,24
2024-04-17 15:32:00,6326,43.2457,43.25,43.22,43.25,43.16,36
2024-04-17 15:33:00,1304,43.2379,43.215,43.23,43.28,43.215,18
2024-04-17 15:34:00,4995,43.3322,43.23,43.34,43.4025,43.2,69
2024-04-17 15:35:00,1496,43.4692,43.46,43.485,43.49,43.46,15
2024-04-17 15:36:00,271,43.4563,43.455,43.455,43.455,43.455,2
2024-04-17 15:39:00,2148,43.4796,43.51,43.515,43.54,43.51,32
2024-04-17 15:41:00,407,43.6126,43.67,43.67,43.67,43.67,12
2024-04-17 15:43:00,202,43.5264,43.525,43.525,43.525,43.525,4
2024-04-17 15:44:00,1641,43.5569,43.545,43.55,43.55,43.54,33
2024-04-17 15:45:00,308,43.5455,43.505,43.565,43.565,43.505,6
2024-04-17 15:46:00,1292,43.5046,43.5,43.505,43.555,43.5,4
2024-04-17 15:47:00,722,43.5803,43.505,43.59,43.605,43.505,8
2024-04-17 15:49:00,5143,43.5,43.52,43.44,43.52,43.44,44
2024-04-17 15:50:00,233,43.4942,43.44,43.44,43.44,43.44,6
2024-04-17 15:51:00,1414,43.5615,43.45,43.585,43.585,43.45,19
2024-04-17 15:52:00,110,43.5264,43.52,43.52,43.52,43.52,2
2024-04-17 15:53:00,220,43.5556,43.515,43.515,43.515,43.515,7
2024-04-17 15:54:00,643,43.6197,43.6,43.54,43.65,43.54,17
2024-04-17 15:55:00,135,43.5564,43.54,43.54,43.54,43.54,8
2024-04-17 15:56:00,837,43.6277,43.55,43.6,43.65,43.55,13
2024-04-17 15:57:00,377,43.666,43.74,43.66,43.74,43.6,10
2024-04-17 15:58:00,2629,43.6549,43.6,43.71,43.71,43.59,47
2024-04-17 15:59:00,607,43.6605,43.715,43.69,43.715,43.69,14
2024-04-17 16:00:00,596,43.6837,43.68,43.68,43.68,43.68,22
2024-04-17 16:01:00,1118,43.6805,43.68,43.68,43.68,43.68,10
2024-04-17 16:02:00,2431,43.6716,43.68,43.66,43.68,43.63,69
2024-04-17 16:03:00,1749,43.6778,43.67,43.7,43.75,43.67,19
2024-04-17 16:04:00,1947,43.6957,43.69,43.68,43.715,43.68,32
2024-04-17 16:05:00,902,43.6742,43.68,43.68,43.68,43.66,34
2024-04-17 16:06:00,935,43.6312,43.61,43.635,43.635,43.61,19
2024-04-17 16:07:00,1855,43.6824,43.68,43.715,43.715,43.67,26
2024-04-17 16:08:00,1019,43.7487,43.75,43.755,43.755,43.715,31
2024-04-17 16:09:00,824,43.8,43.8,43.825,43.825,43.8,11
2024-04-17 16:10:00,699,43.9329,43.89,44.07,44.07,43.89,29
2024-04-17 16:11:00,148,44.0293,44.035,44.035,44.035,44.035,6
2024-04-17 16:12:00,178,44.0366,44.035,44.035,44.035,44.035,3
2024-04-17 16:14:00,2106,44.115,44.1,44.16,44.16,44.1,34
2024-04-17 16:15:00,435,44.168,44.12,44.17,44.17,44.12,11
2024-04-17 16:16:00,101,44.1208,44.12,44.12,44.12,44.12,2
2024-04-17 16:17:00,423,44.1445,44.16,44.17,44.17,44.16,8
2024-04-17 16:18:00,1406,44.223,44.21,44.245,44.245,44.21,25
2024-04-17 16:19:00,687,44.2589,44.2611,44.27,44.27,44.2501,16
2024-04-17 16:20:00,483,44.2766,44.29,44.29,44.29,44.29,13
2024-04-17 16:22:00,1698,44.1965,44.22,44.16,44.22,44.16,50
2024-04-17 16:23:00,737,44.1252,44.14,44.11,44.14,44.11,23
2024-04-17 16:24:00,411,44.1292,44.1,44.1,44.16,44.1,9
2024-04-17 16:25:00,370,44.1258,44.105,44.105,44.105,44.105,8
2024-04-17 16:26:00,1230,44.0961,44.1,44.1,44.1,44.09,35
2024-04-17 16:27:00,2277,44.1494,44.13,44.145,44.17,44.13,46
2024-04-17 16:28:00,528,44.145,44.145,44.145,44.145,44.145,11
2024-04-17 16:29:00,164,44.1469,44.145,44.145,44.145,44.145,11
2024-04-17 16:30:00,515,44.0962,44.1,44.1,44.1,44.1,28
2024-04-17 16:32:00,129,44.0734,44.055,44.055,44.055,44.055,4
2024-04-17 16:33:00,2582,44.011,44.03,44.0,44.05,43.94,63
2024-04-17 16:34:00,420,44.0236,43.945,44.05,44.05,43.945,4
2024-04-17 16:35:00,335,43.9794,43.97,44.015,44.015,43.96,7
2024-04-17 16:36:00,200,43.9611,43.96,43.96,43.96,43.96,4
2024-04-17 16:37:00,3367,43.9729,43.96,43.955,44.04,43.94,62
2024-04-17 16:38:00,101,43.955,43.955,43.955,43.955,43.955,2
2024-04-17 16:39:00,1223,43.9878,43.96,44.0,44.0,43.95,17
2024-04-17 16:40:00,28814,43.9968,44.045,43.86,44.045,43.86,115
2024-04-17 16:41:00,1032,43.8693,43.87,43.86,43.88,43.86,15
2024-04-17 16:42:00,1215,43.8703,43.86,43.85,43.86,43.85,33
2024-04-17 16:43:00,8688,43.8969,43.83,43.915,43.94,43.83,55
2024-04-17 16:44:00,7130,43.9036,43.88,43.89,43.93,43.87,69
2024-04-17 16:46:00,3349,43.8271,43.84,43.82,43.85,43.8,77
2024-04-17 16:47:00,1219,43.8789,43.87,43.91,43.91,43.87,21
2024-04-17 16:49:00,2022,43.9256,43.93,43.915,43.94,43.89,24
2024-04-17 16:50:00,5523,43.8806,43.95,43.81,43.95,43.76,140
2024-04-17 16:51:00,1295,43.8288,43.77,43.85,43.86,43.77,35
2024-04-17 16:52:00,622,43.8847,43.89,43.905,43.905,43.89,11
2024-04-17 16:53:00,132,43.9008,43.9,43.9,43.9,43.9,4
2024-04-17 16:54:00,4176,43.9921,43.92,44.08,44.08,43.92,62
2024-04-17 16:55:00,1835,44.1523,44.16,44.16,44.16,44.16,45
2024-04-17 16:56:00,4832,44.2212,44.19,44.19,44.28,44.19,71
2024-04-17 16:57:00,1837,44.1594,44.16,44.17,44.17,44.16,30
2024-04-17 16:58:00,596,44.2075,44.21,44.21,44.21,44.21,15
2024-04-17 17:01:00,1098,44.2711,44.26,44.32,44.32,44.26,22
2024-04-17 17:02:00,736,44.2189,44.23,44.21,44.23,44.21,17
2024-04-17 17:03:00,850,44.1721,44.175,44.16,44.175,44.16,17
2024-04-17 17:04:00,897,44.1945,44.15,44.2,44.2,44.15,10
2024-04-17 17:06:00,10271,44.0871,44.15,44.19,44.2,44.06,65
2024-04-17 17:07:00,1625,44.2063,44.24,44.2,44.24,44.18,34
2024-04-17 17:08:00,26833,44.2584,44.25,44.46,44.46,44.25,46
2024-04-17 17:10:00,4293,44.486,44.4,44.47,44.585,44.4,87
2024-04-17 17:11:00,1953,44.4204,44.46,44.37,44.46,44.37,48
2024-04-17 17:13:00,368,44.3727,44.37,44.37,44.37,44.37,12
2024-04-17 17:14:00,398,44.3138,44.31,44.31,44.31,44.31,15
2024-04-17 17:15:00,494,44.2929,44.28,44.28,44.28,44.28,7
2024-04-17 17:16:00,2142,44.3824,44.36,44.45,44.45,44.36,30
2024-04-17 17:17:00,724,44.393,44.4013,44.34,44.44,44.34,26
2024-04-17 17:18:00,1300,44.4154,44.34,44.44,44.44,44.34,31
2024-04-17 17:20:00,7339,44.5009,44.5,44.53,44.53,44.5,38
2024-04-17 17:21:00,6305,44.5434,44.52,44.585,44.585,44.52,52
2024-04-17 17:22:00,12319,44.5927,44.52,44.62,44.62,44.52,63
2024-04-17 17:25:00,2193,44.4796,44.55,44.45,44.55,44.41,50
2024-04-17 17:27:00,503,44.3593,44.33,44.33,44.33,44.33,17
2024-04-17 17:28:00,2263,44.4412,44.335,44.51,44.51,44.335,37
2024-04-17 17:29:00,1708,44.5494,44.52,44.64,44.64,44.52,38
2024-04-17 17:30:00,3438,44.7082,44.66,44.7,44.79,44.66,72
2024-04-17 17:31:00,1273,44.6522,44.64,44.64,44.65,44.64,32
2024-04-17 17:33:00,1069,44.694,44.7195,44.7195,44.7195,44.7195,22
2024-04-17 17:34:00,3672,44.6735,44.64,44.655,44.69,44.64,79
2024-04-17 17:36:00,2408,44.7178,44.71,44.76,44.76,44.71,34
2024-04-17 17:37:00,968,44.7627,44.76,44.8,44.8,44.76,28
2024-04-17 17:38:00,1046,44.805,44.81,44.81,44.81,44.81,23
2024-04-17 17:41:00,8120,44.868,44.72,44.8693,44.93,44.72,55
2024-04-17 17:42:00,789,44.8059,44.8,44.8,44.8,44.79,38
2024-04-17 17:43:00,7729,44.7932,44.78,44.84,44.84,44.77,51
2024-04-17 17:44:00,1263,44.8931,44.91,44.9,44.91,44.8673,29
2024-04-17 17:45:00,2048,44.8653,44.92,44.78,44.92,44.78,48
2024-04-17 17:46:00,851,44.7012,44.73,44.69,44.73,44.69,30
2024-04-17 17:47:00,674,44.6968,44.7,44.7,44.7,44.7,10
2024-04-17 17:50:00,171,44.6775,44.66,44.66,44.66,44.66,5
2024-04-17 17:51:00,1593,44.6241,44.65,44.61,44.65,44.6,39
2024-04-17 17:52:00,238,44.557,44.55,44.55,44.55,44.55,5
2024-04-17 17:53:00,228,44.6554,44.555,44.555,44.555,44.555,6
2024-04-17 17:54:00,2775,44.6708,44.555,44.71,44.71,44.555,75
2024-04-17 17:57:00,1232,44.699,44.705,44.66,44.71,44.66,28
2024-04-17 17:58:00,1085,44.7546,44.755,44.755,44.755,44.755,8
2024-04-17 17:59:00,6737,44.8616,44.695,44.9399,44.9399,44.695,39
2024-04-17 18:01:00,113,44.8726,44.865,44.865,44.865,44.865,3
2024-04-17 18:03:00,669,44.8375,44.8,44.81,44.87,44.8,18
2024-04-17 18:04:00,354,44.8472,44.82,44.82,44.82,44.82,7
2024-04-17 18:05:00,1641,44.8336,44.875,44.79,44.875,44.79,25
2024-04-17 18:07:00,358,44.801,44.81,44.81,44.81,44.81,12
2024-04-17 18:09:00,290,44.8168,44.81,44.8,44.81,44.8,11
2024-04-17 18:10:00,903,44.7957,44.8,44.76,44.8,44.76,29
2024-04-17 18:11:00,1951,44.7772,44.86,44.76,44.86,44.75,27
2024-04-17 18:12:00,4002,44.8376,44.705,44.935,44.935,44.705,82
2024-04-17 18:14:00,1505,44.8908,44.89,44.91,44.91,44.88,26
2024-04-17 18:16:00,1835,44.7925,44.84,44.77,44.84,44.77,53
2024-04-17 18:17:00,214,44.6873,44.68,44.69,44.69,44.68,3
2024-04-17 18:18:00,216,44.7025,44.69,44.69,44.69,44.69,9
2024-04-17 18:19:00,2682,44.8164,44.81,44.81,44.84,44.755,47
2024-04-17 18:20:00,1475,44.8587,44.84,44.86,44.93,44.84,37
2024-04-17 18:21:00,947,44.8312,44.83,44.82,44.83,44.81,22
2024-04-17 18:23:00,188,44.775,44.745,44.745,44.745,44.745,8
2024-04-17 18:24:00,268,44.7519,44.74,44.74,44.74,44.74,15
2024-04-17 18:25:00,170,44.7592,44.74,44.74,44.74,44.74,10
2024-04-17 18:26:00,3292,44.8149,44.745,44.85,44.85,44.74,77
2024-04-17 18:27:00,417,44.883,44.91,44.91,44.91,44.91,28
2024-04-17 18:28:00,2349,44.9256,44.91,44.92,44.98,44.91,59
2024-04-17 18:29:00,428,44.9594,44.93,44.99,44.99,44.93,16
2024-04-17 18:30:00,411,44.9376,44.95,44.95,44.95,44.95,25
2024-04-17 18:32:00,3353,44.9963,44.99,45.01,45.06,44.945,76
2024-04-17 18:33:00,1754,44.9617,44.96,44.97,44.97,44.96,48
2024-04-17 18:34:00,314,44.9701,44.97,44.97,44.97,44.97,9
2024-04-17 18:36:00,2391,45.0607,45.01,45.15,45.15,45.01,69
2024-04-17 18:37:00,953,45.1301,45.14,45.14,45.14,45.14,30
2024-04-17 18:38:00,1263,45.1604,45.14,45.205,45.205,45.14,50
2024-04-17 18:39:00,1979,45.1633,45.205,45.15,45.205,45.14,57
2024-04-17 18:40:00,549,45.2359,45.22,45.22,45.22,45.22,25
2024-04-17 18:41:00,336,45.182,45.2,45.2,45.2,45.2,8
2024-04-17 18:42:00,579,45.3349,45.32,45.38,45.38,45.32,17
2024-04-17 18:44:00,361,45.4033,45.47,45.47,45.47,45.47,18
2024-04-17 18:45:00,735,45.3872,45.35,45.4,45.4,45.35,21
2024-04-17 18:46:00,557,45.4195,45.44,45.375,45.45,45.375,25
2024-04-17 18:47:00,13391,45.4689,45.435,45.36,45.6,45.36,243
2024-04-17 18:48:00,136,45.441,45.435,45.435,45.435,45.435,7
2024-04-17 18:49:00,856,45.3603,45.37,45.37,45.37,45.37,44
2024-04-17 18:50:00,427,45.3348,45.38,45.38,45.38,45.38,15
2024-04-17 18:51:00,1720,45.2908,45.3,45.285,45.3,45.24,40
2024-04-17 18:52:00,1763,45.2715,45.27,45.33,45.33,45.22,31
2024-04-17 18:53:00,2952,45.2334,45.24,45.25,45.25,45.195,64
2024-04-17 18:54:00,5063,45.2002,45.21,45.21,45.25,45.16,87
2024-04-17 18:55:00,5532,45.2563,45.29,45.29,45.29,45.18,128
2024-04-17 18:56:00,1848,45.2801,45.29,45.33,45.33,45.25,39
2024-04-17 18:57:00,2120,45.2933,45.23,45.305,45.32,45.23,53
2024-04-17 18:58:00,961,45.2751,45.29,45.25,45.29,45.25,55
2024-04-17 18:59:00,2544,45.1202,45.2,45.035,45.2,45.035,70
2024-04-17 19:00:00,1211,44.9931,45.03,44.95,45.03,44.95,63
2024-04-17 19:01:00,613,44.8657,44.88,44.83,44.88,44.82,19
2024-04-17 19:02:00,1284,44.8106,44.835,44.7,44.835,44.7,26
2024-04-17 19:03:00,876,44.7258,44.755,44.71,44.755,44.71,31
2024-04-17 19:04:00,11010,44.9224,44.75,45.11,45.11,44.72,160
2024-04-17 19:05:00,1713,45.0823,45.075,45.095,45.095,45.02,47
2024-04-17 19:06:00,2602,44.9692,45.095,44.875,45.095,44.855,50
2024-04-17 19:07:00,2260,44.8979,44.92,44.86,44.92,44.86,42
2024-04-17 19:08:00,774,44.8048,44.82,44.815,44.82,44.815,29
2024-04-17 19:10:00,809,44.7697,44.74,44.79,44.79,44.74,31
2024-04-17 19:11:00,1627,44.7669,44.79,44.75,44.79,44.75,45
2024-04-17 19:12:00,4355,44.7582,44.73,44.785,44.8,44.66,60
2024-04-17 19:13:00,1085,44.8086,44.785,44.8,44.8,44.785,20
2024-04-17 19:14:00,483,44.7873,44.785,44.785,44.785,44.785,20
2024-04-17 19:15:00,716,44.8209,44.79,44.805,44.84,44.79,23
2024-04-17 19:16:00,2094,44.8292,44.84,44.81,44.84,44.81,56
2024-04-17 19:17:00,453,44.828,44.815,44.86,44.86,44.815,15
2024-04-17 19:18:00,982,44.7795,44.78,44.75,44.78,44.75,30
2024-04-17 19:19:00,125,44.7651,44.76,44.76,44.76,44.76,6
2024-04-17 19:20:00,3599,44.8423,44.75,44.81,44.885,44.75,83
2024-04-17 19:21:00,2936,44.7019,44.79,44.59,44.79,44.59,68
2024-04-17 19:22:00,3003,44.639,44.65,44.61,44.65,44.61,58
2024-04-17 19:23:00,1314,44.6496,44.65,44.65,44.65,44.62,29
2024-04-17 19:24:00,3823,44.6735,44.64,44.75,44.75,44.6,76
2024-04-17 19:25:00,2551,44.7706,44.815,44.74,44.815,44.73,71
2024-04-17 19:26:00,1485,44.8164,44.79,44.81,44.82,44.79,36
2024-04-17 19:28:00,2212,44.8083,44.81,44.78,44.83,44.78,64
2024-04-17 19:29:00,1856,44.7526,44.76,44.75,44.77,44.72,33
2024-04-17 19:30:00,3817,44.7857,44.78,44.815,44.815,44.78,75
2024-04-17 19:31:00,1301,44.8424,44.82,44.85,44.85,44.82,38
2024-04-17 19:32:00,2408,44.8029,44.84,44.77,44.84,44.77,53
2024-04-17 19:33:00,708,44.7191,44.71,44.735,44.735,44.71,16
2024-04-17 19:34:00,5393,44.7562,44.7,44.76,44.83,44.685,90
2024-04-17 19:35:00,1283,44.7874,44.815,44.77,44.815,44.77,42
2024-04-17 19:36:00,1039,44.7777,44.77,44.76,44.77,44.76,23
2024-04-17 19:37:00,1385,44.7523,44.75,44.75,44.7504,44.75,32
2024-04-17 19:38:00,1661,44.7145,44.72,44.71,44.725,44.7,46
2024-04-17 19:39:00,5639,44.7669,44.71,44.74,44.815,44.71,111
2024-04-17 19:40:00,1735,44.7006,44.7,44.67,44.7132,44.67,45
2024-04-17 19:41:00,4113,44.6971,44.67,44.72,44.73,44.65,68
2024-04-17 19:42:00,2446,44.6768,44.71,44.63,44.71,44.63,54
2024-04-17 19:43:00,281,44.6098,44.595,44.595,44.595,44.595,9
2024-04-17 19:44:00,6259,44.653,44.59,44.68,44.7,44.59,127
2024-04-17 19:45:00,2067,44.6213,44.66,44.56,44.66,44.56,40
2024-04-17 19:46:00,4810,44.5731,44.56,44.59,44.59,44.53,59
2024-04-17 19:47:00,3219,44.5955,44.595,44.52,44.64,44.52,72
2024-04-17 19:48:00,1756,44.5055,44.53,44.5,44.53,44.49,26
2024-04-17 19:49:00,5277,44.4958,44.45,44.51,44.52,44.45,75
2024-04-17 19:50:00,8751,44.3739,44.5,44.26,44.51,44.23,158
2024-04-17 19:51:00,4793,44.2499,44.23,44.23,44.27,44.19,102
2024-04-17 19:52:00,3435,44.304,44.23,44.285,44.285,44.23,55
2024-04-17 19:53:00,5491,44.3056,44.29,44.3,44.34,44.27,123
2024-04-17 19:54:00,3609,44.2351,44.29,44.21,44.29,44.2,87
2024-04-17 19:55:00,4191,44.1854,44.2,44.2,44.2,44.14,79
2024-04-17 19:56:00,11311,44.1181,44.18,44.055,44.21,44.05,173
2024-04-17 19:57:00,10552,44.0491,44.05,44.07,44.09,44.02,168
2024-04-17 19:58:00,12418,44.118,44.09,44.14,44.16,44.08,187
2024-04-17 19:59:00,28302,44.1195,44.125,44.01,44.23,44.01,467
2024-04-17 20:00:00,983,44.03,44.03,44.03,44.03,44.03,9
2024-04-17 20:02:00,5986,43.1117,43.54,43.0,43.54,42.7,33
2024-04-17 20:05:00,1066,42.2759,42.0,42.06,42.49,42.0,24
2024-04-17 20:06:00,622,42.0643,42.08,42.0,42.08,42.0,3
2024-04-17 20:07:00,2211,41.9657,42.08,41.5,42.08,41.5,23
2024-04-17 20:10:00,5000,41.9411,41.92,41.95,41.95,41.92,5
2024-04-17 20:13:00,3013,41.9195,41.88,42.05,42.05,41.88,9
2024-04-17 20:14:00,4610,42.1701,42.07,42.5,42.5,41.96,11
2024-04-17 20:16:00,500,42.502,42.51,42.5,42.51,42.5,3
2024-04-17 20:18:00,5466,42.5244,42.51,42.78,42.78,42.5,13
2024-04-17 20:19:00,1000,42.85,42.85,42.85,42.85,42.85,7
2024-04-17 20:20:00,117,43.0215,42.85,42.85,42.85,42.85,2
2024-04-17 20:22:00,370,42.8436,42.85,42.85,42.85,42.85,4
2024-04-17 20:23:00,764,42.9495,42.85,42.99,42.99,42.85,3
2024-04-17 20:24:00,200,42.99,42.99,42.99,42.99,42.99,1
2024-04-17 20:25:00,1100,42.99,42.99,42.99,42.99,42.99,4
2024-04-17 20:27:00,3183,42.7721,42.99,42.5,42.99,42.5,25
2024-04-17 20:29:00,100,42.52,42.52,42.52,42.52,42.52,1
2024-04-17 20:32:00,18595,42.5006,42.51,42.5,42.51,42.5,100
2024-04-17 20:33:00,390,42.5,42.5,42.5,42.5,42.5,2
2024-04-17 20:35:00,600,42.5,42.5,42.5,42.5,42.5,3
2024-04-17 20:45:00,400,42.375,42.4,42.35,42.4,42.35,3
2024-04-17 20:47:00,249,42.4,42.4,42.4,42.4,42.4,1
2024-04-17 20:48:00,1010,42.305,42.35,42.3,42.35,42.3,3
2024-04-17 20:49:00,1000,42.301,42.31,42.3,42.31,42.3,3
2024-04-17 20:50:00,200,42.3002,42.3,42.3,42.3,42.3,3
2024-04-17 20:54:00,199,42.3003,42.3,42.3,42.3,42.3,2
2024-04-17 20:57:00,300,42.3425,42.35,42.35,42.35,42.35,3
2024-04-17 21:14:00,10168,42.3002,42.3,42.31,42.31,42.3,4
2024-04-17 21:27:00,201,42.3051,42.31,42.3,42.31,42.3,3
2024-04-17 23:57:00,500,42.3648,42.3,42.4,42.4,42.3,4
2024-04-18 10:00:00,206,42.4015,42.4,42.4,42.4,42.4,4
2024-04-18 10:23:00,266,42.0,42.0,42.0,42.0,42.0,1
2024-04-18 10:27:00,100,42.0,42.0,42.0,42.0,42.0,1
2024-04-18 10:35:00,250,41.75,41.75,41.75,41.75,41.75,2
2024-04-18 10:38:00,282,41.8489,41.85,41.85,41.85,41.85,4
2024-04-18 10:45:00,500,41.98,41.98,41.98,41.98,41.98,1
2024-04-18 11:03:00,400,41.7554,41.75,41.77,41.77,41.75,3
2024-04-18 11:07:00,250,41.7507,41.75,41.75,41.75,41.75,3
2024-04-18 11:09:00,300,41.77,41.77,41.77,41.77,41.77,3
2024-04-18 11:14:00,647,41.9709,41.96,42.0,42.0,41.96,8
2024-04-18 11:31:00,100,42.0,42.0,42.0,42.0,42.0,1
2024-04-18 11:46:00,200,42.2186,42.22,42.22,42.22,42.22,3
2024-04-18 12:00:00,565,42.0684,42.01,42.17,42.17,42.01,3
2024-04-18 12:01:00,255,41.9511,41.95,41.95,41.95,41.95,7
2024-04-18 12:02:00,130,41.8562,41.75,41.75,41.75,41.75,2
2024-04-18 12:03:00,253,42.0024,42.0,42.0,42.0,42.0,2
2024-04-18 12:04:00,251,42.0008,42.0,42.0,42.0,42.0,2
2024-04-18 12:07:00,10400,42.2498,42.24,42.25,42.25,42.24,10
2024-04-18 12:08:00,6600,42.2496,42.25,42.24,42.25,42.24,23
2024-04-18 12:09:00,1400,42.2379,42.24,42.22,42.24,42.22,6
2024-04-18 12:10:00,2555,42.215,42.2,42.23,42.23,42.19,16
2024-04-18 12:11:00,3312,42.2148,42.22,42.15,42.25,42.15,24
2024-04-18 12:12:00,812,42.1538,42.14,42.15,42.16,42.14,11
2024-04-18 12:13:00,800,42.17,42.16,42.18,42.18,42.16,9
2024-04-18 12:14:00,4329,42.1934,42.2,42.17,42.23,42.17,25
2024-04-18 12:16:00,1087,42.1995,42.1999,42.2,42.2,42.1999,4
2024-04-18 12:24:00,8719,42.2015,42.19,42.22,42.25,42.19,22
2024-04-18 12:27:00,150,42.22,42.22,42.22,42.22,42.22,1
2024-04-18 12:28:00,19142,42.2425,42.24,42.2,42.25,42.2,35
2024-04-18 12:30:00,6500,42.2456,42.25,42.2,42.25,42.2,17
2024-04-18 12:31:00,35326,42.2446,42.25,42.2,42.25,42.2,27
2024-04-18 12:32:00,1563,42.2495,42.25,42.25,42.25,42.25,10
2024-04-18 12:33:00,14888,42.2421,42.25,42.25,42.25,42.2,42
2024-04-18 12:34:00,1514,42.2596,42.25,42.25,42.25,42.25,14
2024-04-18 12:35:00,2500,42.3039,42.3,42.31,42.31,42.3,11
2024-04-18 12:36:00,1225,42.3998,42.4,42.4,42.4,42.4,9
2024-04-18 12:38:00,4601,42.3946,42.4,42.35,42.4,42.35,15
2024-04-18 12:40:00,1069,42.3556,42.35,42.4,42.4,42.35,14
2024-04-18 12:43:00,247,42.39,42.39,42.39,42.39,42.39,3
2024-04-18 12:44:00,15342,42.3907,42.39,42.32,42.4,42.3,35
2024-04-18 12:46:00,10034,42.4042,42.4,42.5,42.5,42.4,16
2024-04-18 12:47:00,3729,42.5974,42.6,42.6,42.6,42.55,31
2024-04-18 12:48:00,2837,42.5919,42.6,42.6,42.6,42.52,16
2024-04-18 12:49:00,827,42.5855,42.6,42.56,42.6,42.56,8
2024-04-18 12:50:00,3401,42.5957,42.6,42.55,42.6,42.55,33
2024-04-18 12:51:00,1448,42.5043,42.5,42.5,42.5,42.5,16
2024-04-18 12:53:00,8934,42.5654,42.6,42.58,42.6,42.5,22
2024-04-18 12:54:00,1550,42.5961,42.6,42.55,42.6,42.55,12
2024-04-18 12:55:00,2428,42.5668,42.6,42.5,42.6,42.5,17
2024-04-18 12:56:00,7531,42.4932,42.55,42.4,42.55,42.4,28
2024-04-18 13:01:00,14013,42.5074,42.42,42.4,42.6,42.4,74
2024-04-18 13:02:00,241,42.4847,42.42,42.42,42.42,42.42,4
2024-04-18 13:04:00,1110,42.7508,42.78,42.78,42.8,42.78,8
2024-04-18 13:06:00,1188,42.8246,42.73,42.86,42.91,42.73,13
2024-04-18 13:07:00,3318,42.9704,43.0,42.77,43.0,42.77,56
2024-04-18 13:08:00,966,42.8737,42.87,42.9,42.9,42.81,11
2024-04-18 13:10:00,1722,42.9024,42.9,42.9,42.9,42.9,16
2024-04-18 13:11:00,726,42.8989,42.9,42.9,42.9,42.9,5
2024-04-18 13:12:00,253,42.9013,42.9,42.9,42.9,42.9,15
2024-04-18 13:14:00,417,42.8514,42.85,42.85,42.85,42.85,8
2024-04-18 13:18:00,218,42.7517,42.75,42.75,42.75,42.75,6
2024-04-18 13:19:00,367,42.6982,42.7,42.69,42.7,42.69,3
2024-04-18 13:25:00,455,42.778,42.75,42.8,42.8,42.75,5
2024-04-18 13:26:00,2454,42.7153,42.78,42.71,42.78,42.71,21
2024-04-18 13:27:00,1086,42.8193,42.9,42.74,42.9,42.74,17
2024-04-18 13:28:00,3930,42.8863,42.9,42.89,42.9,42.76,64
2024-04-18 13:29:00,4324,42.8225,42.9,42.88,42.9,42.5,77
2024-04-18 13:30:00,6192,42.9912,42.9,43.055,43.1,42.85,85
2024-04-18 13:31:00,66308,42.9953,43.085,42.98,43.13,42.8,61
2024-04-18 13:32:00,93344,42.8942,43.0,42.8,43.31,42.54,703
2024-04-18 13:33:00,80628,43.0124,42.86,43.01,43.12,42.8,538
2024-04-18 13:34:00,28945,43.0359,43.0,43.02,43.12,42.92,302
2024-04-18 13:35:00,10751,43.047,43.025,43.06,43.11,43.0,74
2024-04-18 13:36:00,20032,43.0207,43.06,42.92,43.13,42.8633,183
2024-04-18 13:37:00,28436,42.6475,42.84,42.68,43.0,42.5,195
2024-04-18 13:38:00,15576,42.9107,42.74,42.925,43.07,42.74,152
2024-04-18 13:39:00,8186,42.9572,42.925,43.0,43.0,42.85,79
2024-04-18 13:40:00,5865,42.7726,42.89,42.665,42.945,42.62,54
2024-04-18 13:41:00,9043,42.6671,42.68,42.675,42.72,42.59,114
2024-04-18 13:42:00,12414,42.6222,42.675,42.57,42.73,42.5,129
2024-04-18 13:43:00,19390,42.4721,42.51,42.5,42.64,42.35,166
2024-04-18 13:44:00,13533,42.4398,42.52,42.35,42.56,42.3,121
2024-04-18 13:45:00,15208,42.2674,42.35,42.23,42.35,42.2,160
2024-04-18 13:46:00,4389,42.2679,42.23,42.28,42.33,42.23,53
2024-04-18 13:47:00,21991,42.1395,42.28,42.035,42.33,42.0,202
2024-04-18 13:48:00,22975,42.0417,42.0,42.15,42.18,42.0,263
2024-04-18 13:49:00,15943,42.239,42.15,42.32,42.36,42.08,153
2024-04-18 13:50:00,9005,42.2661,42.328,42.255,42.36,42.185,102
2024-04-18 13:51:00,1305,42.2479,42.19,42.19,42.32,42.19,23
2024-04-18 13:52:00,23893,42.0369,42.19,42.02,42.19,41.99,205
2024-04-18 13:53:00,19583,42.0107,42.025,42.02,42.06,41.99,168
2024-04-18 13:54:00,6843,42.0333,42.01,42.04,42.04,41.99,76
2024-04-18 13:55:00,44544,41.9603,42.015,41.75,42.04,41.75,257
2024-04-18 13:56:00,7123,41.6779,41.75,41.64,41.751,41.6,114
2024-04-18 13:57:00,27243,41.5418,41.66,41.5,41.76,41.455,332
2024-04-18 13:58:00,78454,41.4802,41.48,41.63,41.7785,41.27,513
2024-04-18 13:59:00,10439,41.7214,41.685,41.7,41.7798,41.685,123
2024-04-18 14:00:00,14053,41.5918,41.67,41.5,41.68,41.5,145
2024-04-18 14:01:00,23584,41.5123,41.5,41.42,41.6,41.42,207
2024-04-18 14:02:00,4810,41.4653,41.39,41.46,41.56,41.39,63
2024-04-18 14:03:00,16286,41.4496,41.44,41.32,41.515,41.28,147
2024-04-18 14:04:00,16422,41.2616,41.33,41.1,41.34,41.085,166
2024-04-18 14:05:00,19726,41.1636,41.145,41.285,41.3251,41.085,182
2024-04-18 14:06:00,2725,41.3865,41.33,41.43,41.43,41.33,39
2024-04-18 14:07:00,1196,41.4366,41.425,41.47,41.48,41.425,29
2024-04-18 14:08:00,4999,41.3883,41.4,41.31,41.47,41.31,65
2024-04-18 14:09:00,7064,41.2592,41.34,41.23,41.34,41.195,91
2024-04-18 14:10:00,12338,41.2566,41.26,41.21,41.32,41.19,137
2024-04-18 14:11:00,6775,41.2538,41.22,41.29,41.29,41.22,79
2024-04-18 14:12:00,35098,41.1614,41.26,41.03,41.29,41.02,297
2024-04-18 14:13:00,16019,41.1811,41.03,41.205,41.34,41.03,215
2024-04-18 14:14:00,51805,41.2529,41.265,41.2,41.335,41.2,181
2024-04-18 14:15:00,11044,41.2179,41.21,41.2,41.27,41.16,127
2024-04-18 14:16:00,6108,41.2703,41.24,41.28,41.3,41.2,82
2024-04-18 14:17:00,10221,41.3351,41.285,41.425,41.51,41.285,164
2024-04-18 14:18:00,21350,41.3486,41.51,41.32,41.51,41.29,225
2024-04-18 14:19:00,5906,41.2641,41.31,41.26,41.31,41.21,60
2024-04-18 14:20:00,8307,41.1838,41.26,41.13,41.26,41.101,104
2024-04-18 14:21:00,18601,41.0306,41.13,41.12,41.16,41.0,250
2024-04-18 14:22:00,2405,41.1061,41.13,41.125,41.14,41.06,43
2024-04-18 14:23:00,7434,41.1631,41.14,41.205,41.22,41.13,129
2024-04-18 14:24:00,18155,41.4017,41.19,41.46,41.58,41.18,265
2024-04-18 14:25:00,13801,41.5108,41.455,41.64,41.71,41.435,142
2024-04-18 14:26:00,13035,41.9831,41.695,41.7725,42.1,41.695,157
2024-04-18 14:27:00,6672,41.8828,41.99,41.79,41.99,41.79,110
2024-04-18 14:28:00,2076,41.7176,41.77,41.7,41.78,41.63,35
2024-04-18 14:29:00,17785,42.0041,41.705,42.02,42.1,41.705,180
2024-04-18 14:30:00,2907,42.1323,42.02,42.08,42.18,42.02,42
2024-04-18 14:31:00,14253,41.9413,42.16,41.72,42.16,41.72,148
2024-04-18 14:32:00,4297,41.8721,41.7979,41.98,41.99,41.73,66
2024-04-18 14:33:00,4005,41.9888,41.905,42.01,42.07,41.905,51
2024-04-18 14:34:00,7045,41.9149,41.995,41.875,42.05,41.86,59
2024-04-18 14:35:00,46274,41.9649,41.821,42.06,42.12,41.82,195
2024-04-18 14:36:00,2739,42.1126,42.065,42.17,42.17,42.05,44
2024-04-18 14:37:00,2883,42.225,42.145,42.23,42.25,42.145,43
2024-04-18 14:38:00,5883,42.2229,42.245,42.18,42.32,42.17,55
2024-04-18 14:39:00,14880,42.2215,42.245,42.13,42.3482,42.1,157
2024-04-18 14:40:00,8889,42.016,42.09,42.05,42.09,41.98,97
2024-04-18 14:41:00,320,42.1054,42.0708,42.09,42.09,42.0708,11
2024-04-18 14:42:00,6182,42.0629,42.18,41.965,42.18,41.965,51
2024-04-18 14:43:00,8165,42.0174,41.93,41.78,42.05,41.78,91
2024-04-18 14:44:00,7096,41.7717,41.82,41.775,41.82,41.745,79
2024-04-18 14:45:00,9470,41.842,41.775,41.75,41.83,41.75,110
2024-04-18 14:46:00,2148,41.7287,41.76,41.71,41.76,41.71,34
2024-04-18 14:47:00,2399,41.6999,41.74,41.69,41.74,41.65,32
2024-04-18 14:48:00,4916,41.7948,41.73,41.86,41.89,41.715,82
2024-04-18 14:49:00,1937,41.8984,41.89,41.95,41.95,41.88,31
2024-04-18 14:50:00,2601,41.9599,41.895,42.0,42.03,41.895,53
2024-04-18 14:51:00,4026,42.0895,42.1,42.15,42.18,42.05,79
2024-04-18 14:52:00,3951,42.0847,42.1,42.05,42.15,42.05,59
2024-04-18 14:53:00,608,42.0793,42.11,42.03,42.11,42.03,11
2024-04-18 14:54:00,2883,42.1179,42.085,42.17,42.17,42.05,34
2024-04-18 14:55:00,1165,42.1461,42.145,42.18,42.19,42.145,17
2024-04-18 14:56:00,30704,42.2007,42.145,42.12,42.32,42.11,243
2024-04-18 14:57:00,3397,42.0145,42.11,41.9,42.11,41.9,46
2024-04-18 14:58:00,3284,41.8841,41.91,41.865,41.9328,41.84,57
2024-04-18 14:59:00,2722,41.9115,41.865,41.88,41.94,41.865,33
2024-04-18 15:00:00,913,41.8899,41.88,41.875,41.88,41.84,15
2024-04-18 15:01:00,3585,41.8823,41.875,41.87,41.91,41.855,73
2024-04-18 15:02:00,825,41.8996,41.88,41.88,41.88,41.88,6
2024-04-18 15:03:00,3623,41.763,41.84,41.735,41.84,41.64,55
2024-04-18 15:04:00,5775,41.7128,41.735,41.67,41.78,41.64,81
2024-04-18 15:05:00,1599,41.6693,41.67,41.67,41.675,41.64,19
2024-04-18 15:06:00,773,41.6893,41.69,41.7,41.7,41.64,16
2024-04-18 15:07:00,1906,41.7383,41.69,41.74,41.77,41.69,38
2024-04-18 15:08:00,2703,41.7528,41.72,41.78,41.78,41.72,45
2024-04-18 15:09:00,3387,41.8147,41.745,41.865,41.97,41.745,82
2024-04-18 15:10:00,2391,41.9549,41.92,42.01,42.07,41.92,48
2024-04-18 15:11:00,2170,42.0055,41.96,42.06,42.06,41.96,44
2024-04-18 15:12:00,4358,42.0423,42.065,41.99,42.14,41.98,52
2024-04-18 15:13:00,6061,41.9501,41.96,41.935,42.03,41.87,80
2024-04-18 15:14:00,3584,42.014,41.96,42.07,42.07,41.96,76
2024-04-18 15:15:00,447,42.1168,42.13,42.13,42.13,42.13,18
2024-04-18 15:16:00,4254,42.0819,42.05,42.255,42.255,42.02,71
2024-04-18 15:17:00,14178,42.2939,42.34,42.25,42.35,42.25,142
2024-04-18 15:18:00,2886,42.1597,42.245,42.27,42.27,42.24,27
2024-04-18 15:19:00,5859,42.2313,42.245,42.21,42.34,42.2,102
2024-04-18 15:20:00,2156,42.2126,42.205,42.1972,42.24,42.1972,13
2024-04-18 15:21:00,9200,42.2146,42.17,42.2325,42.31,42.17,149
2024-04-18 15:22:00,1522,42.2637,42.255,42.3,42.3,42.255,24
2024-04-18 15:23:00,5236,42.2662,42.26,42.26,42.3,42.22,104
2024-04-18 15:24:00,2478,42.2797,42.285,42.34,42.34,42.23,45
2024-04-18 15:25:00,4494,42.2507,42.29,42.28,42.34,42.24,67
2024-04-18 15:26:00,4862,42.3391,42.29,42.385,42.45,42.29,101
2024-04-18 15:27:00,9749,42.5476,42.5,42.6,42.72,42.4,111
2024-04-18 15:28:00,6665,42.5996,42.62,42.63,42.76,42.61,96
2024-04-18 15:29:00,2711,42.5869,42.63,42.58,42.665,42.535,67
2024-04-18 15:30:00,106,42.5627,42.56,42.56,42.56,42.56,4
2024-04-18 15:31:00,4860,42.5883,42.53,42.6297,42.65,42.52,68
2024-04-18 15:32:00,2150,42.6044,42.6,42.62,42.62,42.6,14
2024-04-18 15:33:00,5226,42.6841,42.64,42.78,42.8,42.64,42
2024-04-18 15:34:00,3658,42.8275,42.705,42.93,42.93,42.705,54
2024-04-18 15:35:00,6990,42.7425,42.835,42.79,42.93,42.66,113
2024-04-18 15:36:00,2194,42.7892,42.8,42.75,42.8,42.75,19
2024-04-18 15:37:00,751,42.7473,42.73,42.75,42.75,42.73,15
2024-04-18 15:38:00,1878,42.7112,42.765,42.765,42.765,42.765,14
2024-04-18 15:39:00,3773,42.7652,42.73,42.77,42.8,42.73,61
2024-04-18 15:40:00,4960,42.8685,42.8,42.935,42.98,42.8,105
2024-04-18 15:41:00,1589,42.9595,42.99,42.99,42.99,42.935,16
2024-04-18 15:42:00,5489,42.8956,42.9,42.935,42.94,42.86,82
2024-04-18 15:43:00,7809,42.9487,42.91,42.985,43.02,42.87,120
2024-04-18 15:44:00,3038,43.0393,42.98,43.055,43.08,42.98,51
2024-04-18 15:45:00,4845,43.1013,43.055,43.135,43.135,43.05,65
2024-04-18 15:46:00,18097,43.1337,43.19,43.07,43.23,43.07,108
2024-04-18 15:47:00,707,43.0456,43.04,43.055,43.055,43.04,13
2024-04-18 15:48:00,2484,43.0168,43.01,43.025,43.025,43.01,18
2024-04-18 15:49:00,3325,42.9702,42.96,42.94,43.005,42.93,41
2024-04-18 15:50:00,772,42.91,42.92,42.91,42.92,42.91,22
2024-04-18 15:51:00,1069,42.9011,42.89,42.89,42.89,42.89,16
2024-04-18 15:52:00,8313,42.8197,42.935,42.68,42.935,42.68,110
2024-04-18 15:53:00,2983,42.6782,42.74,42.62,42.74,42.62,31
2024-04-18 15:54:00,2360,42.5935,42.63,42.6,42.63,42.56,70
2024-04-18 15:55:00,7586,42.6458,42.62,42.67,42.75,42.56,110
2024-04-18 15:56:00,1393,42.6501,42.705,42.62,42.705,42.61,24
2024-04-18 15:57:00,4370,42.5806,42.67,42.54,42.67,42.53,54
2024-04-18 15:58:00,376,42.502,42.5226,42.48,42.5226,42.48,7
2024-04-18 15:59:00,2147,42.4848,42.54,42.47,42.54,42.47,45
2024-04-18 16:00:00,2794,42.564,42.57,42.545,42.62,42.54,48
2024-04-18 16:01:00,857,42.6138,42.635,42.635,42.635,42.58,22
2024-04-18 16:02:00,2804,42.6187,42.635,42.64,42.65,42.61,58
2024-04-18 16:03:00,2644,42.5684,42.61,42.54,42.61,42.54,30
2024-04-18 16:04:00,1485,42.5263,42.53,42.525,42.53,42.525,53
2024-04-18 16:05:00,28423,42.5793,42.49,42.6348,42.68,42.46,268
2024-04-18 16:06:00,2809,42.5354,42.62,42.49,42.62,42.49,48
2024-04-18 16:08:00,3016,42.5513,42.48,42.57,42.615,42.48,52
2024-04-18 16:09:00,2907,42.4856,42.52,42.485,42.52,42.46,41
2024-04-18 16:10:00,991,42.4906,42.49,42.47,42.49,42.46,10
2024-04-18 16:11:00,1132,42.5105,42.5,42.535,42.535,42.5,20
2024-04-18 16:12:00,1552,42.5318,42.59,42.52,42.59,42.52,22
2024-04-18 16:13:00,1455,42.534,42.5485,42.525,42.56,42.52,18
2024-04-18 16:14:00,3675,42.5676,42.525,42.61,42.67,42.5,72
2024-04-18 16:15:00,3728,42.6093,42.595,42.68,42.68,42.595,55
2024-04-18 16:16:00,6977,42.5841,42.65,42.49,42.69,42.49,120
2024-04-18 16:17:00,583,42.5612,42.56,42.565,42.565,42.56,17
2024-04-18 16:18:00,1220,42.586,42.6,42.575,42.6,42.575,21
2024-04-18 16:19:00,221,42.5819,42.575,42.575,42.575,42.575,5
2024-04-18 16:20:00,3398,42.6252,42.6,42.635,42.65,42.58,68
2024-04-18 16:21:00,1209,42.648,42.645,42.645,42.69,42.645,24
2024-04-18 16:22:00,1152,42.6231,42.645,42.6,42.645,42.6,20
2024-04-18 16:23:00,696,42.6358,42.64,42.64,42.64,42.64,17
2024-04-18 16:24:00,3451,42.6276,42.64,42.68,42.68,42.6,54
2024-04-18 16:25:00,4255,42.6331,42.64,42.645,42.68,42.6,30
2024-04-18 16:26:00,5077,42.611,42.645,42.57,42.68,42.57,96
2024-04-18 16:27:00,3517,42.5977,42.58,42.6,42.63,42.56,62
2024-04-18 16:28:00,300,42.6209,42.615,42.63,42.63,42.615,3
2024-04-18 16:29:00,1523,42.6142,42.6,42.63,42.63,42.6,14
2024-04-18 16:30:00,6064,42.7569,42.63,42.94,42.94,42.63,145
2024-04-18 16:31:00,983,42.8741,42.85,42.86,42.94,42.85,20
2024-04-18 16:32:00,1758,42.7464,42.86,42.855,42.86,42.855,25
2024-04-18 16:33:00,4859,42.8238,42.855,42.81,42.855,42.8,30
2024-04-18 16:34:00,6156,42.7531,42.78,42.71,42.785,42.7,64
2024-04-18 16:35:00,2625,42.7381,42.725,42.71,42.76,42.71,33
2024-04-18 16:36:00,2123,42.8374,42.78,42.87,42.88,42.76,58
2024-04-18 16:37:00,772,42.9147,42.895,42.93,42.93,42.86,17
2024-04-18 16:38:00,1084,42.9399,42.935,42.93,42.97,42.93,13
2024-04-18 16:39:00,1018,42.9267,42.93,42.935,42.98,42.93,15
2024-04-18 16:40:00,6244,42.9675,42.94,42.95,43.04,42.93,56
2024-04-18 16:41:00,1194,42.9706,42.95,43.01,43.01,42.9,17
2024-04-18 16:42:00,11691,42.8294,42.95,42.795,43.01,42.74,138
2024-04-18 16:43:00,668,42.7528,42.735,42.71,42.76,42.71,14
2024-04-18 16:45:00,1217,42.7059,42.79,42.68,42.79,42.68,34
2024-04-18 16:47:00,523,42.604,42.59,42.59,42.59,42.59,17
2024-04-18 16:48:00,640,42.5604,42.53,42.58,42.58,42.53,18
2024-04-18 16:49:00,1115,42.582,42.58,42.54,42.6,42.54,18
2024-04-18 16:50:00,2657,42.5444,42.54,42.52,42.59,42.5,33
2024-04-18 16:52:00,1976,42.5253,42.49,42.55,42.55,42.49,41
2024-04-18 16:53:00,9596,42.6102,42.55,42.69,42.7,42.55,83
2024-04-18 16:54:00,9928,42.6215,42.63,42.565,42.69,42.54,113
2024-04-18 16:55:00,2225,42.4763,42.52,42.46,42.52,42.46,37
2024-04-18 16:57:00,354,42.5304,42.505,42.505,42.505,42.505,3
2024-04-18 16:58:00,4196,42.4777,42.435,42.5,42.55,42.435,54
2024-04-18 16:59:00,2711,42.483,42.495,42.495,42.55,42.4675,23
2024-04-18 17:01:00,15347,42.4865,42.55,42.585,42.585,42.39,107
2024-04-18 17:02:00,251,42.5896,42.585,42.585,42.585,42.585,5
2024-04-18 17:03:00,1939,42.6414,42.59,42.605,42.67,42.59,30
2024-04-18 17:04:00,548,42.5993,42.605,42.6,42.605,42.6,11
2024-04-18 17:05:00,7383,42.5703,42.655,42.6,42.66,42.54,80
2024-04-18 17:06:00,3178,42.5939,42.64,42.64,42.66,42.64,26
2024-04-18 17:07:00,2639,42.63,42.63,42.63,42.63,42.63,47
2024-04-18 17:08:00,5747,42.5849,42.63,42.51,42.63,42.51,81
2024-04-18 17:09:00,1670,42.5329,42.53,42.545,42.55,42.51,23
2024-04-18 17:10:00,2767,42.5967,42.59,42.6396,42.6396,42.575,38
2024-04-18 17:11:00,11976,42.6177,42.55,42.699,42.7,42.54,96
2024-04-18 17:12:00,8056,42.6837,42.66,42.66,42.6992,42.66,10
2024-04-18 17:13:00,12731,42.6797,42.66,42.655,42.78,42.62,128
2024-04-18 17:14:00,12789,42.6932,42.655,42.78,42.8,42.655,60
2024-04-18 17:15:00,11847,42.7169,42.78,42.69,42.83,42.62,141
2024-04-18 17:16:00,4706,42.6826,42.64,42.64,42.74,42.64,54
2024-04-18 17:17:00,4307,42.6493,42.6632,42.67,42.68,42.6,28
2024-04-18 17:18:00,4224,42.608,42.62,42.59,42.635,42.55,50
2024-04-18 17:19:00,1552,42.6245,42.59,42.65,42.67,42.59,24
2024-04-18 17:20:00,4514,42.6783,42.645,42.72,42.72,42.63,49
2024-04-18 17:21:00,4385,42.7313,42.73,42.69,42.78,42.69,49
2024-04-18 17:22:00,1457,42.7832,42.745,42.805,42.805,42.745,26
2024-04-18 17:23:00,5673,42.8171,42.805,42.81,42.87,42.79,68
2024-04-18 17:24:00,2587,42.7648,42.78,42.74,42.78,42.73,49
2024-04-18 17:25:00,4547,42.7592,42.745,42.75,42.79,42.745,51
2024-04-18 17:26:00,3001,42.7261,42.74,42.72,42.75,42.72,38
2024-04-18 17:27:00,1029,42.7381,42.72,42.72,42.78,42.72,18
2024-04-18 17:28:00,1757,42.7373,42.72,42.73,42.77,42.72,27
2024-04-18 17:29:00,3636,42.7679,42.75,42.795,42.82,42.75,40
2024-04-18 17:30:00,3065,42.7537,42.76,42.74,42.77,42.74,44
2024-04-18 17:31:00,4791,42.7759,42.8,42.77,42.81,42.74,69
2024-04-18 17:32:00,3326,42.7436,42.75,42.71,42.75,42.71,63
2024-04-18 17:33:00,3078,42.6706,42.68,42.62,42.71,42.62,56
2024-04-18 17:34:00,3700,42.6288,42.62,42.65,42.65,42.61,76
2024-04-18 17:35:00,2645,42.6958,42.645,42.71,42.72,42.645,56
2024-04-18 17:36:00,1690,42.6915,42.695,42.66,42.74,42.66,27
2024-04-18 17:37:00,1503,42.6389,42.64,42.62,42.71,42.62,39
2024-04-18 17:38:00,601,42.635,42.6,42.6,42.65,42.6,17
2024-04-18 17:39:00,1023,42.6633,42.65,42.655,42.68,42.65,17
2024-04-18 17:40:00,312,42.661,42.66,42.67,42.67,42.655,10
2024-04-18 17:41:00,4636,42.6664,42.67,42.65,42.71,42.65,78
2024-04-18 17:42:00,2310,42.6907,42.7,42.68,42.71,42.68,40
2024-04-18 17:43:00,5263,42.7541,42.71,42.89,42.96,42.6619,110
2024-04-18 17:44:00,2179,42.8771,42.86,42.9,42.9,42.85,38
2024-04-18 17:45:00,1013,42.8924,42.85,42.93,42.98,42.85,17
2024-04-18 17:46:00,1744,42.9105,42.935,42.935,42.98,42.935,28
2024-04-18 17:47:00,3486,42.9955,42.98,42.99,43.01,42.98,63
2024-04-18 17:48:00,746,43.0051,43.03,43.03,43.03,42.99,13
2024-04-18 17:49:00,3966,42.9518,42.99,42.96,43.03,42.92,72
2024-04-18 17:50:00,773,42.9316,42.92,42.94,42.95,42.92,19
2024-04-18 17:51:00,1854,42.9277,42.92,42.935,42.9519,42.92,31
2024-04-18 17:52:00,7170,42.8638,42.9,42.79,42.9,42.78,114
2024-04-18 17:53:00,4540,42.7882,42.785,42.725,42.83,42.725,68
2024-04-18 17:54:00,1512,42.7002,42.69,42.69,42.69,42.69,25
2024-04-18 17:55:00,460,42.7043,42.715,42.6704,42.72,42.6704,18
2024-04-18 17:56:00,773,42.8211,42.705,42.705,42.705,42.705,10
2024-04-18 17:57:00,573,42.7216,42.705,42.71,42.75,42.705,9
2024-04-18 17:58:00,2056,42.7359,42.705,42.76,42.78,42.6685,34
2024-04-18 17:59:00,2178,42.7576,42.76,42.81,42.81,42.71,24
2024-04-18 18:00:00,4007,42.8088,42.71,42.86,42.88,42.71,62
2024-04-18 18:02:00,942,42.8346,42.815,42.86,42.86,42.815,18
2024-04-18 18:03:00,4686,42.763,42.77,42.745,42.77,42.745,56
2024-04-18 18:04:00,2677,42.773,42.77,42.79,42.79,42.75,39
2024-04-18 18:05:00,2793,42.7369,42.75,42.72,42.75,42.72,44
2024-04-18 18:06:00,1991,42.7653,42.72,42.775,42.775,42.72,45
2024-04-18 18:07:00,1575,42.7334,42.775,42.72,42.775,42.72,25
2024-04-18 18:08:00,2773,42.7235,42.72,42.71,42.77,42.71,41
2024-04-18 18:09:00,3080,42.7028,42.71,42.7,42.71,42.7,48
2024-04-18 18:10:00,4344,42.699,42.725,42.685,42.725,42.66,56
2024-04-18 18:11:00,2570,42.6867,42.66,42.71,42.71,42.66,42
2024-04-18 18:12:00,5974,42.5986,42.67,42.545,42.67,42.5214,86
2024-04-18 18:13:00,7470,42.4767,42.52,42.37,42.53,42.37,79
2024-04-18 18:14:00,3934,42.3498,42.33,42.32,42.39,42.28,72
2024-04-18 18:15:00,796,42.3397,42.325,42.325,42.35,42.325,14
2024-04-18 18:16:00,2502,42.3661,42.325,42.41,42.42,42.325,62
2024-04-18 18:17:00,1051,42.4501,42.45,42.45,42.45,42.45,36
2024-04-18 18:19:00,2760,42.5325,42.52,42.52,42.56,42.52,58
2024-04-18 18:20:00,1071,42.4874,42.52,42.451,42.52,42.451,22
2024-04-18 18:21:00,1454,42.497,42.49,42.51,42.51,42.49,22
2024-04-18 18:22:00,2354,42.5334,42.5,42.58,42.58,42.5,50
2024-04-18 18:23:00,1810,42.5739,42.51,42.6094,42.6094,42.51,35
2024-04-18 18:24:00,2533,42.6045,42.62,42.605,42.63,42.58,51
2024-04-18 18:25:00,4549,42.6068,42.61,42.6557,42.68,42.61,27
2024-04-18 18:26:00,2639,42.6723,42.62,42.72,42.72,42.62,40
2024-04-18 18:27:00,4087,42.6395,42.67,42.64,42.67,42.62,60
2024-04-18 18:28:00,8169,42.5729,42.6,42.56,42.6,42.54,106
2024-04-18 18:29:00,2378,42.5923,42.6,42.595,42.62,42.56,33
2024-04-18 18:30:00,1412,42.6125,42.56,42.63,42.63,42.56,23
2024-04-18 18:31:00,3511,42.6678,42.635,42.67,42.67,42.635,39
2024-04-18 18:32:00,1534,42.6407,42.64,42.64,42.64,42.64,28
2024-04-18 18:33:00,2422,42.6547,42.62,42.675,42.675,42.62,38
2024-04-18 18:34:00,8054,42.6136,42.675,42.54,42.675,42.54,104
2024-04-18 18:35:00,4585,42.5999,42.55,42.605,42.61,42.55,46
2024-04-18 18:37:00,1117,42.5951,42.595,42.595,42.595,42.595,13
2024-04-18 18:38:00,517,42.6002,42.62,42.595,42.62,42.595,14
2024-04-18 18:39:00,1341,42.5763,42.57,42.57,42.58,42.57,43
2024-04-18 18:40:00,1881,42.5766,42.56,42.57,42.58,42.55,34
2024-04-18 18:41:00,2077,42.5992,42.57,42.625,42.625,42.57,45
2024-04-18 18:42:00,1886,42.6466,42.625,42.66,42.66,42.625,38
2024-04-18 18:43:00,2517,42.6448,42.66,42.64,42.68,42.63,39
2024-04-18 18:44:00,4735,42.7077,42.66,42.79,42.805,42.66,114
2024-04-18 18:45:00,6765,42.7323,42.76,42.69,42.76,42.69,89
2024-04-18 18:46:00,805,42.6738,42.685,42.67,42.685,42.67,19
2024-04-18 18:47:00,8665,42.6403,42.65,42.55,42.68,42.55,80
2024-04-18 18:48:00,2639,42.5249,42.54,42.48,42.54,42.47,38
2024-04-18 18:49:00,1099,42.506,42.5,42.48,42.5,42.48,21
2024-04-18 18:50:00,1903,42.464,42.48,42.45,42.48,42.45,25
2024-04-18 18:51:00,3455,42.4737,42.45,42.45,42.49,42.45,56
2024-04-18 18:52:00,2548,42.4699,42.47,42.48,42.49,42.44,27
2024-04-18 18:53:00,3281,42.45,42.46,42.45,42.47,42.44,46
2024-04-18 18:54:00,5899,42.4768,42.47,42.5,42.51,42.44,79
2024-04-18 18:56:00,2931,42.4731,42.46,42.476,42.485,42.46,49
2024-04-18 18:57:00,8874,42.4237,42.47,42.36,42.5,42.36,102
2024-04-18 18:58:00,3614,42.3248,42.35,42.3254,42.35,42.32,28
2024-04-18 18:59:00,5378,42.2828,42.32,42.22,42.32,42.22,79
2024-04-18 19:00:00,759,42.2087,42.22,42.19,42.22,42.19,17
2024-04-18 19:01:00,8696,42.089,42.17,42.07,42.17,42.05,105
2024-04-18 19:02:00,5566,42.1182,42.1,42.06,42.18,42.06,128
2024-04-18 19:03:00,3153,42.005,42.04,41.96,42.04,41.96,37
2024-04-18 19:04:00,819,41.9757,41.945,41.91,41.945,41.91,11
2024-04-18 19:05:00,5239,41.9742,41.945,41.99,41.99,41.945,65
2024-04-18 19:06:00,4886,41.9316,41.96,41.905,41.96,41.9,68
2024-04-18 19:07:00,9556,41.9356,41.925,41.98,42.0,41.87,98
2024-04-18 19:08:00,2926,41.9968,41.96,42.0275,42.0275,41.96,60
2024-04-18 19:09:00,5824,41.9725,41.98,41.98,41.99,41.94,77
2024-04-18 19:10:00,514,41.9827,41.9992,41.975,41.9992,41.975,9
2024-04-18 19:11:00,23085,42.0003,42.01,42.02,42.03,41.97,127
2024-04-18 19:12:00,14939,42.1014,41.9861,42.2175,42.2175,41.9861,188
2024-04-18 19:13:00,1621,42.1993,42.19,42.22,42.24,42.185,22
2024-04-18 19:14:00,16058,42.1276,42.185,42.06,42.24,41.99,190
2024-04-18 19:15:00,4954,42.1407,42.06,42.18,42.235,42.06,84
2024-04-18 19:16:00,1052,42.1801,42.18,42.18,42.18,42.18,8
2024-04-18 19:17:00,9257,42.1424,42.15,42.14,42.21,42.14,122
2024-04-18 19:18:00,922,42.113,42.12,42.1,42.12,42.1,19
2024-04-18 19:19:00,5220,42.1501,42.1,42.23,42.23,42.1,87
2024-04-18 19:20:00,6585,42.1878,42.24,42.185,42.24,42.15,95
2024-04-18 19:21:00,1874,42.2006,42.22,42.17,42.22,42.17,30
2024-04-18 19:22:00,3712,42.152,42.15,42.15,42.16,42.14,50
2024-04-18 19:23:00,4630,42.1181,42.14,42.05,42.14,42.05,65
2024-04-18 19:24:00,9935,42.063,42.075,42.07,42.1,42.01,136
2024-04-18 19:25:00,9401,41.9998,42.02,41.96,42.02,41.96,104
2024-04-18 19:26:00,3438,41.9796,41.98,41.98,42.0,41.98,74
2024-04-18 19:27:00,9241,42.0132,41.97,41.93,42.05,41.92,126
2024-04-18 19:28:00,1780,41.871,41.87,41.84,41.88,41.84,46
2024-04-18 19:29:00,6333,41.8643,41.84,41.9,41.9039,41.82,102
2024-04-18 19:30:00,3461,41.9289,41.89,41.99,41.99,41.88,79
2024-04-18 19:31:00,8234,41.9996,41.99,41.99,42.02,41.98,116
2024-04-18 19:32:00,6801,42.0211,42.01,42.02,42.04,42.01,110
2024-04-18 19:33:00,7931,42.0737,42.015,42.14,42.15,42.015,126
2024-04-18 19:34:00,14045,42.1322,42.15,42.1,42.22,42.06,169
2024-04-18 19:35:00,4186,42.0854,42.09,42.085,42.1,42.07,88
2024-04-18 19:36:00,4121,42.0835,42.1,42.07,42.1,42.07,73
2024-04-18 19:37:00,10711,41.9996,42.07,41.94,42.07,41.92,119
2024-04-18 19:38:00,4192,41.879,41.91,41.85,41.91,41.85,74
2024-04-18 19:39:00,5205,41.8621,41.87,41.87,41.87,41.83,85
2024-04-18 19:40:00,8864,41.8911,41.87,41.9,41.91,41.87,156
2024-04-18 19:41:00,11443,41.9309,41.89,41.97,41.99,41.885,220
2024-04-18 19:42:00,9501,41.9772,41.98,41.96,41.99,41.95,132
2024-04-18 19:43:00,7471,41.9661,41.95,41.985,42.0,41.95,98
2024-04-18 19:44:00,12529,41.9297,41.97,41.875,41.97,41.87,191
2024-04-18 19:45:00,17164,41.8659,41.87,41.92,41.94,41.82,241
2024-04-18 19:46:00,10237,41.9475,41.92,42.03,42.03,41.9,170
2024-04-18 19:47:00,14656,42.0305,42.045,42.13,42.13,42.045,176
2024-04-18 19:48:00,17787,42.1171,42.12,42.105,42.16,42.02,264
2024-04-18 19:49:00,2108,42.0788,42.09,42.07,42.09,42.06,50
2024-04-18 19:50:00,45485,42.0259,42.05,42.18,42.2,41.95,511
2024-04-18 19:51:00,16509,42.0418,42.14,42.01,42.14,41.98,194
2024-04-18 19:52:00,12485,42.0812,42.08,42.06,42.12,42.05,176
2024-04-18 19:53:00,14775,41.9964,42.05,42.0,42.05,41.95,171
2024-04-18 19:54:00,20036,41.9971,41.99,42.005,42.05,41.94,253
2024-04-18 19:55:00,32648,42.0496,42.01,42.15,42.15,42.01,362
2024-04-18 19:56:00,24881,42.0608,42.125,42.01,42.15,41.99,309
2024-04-18 19:57:00,33189,41.9999,42.01,42.0,42.01,41.98,360
2024-04-18 19:58:00,45703,42.0124,41.9975,42.08,42.09,41.945,415
2024-04-18 19:59:00,46074,42.1323,42.08,42.17,42.19,42.06,532
2024-04-18 20:00:00,2227,42.16,42.16,42.16,42.16,42.16,12
2024-04-19 13:29:00,100,42.25,42.25,42.25,42.25,42.25,1
2024-04-19 13:30:00,22264,42.3546,42.36,42.46,42.46,42.06,38
2024-04-19 13:31:00,132,42.7325,42.83,42.83,42.83,42.83,9
2024-04-19 13:33:00,1141,42.7333,42.655,42.88,42.88,42.655,12
2024-04-19 13:34:00,1060,42.7841,42.885,42.77,42.885,42.74,26
2024-04-19 13:35:00,2198,42.6656,42.75,42.54,42.75,42.46,38
2024-04-19 13:36:00,363,42.5838,42.723,42.6,42.723,42.48,12
2024-04-19 13:37:00,645,42.4963,42.46,42.495,42.495,42.46,19
2024-04-19 13:38:00,1562,42.4374,42.46,42.42,42.48,42.27,31
2024-04-19 13:39:00,1465,42.3927,42.445,42.32,42.53,42.29,20
2024-04-19 13:40:00,9197,42.1919,42.41,41.875,42.41,41.875,93
2024-04-19 13:41:00,2142,41.9647,41.84,42.08,42.11,41.84,41
2024-04-19 13:42:00,782,42.106,42.14,42.125,42.14,42.125,34
2024-04-19 13:43:00,649,42.1554,42.24,42.145,42.24,42.145,19
2024-04-19 13:44:00,11499,42.1766,42.15,42.24,42.31,42.09,163
2024-04-19 13:45:00,1868,42.2301,42.24,42.195,42.35,42.195,34
2024-04-19 13:46:00,2202,42.2875,42.23,42.37,42.39,42.23,48
2024-04-19 13:47:00,1265,42.4381,42.37,42.415,42.415,42.37,33
2024-04-19 13:48:00,14143,42.8477,42.53,42.9,42.98,42.53,109
2024-04-19 13:49:00,4994,42.9884,42.95,42.905,43.05,42.905,100
2024-04-19 13:50:00,784,42.8781,42.86,42.86,42.86,42.86,34
2024-04-19 13:51:00,1847,42.8979,42.9,42.895,42.9599,42.895,38
2024-04-19 13:52:00,2694,43.0007,42.885,43.12,43.12,42.885,64
2024-04-19 13:53:00,4290,43.0938,42.98,43.18,43.215,42.98,90
2024-04-19 13:54:00,3898,43.1461,43.115,43.16,43.235,43.06,68
2024-04-19 13:55:00,2776,43.0396,43.1731,42.98,43.1731,42.91,72
2024-04-19 13:56:00,758,43.0084,43.025,42.99,43.025,42.99,24
2024-04-19 13:57:00,2450,42.9388,43.0372,42.87,43.0372,42.87,54
2024-04-19 13:58:00,5888,42.947,42.87,43.005,43.05,42.87,86
2024-04-19 13:59:00,155,43.0642,43.09,43.09,43.09,43.09,22
2024-04-19 14:00:00,3526,42.8868,42.93,42.95,42.95,42.78,70
2024-04-19 14:01:00,5746,42.839,42.87,42.78,42.9097,42.77,72
2024-04-19 14:02:00,3501,42.7432,42.81,42.64,42.82,42.64,60
2024-04-19 14:03:00,226,42.6482,42.66,42.66,42.66,42.66,11
2024-04-19 14:04:00,723,42.7188,42.735,42.67,42.75,42.67,20
2024-04-19 14:05:00,1988,42.7582,42.75,42.7,42.83,42.7,38
2024-04-19 14:06:00,2419,42.8118,42.755,42.79,42.85,42.74,36
2024-04-19 14:07:00,1376,42.8744,42.94,42.81,42.97,42.81,36
2024-04-19 14:08:00,4826,42.7777,42.81,42.66,42.83,42.66,71
2024-04-19 14:09:00,4309,42.5888,42.6611,42.475,42.6611,42.46,60
2024-04-19 14:10:00,633,42.4798,42.475,42.445,42.475,42.445,27
2024-04-19 14:11:00,5223,42.3809,42.455,42.261,42.455,42.26,57
2024-04-19 14:12:00,4978,42.2668,42.295,42.145,42.34,42.12,90
2024-04-19 14:13:00,1705,42.1025,42.1425,42.03,42.1425,42.03,44
2024-04-19 14:14:00,406,42.0454,42.04,42.04,42.04,42.04,26
2024-04-19 14:15:00,1700,42.0409,42.035,42.02,42.08,41.97,36
2024-04-19 14:16:00,1381,42.0133,42.005,42.045,42.045,41.97,34
2024-04-19 14:17:00,2608,41.9803,42.0,41.98,42.0,41.92,61
2024-04-19 14:18:00,1441,41.9332,41.98,41.935,41.98,41.86,41
2024-04-19 14:19:00,2059,41.9005,41.87,41.9,41.96,41.87,48
2024-04-19 14:20:00,1245,41.9049,41.89,41.81,41.89,41.81,37
2024-04-19 14:21:00,888,41.8696,41.885,41.83,41.885,41.83,23
2024-04-19 14:22:00,3707,41.8392,41.94,41.82,41.94,41.82,60
2024-04-19 14:23:00,4024,41.81,41.83,41.72,41.92,41.72,75
2024-04-19 14:24:00,3230,41.6509,41.64,41.61,41.79,41.54,60
2024-04-19 14:25:00,11885,41.5647,41.61,41.39,41.66,41.38,179
2024-04-19 14:26:00,1545,41.4657,41.4,41.465,41.54,41.4,32
2024-04-19 14:27:00,18627,41.4083,41.42,41.345,41.52,41.28,231
2024-04-19 14:28:00,436,41.3368,41.39,41.32,41.39,41.28,19
2024-04-19 14:29:00,18388,41.3583,41.345,41.265,41.43,41.2,203
2024-04-19 14:30:00,3701,41.3113,41.2974,41.33,41.39,41.23,61
2024-04-19 14:31:00,5244,41.2347,41.32,41.2,41.33,41.2,71
2024-04-19 14:32:00,20338,41.0591,41.2,40.93,41.26,40.8,255
2024-04-19 14:33:00,20920,40.8197,41.06,40.55,41.15,40.47,206
2024-04-19 14:34:00,6865,40.4918,40.54,40.51,40.57,40.44,79
2024-04-19 14:35:00,7469,40.4672,40.35,40.37,40.59,40.35,93
2024-04-19 14:36:00,10311,40.2806,40.35,40.28,40.36,40.17,165
2024-04-19 14:37:00,17159,40.2806,40.315,40.26,40.38,40.18,169
2024-04-19 14:38:00,10342,40.2958,40.21,40.19,40.4699,40.19,113
2024-04-19 14:39:00,11699,40.2077,40.19,40.12,40.31,40.1,109
2024-04-19 14:40:00,26901,39.9476,40.11,39.83,40.12,39.77,301
2024-04-19 14:41:00,14818,39.7683,39.9,39.66,39.9,39.63,177
2024-04-19 14:42:00,19645,39.8735,39.64,40.0,40.22,39.64,223
2024-04-19 14:43:00,33472,40.1758,40.15,40.18,40.4,39.97,369
2024-04-19 14:44:00,15675,40.2347,40.17,40.32,40.34,40.08,168
2024-04-19 14:45:00,21152,40.4913,40.4314,40.62,40.73,40.3,232
2024-04-19 14:46:00,17266,40.4723,40.52,40.475,40.55,40.375,168
2024-04-19 14:47:00,9479,40.4818,40.42,40.49,40.54,40.42,77
2024-04-19 14:48:00,27804,40.4209,40.47,40.41,40.54,40.16,249
2024-04-19 14:49:00,7970,40.4524,40.405,40.49,40.5,40.38,76
2024-04-19 14:50:00,4138,40.4948,40.49,40.49,40.54,40.43,53
2024-04-19 14:51:00,7882,40.3888,40.49,40.37,40.49,40.31,111
2024-04-19 14:52:00,4947,40.2692,40.375,40.22,40.375,40.22,50
2024-04-19 14:53:00,5369,40.2264,40.171,40.28,40.28,40.171,59
2024-04-19 14:54:00,6438,40.3348,40.25,40.445,40.45,40.225,80
2024-04-19 14:55:00,17452,40.2778,40.38,40.26,40.38,40.19,154
2024-04-19 14:56:00,4402,40.2838,40.29,40.285,40.31,40.26,70
2024-04-19 14:57:00,3685,40.223,40.285,40.17,40.285,40.13,62
2024-04-19 14:58:00,3852,40.1481,40.15,40.125,40.17,40.1,74
2024-04-19 14:59:00,3735,40.1093,40.135,40.14,40.14,40.09,63
2024-04-19 15:00:00,5153,40.0971,40.14,40.0821,40.14,40.06,71
2024-04-19 15:01:00,4980,40.1829,40.06,40.28,40.34,40.06,93
2024-04-19 15:02:00,4253,40.229,40.31,40.05,40.31,40.05,69
2024-04-19 15:03:00,8211,40.0429,40.085,39.98,40.11,39.98,121
2024-04-19 15:04:00,5157,40.0303,39.98,40.14,40.14,39.9488,68
2024-04-19 15:05:00,162,40.1088,40.1,40.1,40.1,40.1,16
2024-04-19 15:06:00,5927,40.0571,40.06,40.065,40.13,40.0,88
2024-04-19 15:07:00,8649,40.0371,40.03,40.06,40.13,39.98,119
2024-04-19 15:08:00,5512,40.0954,40.07,40.065,40.13,40.04,69
2024-04-19 15:09:00,4594,40.0674,40.065,40.01,40.09,40.01,72
2024-04-19 15:10:00,8783,40.0187,40.01,39.99,40.11,39.99,104
2024-04-19 15:11:00,937,39.9911,39.99,39.99,39.99,39.99,25
2024-04-19 15:12:00,4857,40.0727,39.99,40.14,40.18,39.99,58
2024-04-19 15:13:00,11184,40.03,40.1,40.005,40.1,39.96,122
2024-04-19 15:14:00,4656,39.9732,40.005,40.015,40.07,39.92,72
2024-04-19 15:15:00,5317,40.3727,40.015,40.395,40.5,40.015,108
2024-04-19 15:16:00,2974,40.3707,40.4,40.36,40.44,40.33,63
2024-04-19 15:17:00,10515,40.3173,40.32,40.29,40.35,40.28,124
2024-04-19 15:18:00,1961,40.3287,40.29,40.39,40.39,40.29,37
2024-04-19 15:19:00,5394,40.277,40.32,40.21,40.32,40.21,80
2024-04-19 15:20:00,2779,40.1923,40.2499,40.17,40.2499,40.17,38
2024-04-19 15:21:00,5097,40.157,40.16,40.1397,40.2,40.09,68
2024-04-19 15:22:00,116,40.1783,40.18,40.18,40.18,40.18,9
2024-04-19 15:23:00,4346,40.1437,40.1984,40.105,40.1984,40.09,46
2024-04-19 15:24:00,9072,40.1342,40.105,40.245,40.28,40.08,103
2024-04-19 15:25:00,8319,40.2723,40.28,40.29,40.35,40.2,60
2024-04-19 15:26:00,2128,40.2623,40.29,40.25,40.35,40.25,18
2024-04-19 15:27:00,22888,40.2379,40.33,40.24,40.33,40.2,187
2024-04-19 15:28:00,5399,40.3414,40.3,40.42,40.45,40.3,75
2024-04-19 15:29:00,14192,40.3793,40.415,40.5,40.505,40.31,142
2024-04-19 15:30:00,4110,40.4285,40.5,40.4972,40.5,40.4,41
2024-04-19 15:31:00,2345,40.3604,40.4,40.27,40.4,40.27,44
2024-04-19 15:32:00,407,40.2806,40.27,40.27,40.27,40.27,10
2024-04-19 15:33:00,26649,40.0357,40.28,39.99,40.28,39.91,152
2024-04-19 15:34:00,4338,40.1017,40.01,40.155,40.18,40.01,48
2024-04-19 15:36:00,4868,40.0715,40.15,40.05,40.15,40.03,78
2024-04-19 15:37:00,1511,40.1275,40.08,40.13,40.13,40.08,24
2024-04-19 15:38:00,886,40.1642,40.2,40.145,40.2,40.145,18
2024-04-19 15:39:00,2105,40.1062,40.19,40.09,40.19,40.09,36
2024-04-19 15:40:00,4126,40.0457,40.1,39.98,40.1,39.98,86
2024-04-19 15:41:00,750,39.9461,39.99,39.93,39.99,39.93,14
2024-04-19 15:42:00,5736,39.9084,39.99,39.87,39.99,39.83,122
2024-04-19 15:43:00,1990,39.8586,39.83,39.865,39.9,39.83,57
2024-04-19 15:44:00,3199,39.9002,39.86,39.92,39.92,39.86,51
2024-04-19 15:45:00,3002,39.9153,39.94,39.9001,39.98,39.9001,15
2024-04-19 15:46:00,3192,40.0509,39.97,40.13,40.19,39.95,56
2024-04-19 15:47:00,401,40.1468,40.145,40.145,40.145,40.145,16
2024-04-19 15:48:00,4695,40.1623,40.09,40.1777,40.23,40.09,68
2024-04-19 15:49:00,1999,40.1741,40.23,40.17,40.24,40.17,33
2024-04-19 15:50:00,787,40.1364,40.14,40.1805,40.1805,40.09,11
2024-04-19 15:51:00,5287,40.2126,40.175,40.24,40.25,40.17,64
2024-04-19 15:52:00,5998,40.2269,40.25,40.24,40.25,40.2076,74
2024-04-19 15:53:00,7926,40.3513,40.25,40.39,40.56,40.21,114
2024-04-19 15:54:00,2893,40.3977,40.475,40.37,40.475,40.37,47
2024-04-19 15:55:00,7046,40.4808,40.4,40.61,40.61,40.4,50
2024-04-19 15:56:00,2472,40.5039,40.7,40.465,40.7,40.465,48
2024-04-19 15:57:00,4378,40.4643,40.41,40.48,40.5,40.41,54
2024-04-19 15:59:00,4514,40.3984,40.405,40.395,40.44,40.39,41
2024-04-19 16:00:00,4025,40.4058,40.4,40.37,40.46,40.35,61
2024-04-19 16:01:00,1101,40.3991,40.34,40.425,40.425,40.34,24
2024-04-19 16:02:00,6541,40.462,40.36,40.515,40.67,40.3,98
2024-04-19 16:03:00,470,40.5133,40.43,40.575,40.575,40.43,18
2024-04-19 16:04:00,1685,40.4974,40.47,40.5,40.68,40.45,30
2024-04-19 16:05:00,2357,40.5254,40.5,40.58,40.58,40.47,37
2024-04-19 16:06:00,647,40.5661,40.6,40.5,40.6,40.5,14
2024-04-19 16:07:00,3102,40.4888,40.595,40.39,40.595,40.39,48
2024-04-19 16:08:00,1667,40.4008,40.39,40.4,40.44,40.39,29
2024-04-19 16:09:00,2132,40.3716,40.405,40.35,40.405,40.34,42
2024-04-19 16:10:00,436,40.3001,40.305,40.27,40.35,40.27,18
2024-04-19 16:11:00,2130,40.2566,40.27,40.24,40.27,40.23,45
2024-04-19 16:13:00,2042,40.2228,40.23,40.19,40.24,40.19,61
2024-04-19 16:14:00,9615,40.1569,40.25,40.0,40.25,40.0,138
2024-04-19 16:15:00,1695,40.0141,39.97,39.9401,40.005,39.94,35
2024-04-19 16:16:00,13249,39.9355,40.0022,40.04,40.04,39.875,90
2024-04-19 16:17:00,8398,39.9975,40.01,40.01,40.05,39.98,88
2024-04-19 16:18:00,2181,39.9677,39.99,39.98,39.99,39.9,51
2024-04-19 16:19:00,319,39.9476,39.92,39.92,39.92,39.92,13
2024-04-19 16:20:00,6881,39.9463,39.99,39.86,40.01,39.86,83
2024-04-19 16:21:00,1909,39.8559,39.87,39.84,39.88,39.82,48
2024-04-19 16:22:00,2409,39.8792,39.85,39.85,39.92,39.82,51
2024-04-19 16:23:00,2458,39.868,39.82,39.83,39.91,39.82,39
2024-04-19 16:24:00,2346,39.8063,39.82,39.78,39.82,39.78,66
2024-04-19 16:25:00,2804,39.8182,39.835,39.82,39.86,39.76,61
2024-04-19 16:26:00,1931,39.7834,39.82,39.815,39.82,39.75,34
2024-04-19 16:27:00,1223,39.7457,39.75,39.74,39.76,39.74,42
2024-04-19 16:28:00,6111,39.7111,39.73,39.69,39.775,39.69,74
2024-04-19 16:29:00,688,39.6762,39.68,39.66,39.68,39.66,25
2024-04-19 16:30:00,1826,39.7389,39.66,39.69,39.75,39.65,30
2024-04-19 16:31:00,6932,39.6711,39.7,39.58,39.735,39.58,115
2024-04-19 16:32:00,31263,39.4615,39.59,39.44,39.6,39.38,346
2024-04-19 16:33:00,25791,39.2862,39.44,39.12,39.47,39.095,272
2024-04-19 16:34:00,19770,39.1366,39.13,39.13,39.225,39.03,228
2024-04-19 16:35:00,7769,39.1581,39.13,39.04,39.22,39.04,119
2024-04-19 16:36:00,27270,38.9243,39.03,38.845,39.1,38.79,331
2024-04-19 16:37:00,47565,38.803,38.87,38.785,38.92,38.675,467
2024-04-19 16:38:00,18983,38.8019,38.73,39.14,39.14,38.73,122
2024-04-19 16:39:00,8032,39.2447,39.18,39.2223,39.33,39.145,85
2024-04-19 16:40:00,12189,39.2396,39.33,39.2075,39.33,39.13,159
2024-04-19 16:41:00,11192,39.3863,39.35,39.43,39.46,39.31,135
2024-04-19 16:42:00,2033,39.4588,39.47,39.5,39.51,39.44,43
2024-04-19 16:43:00,5379,39.5689,39.495,39.525,39.59,39.47,78
2024-04-19 16:44:00,11201,39.4791,39.525,39.535,39.59,39.47,130
2024-04-19 16:45:00,13674,39.4167,39.535,39.28,39.5575,39.27,160
2024-04-19 16:46:00,3058,39.289,39.28,39.27,39.41,39.27,53
2024-04-19 16:47:00,6505,39.3345,39.335,39.3,39.3986,39.27,57
2024-04-19 16:48:00,5198,39.4044,39.335,39.35,39.45,39.27,107
2024-04-19 16:49:00,7522,39.5457,39.46,39.535,39.59,39.455,84
2024-04-19 16:50:00,2773,39.5578,39.535,39.51,39.62,39.49,45
2024-04-19 16:51:00,4262,39.5543,39.64,39.52,39.64,39.51,75
2024-04-19 16:52:00,8890,39.5074,39.605,39.405,39.605,39.38,118
2024-04-19 16:53:00,7096,39.3743,39.3704,39.385,39.425,39.34,65
2024-04-19 16:54:00,7664,39.3749,39.385,39.31,39.43,39.31,111
2024-04-19 16:55:00,332,39.3146,39.31,39.3,39.32,39.3,18
2024-04-19 16:56:00,9500,39.3009,39.4093,39.24,39.4093,39.23,123
2024-04-19 16:57:00,2988,39.3351,39.34,39.28,39.355,39.28,54
2024-04-19 16:58:00,3130,39.2748,39.28,39.23,39.29,39.23,78
2024-04-19 16:59:00,242,39.2702,39.305,39.23,39.305,39.23,18
2024-04-19 17:00:00,5514,39.1673,39.23,39.14,39.24,39.09,96
2024-04-19 17:01:00,1675,39.1243,39.1,39.1,39.18,39.1,39
2024-04-19 17:02:00,7642,39.0459,39.1,38.92,39.166,38.9,125
2024-04-19 17:03:00,6630,39.0472,38.92,39.16,39.16,38.92,134
2024-04-19 17:04:00,1408,39.2342,39.165,39.3,39.3,39.165,59
2024-04-19 17:05:00,1099,39.3454,39.335,39.27,39.42,39.27,33
2024-04-19 17:06:00,7219,39.2128,39.35,39.06,39.4121,39.06,106
2024-04-19 17:07:00,1636,39.0938,39.12,39.095,39.12,39.06,41
2024-04-19 17:08:00,5992,39.0984,39.0615,39.01,39.16,39.01,119
2024-04-19 17:09:00,1703,39.0714,39.08,39.08,39.1,39.03,40
2024-04-19 17:10:00,8613,39.0754,39.1,39.15,39.18,39.01,121
2024-04-19 17:11:00,4069,39.0595,39.08,39.04,39.1,38.99,64
2024-04-19 17:12:00,6020,39.1792,39.07,39.19,39.27,39.07,102
2024-04-19 17:13:00,6063,39.1816,39.24,39.17,39.31,39.17,89
2024-04-19 17:14:00,962,39.1809,39.24,39.16,39.24,39.16,37
2024-04-19 17:15:00,1580,39.1304,39.15,39.07,39.15,39.07,40
2024-04-19 17:16:00,924,39.0836,39.08,39.07,39.1038,39.06,22
2024-04-19 17:17:00,7148,39.176,39.12,39.288,39.288,39.06,96
2024-04-19 17:18:00,408,39.2157,39.215,39.215,39.215,39.215,23
2024-04-19 17:19:00,3167,39.2009,39.24,39.15,39.29,39.15,70
2024-04-19 17:20:00,9401,39.263,39.21,39.36,39.41,39.15,133
2024-04-19 17:21:00,16374,39.3851,39.42,39.22,39.48,39.21,240
2024-04-19 17:22:00,8190,39.3792,39.28,39.41,39.54,39.28,133
2024-04-19 17:23:00,306,39.4586,39.52,39.41,39.52,39.41,22
2024-04-19 17:24:00,5223,39.3984,39.465,39.39,39.52,39.37,92
2024-04-19 17:25:00,5202,39.442,39.4259,39.525,39.525,39.38,80
2024-04-19 17:26:00,2661,39.4477,39.54,39.36,39.6,39.36,57
2024-04-19 17:27:00,1350,39.3779,39.36,39.49,39.49,39.35,27
2024-04-19 17:28:00,2825,39.4997,39.49,39.51,39.6,39.48,61
2024-04-19 17:29:00,6272,39.4766,39.585,39.4,39.585,39.3509,85
2024-04-19 17:30:00,1963,39.4069,39.35,39.39,39.43,39.35,42
2024-04-19 17:31:00,2444,39.3207,39.35,39.27,39.36,39.27,72
2024-04-19 17:32:00,691,39.256,39.24,39.24,39.24,39.24,18
2024-04-19 17:34:00,2745,39.2841,39.24,39.32,39.32,39.24,75
2024-04-19 17:35:00,1845,39.255,39.33,39.16,39.33,39.16,61
2024-04-19 17:36:00,459,39.1643,39.12,39.14,39.26,39.12,20
2024-04-19 17:37:00,3590,39.1018,39.14,39.03,39.15,39.03,75
2024-04-19 17:38:00,154,38.9981,38.98,38.98,38.98,38.98,21
2024-04-19 17:39:00,1002,38.9717,38.98,38.97,38.98,38.97,39
2024-04-19 17:40:00,1762,38.9482,38.9301,38.93,38.95,38.93,42
2024-04-19 17:41:00,1685,38.9171,38.93,38.88,38.93,38.88,47
2024-04-19 17:42:00,62374,39.0719,38.87,38.995,39.11,38.83,180
2024-04-19 17:43:00,3679,38.8871,38.94,38.82,38.94,38.82,68
2024-04-19 17:44:00,471,38.8317,38.86,38.8,38.86,38.8,22
2024-04-19 17:45:00,1908,38.8418,38.86,38.81,38.86,38.8,54
2024-04-19 17:46:00,2037,38.8213,38.8,38.84,38.87,38.8,56
2024-04-19 17:47:00,1020,38.8404,38.84,38.8648,38.8648,38.81,26
2024-04-19 17:48:00,9936,38.9624,38.86,39.01,39.05,38.86,145
2024-04-19 17:49:00,12427,38.956,39.01,38.83,39.015,38.82,168
2024-04-19 17:50:00,11873,38.9561,38.87,38.99,39.015,38.87,171
2024-04-19 17:51:00,30826,38.9681,38.96,38.87,39.03,38.78,263
2024-04-19 17:52:00,6520,38.8503,38.85,38.855,38.92,38.78,115
2024-04-19 17:53:00,1303,38.9014,38.91,38.91,38.93,38.87,38
2024-04-19 17:54:00,4932,38.9022,38.91,38.85,38.96,38.84,87
2024-04-19 17:55:00,5619,38.8666,38.87,38.87,38.9,38.83,98
2024-04-19 17:56:00,2428,38.7885,38.85,38.78,38.85,38.75,53
2024-04-19 17:57:00,2232,38.733,38.72,38.75,38.75,38.7,50
2024-04-19 17:58:00,1777,38.7464,38.73,38.67,38.73,38.67,40
2024-04-19 17:59:00,4750,38.7842,38.735,38.82,38.82,38.735,74
2024-04-19 18:00:00,4296,38.7759,38.77,38.72,38.8699,38.71,71
2024-04-19 18:01:00,962,38.7112,38.74,38.735,38.74,38.7,29
2024-04-19 18:02:00,265,38.697,38.705,38.705,38.705,38.705,21
2024-04-19 18:03:00,6871,38.6984,38.72,38.6,38.75,38.59,133
2024-04-19 18:04:00,9038,38.5687,38.605,38.5,38.64,38.5,140
2024-04-19 18:05:00,1678,38.4654,38.48,38.4303,38.48,38.4303,32
2024-04-19 18:06:00,5351,38.4658,38.44,38.45,38.522,38.44,49
2024-04-19 18:07:00,5305,38.5231,38.45,38.54,38.59,38.45,85
2024-04-19 18:08:00,2121,38.5547,38.58,38.49,38.58,38.49,33
2024-04-19 18:09:00,553,38.4853,38.435,38.5,38.5,38.435,8
2024-04-19 18:10:00,5075,38.4748,38.5,38.43,38.51,38.43,51
2024-04-19 18:11:00,1363,38.4429,38.42,38.42,38.465,38.42,23
2024-04-19 18:12:00,20602,38.5783,38.42,38.51,38.8,38.42,299
2024-04-19 18:13:00,2096,38.5241,38.54,38.46,38.55,38.46,46
2024-04-19 18:14:00,5161,38.4796,38.45,38.52,38.63,38.4,71
2024-04-19 18:15:00,1962,38.4926,38.5,38.46,38.5,38.46,28
2024-04-19 18:16:00,868,38.4619,38.44,38.44,38.44,38.43,21
2024-04-19 18:17:00,308,38.4303,38.43,38.43,38.43,38.43,6
2024-04-19 18:18:00,3185,38.4813,38.44,38.48,38.5,38.44,52
2024-04-19 18:19:00,2773,38.4958,38.49,38.5,38.52,38.48,36
2024-04-19 18:20:00,6106,38.4665,38.47,38.46,38.48,38.43,89
2024-04-19 18:21:00,3173,38.3868,38.42,38.32,38.42,38.32,53
2024-04-19 18:22:00,2127,38.3108,38.32,38.26,38.4,38.26,37
2024-04-19 18:23:00,563,38.2725,38.26,38.26,38.305,38.26,13
2024-04-19 18:24:00,18470,38.2736,38.3,38.17,38.35,38.145,230
2024-04-19 18:25:00,4266,38.1788,38.15,38.22,38.23,38.13,65
2024-04-19 18:26:00,5141,38.2687,38.21,38.26,38.31,38.2,81
2024-04-19 18:27:00,3939,38.3001,38.25,38.33,38.3418,38.25,46
2024-04-19 18:28:00,3241,38.2717,38.31,38.23,38.315,38.23,46
2024-04-19 18:29:00,762,38.2325,38.3,38.19,38.3,38.19,20
2024-04-19 18:30:00,5250,38.2176,38.19,38.23,38.26,38.16,67
2024-04-19 18:31:00,1440,38.1812,38.17,38.1703,38.18,38.17,24
2024-04-19 18:32:00,1839,38.1449,38.16,38.12,38.17,38.12,43
2024-04-19 18:33:00,12806,38.079,38.12,38.0,38.155,37.97,154
2024-04-19 18:34:00,12786,37.9745,37.97,37.98,38.01,37.95,200
2024-04-19 18:35:00,15427,37.9754,37.995,37.93,38.03,37.93,220
2024-04-19 18:36:00,8767,37.8834,37.91,37.89,37.91,37.83,123
2024-04-19 18:37:00,8998,37.8666,37.86,37.88,37.89,37.84,137
2024-04-19 18:38:00,7529,37.7966,37.84,37.76,37.84,37.76,90
2024-04-19 18:39:00,23334,37.7313,37.75,37.89,37.96,37.6606,230
2024-04-19 18:40:00,5528,37.8645,37.87,37.87,37.885,37.83,90
2024-04-19 18:41:00,41514,37.9976,37.9,38.05,38.25,37.885,254
2024-04-19 18:42:00,16988,38.0214,38.05,38.21,38.21,37.93,186
2024-04-19 18:43:00,4627,38.0213,38.16,37.97,38.16,37.96,102
2024-04-19 18:44:00,14331,37.9875,37.97,38.0,38.03,37.88,106
2024-04-19 18:45:00,4414,37.9994,38.06,38.04,38.065,37.95,47
2024-04-19 18:46:00,6327,38.0228,38.03,38.01,38.05,37.97,89
2024-04-19 18:47:00,5763,38.0183,38.12,38.025,38.12,37.95,83
2024-04-19 18:48:00,30693,37.9542,38.0,37.935,38.0,37.9,75
2024-04-19 18:49:00,8171,37.9939,37.9,38.06,38.13,37.9,107
2024-04-19 18:50:00,3082,38.0161,38.0,38.01,38.065,37.97,45
2024-04-19 18:51:00,9399,38.0025,37.97,38.015,38.06,37.97,99
2024-04-19 18:52:00,5009,38.0821,38.06,38.06,38.145,38.0,97
2024-04-19 18:53:00,7084,38.1401,38.06,38.24,38.24,38.06,78
2024-04-19 18:54:00,2149,38.1647,38.185,38.13,38.23,38.13,18
2024-04-19 18:55:00,8233,38.2375,38.13,38.25,38.32,38.13,125
2024-04-19 18:56:00,49662,37.9454,38.24,37.73,38.35,37.61,541
2024-04-19 18:57:00,55380,37.7854,37.695,38.03,38.03,37.695,112
2024-04-19 18:58:00,4429,37.9427,38.04,37.865,38.04,37.86,70
2024-04-19 18:59:00,5737,37.8983,37.865,37.96,37.96,37.865,119
2024-04-19 19:00:00,2011,37.8525,37.955,37.82,37.955,37.79,52
2024-04-19 19:01:00,8421,37.8062,37.78,37.74,37.87,37.74,144
2024-04-19 19:02:00,4962,37.8086,37.77,37.84,37.85,37.75,92
2024-04-19 19:03:00,3164,37.8755,37.845,37.9,37.9,37.825,49
2024-04-19 19:04:00,5236,37.9107,37.92,37.87,37.95,37.87,80
2024-04-19 19:05:00,7311,37.8359,37.84,37.83,37.88,37.79,146
2024-04-19 19:06:00,2979,37.764,37.83,37.76,37.83,37.74,55
2024-04-19 19:07:00,15756,37.8527,37.75,37.87,38.0,37.75,135
2024-04-19 19:08:00,3717,37.9051,37.87,37.92,37.955,37.832,57
2024-04-19 19:09:00,4876,37.8965,37.96,37.885,37.96,37.85,81
2024-04-19 19:10:00,19967,37.9413,37.84,38.03,38.03,37.84,260
2024-04-19 19:11:00,34398,38.0554,38.055,38.0799,38.2599,38.0,323
2024-04-19 19:12:00,40445,38.1122,38.08,38.18,38.195,38.06,279
2024-04-19 19:13:00,4195,38.3133,38.21,38.47,38.5,38.21,64
2024-04-19 19:14:00,15584,38.4135,38.4,38.515,38.63,38.33,190
2024-04-19 19:15:00,6261,38.3584,38.49,38.285,38.49,38.27,104
2024-04-19 19:16:00,9781,38.1907,38.22,38.205,38.25,38.14,81
2024-04-19 19:17:00,7760,38.1461,38.17,38.205,38.205,38.11,70
2024-04-19 19:18:00,7380,38.2067,38.15,38.34,38.34,38.15,146
2024-04-19 19:19:00,5131,38.3947,38.37,38.4,38.455,38.34,77
2024-04-19 19:20:00,1209,38.3889,38.395,38.37,38.4,38.36,27
2024-04-19 19:21:00,5991,38.5063,38.395,38.6,38.63,38.36,93
2024-04-19 19:22:00,9331,38.8491,38.6,38.885,38.97,38.6,81
2024-04-19 19:23:00,12244,38.9659,38.93,38.9899,39.0,38.88,169
2024-04-19 19:24:00,19137,38.8937,38.93,38.945,39.0,38.75,233
2024-04-19 19:25:00,15581,38.914,38.92,38.84,39.0,38.79,216
2024-04-19 19:26:00,13559,38.6618,38.75,38.73,38.775,38.535,189
2024-04-19 19:27:00,3274,38.8,38.79,38.86,38.86,38.76,65
2024-04-19 19:28:00,2297,38.9462,38.95,38.935,38.99,38.935,38
2024-04-19 19:29:00,28810,38.947,38.99,38.75,39.04,38.75,299
2024-04-19 19:30:00,10674,38.7757,38.8,38.831,38.84,38.7,158
2024-04-19 19:31:00,9533,38.8557,38.83,38.83,38.88,38.83,130
2024-04-19 19:32:00,9763,38.7336,38.8,38.72,38.81,38.66,159
2024-04-19 19:33:00,10438,38.5734,38.67,38.56,38.67,38.501,176
2024-04-19 19:34:00,6634,38.6068,38.59,38.7,38.775,38.5,114
2024-04-19 19:35:00,8943,38.5713,38.68,38.53,38.68,38.51,132
2024-04-19 19:36:00,6104,38.5036,38.525,38.51,38.55,38.46,113
2024-04-19 19:37:00,9346,38.4894,38.5,38.44,38.515,38.43,159
2024-04-19 19:38:00,5915,38.4753,38.47,38.47,38.5,38.45,100
2024-04-19 19:39:00,11272,38.4729,38.47,38.44,38.515,38.43,162
2024-04-19 19:40:00,9947,38.418,38.435,38.5,38.5,38.37,164
2024-04-19 19:41:00,13444,38.4681,38.5,38.41,38.5,38.39,147
2024-04-19 19:42:00,14703,38.473,38.39,38.655,38.67,38.36,223
2024-04-19 19:43:00,32394,38.6348,38.64,38.805,38.93,38.55,206
2024-04-19 19:44:00,12116,38.6355,38.8,38.7,38.8,38.55,115
2024-04-19 19:45:00,9031,38.697,38.71,38.725,38.77,38.65,126
2024-04-19 19:46:00,3123,38.7272,38.8,38.71,38.8,38.69,75
2024-04-19 19:47:00,10648,38.7677,38.73,38.81,38.86,38.73,186
2024-04-19 19:48:00,2937,38.868,38.88,38.885,38.91,38.8601,80
2024-04-19 19:49:00,9937,38.8856,38.91,38.94,38.95,38.86,165
2024-04-19 19:50:00,18825,38.8602,38.97,38.79,39.0,38.75,336
2024-04-19 19:51:00,14661,38.7835,38.79,38.82,38.83,38.735,210
2024-04-19 19:52:00,8452,38.8613,38.82,38.9037,38.91,38.82,162
2024-04-19 19:53:00,23953,38.9224,38.895,38.949,39.0,38.81,279
2024-04-19 19:54:00,16973,38.9827,38.935,38.995,39.02,38.92,199
2024-04-19 19:55:00,36069,39.0498,39.0,39.075,39.1584,38.97,410
2024-04-19 19:56:00,28793,39.023,39.07,38.98,39.09,38.95,340
2024-04-19 19:57:00,15070,38.9815,38.9501,39.0,39.0299,38.95,208
2024-04-19 19:58:00,31024,38.9565,39.0097,38.96,39.0097,38.89,384
2024-04-19 19:59:00,47260,39.007,38.97,39.0,39.13,38.96,445
2024-04-19 20:00:00,230,38.99,38.99,38.99,38.99,38.99,4
2024-04-19 21:51:00,100,39.4544,39.4544,39.4544,39.4544,39.4544,1
2024-04-22 12:06:00,1001,39.6455,39.68,39.63,39.68,39.63,11
2024-04-22 13:30:00,12575,39.5723,39.7,39.04,39.7,39.02,79
2024-04-22 13:31:00,1463,39.1684,39.13,39.2,39.29,39.13,44
2024-04-22 13:32:00,9739,38.9925,38.98,39.09,39.1815,38.9,77
2024-04-22 13:33:00,4358,38.998,39.0535,38.89,39.14,38.88,67
2024-04-22 13:34:00,1209,38.9871,38.94,39.07,39.07,38.93,17
2024-04-22 13:35:00,3204,38.89,38.86,39.04,39.04,38.86,19
2024-04-22 13:36:00,8728,38.8743,39.05,38.78,39.05,38.75,136
2024-04-22 13:37:00,570,38.9347,38.9,38.9,38.9,38.9,16
2024-04-22 13:38:00,3065,38.943,38.96,38.92,38.99,38.895,52
2024-04-22 13:39:00,1002,38.9992,38.98,39.02,39.02,38.98,13
2024-04-22 13:40:00,1340,38.938,38.87,39.02,39.02,38.87,6
2024-04-22 13:41:00,7770,39.0977,39.02,39.09,39.19,38.955,69
2024-04-22 13:42:00,3523,39.0121,39.09,39.09,39.09,38.93,38
2024-04-22 13:43:00,3136,38.9078,39.08,38.8,39.08,38.8,44
2024-04-22 13:44:00,306,38.9555,38.89,38.99,38.99,38.89,8
2024-04-22 13:45:00,2150,39.0319,38.99,39.01,39.12,38.933,24
2024-04-22 13:46:00,1677,39.0048,39.11,39.0,39.11,39.0,14
2024-04-22 13:47:00,8727,39.0702,39.06,39.145,39.17,39.0,94
2024-04-22 13:48:00,3259,39.1856,39.145,39.3,39.3,39.11,31
2024-04-22 13:49:00,1453,39.3726,39.34,39.45,39.45,39.31,28
2024-04-22 13:50:00,6341,39.3371,39.385,39.21,39.45,39.21,73
2024-04-22 13:51:00,1092,39.1256,39.15,39.02,39.15,39.02,32
2024-04-22 13:52:00,1337,39.1487,39.13,39.19,39.19,39.13,17
2024-04-22 13:53:00,1865,39.1541,39.13,39.15,39.15,39.13,43
2024-04-22 13:54:00,2166,39.1331,39.15,39.0601,39.19,39.0601,44
2024-04-22 13:55:00,4221,39.0625,39.1001,39.025,39.11,39.0,66
2024-04-22 13:56:00,620,39.0252,39.025,39.025,39.025,39.025,3
2024-04-22 13:57:00,1222,38.9782,39.02,38.96,39.02,38.96,30
2024-04-22 13:58:00,1807,38.9052,38.88,38.88,38.93,38.88,28
2024-04-22 13:59:00,437,38.8616,38.875,38.875,38.875,38.875,16
2024-04-22 14:00:00,6662,38.8614,38.88,38.89,38.9,38.81,86
2024-04-22 14:01:00,842,38.833,38.8634,38.83,38.8634,38.81,27
2024-04-22 14:02:00,668,38.7789,38.78,38.81,38.81,38.77,30
2024-04-22 14:03:00,1899,38.8259,38.77,38.86,38.87,38.77,37
2024-04-22 14:04:00,1105,38.9086,38.9,38.93,38.94,38.9,26
2024-04-22 14:05:00,1121,38.9715,38.96,38.99,38.99,38.96,30
2024-04-22 14:07:00,1316,39.0002,39.0,39.03,39.03,38.98,37
2024-04-22 14:08:00,2122,39.0816,39.06,39.02,39.14,39.02,29
2024-04-22 14:09:00,992,38.9899,39.045,38.99,39.045,38.99,44
2024-04-22 14:10:00,380,38.9748,38.98,38.97,38.98,38.97,12
2024-04-22 14:11:00,1196,38.9608,38.95,38.97,38.99,38.95,26
2024-04-22 14:12:00,1326,38.9253,38.91,38.92,38.93,38.91,55
2024-04-22 14:13:00,738,38.921,38.925,38.93,38.93,38.87,14
2024-04-22 14:14:00,3470,38.8517,38.88,38.7907,38.89,38.79,76
2024-04-22 14:15:00,1134,38.8462,38.84,38.88,38.88,38.84,22
2024-04-22 14:16:00,280,38.8897,38.9,38.9,38.9,38.9,10
2024-04-22 14:17:00,144,38.8288,38.84,38.84,38.84,38.84,6
2024-04-22 14:18:00,261,38.8312,38.825,38.825,38.825,38.825,8
2024-04-22 14:19:00,3621,38.8341,38.805,38.82,38.86,38.805,42
2024-04-22 14:20:00,1377,38.7742,38.82,38.77,38.8273,38.77,35
2024-04-22 14:21:00,1249,38.6983,38.7,38.73,38.73,38.7,40
2024-04-22 14:22:00,6292,38.5852,38.705,38.48,38.705,38.42,116
2024-04-22 14:23:00,241,38.4738,38.475,38.475,38.475,38.475,9
2024-04-22 14:24:00,3840,38.4364,38.47,38.39,38.4716,38.39,53
2024-04-22 14:25:00,2156,38.352,38.32,38.39,38.39,38.3,54
2024-04-22 14:26:00,209,38.3155,38.32,38.31,38.32,38.31,6
2024-04-22 14:27:00,3102,38.2768,38.19,38.32,38.36,38.19,51
2024-04-22 14:28:00,383,38.3412,38.335,38.335,38.335,38.335,13
2024-04-22 14:29:00,5465,38.3151,38.34,38.285,38.38,38.26,84
2024-04-22 14:30:00,3994,38.3899,38.28,38.5,38.51,38.28,82
2024-04-22 14:31:00,1048,38.545,38.505,38.6,38.6,38.505,22
2024-04-22 14:32:00,1946,38.5699,38.585,38.575,38.585,38.5201,14
2024-04-22 14:33:00,2534,38.625,38.62,38.5978,38.655,38.5978,24
2024-04-22 14:34:00,5118,38.7152,38.65,38.77,38.87,38.65,81
2024-04-22 14:35:00,422,38.7119,38.79,38.79,38.79,38.79,9
2024-04-22 14:36:00,247,38.7882,38.785,38.79,38.79,38.785,8
2024-04-22 14:37:00,3473,38.8529,38.795,38.855,38.88,38.795,52
2024-04-22 14:38:00,1451,38.8876,38.85,38.885,38.91,38.85,24
2024-04-22 14:40:00,8342,38.9217,38.92,38.89,38.99,38.86,161
2024-04-22 14:41:00,1054,38.8764,38.86,38.845,38.89,38.845,25
2024-04-22 14:43:00,2329,38.8288,38.84,38.805,38.84,38.77,55
2024-04-22 14:45:00,2738,38.7851,38.77,38.805,38.82,38.76,62
2024-04-22 14:46:00,1349,38.8502,38.805,38.85,38.86,38.805,13
2024-04-22 14:47:00,102,38.8588,38.86,38.86,38.86,38.86,2
2024-04-22 14:48:00,198,38.8018,38.8,38.8,38.8,38.8,12
2024-04-22 14:49:00,117,38.8294,38.83,38.83,38.83,38.83,2
2024-04-22 14:50:00,1809,38.7198,38.76,38.72,38.76,38.72,61
2024-04-22 14:52:00,3223,38.7752,38.75,38.82,38.85,38.69,62
2024-04-22 14:54:00,1005,38.776,38.79,38.77,38.79,38.77,24
2024-04-22 14:56:00,388,38.7498,38.78,38.78,38.78,38.78,19
2024-04-22 14:57:00,2429,38.7371,38.77,38.69,38.77,38.69,27
2024-04-22 14:59:00,2430,38.7062,38.64,38.725,38.73,38.64,46
2024-04-22 15:00:00,3078,38.7841,38.6911,38.835,38.85,38.6911,50
2024-04-22 15:01:00,2688,38.7876,38.78,38.8,38.8,38.78,15
2024-04-22 15:02:00,1415,38.6851,38.67,38.64,38.695,38.64,41
2024-04-22 15:03:00,878,38.6922,38.68,38.69,38.72,38.67,21
2024-04-22 15:04:00,1076,38.6116,38.64,38.59,38.65,38.585,24
2024-04-22 15:06:00,274,38.6619,38.655,38.67,38.67,38.655,9
2024-04-22 15:07:00,3633,38.5847,38.678,38.52,38.678,38.52,72
2024-04-22 15:08:00,1000,38.5264,38.53,38.53,38.53,38.51,25
2024-04-22 15:09:00,449,38.4882,38.48,38.515,38.515,38.48,9
2024-04-22 15:10:00,505,38.4931,38.5,38.5,38.5,38.5,18
2024-04-22 15:11:00,309,38.446,38.44,38.44,38.44,38.44,16
2024-04-22 15:12:00,942,38.4928,38.48,38.49,38.49,38.48,27
2024-04-22 15:13:00,2329,38.4929,38.46,38.54,38.54,38.46,31
2024-04-22 15:14:00,1284,38.5116,38.55,38.5,38.55,38.5,28
2024-04-22 15:15:00,1831,38.4383,38.46,38.47,38.47,38.41,48
2024-04-22 15:16:00,545,38.466,38.47,38.46,38.47,38.46,16
2024-04-22 15:17:00,1061,38.5132,38.51,38.51,38.54,38.505,29
2024-04-22 15:18:00,1741,38.5418,38.55,38.535,38.57,38.53,24
2024-04-22 15:19:00,2118,38.483,38.54,38.46,38.54,38.45,48
2024-04-22 15:20:00,480,38.4609,38.4203,38.5,38.5,38.4203,9
2024-04-22 15:21:00,300,38.4593,38.46,38.46,38.46,38.46,7
2024-04-22 15:22:00,245,38.4703,38.44,38.44,38.44,38.44,6
2024-04-22 15:23:00,2378,38.4193,38.43,38.38,38.43,38.38,52
2024-04-22 15:24:00,1589,38.4113,38.41,38.37,38.44,38.37,39
2024-04-22 15:25:00,1698,38.3051,38.33,38.26,38.33,38.25,51
2024-04-22 15:26:00,2433,38.2904,38.29,38.29,38.29,38.29,20
2024-04-22 15:27:00,605,38.297,38.29,38.29,38.29,38.29,13
2024-04-22 15:28:00,1477,38.3138,38.32,38.32,38.32,38.3,38
2024-04-22 15:29:00,3659,38.3446,38.33,38.3,38.37,38.3,73
2024-04-22 15:30:00,1035,38.3463,38.38,38.355,38.38,38.33,19
2024-04-22 15:31:00,257,38.3684,38.365,38.365,38.365,38.365,9
2024-04-22 15:32:00,868,38.3998,38.4,38.39,38.41,38.39,26
2024-04-22 15:33:00,1828,38.4866,38.39,38.5625,38.57,38.39,53
2024-04-22 15:34:00,3109,38.5802,38.59,38.53,38.59,38.53,17
2024-04-22 15:35:00,593,38.5467,38.555,38.555,38.555,38.555,11
2024-04-22 15:38:00,1662,38.6014,38.565,38.645,38.645,38.565,37
2024-04-22 15:40:00,1085,38.6573,38.6473,38.67,38.67,38.645,23
2024-04-22 15:41:00,289,38.6316,38.675,38.675,38.675,38.675,15
2024-04-22 15:43:00,645,38.661,38.65,38.66,38.66,38.65,14
2024-04-22 15:44:00,551,38.6595,38.66,38.66,38.66,38.66,9
2024-04-22 15:45:00,471,38.6561,38.66,38.66,38.66,38.66,19
2024-04-22 15:46:00,752,38.665,38.665,38.665,38.665,38.665,12
2024-04-22 15:49:00,272,38.6468,38.64,38.64,38.64,38.64,11
2024-04-22 15:50:00,2619,38.6146,38.64,38.56,38.64,38.56,72
2024-04-22 15:51:00,2560,38.5902,38.575,38.58,38.61,38.56,48
2024-04-22 15:52:00,9770,38.6742,38.64,38.88,38.88,38.62,102
2024-04-22 15:53:00,413,38.8494,38.845,38.87,38.87,38.845,20
2024-04-22 15:57:00,278,38.946,38.95,38.95,38.95,38.95,15
2024-04-22 15:59:00,557,38.9655,38.96,38.985,38.985,38.96,11
2024-04-22 16:00:00,1516,38.99,39.02,38.99,39.02,38.98,28
2024-04-22 16:02:00,6441,38.9924,39.03,39.0,39.03,38.96,37
2024-04-22 16:03:00,2123,39.0224,39.01,39.04,39.04,39.01,30
2024-04-22 16:04:00,230,39.0333,39.02,39.02,39.02,39.02,18
2024-04-22 16:05:00,2383,39.0248,39.04,39.0,39.04,39.0,28
2024-04-22 16:06:00,1439,39.02,39.02,39.02,39.02,39.02,16
2024-04-22 16:07:00,2604,38.9354,38.98,38.91,38.98,38.9,68
2024-04-22 16:08:00,1063,38.9006,38.89,38.915,38.915,38.88,23
2024-04-22 16:09:00,1048,38.9122,38.88,38.915,38.93,38.88,13
2024-04-22 16:10:00,3254,38.9889,38.95,39.045,39.045,38.92,74
2024-04-22 16:11:00,438,39.052,39.045,39.045,39.08,39.04,14
2024-04-22 16:12:00,2460,39.0864,39.085,39.09,39.1,39.065,17
2024-04-22 16:13:00,272,39.1019,39.1,39.12,39.12,39.1,12
2024-04-22 16:14:00,1058,39.0796,39.08,39.08,39.08,39.08,24
2024-04-22 16:17:00,117,39.0928,39.09,39.09,39.09,39.09,5
2024-04-22 16:18:00,910,39.0891,39.1,39.08,39.1,39.08,23
2024-04-22 16:19:00,1333,39.0072,39.02,38.995,39.03,38.995,23
2024-04-22 16:20:00,1940,39.0218,39.02,39.025,39.03,39.02,31
2024-04-22 16:21:00,366,39.0201,39.02,39.02,39.02,39.02,12
2024-04-22 16:23:00,629,39.0211,39.02,39.02,39.02,39.02,20
2024-04-22 16:24:00,785,39.0008,39.0,39.0,39.0,39.0,15
2024-04-22 16:25:00,964,38.9784,38.99,38.975,38.99,38.975,22
2024-04-22 16:26:00,124,38.975,38.975,38.975,38.975,38.975,5
2024-04-22 16:27:00,2886,38.9843,38.98,38.96,39.01,38.96,57
2024-04-22 16:28:00,282,39.0052,39.0,39.01,39.01,39.0,11
2024-04-22 16:30:00,1054,38.9562,38.98,38.91,39.0,38.91,38
2024-04-22 16:31:00,1190,38.9346,38.955,38.935,38.955,38.91,36
2024-04-22 16:33:00,412,38.94,38.94,38.94,38.94,38.94,12
2024-04-22 16:35:00,578,38.9321,38.935,38.92,38.96,38.9,12
2024-04-22 16:38:00,284,38.9452,38.935,38.9594,38.9594,38.935,12
2024-04-22 16:39:00,342,38.9301,38.91,38.96,38.96,38.91,15
2024-04-22 16:40:00,921,38.9282,38.935,38.91,38.935,38.9,8
2024-04-22 16:41:00,3475,38.9227,38.9,38.91,38.96,38.89,63
2024-04-22 16:42:00,445,38.9366,38.93,38.94,38.94,38.93,21
2024-04-22 16:43:00,4372,38.956,38.97,38.945,38.97,38.94,80
2024-04-22 16:44:00,1066,38.9178,38.93,38.91,38.93,38.9,16
2024-04-22 16:45:00,156,38.915,38.915,38.915,38.915,38.915,8
2024-04-22 16:46:00,2769,38.9212,38.94,38.92,38.94,38.915,38
2024-04-22 16:47:00,3148,38.9305,38.9364,38.94,38.94,38.92,59
2024-04-22 16:48:00,741,38.9342,38.9387,38.9387,38.9387,38.9387,13
2024-04-22 16:49:00,768,38.9224,38.925,38.925,38.925,38.925,11
2024-04-22 16:50:00,1266,38.9264,38.925,38.925,38.93,38.925,25
2024-04-22 16:51:00,1083,38.9072,38.91,38.91,38.91,38.9,22
2024-04-22 16:52:00,2286,38.8828,38.89,38.86,38.89,38.86,54
2024-04-22 16:54:00,781,38.8747,38.875,38.875,38.875,38.85,20
2024-04-22 16:55:00,166,38.8899,38.9,38.9,38.9,38.9,4
2024-04-22 16:58:00,36432,38.8833,38.875,39.005,39.02,38.875,120
2024-04-22 16:59:00,6820,39.0547,39.005,39.105,39.12,39.005,89
2024-04-22 17:00:00,1671,39.187,39.185,39.21,39.21,39.17,22
2024-04-22 17:01:00,807,39.1964,39.19,39.23,39.23,39.185,9
2024-04-22 17:02:00,457,39.1799,39.185,39.185,39.185,39.185,15
2024-04-22 17:03:00,2213,39.2261,39.23,39.265,39.265,39.15,38
2024-04-22 17:04:00,4013,39.2089,39.27,39.13,39.27,39.12,83
2024-04-22 17:05:00,2481,39.2059,39.2099,39.2,39.21,39.2,28
2024-04-22 17:06:00,570,39.1889,39.21,39.18,39.21,39.18,13
2024-04-22 17:07:00,433,39.2098,39.21,39.21,39.21,39.21,8
2024-04-22 17:08:00,1350,39.1693,39.18,39.18,39.18,39.15,19
2024-04-22 17:09:00,922,39.1333,39.14,39.11,39.14,39.11,14
2024-04-22 17:10:00,1102,39.128,39.12,39.14,39.14,39.12,20
2024-04-22 17:11:00,1343,39.0962,39.1,39.085,39.11,39.085,29
2024-04-22 17:12:00,2895,39.0892,39.1,39.11,39.11,39.07,55
2024-04-22 17:14:00,812,39.1342,39.14,39.14,39.14,39.14,14
2024-04-22 17:16:00,1225,39.1163,39.11,39.1183,39.1183,39.1,19
2024-04-22 17:17:00,794,39.1039,39.09,39.12,39.12,39.09,15
2024-04-22 17:18:00,4246,39.1414,39.14,39.12,39.17,39.12,63
2024-04-22 17:21:00,1240,39.1287,39.15,39.12,39.15,39.12,30
2024-04-22 17:22:00,665,39.0886,39.08,39.115,39.115,39.08,13
2024-04-22 17:23:00,450,39.115,39.115,39.115,39.115,39.115,15
2024-04-22 17:24:00,2246,39.1368,39.09,39.15,39.16,39.09,46
2024-04-22 17:25:00,313,39.1837,39.17,39.21,39.21,39.17,8
2024-04-22 17:26:00,2284,39.216,39.18,39.289,39.289,39.18,67
2024-04-22 17:27:00,692,39.2629,39.2897,39.251,39.3,39.2301,11
2024-04-22 17:29:00,1215,39.2663,39.24,39.3,39.3,39.24,34
2024-04-22 17:30:00,373,39.3275,39.305,39.36,39.36,39.305,8
2024-04-22 17:32:00,212,39.3387,39.36,39.32,39.36,39.32,6
2024-04-22 17:33:00,533,39.3161,39.315,39.315,39.315,39.315,11
2024-04-22 17:34:00,2313,39.3389,39.35,39.42,39.42,39.34,50
2024-04-22 17:35:00,3332,39.3684,39.36,39.34,39.39,39.34,65
2024-04-22 17:36:00,1638,39.3351,39.34,39.32,39.365,39.32,40
2024-04-22 17:37:00,1322,39.2947,39.32,39.28,39.32,39.28,40
2024-04-22 17:38:00,2694,39.2851,39.27,39.3,39.3,39.27,46
2024-04-22 17:40:00,111,39.2848,39.285,39.285,39.285,39.285,6
2024-04-22 17:42:00,2361,39.2342,39.27,39.17,39.27,39.17,67
2024-04-22 17:43:00,748,39.1342,39.13,39.15,39.15,39.13,12
2024-04-22 17:44:00,3447,39.115,39.13,39.04,39.13,39.04,82
2024-04-22 17:45:00,1623,39.13,39.085,39.14,39.15,39.085,49
2024-04-22 17:48:00,638,39.2213,39.24,39.205,39.24,39.205,6
2024-04-22 17:49:00,5066,39.2351,39.19,39.27,39.27,39.19,67
2024-04-22 17:50:00,499,39.2577,39.26,39.27,39.27,39.26,10
2024-04-22 17:51:00,819,39.2404,39.24,39.24,39.24,39.24,7
2024-04-22 17:52:00,10926,39.3017,39.2,39.41,39.46,39.2,99
2024-04-22 17:53:00,510,39.5217,39.49,39.53,39.53,39.49,11
2024-04-22 17:54:00,504,39.5008,39.515,39.515,39.515,39.515,13
2024-04-22 17:55:00,2142,39.462,39.52,39.445,39.52,39.44,36
2024-04-22 17:56:00,2964,39.3804,39.44,39.36,39.44,39.36,72
2024-04-22 17:57:00,3407,39.3366,39.36,39.33,39.36,39.3201,33
2024-04-22 17:59:00,1125,39.3061,39.32,39.31,39.32,39.29,29
2024-04-22 18:00:00,660,39.2617,39.27,39.27,39.27,39.27,16
2024-04-22 18:01:00,1247,39.24,39.25,39.23,39.25,39.23,26
2024-04-22 18:02:00,226,39.2285,39.19,39.19,39.19,39.19,9
2024-04-22 18:03:00,422,39.2087,39.21,39.21,39.21,39.21,11
2024-04-22 18:04:00,2875,39.156,39.205,39.11,39.205,39.11,61
2024-04-22 18:05:00,1563,39.1136,39.12,39.095,39.13,39.095,32
2024-04-22 18:06:00,3420,39.1055,39.075,39.1,39.13,39.075,73
2024-04-22 18:07:00,965,39.0962,39.1,39.095,39.1,39.095,32
2024-04-22 18:08:00,1517,39.0725,39.08,39.07,39.08,39.07,32
2024-04-22 18:09:00,9788,39.0776,39.061,39.04,39.11,39.04,143
2024-04-22 18:10:00,565,39.0472,39.05,39.05,39.05,39.05,19
2024-04-22 18:11:00,3095,39.0489,39.08,39.06,39.08,39.01,63
2024-04-22 18:12:00,2249,39.0374,39.065,39.02,39.065,39.02,45
2024-04-22 18:13:00,3809,39.0069,39.02,39.0,39.02,39.0,47
2024-04-22 18:14:00,3850,39.0218,39.03,39.01,39.04,39.01,73
2024-04-22 18:15:00,1968,39.0125,39.01,39.01,39.02,39.01,32
2024-04-22 18:16:00,3264,38.9939,39.0,38.985,39.0,38.97,40
2024-04-22 18:17:00,2571,38.9288,38.96,38.92,38.96,38.91,87
2024-04-22 18:18:00,33573,38.9834,38.91,39.115,39.13,38.9,201
2024-04-22 18:19:00,4933,39.0447,39.09,38.995,39.11,38.98,72
2024-04-22 18:20:00,3405,39.0064,38.9301,39.055,39.055,38.9301,42
2024-04-22 18:21:00,2319,39.0727,39.045,39.065,39.1,39.04,42
2024-04-22 18:22:00,137,39.1122,39.12,39.12,39.12,39.12,6
2024-04-22 18:23:00,3690,39.0334,39.12,38.97,39.12,38.97,61
2024-04-22 18:24:00,854,38.9828,39.0,38.985,39.0,38.985,24
2024-04-22 18:25:00,2121,39.0008,39.0,38.985,39.01,38.985,34
2024-04-22 18:26:00,6000,38.9449,39.03,38.925,39.03,38.89,113
2024-04-22 18:27:00,1721,38.9379,38.91,38.925,38.96,38.91,32
2024-04-22 18:28:00,4462,38.8311,38.92,38.775,38.92,38.72,98
2024-04-22 18:29:00,2395,38.7926,38.775,38.84,38.855,38.73,42
2024-04-22 18:30:00,1956,38.8254,38.79,38.825,38.88,38.78,33
2024-04-22 18:32:00,2002,38.8899,38.92,38.92,38.92,38.86,31
2024-04-22 18:33:00,604,38.8997,38.89,38.895,38.92,38.89,14
2024-04-22 18:34:00,1620,38.9394,38.895,38.93,38.98,38.895,33
2024-04-22 18:35:00,1584,38.9274,38.92,38.945,38.945,38.92,26
2024-04-22 18:36:00,231,38.9406,38.94,38.94,38.94,38.94,7
2024-04-22 18:37:00,2936,38.9048,38.92,38.89,38.92,38.88,53
2024-04-22 18:38:00,2301,38.8738,38.89,38.86,38.89,38.86,36
2024-04-22 18:39:00,4478,38.8448,38.88,38.82,38.88,38.8,64
2024-04-22 18:40:00,474,38.827,38.82,38.82,38.82,38.82,10
2024-04-22 18:41:00,1539,38.8277,38.82,38.85,38.85,38.7966,24
2024-04-22 18:42:00,342,38.8388,38.82,38.85,38.85,38.82,11
2024-04-22 18:43:00,3421,38.79,38.8,38.77,38.82,38.77,43
2024-04-22 18:44:00,5207,38.7965,38.77,38.825,38.83,38.77,83
2024-04-22 18:45:00,274,38.8001,38.8,38.8,38.8,38.8,7
2024-04-22 18:46:00,1863,38.7912,38.8,38.8,38.8,38.78,25
2024-04-22 18:47:00,2339,38.7414,38.78,38.71,38.78,38.71,54
2024-04-22 18:48:00,1529,38.6779,38.7,38.67,38.7,38.67,31
2024-04-22 18:49:00,4221,38.7064,38.675,38.68,38.77,38.675,65
2024-04-22 18:50:00,123,38.6752,38.675,38.675,38.675,38.675,7
2024-04-22 18:51:00,1062,38.6625,38.65,38.64,38.65,38.64,24
2024-04-22 18:52:00,5606,38.5785,38.63,38.56,38.63,38.54,103
2024-04-22 18:53:00,1857,38.5817,38.59,38.5701,38.59,38.5701,53
2024-04-22 18:54:00,4107,38.5993,38.57,38.63,38.63,38.56,73
2024-04-22 18:55:00,249,38.6151,38.6086,38.6086,38.6086,38.6086,8
2024-04-22 18:56:00,1272,38.6453,38.66,38.66,38.66,38.65,52
2024-04-22 18:57:00,221,38.6692,38.67,38.67,38.67,38.67,12
2024-04-22 18:58:00,2971,38.6795,38.68,38.66,38.69,38.66,66
2024-04-22 18:59:00,1404,38.6631,38.69,38.66,38.69,38.66,30
2024-04-22 19:01:00,6013,38.6127,38.65,38.635,38.68,38.56,119
2024-04-22 19:02:00,915,38.59,38.63,38.565,38.63,38.565,24
2024-04-22 19:03:00,2969,38.5959,38.59,38.62,38.62,38.59,69
2024-04-22 19:05:00,1114,38.631,38.66,38.62,38.66,38.62,27
2024-04-22 19:06:00,2234,38.5874,38.6,38.54,38.64,38.54,51
2024-04-22 19:07:00,4099,38.503,38.51,38.485,38.52,38.47,82
2024-04-22 19:08:00,469,38.4717,38.47,38.47,38.47,38.47,12
2024-04-22 19:09:00,435,38.4942,38.45,38.45,38.45,38.45,9
2024-04-22 19:10:00,713,38.463,38.48,38.47,38.48,38.451,23
2024-04-22 19:11:00,4710,38.4415,38.45,38.46,38.46,38.4,80
2024-04-22 19:12:00,1045,38.4624,38.5,38.45,38.5,38.45,36
2024-04-22 19:13:00,2899,38.4644,38.47,38.465,38.48,38.45,41
2024-04-22 19:14:00,1380,38.4914,38.49,38.49,38.49,38.47,42
2024-04-22 19:15:00,1944,38.4821,38.51,38.44,38.51,38.44,37
2024-04-22 19:16:00,515,38.47,38.47,38.47,38.47,38.47,23
2024-04-22 19:17:00,369,38.4607,38.45,38.45,38.45,38.45,8
2024-04-22 19:18:00,2778,38.4496,38.5,38.421,38.5,38.421,54
2024-04-22 19:19:00,5434,38.3902,38.43,38.41,38.43,38.36,142
2024-04-22 19:20:00,441,38.4005,38.4,38.4,38.4,38.4,15
2024-04-22 19:21:00,2251,38.4005,38.37,38.4,38.42,38.37,45
2024-04-22 19:22:00,1586,38.3912,38.39,38.385,38.39,38.385,49
2024-04-22 19:23:00,38318,38.6465,38.4,38.62,38.83,38.39,397
2024-04-22 19:24:00,9117,38.6281,38.59,38.52,38.82,38.52,103
2024-04-22 19:26:00,2817,38.5644,38.511,38.61,38.63,38.511,73
2024-04-22 19:27:00,959,38.5703,38.6,38.53,38.6,38.53,26
2024-04-22 19:28:00,1350,38.6034,38.59,38.625,38.625,38.59,31
2024-04-22 19:29:00,4464,38.5662,38.59,38.5,38.59,38.5,74
2024-04-22 19:30:00,1508,38.5264,38.52,38.54,38.54,38.52,49
2024-04-22 19:31:00,1048,38.5647,38.525,38.52,38.53,38.52,27
2024-04-22 19:32:00,2668,38.565,38.54,38.57,38.6188,38.54,57
2024-04-22 19:33:00,3857,38.5134,38.56,38.5,38.56,38.46,89
2024-04-22 19:34:00,2919,38.4805,38.48,38.44,38.49,38.44,61
2024-04-22 19:35:00,323,38.4589,38.4726,38.4726,38.4726,38.4726,10
2024-04-22 19:36:00,3523,38.4179,38.455,38.405,38.455,38.3801,76
2024-04-22 19:37:00,2500,38.4448,38.44,38.41,38.47,38.41,75
2024-04-22 19:38:00,2714,38.4497,38.42,38.485,38.485,38.42,83
2024-04-22 19:39:00,2038,38.5118,38.485,38.5,38.54,38.485,57
2024-04-22 19:40:00,3133,38.4809,38.49,38.46,38.5,38.46,72
2024-04-22 19:41:00,2354,38.4535,38.44,38.455,38.48,38.43,63
2024-04-22 19:42:00,1893,38.4242,38.43,38.43,38.43,38.42,54
2024-04-22 19:43:00,4631,38.445,38.43,38.43,38.45,38.425,65
2024-04-22 19:44:00,2354,38.4837,38.44,38.55,38.55,38.44,77
2024-04-22 19:45:00,2674,38.5165,38.53,38.52,38.53,38.5,64
2024-04-22 19:46:00,3802,38.5638,38.5423,38.65,38.65,38.52,82
2024-04-22 19:47:00,2713,38.6257,38.64,38.61,38.64,38.61,65
2024-04-22 19:48:00,3742,38.6278,38.59,38.665,38.69,38.585,103
2024-04-22 19:49:00,3432,38.6226,38.67,38.6,38.67,38.6,77
2024-04-22 19:50:00,9266,38.4937,38.59,38.45,38.59,38.45,148
2024-04-22 19:51:00,11016,38.4308,38.395,38.41,38.45,38.395,207
2024-04-22 19:52:00,5456,38.4663,38.42,38.54,38.55,38.41,96
2024-04-22 19:53:00,13194,38.4688,38.525,38.43,38.525,38.43,183
2024-04-22 19:54:00,8939,38.3985,38.415,38.38,38.415,38.34,158
2024-04-22 19:55:00,12029,38.3301,38.36,38.299,38.36,38.29,158
2024-04-22 19:56:00,7128,38.3124,38.28,38.36,38.37,38.28,102
2024-04-22 19:57:00,8711,38.375,38.35,38.41,38.42,38.345,143
2024-04-22 19:58:00,28633,38.337,38.41,38.33,38.41,38.31,326
2024-04-22 19:59:00,29502,38.3319,38.34,38.32,38.36,38.32,401
2024-04-22 20:00:00,254,38.33,38.33,38.33,38.33,38.33,2
2024-04-22 22:51:00,125,39.97,39.97,39.97,39.97,39.97,1
2024-04-22 22:55:00,210,39.5273,39.5273,39.5273,39.5273,39.5273,1
2024-04-23 12:00:00,227,39.51,39.51,39.51,39.51,39.51,2
2024-04-23 12:01:00,462,39.9572,39.88,40.0294,40.0294,39.88,7
2024-04-23 12:02:00,1661,40.046,40.05,40.05,40.05,40.05,6
2024-04-23 12:07:00,200,40.05,40.05,40.05,40.05,40.05,1
2024-04-23 12:11:00,300,40.0,40.0,40.0,40.0,40.0,2
2024-04-23 12:28:00,153,40.1935,40.19,40.19,40.19,40.19,3
2024-04-23 12:34:00,448,40.2223,40.2,40.25,40.25,40.2,3
2024-04-23 12:37:00,100,40.72,40.72,40.72,40.72,40.72,1
2024-04-23 12:44:00,122,40.73,40.73,40.73,40.73,40.73,1
2024-04-23 12:51:00,102,40.3824,40.38,40.38,40.38,40.38,2
2024-04-23 13:01:00,818,40.426,40.38,40.5,40.5,40.38,8
2024-04-23 13:20:00,210,40.7252,40.72,40.73,40.73,40.72,5
2024-04-23 13:27:00,1000,40.5,40.5,40.5,40.5,40.5,2
2024-04-23 13:28:00,170,40.4941,40.49,40.49,40.49,40.49,2
2024-04-23 13:29:00,2175,40.44,40.35,40.65,40.75,40.31,24
2024-04-23 13:30:00,100204,40.4409,40.54,39.515,40.75,39.515,137
2024-04-23 13:31:00,11235,39.5027,39.7,39.535,39.7114,39.25,68
2024-04-23 13:32:00,45845,39.9863,39.535,39.97,40.295,39.535,114
2024-04-23 13:33:00,7565,39.6488,39.99,39.315,40.185,39.315,65
2024-04-23 13:34:00,2003,39.4422,39.69,39.3,39.7095,39.27,35
2024-04-23 13:35:00,1646,39.5783,39.3,39.66,39.67,39.3,35
2024-04-23 13:36:00,1933,39.5964,39.76,39.55,39.76,39.55,15
2024-04-23 13:37:00,9792,39.4349,39.565,39.26,39.59,39.25,103
2024-04-23 13:38:00,5378,39.4259,39.375,39.27,39.5,39.27,66
2024-04-23 13:39:00,3091,39.4395,39.28,39.56,39.7108,39.28,50
2024-04-23 13:40:00,8425,39.6768,39.69,39.36,39.81,39.36,58
2024-04-23 13:41:00,5729,39.4775,39.63,39.41,39.63,39.365,62
2024-04-23 13:42:00,1792,39.4989,39.51,39.51,39.56,39.41,33
2024-04-23 13:43:00,4330,39.5362,39.47,39.42,39.5885,39.42,35
2024-04-23 13:44:00,8309,39.5349,39.4704,39.5799,39.65,39.435,63
2024-04-23 13:45:00,7474,39.712,39.57,39.75,39.92,39.5,93
2024-04-23 13:46:00,6869,39.7561,39.79,39.54,39.88,39.47,93
2024-04-23 13:47:00,5174,39.7001,39.63,39.52,39.82,39.52,57
2024-04-23 13:48:00,371,39.6136,39.645,39.645,39.645,39.645,19
2024-04-23 13:49:00,1589,39.5362,39.52,39.575,39.575,39.5,33
2024-04-23 13:50:00,4050,39.684,39.55,39.815,39.87,39.52,79
2024-04-23 13:51:00,5582,39.8218,39.815,39.84,39.89,39.815,37
2024-04-23 13:52:00,2613,39.8213,39.8381,39.81,39.88,39.75,27
2024-04-23 13:53:00,9038,39.7522,39.84,39.6,39.9,39.6,91
2024-04-23 13:54:00,8090,39.6023,39.8,39.6,39.8,39.5,85
2024-04-23 13:55:00,12286,39.5381,39.53,39.475,39.68,39.475,95
2024-04-23 13:56:00,2811,39.4903,39.5,39.42,39.535,39.42,48
2024-04-23 13:57:00,2171,39.4156,39.45,39.4,39.45,39.4,34
2024-04-23 13:58:00,4619,39.4617,39.435,39.4,39.4899,39.4,33
2024-04-23 13:59:00,3439,39.3769,39.4,39.33,39.42,39.32,42
2024-04-23 14:00:00,2548,39.3621,39.4,39.4,39.48,39.31,45
2024-04-23 14:01:00,11032,39.5325,39.385,39.5,39.77,39.385,80
2024-04-23 14:02:00,783,39.4657,39.49,39.465,39.49,39.465,15
2024-04-23 14:03:00,4421,39.4726,39.533,39.45,39.54,39.41,45
2024-04-23 14:04:00,4485,39.5198,39.485,39.5218,39.58,39.485,45
2024-04-23 14:05:00,859,39.5015,39.49,39.515,39.515,39.49,20
2024-04-23 14:06:00,5355,39.4557,39.53,39.36,39.53,39.36,80
2024-04-23 14:07:00,1019,39.4248,39.38,39.38,39.47,39.37,19
2024-04-23 14:08:00,3375,39.4006,39.39,39.37,39.47,39.37,56
2024-04-23 14:09:00,954,39.4216,39.42,39.37,39.465,39.37,20
2024-04-23 14:10:00,10293,39.3881,39.4,39.365,39.4,39.35,111
2024-04-23 14:11:00,10061,39.3836,39.34,39.4,39.4,39.32,69
2024-04-23 14:12:00,2097,39.4684,39.44,39.42,39.49,39.42,43
2024-04-23 14:13:00,1636,39.4158,39.455,39.41,39.455,39.41,30
2024-04-23 14:14:00,3788,39.4233,39.4599,39.45,39.4599,39.38,53
2024-04-23 14:15:00,2567,39.4836,39.5213,39.455,39.5213,39.43,64
2024-04-23 14:16:00,30261,39.5224,39.43,39.71,39.71,39.43,69
2024-04-23 14:17:00,3117,39.6274,39.645,39.6,39.665,39.59,33
2024-04-23 14:18:00,3282,39.5613,39.59,39.535,39.59,39.53,56
2024-04-23 14:19:00,16740,39.7261,39.535,39.82,39.92,39.535,147
2024-04-23 14:20:00,3634,39.8638,39.84,39.865,39.87,39.84,49
2024-04-23 14:21:00,4718,39.964,39.865,40.04,40.06,39.865,65
2024-04-23 14:22:00,1050,39.9368,39.95,39.95,39.95,39.93,33
2024-04-23 14:23:00,6146,39.9818,40.0,40.015,40.02,39.87,63
2024-04-23 14:24:00,5631,40.0254,40.015,39.905,40.11,39.905,54
2024-04-23 14:25:00,21250,40.0486,40.0,40.1,40.1,39.97,72
2024-04-23 14:26:00,8617,40.2168,40.24,40.145,40.3228,40.145,85
2024-04-23 14:27:00,4178,40.1632,40.11,40.145,40.21,40.1,59
2024-04-23 14:28:00,2711,40.2861,40.2,40.345,40.35,40.2,33
2024-04-23 14:29:00,6815,40.4059,40.35,40.425,40.45,40.29,38
2024-04-23 14:30:00,5269,40.479,40.481,40.46,40.5,40.41,84
2024-04-23 14:31:00,3517,40.4216,40.45,40.43,40.5,40.36,38
2024-04-23 14:32:00,1533,40.4544,40.43,40.5,40.5,40.43,27
2024-04-23 14:33:00,5078,40.5231,40.5,40.475,40.59,40.475,82
2024-04-23 14:34:00,15046,40.5358,40.47,40.555,40.6,40.46,115
2024-04-23 14:35:00,7412,40.5182,40.555,40.6,40.6,40.45,61
2024-04-23 14:36:00,2564,40.557,40.59,40.51,40.6,40.5,38
2024-04-23 14:37:00,6574,40.575,40.55,40.65,40.74,40.51,67
2024-04-23 14:38:00,2746,40.6576,40.665,40.66,40.67,40.6,50
2024-04-23 14:39:00,7209,40.6234,40.7,40.62,40.73,40.55,137
2024-04-23 14:40:00,6871,40.4107,40.62,40.375,40.62,40.31,82
2024-04-23 14:41:00,861,40.3725,40.375,40.375,40.375,40.375,18
2024-04-23 14:42:00,30818,40.4986,40.405,40.64,40.65,40.405,81
2024-04-23 14:43:00,4395,40.6566,40.73,40.64,40.75,40.595,71
2024-04-23 14:44:00,5365,40.6111,40.6,40.54,40.71,40.49,79
2024-04-23 14:45:00,8442,40.5107,40.49,40.555,40.595,40.49,57
2024-04-23 14:46:00,1923,40.5778,40.555,40.565,40.6192,40.555,30
2024-04-23 14:47:00,2370,40.6372,40.62,40.65,40.66,40.62,47
2024-04-23 14:48:00,32354,40.652,40.62,40.66,40.697,40.58,84
2024-04-23 14:49:00,7064,40.7331,40.71,40.745,40.8,40.66,102
2024-04-23 14:50:00,32783,40.7996,40.77,41.14,41.14,40.73,121
2024-04-23 14:51:00,5572,41.1642,41.15,41.165,41.27,41.105,54
2024-04-23 14:52:00,4664,41.3436,41.175,41.41,41.46,41.175,67
2024-04-23 14:53:00,5550,41.2825,41.365,41.25,41.365,41.2,107
2024-04-23 14:54:00,50682,41.2484,41.25,41.415,41.415,41.095,181
2024-04-23 14:55:00,19369,41.4055,41.4,41.685,41.685,41.31,132
2024-04-23 14:56:00,8603,41.802,41.685,41.81,41.88,41.67,96
2024-04-23 14:57:00,6766,41.7054,41.81,41.57,41.81,41.51,104
2024-04-23 14:58:00,2763,41.4993,41.57,41.5,41.57,41.43,39
2024-04-23 14:59:00,14972,41.3735,41.45,41.22,41.45,41.17,159
2024-04-23 15:00:00,9799,41.3411,41.34,41.38,41.41,41.25,65
2024-04-23 15:01:00,3185,41.2632,41.35,41.13,41.35,41.12,53
2024-04-23 15:02:00,4384,41.0967,41.13,41.07,41.13,41.02,38
2024-04-23 15:03:00,2730,41.0526,41.07,41.065,41.07,41.0,30
2024-04-23 15:04:00,1884,40.9795,41.0,40.94,41.0057,40.94,34
2024-04-23 15:05:00,1653,40.8731,40.91,40.85,40.92,40.82,43
2024-04-23 15:06:00,2099,40.8422,40.855,40.82,40.8605,40.81,51
2024-04-23 15:07:00,3828,40.7291,40.765,40.7,40.79,40.7,26
2024-04-23 15:08:00,24211,40.9468,40.735,41.12,41.12,40.735,166
2024-04-23 15:09:00,5335,40.8634,41.08,40.78,41.08,40.775,59
2024-04-23 15:10:00,4717,40.8777,40.79,40.87,40.91,40.79,31
2024-04-23 15:11:00,535,40.9008,40.875,40.925,40.925,40.875,17
2024-04-23 15:12:00,2318,40.8559,40.88,40.875,40.925,40.81,32
2024-04-23 15:13:00,919,40.8376,40.79,40.79,40.865,40.79,18
2024-04-23 15:14:00,3342,40.9315,40.87,40.98,40.98,40.87,48
2024-04-23 15:15:00,3956,40.8045,40.89,40.705,40.89,40.63,87
2024-04-23 15:16:00,686,40.7878,40.78,40.795,40.8168,40.78,16
2024-04-23 15:17:00,728,40.8149,40.795,40.8,40.88,40.795,20
2024-04-23 15:18:00,7222,40.8042,40.78,40.85,40.85,40.73,72
2024-04-23 15:19:00,1144,40.8765,40.835,40.91,40.91,40.835,28
2024-04-23 15:20:00,1815,40.964,40.98,40.95,40.98,40.935,34
2024-04-23 15:21:00,1253,40.9376,40.945,40.91,40.96,40.91,42
2024-04-23 15:22:00,618,40.9467,40.955,40.9637,40.9637,40.955,25
2024-04-23 15:23:00,1536,40.9289,40.96,40.935,40.96,40.9,31
2024-04-23 15:24:00,2855,41.0026,40.95,41.02,41.02,40.95,61
2024-04-23 15:25:00,1302,40.9732,41.025,40.955,41.025,40.95,42
2024-04-23 15:26:00,697,40.9549,40.955,40.955,40.955,40.955,22
2024-04-23 15:27:00,4890,40.9009,40.955,40.93,40.955,40.85,110
2024-04-23 15:28:00,2341,40.8762,40.9,40.85,40.9599,40.85,66
2024-04-23 15:29:00,6897,40.854,40.91,40.865,40.91,40.84,48
2024-04-23 15:30:00,1216,40.78,40.81,40.73,40.81,40.73,42
2024-04-23 15:31:00,2939,40.8271,40.76,40.845,40.87,40.76,58
2024-04-23 15:32:00,2618,40.804,40.835,40.79,40.85,40.78,47
2024-04-23 15:33:00,895,40.8041,40.835,40.79,40.835,40.78,22
2024-04-23 15:34:00,1079,40.7965,40.835,40.75,40.835,40.75,31
2024-04-23 15:35:00,1307,40.7797,40.81,40.77,40.81,40.74,28
2024-04-23 15:36:00,1943,40.7859,40.815,40.78,40.82,40.76,33
2024-04-23 15:37:00,2377,40.7663,40.815,40.74,40.815,40.73,54
2024-04-23 15:38:00,6251,40.6269,40.69,40.55,40.69,40.48,112
2024-04-23 15:39:00,8449,40.5516,40.47,40.55,40.62,40.44,131
2024-04-23 15:40:00,2451,40.4828,40.51,40.43,40.52,40.43,62
2024-04-23 15:41:00,12358,40.4832,40.48,40.4,40.56,40.4,59
2024-04-23 15:42:00,2701,40.4259,40.38,40.37,40.48,40.37,46
2024-04-23 15:43:00,2912,40.4413,40.485,40.39,40.49,40.39,41
2024-04-23 15:44:00,387,40.4047,40.395,40.405,40.405,40.395,19
2024-04-23 15:45:00,520,40.376,40.38,40.38,40.38,40.38,21
2024-04-23 15:46:00,1668,40.3112,40.375,40.33,40.375,40.29,47
2024-04-23 15:47:00,6251,40.4005,40.29,40.465,40.53,40.25,102
2024-04-23 15:48:00,2092,40.511,40.475,40.55,40.55,40.475,45
2024-04-23 15:49:00,2139,40.49,40.54,40.465,40.545,40.46,43
2024-04-23 15:50:00,2421,40.4009,40.42,40.38,40.44,40.37,55
2024-04-23 15:51:00,656,40.3697,40.3615,40.33,40.385,40.33,21
2024-04-23 15:52:00,5774,40.4112,40.33,40.38,40.49,40.33,62
2024-04-23 15:53:00,35363,40.3668,40.38,40.39,40.52,40.28,281
2024-04-23 15:54:00,15526,40.3936,40.38,40.34,40.45,40.31,157
2024-04-23 15:55:00,61825,40.2817,40.35,40.15,40.39,40.13,488
2024-04-23 15:56:00,51239,40.1405,40.13,39.935,40.35,39.935,437
2024-04-23 15:57:00,5051,39.816,39.93,39.74,39.93,39.645,53
2024-04-23 15:58:00,18189,39.8143,39.75,40.04,40.0982,39.66,96
2024-04-23 15:59:00,3328,39.8996,39.96,39.88,39.96,39.86,53
2024-04-23 16:00:00,2391,39.8794,39.865,39.86,39.935,39.86,23
2024-04-23 16:01:00,3496,39.9572,39.93,40.03,40.08,39.87,53
2024-04-23 16:02:00,2460,40.075,40.08,40.0,40.13,40.0,33
2024-04-23 16:03:00,1044,40.0512,40.05,40.05,40.05,40.025,14
2024-04-23 16:04:00,2843,40.0191,40.02,39.99,40.08,39.98,40
2024-04-23 16:05:00,257,40.0241,40.0506,40.0506,40.0506,40.0506,9
2024-04-23 16:06:00,3179,39.985,40.06,39.89,40.06,39.89,59
2024-04-23 16:07:00,2266,39.9693,39.92,40.01,40.01,39.92,16
2024-04-23 16:08:00,370,39.9419,39.95,39.95,39.95,39.95,9
2024-04-23 16:09:00,2539,39.9907,39.9656,40.01,40.02,39.96,47
2024-04-23 16:10:00,4000,40.0082,40.075,39.915,40.08,39.91,53
2024-04-23 16:11:00,1250,39.9723,39.97,39.98,40.015,39.94,21
2024-04-23 16:12:00,327,40.0336,40.05,40.02,40.05,40.02,15
2024-04-23 16:13:00,2221,40.003,40.02,40.0,40.07,39.99,34
2024-04-23 16:14:00,287,39.9907,39.92,39.99,39.99,39.92,8
2024-04-23 16:15:00,643,39.9765,40.005,40.0,40.005,39.915,20
2024-04-23 16:16:00,452,39.9665,39.955,39.955,39.955,39.955,6
2024-04-23 16:17:00,799,39.957,39.97,39.94,39.97,39.94,14
2024-04-23 16:18:00,694,39.9497,39.96,39.94,39.96,39.94,12
2024-04-23 16:19:00,1960,39.8691,39.87,39.875,39.88,39.86,48
2024-04-23 16:20:00,7213,39.889,39.87,39.95,39.97,39.815,59
2024-04-23 16:21:00,16189,39.8695,39.97,39.86,39.97,39.795,67
2024-04-23 16:22:00,777,39.8489,39.86,39.81,39.86,39.81,15
2024-04-23 16:23:00,348,39.8771,39.87,39.87,39.87,39.87,14
2024-04-23 16:24:00,420,39.8699,39.87,39.87,39.87,39.87,12
2024-04-23 16:25:00,823,39.8633,39.87,39.8201,39.8766,39.8201,13
2024-04-23 16:26:00,2128,39.8407,39.87,39.86,39.87,39.8,47
2024-04-23 16:27:00,110,39.8579,39.86,39.86,39.86,39.86,9
2024-04-23 16:28:00,3530,39.8963,39.86,39.89,39.93,39.86,48
2024-04-23 16:29:00,1154,39.8524,39.87,39.83,39.87,39.83,35
2024-04-23 16:30:00,6243,39.7817,39.83,39.73,39.83,39.73,78
2024-04-23 16:31:00,4088,39.7825,39.735,39.77,39.8,39.735,73
2024-04-23 16:32:00,840,39.808,39.77,39.8,39.83,39.77,20
2024-04-23 16:33:00,1236,39.819,39.8246,39.805,39.83,39.77,22
2024-04-23 16:34:00,819,39.8056,39.805,39.8,39.805,39.8,19
2024-04-23 16:35:00,1712,39.7569,39.76,39.74,39.76,39.72,33
2024-04-23 16:36:00,339,39.7453,39.745,39.745,39.745,39.745,12
2024-04-23 16:37:00,2311,39.7714,39.745,39.8,39.8,39.745,37
2024-04-23 16:38:00,858,39.8191,39.83,39.79,39.84,39.79,30
2024-04-23 16:39:00,914,39.8751,39.84,39.895,39.895,39.84,25
2024-04-23 16:40:00,236,39.9115,39.905,39.905,39.905,39.905,11
2024-04-23 16:42:00,5753,39.8884,39.915,39.9,39.915,39.85,57
2024-04-23 16:43:00,1682,39.8909,39.9,39.905,39.905,39.86,34
2024-04-23 16:44:00,3376,39.86,39.88,39.85,39.88,39.82,53
2024-04-23 16:45:00,3509,39.9499,39.89,40.03,40.04,39.89,58
2024-04-23 16:46:00,256,40.0873,40.085,40.085,40.085,40.085,8
2024-04-23 16:47:00,1296,40.1105,40.1,40.135,40.135,40.1,14
2024-04-23 16:48:00,1965,40.1128,40.15,40.095,40.16,40.095,36
2024-04-23 16:49:00,2193,40.0215,40.09,40.005,40.09,39.995,48
2024-04-23 16:50:00,3822,39.926,40.005,39.88,40.005,39.88,61
2024-04-23 16:51:00,1071,39.8363,39.82,39.8801,39.8801,39.82,19
2024-04-23 16:52:00,5018,39.8473,39.825,39.84,39.86,39.77,44
2024-04-23 16:53:00,1285,39.8105,39.855,39.79,39.855,39.79,23
2024-04-23 16:54:00,1275,39.757,39.8,39.74,39.8,39.74,43
2024-04-23 16:55:00,946,39.7331,39.75,39.725,39.75,39.725,33
2024-04-23 16:56:00,1929,39.7724,39.75,39.8,39.81,39.75,42
2024-04-23 16:57:00,1702,39.7724,39.805,39.74,39.805,39.74,44
2024-04-23 16:58:00,1250,39.6989,39.74,39.705,39.74,39.69,39
2024-04-23 16:59:00,2060,39.7267,39.705,39.72,39.75,39.705,45
2024-04-23 17:00:00,487,39.7171,39.74,39.685,39.74,39.685,11
2024-04-23 17:01:00,3782,39.6463,39.7,39.675,39.7,39.63,41
2024-04-23 17:02:00,3055,39.6263,39.65,39.6,39.65,39.6,59
2024-04-23 17:03:00,1062,39.6177,39.6,39.62,39.68,39.56,25
2024-04-23 17:04:00,854,39.6138,39.6,39.635,39.635,39.565,15
2024-04-23 17:05:00,693,39.6281,39.6,39.635,39.635,39.6,24
2024-04-23 17:06:00,3844,39.68,39.6,39.7,39.72,39.6,69
2024-04-23 17:07:00,1561,39.7301,39.71,39.72,39.75,39.67,21
2024-04-23 17:08:00,609,39.709,39.67,39.715,39.715,39.67,19
2024-04-23 17:09:00,884,39.7178,39.72,39.73,39.73,39.68,21
2024-04-23 17:10:00,6858,39.6603,39.69,39.65,39.73,39.63,85
2024-04-23 17:11:00,4021,39.6197,39.63,39.615,39.66,39.6,68
2024-04-23 17:12:00,724,39.6128,39.615,39.61,39.615,39.61,19
2024-04-23 17:13:00,4698,39.6243,39.61,39.645,39.66,39.58,93
2024-04-23 17:14:00,258,39.6835,39.68,39.68,39.68,39.68,8
2024-04-23 17:15:00,1359,39.6509,39.69,39.645,39.69,39.64,35
2024-04-23 17:16:00,371,39.6412,39.635,39.64,39.64,39.635,10
2024-04-23 17:17:00,314,39.6855,39.7,39.7,39.7,39.7,8
2024-04-23 17:18:00,409,39.6602,39.66,39.66,39.66,39.66,15
2024-04-23 17:19:00,1771,39.7144,39.665,39.735,39.77,39.665,44
2024-04-23 17:20:00,2159,39.7223,39.75,39.7,39.78,39.7,44
2024-04-23 17:21:00,6604,39.6975,39.685,39.72,39.75,39.66,76
2024-04-23 17:22:00,715,39.7189,39.7001,39.72,39.72,39.7001,13
2024-04-23 17:23:00,1349,39.7104,39.725,39.69,39.725,39.69,28
2024-04-23 17:24:00,3490,39.6428,39.69,39.55,39.69,39.55,53
2024-04-23 17:25:00,374,39.6043,39.61,39.6,39.61,39.6,14
2024-04-23 17:26:00,936,39.6106,39.61,39.615,39.615,39.61,10
2024-04-23 17:27:00,947,39.6538,39.67,39.635,39.67,39.635,53
2024-04-23 17:28:00,1181,39.6748,39.67,39.685,39.685,39.66,28
2024-04-23 17:29:00,1893,39.6411,39.69,39.62,39.69,39.61,35
2024-04-23 17:31:00,1169,39.6267,39.62,39.59,39.67,39.59,22
2024-04-23 17:32:00,743,39.6023,39.59,39.58,39.59,39.58,22
2024-04-23 17:34:00,1220,39.6307,39.62,39.62,39.65,39.62,23
2024-04-23 17:35:00,1059,39.6493,39.62,39.68,39.68,39.62,34
2024-04-23 17:36:00,1565,39.7449,39.7,39.77,39.805,39.7,38
2024-04-23 17:37:00,4193,39.6773,39.745,39.69,39.765,39.635,54
2024-04-23 17:38:00,243,39.7461,39.75,39.75,39.75,39.75,13
2024-04-23 17:39:00,3743,39.7037,39.72,39.7,39.73,39.67,39
2024-04-23 17:40:00,1799,39.707,39.705,39.685,39.72,39.685,30
2024-04-23 17:41:00,2642,39.69,39.685,39.69,39.7499,39.67,36
2024-04-23 17:42:00,487,39.6889,39.685,39.685,39.685,39.685,15
2024-04-23 17:43:00,7569,39.7337,39.72,39.83,39.83,39.7,86
2024-04-23 17:44:00,1207,39.8635,39.83,39.875,39.885,39.83,30
2024-04-23 17:45:00,5889,39.825,39.895,39.82,39.92,39.77,77
2024-04-23 17:46:00,2296,39.8392,39.815,39.84,39.87,39.815,35
2024-04-23 17:47:00,8884,39.9467,39.87,39.97,40.07,39.87,88
2024-04-23 17:48:00,2237,40.0029,40.0,40.02,40.02,40.0,19
2024-04-23 17:49:00,2399,39.9556,39.985,39.92,39.99,39.92,54
2024-04-23 17:50:00,1140,39.94,39.955,39.95,39.955,39.91,17
2024-04-23 17:51:00,1118,39.9057,39.88,39.9,39.92,39.88,38
2024-04-23 17:52:00,3310,39.9565,39.89,40.0375,40.08,39.89,62
2024-04-23 17:53:00,600,40.021,40.03,40.02,40.03,40.02,12
2024-04-23 17:54:00,6094,40.0695,40.005,40.21,40.21,40.0,72
2024-04-23 17:55:00,690,40.2172,40.25,40.25,40.25,40.245,16
2024-04-23 17:56:00,1591,40.3467,40.275,40.4,40.4,40.275,36
2024-04-23 17:57:00,521,40.4221,40.425,40.41,40.425,40.41,18
2024-04-23 17:58:00,3992,40.3571,40.36,40.38,40.39,40.3,40
2024-04-23 17:59:00,576,40.333,40.3,40.3,40.355,40.3,16
2024-04-23 18:00:00,674,40.333,40.3006,40.35,40.35,40.3006,14
2024-04-23 18:01:00,817,40.3756,40.355,40.355,40.4099,40.355,16
2024-04-23 18:02:00,3345,40.4573,40.355,40.5,40.5,40.355,73
2024-04-23 18:03:00,4773,40.4962,40.485,40.46,40.53,40.46,78
2024-04-23 18:04:00,5333,40.417,40.46,40.43,40.46,40.38,119
2024-04-23 18:05:00,334,40.4194,40.415,40.415,40.415,40.415,15
2024-04-23 18:06:00,1278,40.4542,40.46,40.415,40.505,40.41,34
2024-04-23 18:07:00,843,40.5054,40.51,40.52,40.52,40.48,23
2024-04-23 18:08:00,2345,40.546,40.54,40.65,40.69,40.5,66
2024-04-23 18:09:00,485,40.6282,40.675,40.675,40.675,40.675,20
2024-04-23 18:10:00,2786,40.6066,40.675,40.51,40.69,40.51,69
2024-04-23 18:11:00,362,40.5693,40.565,40.565,40.565,40.565,18
2024-04-23 18:12:00,2961,40.5102,40.57,40.43,40.57,40.43,77
2024-04-23 18:13:00,462,40.4506,40.43,40.43,40.43,40.43,13
2024-04-23 18:14:00,3548,40.3797,40.3701,40.44,40.44,40.3701,24
2024-04-23 18:15:00,3326,40.415,40.425,40.45,40.46,40.37,80
2024-04-23 18:17:00,438,40.4978,40.49,40.49,40.49,40.49,19
2024-04-23 18:18:00,2635,40.4547,40.49,40.43,40.49,40.4,57
2024-04-23 18:19:00,1042,40.431,40.405,40.45,40.45,40.36,38
2024-04-23 18:20:00,783,40.4817,40.49,40.49,40.49,40.49,19
2024-04-23 18:21:00,620,40.4357,40.45,40.41,40.45,40.41,18
2024-04-23 18:22:00,2740,40.5092,40.49,40.56,40.56,40.45,58
2024-04-23 18:23:00,1986,40.5009,40.555,40.49,40.555,40.47,43
2024-04-23 18:24:00,3517,40.5239,40.49,40.54,40.55,40.49,66
2024-04-23 18:25:00,3314,40.5421,40.52,40.57,40.57,40.51,69
2024-04-23 18:26:00,336,40.5593,40.56,40.56,40.56,40.56,17
2024-04-23 18:27:00,3958,40.5171,40.555,40.48,40.555,40.48,81
2024-04-23 18:28:00,4395,40.5095,40.4878,40.5325,40.535,40.48,67
2024-04-23 18:29:00,471,40.4988,40.5291,40.51,40.5291,40.47,15
2024-04-23 18:30:00,1481,40.4641,40.46,40.465,40.475,40.45,43
2024-04-23 18:31:00,2698,40.4064,40.465,40.34,40.465,40.34,90
2024-04-23 18:32:00,466,40.3439,40.38,40.33,40.38,40.33,18
2024-04-23 18:33:00,341,40.361,40.35,40.35,40.35,40.35,17
2024-04-23 18:34:00,477,40.3239,40.35,40.3,40.35,40.3,26
2024-04-23 18:35:00,3318,40.381,40.345,40.38,40.44,40.3,75
2024-04-23 18:37:00,2018,40.3865,40.44,40.34,40.44,40.34,47
2024-04-23 18:38:00,244,40.3606,40.354,40.36,40.36,40.354,14
2024-04-23 18:39:00,1345,40.3913,40.375,40.39,40.42,40.375,36
2024-04-23 18:40:00,360,40.3929,40.39,40.4,40.4,40.39,17
2024-04-23 18:41:00,1614,40.3588,40.35,40.38,40.38,40.35,48
2024-04-23 18:42:00,1538,40.388,40.385,40.385,40.385,40.385,39
2024-04-23 18:44:00,3131,40.4404,40.42,40.52,40.52,40.39,76
2024-04-23 18:45:00,1227,40.5457,40.57,40.57,40.57,40.56,34
2024-04-23 18:46:00,274,40.5027,40.5,40.5,40.5,40.5,16
2024-04-23 18:47:00,1391,40.5408,40.5435,40.515,40.55,40.505,29
2024-04-23 18:48:00,2584,40.571,40.515,40.64,40.65,40.515,78
2024-04-23 18:49:00,1446,40.5726,40.58,40.6,40.6,40.58,38
2024-04-23 18:50:00,588,40.6442,40.65,40.65,40.65,40.65,21
2024-04-23 18:51:00,1628,40.6152,40.65,40.61,40.65,40.61,30
2024-04-23 18:52:00,1128,40.6422,40.61,40.63,40.68,40.61,44
2024-04-23 18:53:00,6050,40.5258,40.635,40.4694,40.635,40.42,128
2024-04-23 18:54:00,2770,40.4072,40.44,40.375,40.44,40.375,59
2024-04-23 18:55:00,2357,40.4227,40.4027,40.46,40.46,40.4027,60
2024-04-23 18:56:00,1053,40.4418,40.45,40.435,40.45,40.435,35
2024-04-23 18:57:00,3312,40.4567,40.435,40.5295,40.5295,40.4,87
2024-04-23 18:58:00,398,40.5046,40.495,40.5139,40.5139,40.495,18
2024-04-23 18:59:00,550,40.5043,40.53,40.495,40.53,40.495,20
2024-04-23 19:00:00,1708,40.4706,40.495,40.44,40.5,40.44,55
2024-04-23 19:01:00,3612,40.4265,40.44,40.435,40.45,40.37,74
2024-04-23 19:02:00,860,40.431,40.435,40.42,40.4494,40.42,21
2024-04-23 19:03:00,2242,40.4053,40.39,40.385,40.42,40.385,62
2024-04-23 19:04:00,1981,40.3473,40.385,40.33,40.385,40.33,52
2024-04-23 19:05:00,2283,40.3512,40.3,40.36,40.39,40.3,61
2024-04-23 19:06:00,953,40.3684,40.39,40.365,40.39,40.365,21
2024-04-23 19:07:00,5728,40.2694,40.365,40.17,40.365,40.17,121
2024-04-23 19:08:00,4809,40.2229,40.17,40.24,40.27,40.17,90
2024-04-23 19:09:00,443,40.2707,40.271,40.255,40.31,40.255,16
2024-04-23 19:10:00,722,40.3042,40.31,40.31,40.31,40.31,31
2024-04-23 19:11:00,3599,40.2926,40.295,40.37,40.375,40.25,101
2024-04-23 19:12:00,2348,40.4162,40.39,40.425,40.43,40.39,34
2024-04-23 19:13:00,4977,40.3163,40.42,40.27,40.42,40.24,100
2024-04-23 19:14:00,1458,40.1822,40.23,40.15,40.23,40.12,42
2024-04-23 19:15:00,1702,40.1703,40.155,40.17,40.18,40.155,33
2024-04-23 19:16:00,3638,40.0821,40.13,40.05,40.13,40.04,103
2024-04-23 19:17:00,469,40.1128,40.0989,40.07,40.0989,40.07,16
2024-04-23 19:18:00,2695,40.1234,40.06,40.2,40.2,40.06,65
2024-04-23 19:19:00,1514,40.2275,40.24,40.245,40.245,40.21,45
2024-04-23 19:20:00,1640,40.2489,40.2795,40.245,40.2795,40.245,37
2024-04-23 19:21:00,4417,40.2149,40.245,40.15,40.245,40.15,90
2024-04-23 19:22:00,1199,40.1888,40.19,40.185,40.19,40.185,23
2024-04-23 19:23:00,1116,40.1815,40.185,40.15,40.185,40.15,32
2024-04-23 19:24:00,2949,40.1446,40.185,40.09,40.185,40.09,78
2024-04-23 19:25:00,8972,40.017,40.085,40.015,40.085,40.0,144
2024-04-23 19:26:00,5117,39.9326,39.99,39.91,39.99,39.85,114
2024-04-23 19:27:00,5989,39.9714,39.91,40.035,40.05,39.91,128
2024-04-23 19:28:00,3101,40.0462,40.035,40.075,40.1,40.015,76
2024-04-23 19:29:00,3558,40.0569,40.075,40.05,40.0895,40.04,70
2024-04-23 19:30:00,2361,40.0218,40.03,40.02,40.03,40.005,52
2024-04-23 19:31:00,3252,39.9894,40.005,39.985,40.03,39.98,80
2024-04-23 19:32:00,4866,39.8677,39.91,39.845,39.91,39.84,81
2024-04-23 19:33:00,8936,39.8773,39.85,39.9,39.93,39.85,168
2024-04-23 19:34:00,3630,39.8722,39.85,39.82,39.915,39.81,74
2024-04-23 19:35:00,3846,39.7864,39.8,39.75,39.8,39.75,67
2024-04-23 19:36:00,3991,39.7406,39.765,39.7,39.8,39.7,72
2024-04-23 19:37:00,5517,39.6926,39.7,39.72,39.77,39.67,123
2024-04-23 19:38:00,9076,39.7866,39.8,39.74,39.825,39.74,134
2024-04-23 19:39:00,2868,39.7938,39.78,39.875,39.875,39.78,66
2024-04-23 19:40:00,10267,39.8982,39.875,39.87,39.96,39.86,138
2024-04-23 19:41:00,7394,39.8256,39.88,39.78,39.88,39.78,133
2024-04-23 19:42:00,5996,39.7909,39.775,39.795,39.83,39.775,89
2024-04-23 19:43:00,5020,39.7906,39.76,39.8,39.8,39.76,56
2024-04-23 19:44:00,3986,39.8028,39.8,39.795,39.819,39.795,68
2024-04-23 19:45:00,6609,39.7715,39.77,39.755,39.795,39.755,127
2024-04-23 19:46:00,6301,39.7194,39.755,39.7,39.755,39.69,130
2024-04-23 19:47:00,14824,39.862,39.715,39.91,40.07,39.69,303
2024-04-23 19:48:00,4816,39.9012,39.96,39.835,39.965,39.81,97
2024-04-23 19:49:00,8500,39.7907,39.875,39.73,39.875,39.73,140
2024-04-23 19:50:00,8055,39.647,39.73,39.6,39.73,39.59,157
2024-04-23 19:51:00,9102,39.6099,39.54,39.615,39.63,39.54,175
2024-04-23 19:52:00,14007,39.6698,39.62,39.74,39.74,39.615,232
2024-04-23 19:53:00,6782,39.6942,39.77,39.69,39.77,39.63,146
2024-04-23 19:54:00,10628,39.7129,39.68,39.74,39.77,39.675,203
2024-04-23 19:55:00,12771,39.7173,39.75,39.695,39.77,39.65,227
2024-04-23 19:56:00,17580,39.6874,39.695,39.65,39.7,39.64,300
2024-04-23 19:57:00,11693,39.6428,39.65,39.63,39.68,39.61,171
2024-04-23 19:58:00,17935,39.6351,39.63,39.625,39.68,39.61,185
2024-04-23 19:59:00,29875,39.6263,39.61,39.57,39.675,39.57,434
2024-04-23 20:00:00,1640,39.868,39.61,39.61,39.61,39.61,6
2024-04-23 20:03:00,100,39.6,39.6,39.6,39.6,39.6,1
2024-04-24 08:44:00,1000,42.0,42.0,42.0,42.0,42.0,3
2024-04-24 08:45:00,1000,41.96,41.96,41.96,41.96,41.96,2
2024-04-24 12:26:00,100,40.84,40.84,40.84,40.84,40.84,1
2024-04-24 12:28:00,125,40.992,40.99,40.99,40.99,40.99,2
2024-04-24 12:31:00,100,41.0,41.0,41.0,41.0,41.0,1
2024-04-24 13:30:00,14890,40.2043,40.19,40.6235,40.6235,40.051,44
2024-04-24 13:31:00,730,40.5375,40.4291,40.365,40.5947,40.365,5
2024-04-24 13:32:00,8343,40.0447,40.47,39.83,40.47,39.83,59
2024-04-24 13:33:00,349,40.0293,40.03,40.03,40.03,40.03,8
2024-04-24 13:34:00,1366,40.0306,40.055,40.01,40.175,40.01,19
2024-04-24 13:35:00,1727,40.0046,40.01,39.9,40.01,39.9,24
2024-04-24 13:36:00,654,40.1194,40.125,40.155,40.155,40.125,19
2024-04-24 13:37:00,564,40.1098,40.3399,40.02,40.3399,40.015,12
2024-04-24 13:39:00,1742,40.1669,40.2,40.12,40.2,40.12,38
2024-04-24 13:40:00,1340,40.0686,40.13,40.0652,40.13,40.035,13
2024-04-24 13:41:00,887,40.0458,40.05,40.05,40.05,40.05,16
2024-04-24 13:42:00,163,40.0414,40.045,40.045,40.045,40.045,5
2024-04-24 13:43:00,1844,40.1574,40.17,40.24,40.24,40.16,24
2024-04-24 13:44:00,770,40.1929,40.16,40.23,40.23,40.16,24
2024-04-24 13:45:00,1601,40.2391,40.16,40.256,40.256,40.16,21
2024-04-24 13:46:00,1299,40.3045,40.195,40.36,40.36,40.195,22
2024-04-24 13:47:00,702,40.2046,40.3063,40.205,40.3063,40.16,21
2024-04-24 13:48:00,451,40.249,40.2818,40.2818,40.2818,40.2818,4
2024-04-24 13:49:00,423,40.2534,40.2656,40.2656,40.2656,40.2656,15
2024-04-24 13:50:00,1890,40.3192,40.28,40.4008,40.4008,40.28,38
2024-04-24 13:51:00,838,40.4135,40.34,40.44,40.44,40.34,19
2024-04-24 13:52:00,1381,40.3766,40.38,40.365,40.38,40.34,37
2024-04-24 13:53:00,997,40.2943,40.33,40.26,40.33,40.26,22
2024-04-24 13:54:00,199,40.2235,40.22,40.22,40.22,40.22,6
2024-04-24 13:55:00,2858,40.2379,40.29,40.16,40.2981,40.14,35
2024-04-24 13:56:00,799,40.2399,40.29,40.215,40.3,40.215,17
2024-04-24 13:57:00,829,40.2135,40.22,40.205,40.22,40.205,15
2024-04-24 13:58:00,4000,40.0899,40.13,39.95,40.13,39.95,80
2024-04-24 13:59:00,832,39.9967,40.0,40.0,40.0,39.99,15
2024-04-24 14:00:00,2128,40.0137,39.99,40.0,40.05,39.99,32
2024-04-24 14:01:00,1027,40.0,40.0,40.0,40.0,40.0,11
2024-04-24 14:02:00,1627,39.9705,39.97,39.91,40.0,39.91,37
2024-04-24 14:03:00,884,39.9151,39.91,39.9,39.955,39.9,23
2024-04-24 14:04:00,582,39.9211,39.98,39.895,39.98,39.895,18
2024-04-24 14:05:00,196,39.9511,39.985,39.985,39.985,39.985,4
2024-04-24 14:06:00,431,39.9341,39.915,39.92,39.985,39.915,7
2024-04-24 14:07:00,3812,40.0092,39.99,40.03,40.05,39.96,66
2024-04-24 14:08:00,652,40.0328,40.115,40.11,40.115,39.9601,16
2024-04-24 14:09:00,1182,40.0004,40.115,39.985,40.115,39.97,20
2024-04-24 14:10:00,1258,39.9792,40.0,39.94,40.015,39.94,24
2024-04-24 14:11:00,498,39.9621,39.965,39.91,40.015,39.91,7
2024-04-24 14:12:00,383,40.0007,40.0,40.025,40.025,40.0,7
2024-04-24 14:13:00,893,39.9657,39.96,39.92,40.01,39.92,18
2024-04-24 14:14:00,3438,39.9399,39.92,39.9,40.01,39.9,56
2024-04-24 14:15:00,1918,39.8642,39.9,39.84,39.9,39.84,35
2024-04-24 14:16:00,544,39.8627,39.82,39.865,39.9,39.82,24
2024-04-24 14:17:00,211,39.8612,39.855,39.855,39.855,39.855,9
2024-04-24 14:18:00,3160,39.9179,39.86,40.0,40.0,39.86,45
2024-04-24 14:19:00,103,40.0529,40.055,40.055,40.055,40.055,3
2024-04-24 14:20:00,1159,40.0064,40.045,39.9067,40.08,39.9067,12
2024-04-24 14:21:00,1004,40.0059,40.02,40.0,40.08,39.965,9
2024-04-24 14:22:00,816,39.9932,40.005,40.005,40.005,40.0,18
2024-04-24 14:23:00,1094,39.9286,39.93,39.93,39.93,39.92,36
2024-04-24 14:24:00,464,39.9225,39.92,39.92,39.92,39.92,17
2024-04-24 14:25:00,1191,39.8816,39.93,39.865,39.93,39.86,21
2024-04-24 14:26:00,7006,39.8042,39.86,39.68,39.91,39.675,66
2024-04-24 14:28:00,966,39.6619,39.7089,39.64,39.7089,39.64,19
2024-04-24 14:29:00,6679,39.6815,39.6,39.65,39.75,39.6,102
2024-04-24 14:30:00,285,39.6829,39.685,39.685,39.685,39.685,9
2024-04-24 14:31:00,651,39.696,39.695,39.69,39.695,39.69,14
2024-04-24 14:32:00,453,39.7252,39.69,39.75,39.75,39.69,14
2024-04-24 14:33:00,138,39.6515,39.65,39.65,39.65,39.65,3
2024-04-24 14:34:00,348,39.6675,39.695,39.695,39.695,39.695,14
2024-04-24 14:35:00,5182,39.6391,39.62,39.71,39.71,39.61,97
2024-04-24 14:36:00,1634,39.6974,39.73,39.645,39.73,39.645,44
2024-04-24 14:37:00,2097,39.5226,39.62,39.44,39.62,39.44,38
2024-04-24 14:38:00,1459,39.5429,39.55,39.5,39.55,39.5,25
2024-04-24 14:39:00,956,39.503,39.49,39.49,39.49,39.49,24
2024-04-24 14:40:00,315,39.5372,39.5,39.5,39.5,39.5,9
2024-04-24 14:41:00,705,39.4468,39.44,39.435,39.44,39.435,19
2024-04-24 14:43:00,1024,39.4191,39.425,39.38,39.45,39.38,24
2024-04-24 14:45:00,1003,39.416,39.4,39.4625,39.4625,39.39,13
2024-04-24 14:46:00,3851,39.5266,39.465,39.495,39.56,39.465,34
2024-04-24 14:47:00,633,39.4899,39.495,39.495,39.495,39.495,7
2024-04-24 14:48:00,719,39.475,39.48,39.495,39.4993,39.45,12
2024-04-24 14:49:00,875,39.4145,39.41,39.41,39.41,39.4,17
2024-04-24 14:50:00,762,39.5116,39.51,39.51,39.51,39.51,13
2024-04-24 14:51:00,2109,39.4155,39.46,39.355,39.46,39.34,44
2024-04-24 14:52:00,595,39.328,39.36,39.31,39.36,39.31,22
2024-04-24 14:53:00,694,39.2887,39.27,39.27,39.3,39.27,30
2024-04-24 14:54:00,692,39.3006,39.2971,39.345,39.345,39.27,23
2024-04-24 14:55:00,315,39.3289,39.3499,39.3,39.3499,39.3,10
2024-04-24 14:56:00,1258,39.3771,39.36,39.36,39.38,39.36,24
2024-04-24 14:57:00,1473,39.4707,39.44,39.48,39.52,39.44,27
2024-04-24 14:58:00,217,39.5376,39.54,39.54,39.54,39.54,13
2024-04-24 14:59:00,195,39.59,39.59,39.59,39.59,39.59,3
2024-04-24 15:00:00,411,39.4936,39.525,39.525,39.525,39.525,14
2024-04-24 15:01:00,1113,39.4888,39.515,39.46,39.53,39.46,31
2024-04-24 15:02:00,2176,39.4232,39.45,39.37,39.55,39.37,49
2024-04-24 15:03:00,1710,39.4166,39.37,39.42,39.42,39.37,26
2024-04-24 15:04:00,399,39.3499,39.36,39.36,39.36,39.36,19
2024-04-24 15:05:00,351,39.3548,39.33,39.33,39.33,39.33,6
2024-04-24 15:06:00,391,39.3465,39.38,39.38,39.38,39.38,12
2024-04-24 15:07:00,878,39.3541,39.37,39.34,39.37,39.34,18
2024-04-24 15:08:00,1192,39.302,39.31,39.315,39.315,39.3,34
2024-04-24 15:09:00,403,39.3306,39.3475,39.3475,39.3475,39.3475,15
2024-04-24 15:11:00,104,39.37,39.37,39.37,39.37,39.37,2
2024-04-24 15:12:00,1019,39.3925,39.37,39.41,39.41,39.37,32
2024-04-24 15:13:00,335,39.3746,39.34,39.4,39.4,39.34,17
2024-04-24 15:14:00,1088,39.3128,39.33,39.325,39.33,39.3,22
2024-04-24 15:15:00,1228,39.2618,39.26,39.26,39.26,39.22,34
2024-04-24 15:16:00,406,39.2219,39.22,39.21,39.22,39.21,13
2024-04-24 15:17:00,384,39.2296,39.21,39.21,39.21,39.21,14
2024-04-24 15:18:00,1330,39.236,39.21,39.245,39.245,39.21,26
2024-04-24 15:19:00,3187,39.2219,39.2,39.21,39.27,39.19,56
2024-04-24 15:20:00,10754,39.064,39.17,39.05,39.18,38.97,144
2024-04-24 15:21:00,2634,39.1071,39.1,39.11,39.14,39.1,46
2024-04-24 15:22:00,1354,39.1191,39.12,39.12,39.12,39.12,9
2024-04-24 15:23:00,274,39.1057,39.1161,39.1161,39.1161,39.1161,20
2024-04-24 15:24:00,1750,39.0223,39.05,39.0,39.05,38.99,27
2024-04-24 15:25:00,3842,39.0072,39.02,38.93,39.07,38.93,78
2024-04-24 15:26:00,651,39.013,39.0,39.03,39.03,39.0,17
2024-04-24 15:27:00,598,38.9771,38.98,38.97,38.98,38.97,17
2024-04-24 15:30:00,519,39.0158,39.04,38.985,39.04,38.985,15
2024-04-24 15:31:00,4845,39.0756,38.995,39.125,39.17,38.995,85
2024-04-24 15:32:00,504,39.1984,39.2,39.21,39.21,39.2,8
2024-04-24 15:34:00,994,39.205,39.21,39.21,39.21,39.21,12
2024-04-24 15:35:00,1720,39.1443,39.16,39.1899,39.1899,39.13,35
2024-04-24 15:36:00,35938,39.1992,39.13,39.385,39.39,39.125,124
2024-04-24 15:37:00,395,39.398,39.4,39.4,39.4,39.4,15
2024-04-24 15:38:00,1722,39.4493,39.41,39.46,39.47,39.41,33
2024-04-24 15:40:00,1556,39.3294,39.35,39.345,39.35,39.28,37
2024-04-24 15:41:00,3737,39.1558,39.24,39.04,39.24,39.04,64
2024-04-24 15:42:00,1553,38.9778,39.01,38.93,39.01,38.92,43
2024-04-24 15:43:00,2240,38.8816,38.9014,38.86,38.9014,38.86,17
2024-04-24 15:44:00,5085,38.7371,38.78,38.745,38.78,38.68,37
2024-04-24 15:45:00,7192,38.674,38.655,38.605,38.73,38.58,80
2024-04-24 15:47:00,160,38.6869,38.72,38.72,38.72,38.72,7
2024-04-24 15:48:00,543,38.7039,38.69,38.73,38.73,38.69,8
2024-04-24 15:49:00,1953,38.7806,38.77,38.825,38.83,38.755,17
2024-04-24 15:50:00,139,38.7705,38.765,38.765,38.765,38.765,8
2024-04-24 15:51:00,1522,38.7157,38.82,38.72,38.82,38.67,46
2024-04-24 15:52:00,1412,38.7267,38.79,38.73,38.79,38.72,9
2024-04-24 15:54:00,380,38.7038,38.675,38.675,38.675,38.675,16
2024-04-24 15:56:00,1689,38.6978,38.715,38.735,38.735,38.66,51
2024-04-24 15:57:00,237,38.7832,38.77,38.8,38.8,38.77,7
2024-04-24 15:59:00,251,38.741,38.7481,38.744,38.7481,38.744,9
2024-04-24 16:00:00,1065,38.6982,38.69,38.7252,38.7252,38.69,36
2024-04-24 16:01:00,389,38.7154,38.79,38.68,38.79,38.68,21
2024-04-24 16:02:00,672,38.664,38.67,38.65,38.675,38.65,15
2024-04-24 16:03:00,4929,38.6382,38.68,38.625,38.69,38.57,96
2024-04-24 16:04:00,789,38.5508,38.57,38.54,38.57,38.54,21
2024-04-24 16:06:00,2012,38.5066,38.5,38.49,38.54,38.49,31
2024-04-24 16:07:00,2365,38.4509,38.47,38.445,38.47,38.425,41
2024-04-24 16:08:00,939,38.4369,38.45,38.3901,38.45,38.3901,9
2024-04-24 16:09:00,1074,38.3888,38.39,38.385,38.405,38.38,16
2024-04-24 16:10:00,372,38.4258,38.39,38.38,38.39,38.38,8
2024-04-24 16:11:00,4115,38.482,38.43,38.56,38.62,38.42,54
2024-04-24 16:12:00,510,38.572,38.58,38.57,38.58,38.57,6
2024-04-24 16:13:00,473,38.5357,38.58,38.525,38.58,38.525,10
2024-04-24 16:15:00,869,38.6477,38.585,38.7,38.7,38.585,19
2024-04-24 16:16:00,1092,38.7237,38.66,38.74,38.75,38.66,17
2024-04-24 16:17:00,340,38.7689,38.765,38.76,38.765,38.76,8
2024-04-24 16:18:00,342,38.7626,38.79,38.79,38.79,38.79,9
2024-04-24 16:19:00,899,38.8337,38.83,38.795,38.84,38.795,6
2024-04-24 16:20:00,1001,38.834,38.84,38.84,38.84,38.8,19
2024-04-24 16:21:00,3319,38.8047,38.83,38.815,38.83,38.74,46
2024-04-24 16:22:00,5095,38.813,38.85,38.805,38.85,38.805,17
2024-04-24 16:23:00,4741,38.7258,38.76,38.725,38.76,38.68,78
2024-04-24 16:24:00,929,38.7931,38.72,38.85,38.85,38.72,20
2024-04-24 16:25:00,317,38.7651,38.805,38.7363,38.805,38.7363,6
2024-04-24 16:26:00,274,38.826,38.825,38.825,38.825,38.825,6
2024-04-24 16:27:00,532,38.8403,38.83,38.885,38.885,38.83,10
2024-04-24 16:28:00,340,38.838,38.83,38.84,38.84,38.83,5
2024-04-24 16:29:00,118,38.9097,38.91,38.91,38.91,38.91,4
2024-04-24 16:30:00,2224,38.8452,38.86,38.86,38.86,38.81,28
2024-04-24 16:31:00,2084,38.8614,38.855,38.83,38.9,38.82,31
2024-04-24 16:32:00,1357,38.8142,38.85,38.81,38.85,38.81,42
2024-04-24 16:33:00,186,38.8294,38.8402,38.8402,38.8402,38.8402,4
2024-04-24 16:34:00,5171,38.7074,38.77,38.65,38.77,38.65,55
2024-04-24 16:35:00,238,38.6255,38.645,38.61,38.645,38.61,6
2024-04-24 16:37:00,1542,38.6916,38.69,38.7,38.7,38.68,34
2024-04-24 16:38:00,347,38.6971,38.695,38.695,38.695,38.695,13
2024-04-24 16:39:00,2996,38.7593,38.74,38.78,38.78,38.735,27
2024-04-24 16:40:00,2424,38.7835,38.78,38.76,38.83,38.72,34
2024-04-24 16:41:00,110,38.8047,38.805,38.805,38.805,38.805,2
2024-04-24 16:42:00,5889,38.7485,38.7,38.75,38.75,38.7,10
2024-04-24 16:44:00,956,38.7097,38.69,38.71,38.71,38.69,31
2024-04-24 16:45:00,4152,38.653,38.68,38.6,38.68,38.575,49
2024-04-24 16:46:00,2608,38.6465,38.62,38.61,38.72,38.61,37
2024-04-24 16:47:00,240,38.6796,38.685,38.685,38.685,38.685,7
2024-04-24 16:48:00,450,38.6523,38.7,38.685,38.7,38.6201,3
2024-04-24 16:49:00,196,38.6874,38.685,38.685,38.685,38.685,2
2024-04-24 16:50:00,302,38.7233,38.7397,38.69,38.7397,38.69,4
2024-04-24 16:51:00,889,38.6962,38.69,38.7392,38.7392,38.685,17
2024-04-24 16:52:00,317,38.6902,38.69,38.69,38.69,38.69,7
2024-04-24 16:53:00,1902,38.6306,38.68,38.61,38.68,38.61,52
2024-04-24 16:54:00,2765,38.5562,38.57,38.58,38.58,38.49,49
2024-04-24 16:55:00,983,38.5228,38.51,38.55,38.55,38.51,15
2024-04-24 16:56:00,440,38.5701,38.57,38.57,38.57,38.57,13
2024-04-24 16:57:00,1080,38.5865,38.6155,38.62,38.62,38.575,26
2024-04-24 16:58:00,531,38.5963,38.605,38.605,38.605,38.605,6
2024-04-24 16:59:00,595,38.605,38.605,38.605,38.605,38.605,9
2024-04-24 17:00:00,1249,38.5607,38.56,38.55,38.59,38.55,26
2024-04-24 17:01:00,1149,38.5317,38.54,38.51,38.5487,38.51,22
2024-04-24 17:02:00,5880,38.547,38.5,38.66,38.66,38.48,80
2024-04-24 17:03:00,1382,38.7097,38.675,38.775,38.775,38.675,22
2024-04-24 17:04:00,323,38.7185,38.715,38.715,38.715,38.715,11
2024-04-24 17:06:00,2966,38.6961,38.72,38.67,38.76,38.65,52
2024-04-24 17:07:00,1089,38.6386,38.645,38.6101,38.645,38.6101,17
2024-04-24 17:08:00,3766,38.604,38.63,38.65,38.65,38.57,77
2024-04-24 17:09:00,1194,38.666,38.645,38.68,38.68,38.64,17
2024-04-24 17:10:00,1973,38.6667,38.675,38.66,38.675,38.645,44
2024-04-24 17:11:00,1186,38.7487,38.71,38.79,38.79,38.66,21
2024-04-24 17:12:00,168,38.7871,38.79,38.79,38.79,38.79,7
2024-04-24 17:13:00,827,38.7776,38.79,38.79,38.79,38.79,17
2024-04-24 17:14:00,1013,38.7333,38.73,38.845,38.845,38.71,15
2024-04-24 17:15:00,301,38.7647,38.785,38.785,38.785,38.785,5
2024-04-24 17:16:00,1600,38.7667,38.83,38.76,38.83,38.75,32
2024-04-24 17:17:00,578,38.7786,38.81,38.81,38.81,38.81,17
2024-04-24 17:18:00,825,38.7773,38.76,38.75,38.81,38.75,21
2024-04-24 17:19:00,963,38.738,38.74,38.74,38.74,38.74,37
2024-04-24 17:20:00,401,38.7126,38.71,38.71,38.72,38.71,6
2024-04-24 17:21:00,2708,38.716,38.72,38.76,38.76,38.68,52
2024-04-24 17:22:00,984,38.7821,38.75,38.805,38.805,38.75,21
2024-04-24 17:23:00,1218,38.799,38.75,38.81,38.81,38.75,25
2024-04-24 17:24:00,677,38.8325,38.8256,38.82,38.88,38.82,10
2024-04-24 17:25:00,843,38.8117,38.85,38.825,38.85,38.825,16
2024-04-24 17:26:00,1350,38.7778,38.78,38.78,38.79,38.77,24
2024-04-24 17:27:00,684,38.7844,38.78,38.77,38.78,38.77,21
2024-04-24 17:28:00,730,38.7763,38.795,38.78,38.795,38.77,13
2024-04-24 17:29:00,1250,38.793,38.77,38.815,38.83,38.77,21
2024-04-24 17:30:00,1581,38.8112,38.77,38.855,38.855,38.77,53
2024-04-24 17:31:00,1571,38.8824,38.88,38.94,38.96,38.83,54
2024-04-24 17:32:00,3799,38.9467,38.92,38.965,39.0,38.92,61
2024-04-24 17:33:00,236,38.933,38.9731,38.9731,38.9731,38.9731,7
2024-04-24 17:34:00,2548,38.9078,38.93,38.88,38.93,38.88,69
2024-04-24 17:35:00,5037,38.8103,38.84,38.78,38.84,38.76,124
2024-04-24 17:36:00,1235,38.7981,38.775,38.8,38.8,38.775,43
2024-04-24 17:37:00,681,38.808,38.81,38.81,38.81,38.81,27
2024-04-24 17:38:00,1583,38.8505,38.81,38.9,38.905,38.81,52
2024-04-24 17:39:00,1624,38.8409,38.84,38.835,38.87,38.835,33
2024-04-24 17:40:00,1329,38.8584,38.84,38.88,38.895,38.83,25
2024-04-24 17:41:00,1247,38.8262,38.875,38.79,38.875,38.79,33
2024-04-24 17:42:00,1075,38.7877,38.78,38.78,38.78,38.78,20
2024-04-24 17:43:00,1050,38.8622,38.82,39.0,39.0,38.82,26
2024-04-24 17:44:00,306,39.035,39.03,39.03,39.03,39.03,8
2024-04-24 17:45:00,573,39.0367,39.02,39.065,39.065,39.02,13
2024-04-24 17:46:00,369,39.143,39.14,39.135,39.14,39.135,10
2024-04-24 17:47:00,127,39.135,39.135,39.135,39.135,39.135,5
2024-04-24 17:48:00,3700,39.0675,39.135,39.04,39.135,38.99,78
2024-04-24 17:49:00,117,39.102,39.1,39.1,39.1,39.1,4
2024-04-24 17:50:00,4921,39.1522,39.15,39.2,39.2,39.14,48
2024-04-24 17:51:00,1852,39.3108,39.275,39.38,39.38,39.27,14
2024-04-24 17:52:00,173,39.2956,39.285,39.285,39.285,39.285,5
2024-04-24 17:53:00,343,39.356,39.38,39.315,39.39,39.315,8
2024-04-24 17:54:00,329,39.3528,39.315,39.335,39.41,39.315,5
2024-04-24 17:55:00,1935,39.274,39.335,39.265,39.335,39.23,54
2024-04-24 17:58:00,298,39.2357,39.25,39.25,39.25,39.25,8
2024-04-24 17:59:00,2214,39.2211,39.19,39.1901,39.243,39.19,24
2024-04-24 18:00:00,1282,39.1795,39.19,39.18,39.19,39.16,38
2024-04-24 18:01:00,245,39.2187,39.235,39.2,39.235,39.2,6
2024-04-24 18:02:00,1860,39.1074,39.14,39.07,39.14,39.04,51
2024-04-24 18:04:00,265,39.078,39.1,39.1,39.1,39.1,19
2024-04-24 18:05:00,1171,39.0083,39.04,38.98,39.04,38.98,37
2024-04-24 18:06:00,950,38.9681,38.945,38.98,38.98,38.945,11
2024-04-24 18:07:00,431,38.9353,38.93,38.92,38.93,38.92,17
2024-04-24 18:08:00,1085,39.0014,39.01,39.01,39.01,39.0,24
2024-04-24 18:09:00,4485,39.0534,39.07,38.98,39.13,38.98,63
2024-04-24 18:10:00,1530,38.9616,39.01,38.945,39.01,38.93,17
2024-04-24 18:11:00,2157,39.0001,38.9847,39.08,39.08,38.955,32
2024-04-24 18:12:00,1018,39.054,39.0543,39.0543,39.0543,39.0543,5
2024-04-24 18:13:00,1591,39.0948,39.09,39.105,39.11,39.09,19
2024-04-24 18:14:00,1263,39.0261,39.03,39.02,39.03,39.02,32
2024-04-24 18:15:00,384,38.9752,38.98,38.965,38.98,38.965,12
2024-04-24 18:17:00,797,39.0338,39.02,39.1,39.1,39.02,18
2024-04-24 18:18:00,587,39.09,39.1,39.1,39.1,39.07,11
2024-04-24 18:19:00,1224,39.0403,39.13,39.1,39.13,39.0,27
2024-04-24 18:20:00,2157,39.049,39.09,39.05,39.09,39.02,34
2024-04-24 18:22:00,1470,39.0637,39.14,39.01,39.14,39.01,24
2024-04-24 18:23:00,96136,39.0486,39.045,39.14,39.2,39.0,133
2024-04-24 18:25:00,344,39.2459,39.25,39.24,39.25,39.24,10
2024-04-24 18:26:00,835,39.2734,39.3,39.24,39.3,39.24,20
2024-04-24 18:27:00,292,39.3506,39.33,39.33,39.33,39.33,11
2024-04-24 18:28:00,1142,39.2466,39.29,39.24,39.29,39.24,21
2024-04-24 18:29:00,1403,39.2735,39.27,39.25,39.29,39.25,20
2024-04-24 18:30:00,273,39.2691,39.25,39.29,39.29,39.25,6
2024-04-24 18:31:00,1935,39.165,39.21,39.12,39.22,39.12,64
2024-04-24 18:32:00,2337,39.0837,39.11,39.05,39.11,39.05,45
2024-04-24 18:33:00,836,39.0925,39.09,39.11,39.11,39.09,19
2024-04-24 18:34:00,1052,39.0863,39.07,39.11,39.11,39.05,16
2024-04-24 18:35:00,437,39.1538,39.15,39.15,39.15,39.15,11
2024-04-24 18:36:00,230,39.1368,39.175,39.175,39.175,39.175,8
2024-04-24 18:37:00,1085,39.2535,39.17,39.26,39.3188,39.17,25
2024-04-24 18:39:00,735,39.3154,39.3,39.36,39.36,39.28,18
2024-04-24 18:40:00,364,39.3627,39.37,39.41,39.41,39.37,13
2024-04-24 18:41:00,930,39.331,39.32,39.3799,39.3799,39.32,25
2024-04-24 18:43:00,817,39.3124,39.31,39.31,39.31,39.29,15
2024-04-24 18:44:00,791,39.3608,39.35,39.39,39.39,39.33,20
2024-04-24 18:45:00,1124,39.3361,39.36,39.32,39.36,39.32,49
2024-04-24 18:46:00,331,39.2839,39.29,39.28,39.29,39.28,12
2024-04-24 18:47:00,1452,39.2839,39.29,39.31,39.31,39.26,30
2024-04-24 18:48:00,328,39.2779,39.3,39.3,39.3,39.3,18
2024-04-24 18:49:00,1147,39.2792,39.25,39.29,39.29,39.25,33
2024-04-24 18:50:00,2641,39.2135,39.25,39.165,39.25,39.165,55
2024-04-24 18:51:00,1008,39.1467,39.14,39.2,39.2,39.14,20
2024-04-24 18:52:00,183,39.1255,39.13,39.13,39.13,39.13,14
2024-04-24 18:54:00,1377,39.1208,39.16,39.09,39.16,39.09,31
2024-04-24 18:55:00,339,39.0746,39.07,39.07,39.07,39.07,10
2024-04-24 18:56:00,382,39.049,39.06,39.04,39.06,39.04,13
2024-04-24 18:58:00,727,39.0642,39.04,39.09,39.09,39.04,14
2024-04-24 18:59:00,1417,39.0379,39.05,39.05,39.05,39.02,47
2024-04-24 19:00:00,202,39.0343,39.02,39.02,39.02,39.02,4
2024-04-24 19:01:00,2094,38.9892,38.99,38.96,39.01,38.96,54
2024-04-24 19:02:00,836,38.9244,38.93,38.94,38.94,38.91,16
2024-04-24 19:03:00,2368,38.9693,38.9727,38.94,38.99,38.94,38
2024-04-24 19:04:00,513,38.9546,38.96,38.95,38.96,38.95,10
2024-04-24 19:05:00,1771,38.9913,38.99,38.965,38.99,38.965,28
2024-04-24 19:06:00,1554,38.9921,39.05,38.94,39.05,38.94,51
2024-04-24 19:07:00,576,38.9422,38.94,38.94,38.94,38.94,11
2024-04-24 19:08:00,1091,38.9906,38.97,39.01,39.03,38.97,21
2024-04-24 19:09:00,1236,39.0866,39.05,39.105,39.12,39.035,35
2024-04-24 19:10:00,9818,39.0886,39.095,39.05,39.095,39.04,40
2024-04-24 19:11:00,3849,39.0491,39.075,39.0,39.075,39.0,45
2024-04-24 19:12:00,669,39.002,39.02,39.02,39.02,39.02,21
2024-04-24 19:13:00,1365,39.0763,39.04,39.12,39.12,39.02,22
2024-04-24 19:14:00,705,39.119,39.14,39.1,39.14,39.1,14
2024-04-24 19:15:00,381,39.0793,39.09,39.09,39.09,39.09,17
2024-04-24 19:16:00,1633,39.0645,39.08,39.08,39.08,39.05,32
2024-04-24 19:17:00,3632,39.0233,39.07,38.94,39.07,38.94,68
2024-04-24 19:18:00,2007,38.898,38.91,38.9,38.91,38.9,49
2024-04-24 19:19:00,477,38.849,38.85,38.85,38.85,38.85,11
2024-04-24 19:20:00,2137,38.8743,38.85,38.84,38.91,38.84,30
2024-04-24 19:21:00,2661,38.9125,38.88,38.98,38.98,38.88,42
2024-04-24 19:22:00,654,39.0348,38.97,39.05,39.05,38.97,21
2024-04-24 19:23:00,513,39.11,39.08,39.1,39.135,39.08,19
2024-04-24 19:24:00,784,39.0918,39.09,39.09,39.125,39.06,14
2024-04-24 19:25:00,2184,39.1278,39.095,39.19,39.2,39.095,43
2024-04-24 19:26:00,215,39.1059,39.15,39.15,39.15,39.15,3
2024-04-24 19:27:00,725,39.1775,39.16,39.1933,39.1933,39.16,17
2024-04-24 19:28:00,4349,39.1098,39.13,39.03,39.14,39.03,65
2024-04-24 19:29:00,1640,39.0634,39.06,39.095,39.1,39.06,37
2024-04-24 19:30:00,639,39.0857,39.09,39.05,39.13,39.05,10
2024-04-24 19:31:00,2098,39.1182,39.04,39.175,39.175,39.04,30
2024-04-24 19:32:00,9871,39.0821,39.15,39.0,39.15,39.0,141
2024-04-24 19:33:00,3440,38.9994,39.0,38.98,39.05,38.98,35
2024-04-24 19:34:00,598,38.9832,38.98,38.98,38.98,38.98,19
2024-04-24 19:35:00,1789,38.9939,38.98,39.015,39.015,38.97,28
2024-04-24 19:36:00,1566,38.9793,39.0,38.975,39.0,38.97,24
2024-04-24 19:37:00,1775,38.9591,38.98,38.94,38.98,38.93,45
2024-04-24 19:38:00,1247,38.9377,38.94,38.9454,38.9454,38.92,30
2024-04-24 19:39:00,1779,38.9543,38.95,38.97,38.98,38.94,39
2024-04-24 19:40:00,372,38.9535,38.96,38.96,38.96,38.96,10
2024-04-24 19:41:00,2049,38.9591,38.95,38.975,38.975,38.94,44
2024-04-24 19:42:00,2603,38.9851,38.985,38.945,39.02,38.945,72
2024-04-24 19:43:00,3295,38.9262,38.93,38.905,38.96,38.905,69
2024-04-24 19:44:00,3994,38.8387,38.89,38.81,38.89,38.75,81
2024-04-24 19:45:00,2293,38.7935,38.79,38.81,38.81,38.74,30
2024-04-24 19:46:00,4222,38.8172,38.82,38.74,38.85,38.74,92
2024-04-24 19:47:00,2160,38.772,38.745,38.78,38.78,38.745,29
2024-04-24 19:48:00,3700,38.7565,38.73,38.795,38.8,38.73,63
2024-04-24 19:49:00,1920,38.7891,38.81,38.76,38.81,38.76,40
2024-04-24 19:50:00,4730,38.7093,38.77,38.675,38.77,38.66,97
2024-04-24 19:51:00,2662,38.7519,38.685,38.83,38.83,38.685,40
2024-04-24 19:52:00,6282,38.8281,38.8,38.83,38.86,38.8,102
2024-04-24 19:53:00,4997,38.8196,38.83,38.8,38.84,38.79,105
2024-04-24 19:54:00,4968,38.8121,38.8,38.81,38.84,38.795,94
2024-04-24 19:55:00,6338,38.8038,38.82,38.79,38.82,38.79,143
2024-04-24 19:56:00,5969,38.7982,38.77,38.8,38.84,38.75,85
2024-04-24 19:57:00,5640,38.7924,38.815,38.785,38.815,38.77,74
2024-04-24 19:58:00,15087,38.7463,38.78,38.67,38.8,38.67,236
2024-04-24 19:59:00,45475,38.6921,38.7,38.71,38.77,38.61,425
2024-04-24 20:00:00,2546,38.72,38.72,38.72,38.72,38.72,9
2024-04-24 20:26:00,100,38.8,38.8,38.8,38.8,38.8,1
2024-04-24 21:18:00,100,38.61,38.61,38.61,38.61,38.61,1
