t,v,vw,o,c,h,l,n
2023-10-02 13:30:00,3635,26.9927,27.0,26.93,27.0,26.93,15
2023-10-02 13:31:00,11962,27.0335,27.0,27.235,27.327,27.0,62
2023-10-02 13:32:00,2497,27.1954,27.2,27.315,27.39,27.16,14
2023-10-02 13:33:00,1980,27.5322,27.45,27.57,27.62,27.45,40
2023-10-02 13:34:00,5199,27.6416,27.62,27.73,27.75,27.5699,95
2023-10-02 13:38:00,1524,27.5396,27.55,27.53,27.55,27.53,34
2023-10-02 13:40:00,539,27.4394,27.47,27.365,27.47,27.365,15
2023-10-02 13:41:00,236,27.3771,27.38,27.38,27.38,27.38,5
2023-10-02 13:43:00,3128,27.3381,27.27,27.345,27.37,27.27,30
2023-10-02 13:45:00,5087,27.3515,27.37,27.36,27.37,27.26,80
2023-10-02 13:48:00,1034,27.306,27.305,27.3,27.305,27.3,29
2023-10-02 13:49:00,671,27.3055,27.3,27.3,27.3,27.3,17
2023-10-02 13:50:00,2886,27.2252,27.305,27.13,27.305,27.13,67
2023-10-02 13:52:00,104,27.0717,27.07,27.07,27.07,27.07,4
2023-10-02 13:53:00,1324,27.1953,27.19,27.2,27.2,27.19,34
2023-10-02 13:54:00,333,27.2358,27.23,27.23,27.23,27.23,13
2023-10-02 13:55:00,296,27.2494,27.21,27.21,27.21,27.21,5
2023-10-02 13:56:00,211,27.2182,27.2625,27.17,27.2625,27.17,4
2023-10-02 13:58:00,217,27.2264,27.18,27.18,27.18,27.18,9
2023-10-02 14:00:00,340,27.2253,27.24,27.24,27.24,27.19,7
2023-10-02 14:01:00,1892,27.1595,27.17,27.15,27.17,27.15,52
2023-10-02 14:02:00,612,27.1216,27.14,27.135,27.14,27.09,11
2023-10-02 14:04:00,1570,27.0712,27.09,27.005,27.09,27.005,28
2023-10-02 14:05:00,4600,27.0932,27.1,27.06,27.1,27.005,7
2023-10-02 14:06:00,100,27.0,27.0,27.0,27.0,27.0,1
2023-10-02 14:07:00,418,27.0615,27.05,27.07,27.07,27.05,14
2023-10-02 14:08:00,2021,27.0879,27.0,27.11,27.11,27.0,30
2023-10-02 14:09:00,259,27.0931,27.085,27.117,27.117,27.085,10
2023-10-02 14:10:00,577,27.0511,27.05,27.04,27.05,27.04,17
2023-10-02 14:12:00,246,27.0469,27.065,27.03,27.065,27.03,6
2023-10-02 14:13:00,1648,27.0081,27.01,27.05,27.05,27.0,24
2023-10-02 14:15:00,209,27.039,27.06,27.02,27.06,27.02,4
2023-10-02 14:16:00,980,26.9632,27.02,26.95,27.02,26.94,20
2023-10-02 14:17:00,103,26.8809,26.88,26.88,26.88,26.88,4
2023-10-02 14:18:00,203,26.9459,26.92,26.92,26.92,26.92,4
2023-10-02 14:19:00,8794,26.9364,26.915,27.005,27.05,26.915,58
2023-10-02 14:20:00,424,26.9534,26.95,26.95,26.95,26.95,17
2023-10-02 14:26:00,212,26.9202,26.92,26.92,26.92,26.92,6
2023-10-02 14:27:00,2375,26.8676,26.87,26.85,26.88,26.85,58
2023-10-02 14:28:00,1065,26.8405,26.8396,26.91,26.91,26.8225,7
2023-10-02 14:29:00,736,26.8485,26.8323,26.93,26.93,26.8323,7
2023-10-02 14:31:00,6893,26.9947,26.93,27.08,27.08,26.91,111
2023-10-02 14:32:00,972,27.0986,27.1,27.17,27.17,27.06,21
2023-10-02 14:35:00,1871,27.0459,27.13,27.08,27.13,27.01,38
2023-10-02 14:36:00,204,27.1192,27.12,27.12,27.12,27.12,6
2023-10-02 14:38:00,100,27.12,27.12,27.12,27.12,27.12,1
2023-10-02 14:40:00,238,27.1219,27.14,27.105,27.14,27.105,7
2023-10-02 14:41:00,103,27.0994,27.1,27.1,27.1,27.1,4
2023-10-02 14:42:00,1897,27.1139,27.06,27.17,27.17,27.06,49
2023-10-02 14:43:00,347,27.1831,27.18,27.18,27.18,27.18,8
2023-10-02 14:44:00,970,27.221,27.2,27.24,27.24,27.2,29
2023-10-02 14:45:00,160,27.2596,27.26,27.26,27.26,27.26,6
2023-10-02 14:46:00,930,27.1838,27.18,27.18,27.18,27.18,17
2023-10-02 14:47:00,116,27.175,27.18,27.18,27.18,27.18,7
2023-10-02 14:48:00,115,27.1792,27.18,27.18,27.18,27.18,6
2023-10-02 14:49:00,557,27.1595,27.165,27.1376,27.165,27.1376,10
2023-10-02 14:52:00,102,27.1694,27.17,27.17,27.17,27.17,3
2023-10-02 14:53:00,1249,27.136,27.13,27.13,27.16,27.13,36
2023-10-02 14:54:00,2230,27.0875,27.12,27.06,27.12,27.04,59
2023-10-02 14:56:00,294,27.087,27.105,27.075,27.105,27.075,9
2023-10-02 14:57:00,730,27.0332,27.04,27.04,27.04,27.04,17
2023-10-02 14:58:00,311,26.9773,26.98,26.955,26.98,26.955,11
2023-10-02 14:59:00,353,26.9388,26.955,26.91,26.955,26.91,12
2023-10-02 15:03:00,2626,26.9522,26.93,26.975,26.975,26.925,62
2023-10-02 15:04:00,1066,26.9668,26.98,26.955,26.98,26.955,22
2023-10-02 15:05:00,645,26.9302,26.93,26.93,26.93,26.93,19
2023-10-02 15:06:00,533,26.9382,26.935,26.935,26.935,26.935,4
2023-10-02 15:11:00,297,26.923,26.92,26.92,26.92,26.92,3
2023-10-02 15:14:00,631,26.9641,26.965,26.965,26.965,26.965,14
2023-10-02 15:16:00,724,26.9993,27.0,26.97,27.01,26.97,19
2023-10-02 15:17:00,2955,26.9368,26.94,26.95,26.96,26.92,56
2023-10-02 15:18:00,1664,26.9788,26.945,27.02,27.02,26.94,47
2023-10-02 15:20:00,527,27.0978,27.1,27.1,27.1,27.1,13
2023-10-02 15:21:00,980,27.1194,27.12,27.15,27.15,27.12,39
2023-10-02 15:22:00,421,27.1932,27.205,27.165,27.205,27.165,13
2023-10-02 15:23:00,100,27.17,27.17,27.17,27.17,27.17,1
2023-10-02 15:24:00,302,27.14,27.14,27.14,27.14,27.14,4
2023-10-02 15:25:00,221,27.1616,27.16,27.16,27.16,27.16,5
2023-10-02 15:26:00,301,27.1401,27.14,27.14,27.14,27.14,2
2023-10-02 15:27:00,436,27.1859,27.19,27.19,27.19,27.19,18
2023-10-02 15:28:00,340,27.1688,27.165,27.165,27.165,27.165,7
2023-10-02 15:29:00,618,27.1958,27.19,27.2,27.2,27.19,20
2023-10-02 15:30:00,248,27.1481,27.1387,27.1387,27.1387,27.1387,5
2023-10-02 15:31:00,132,27.1824,27.185,27.185,27.185,27.185,7
2023-10-02 15:32:00,4559,27.163,27.16,27.165,27.19,27.13,96
2023-10-02 15:33:00,311,27.184,27.1725,27.2,27.2,27.1725,10
2023-10-02 15:34:00,1524,27.17,27.2,27.16,27.2,27.16,37
2023-10-02 15:35:00,4857,27.1427,27.16,27.125,27.17,27.11,89
2023-10-02 15:36:00,2879,27.0442,27.08,26.96,27.09,26.96,77
2023-10-02 15:37:00,408,26.9085,26.9,26.9,26.9,26.9,13
2023-10-02 15:38:00,446,26.838,26.831,26.83,26.8412,26.83,16
2023-10-02 15:39:00,167,26.8719,26.88,26.88,26.88,26.88,12
2023-10-02 15:41:00,218,26.8434,26.86,26.82,26.86,26.82,7
2023-10-02 15:42:00,647,26.8196,26.82,26.82,26.82,26.82,14
2023-10-02 15:43:00,103,26.8004,26.8,26.8,26.8,26.8,4
2023-10-02 15:44:00,222,26.8284,26.85,26.85,26.85,26.85,4
2023-10-02 15:45:00,1552,26.8209,26.83,26.86,26.86,26.79,29
2023-10-02 15:46:00,1497,26.8525,26.86,26.84,26.86,26.84,30
2023-10-02 15:47:00,228,26.7727,26.7702,26.7702,26.7702,26.7702,4
2023-10-02 15:48:00,2751,26.7824,26.73,26.82,26.82,26.71,42
2023-10-02 15:53:00,2680,26.6415,26.65,26.635,26.65,26.6,25
2023-10-02 15:54:00,174,26.5333,26.54,26.54,26.54,26.54,8
2023-10-02 15:56:00,115,26.4433,26.44,26.44,26.44,26.44,7
2023-10-02 15:58:00,105,26.4697,26.47,26.47,26.47,26.47,3
2023-10-02 16:01:00,1852,26.5027,26.49,26.52,26.52,26.49,47
2023-10-02 16:03:00,331,26.5135,26.49,26.53,26.53,26.49,14
2023-10-02 16:04:00,441,26.4912,26.49,26.49,26.49,26.49,22
2023-10-02 16:05:00,354,26.4926,26.49,26.49,26.49,26.49,11
2023-10-02 16:06:00,607,26.4713,26.48,26.47,26.48,26.47,21
2023-10-02 16:07:00,128,26.4622,26.465,26.465,26.465,26.465,6
2023-10-02 16:09:00,334,26.4599,26.46,26.46,26.46,26.46,17
2023-10-02 16:12:00,121,26.4366,26.43,26.43,26.43,26.43,6
2023-10-02 16:13:00,103,26.4793,26.48,26.48,26.48,26.48,4
2023-10-02 16:18:00,1442,26.5141,26.5,26.51,26.53,26.5,47
2023-10-02 16:19:00,305,26.4998,26.49,26.515,26.515,26.49,4
2023-10-02 16:20:00,220,26.513,26.5,26.5,26.5,26.5,8
2023-10-02 16:22:00,2174,26.5586,26.54,26.59,26.6,26.53,53
2023-10-02 16:24:00,401,26.5976,26.59,26.59,26.615,26.59,14
2023-10-02 16:25:00,1668,26.5869,26.59,26.595,26.595,26.57,52
2023-10-02 16:26:00,597,26.6497,26.65,26.65,26.65,26.65,20
2023-10-02 16:28:00,1339,26.5966,26.61,26.57,26.61,26.57,42
2023-10-02 16:29:00,273,26.5583,26.57,26.55,26.57,26.55,8
2023-10-02 16:35:00,459,26.5986,26.6,26.6,26.6,26.6,12
2023-10-02 16:37:00,101,26.5997,26.6,26.6,26.6,26.6,2
2023-10-02 16:38:00,213,26.57,26.57,26.57,26.57,26.57,8
2023-10-02 16:39:00,1041,26.5629,26.57,26.565,26.57,26.56,21
2023-10-02 16:40:00,439,26.5898,26.59,26.59,26.59,26.59,16
2023-10-02 16:44:00,1305,26.5315,26.56,26.56,26.56,26.54,54
2023-10-02 16:46:00,100,26.51,26.51,26.51,26.51,26.51,1
2023-10-02 16:49:00,2047,26.5209,26.505,26.52,26.53,26.505,31
2023-10-02 16:51:00,3202,26.5736,26.53,26.62,26.62,26.53,76
2023-10-02 16:52:00,127,26.69,26.69,26.69,26.69,26.69,4
2023-10-02 16:55:00,1044,26.6944,26.68,26.68,26.68,26.68,42
2023-10-02 16:58:00,489,26.7111,26.71,26.71,26.71,26.71,24
2023-10-02 17:02:00,231,26.8347,26.835,26.835,26.835,26.835,11
2023-10-02 17:03:00,167,26.9074,26.92,26.92,26.92,26.92,10
2023-10-02 17:05:00,1896,26.7826,26.79,26.77,26.79,26.77,52
2023-10-02 17:06:00,288,26.7957,26.8,26.8,26.8,26.8,10
2023-10-02 17:08:00,118,26.8015,26.8,26.8,26.8,26.8,4
2023-10-02 17:09:00,586,26.7756,26.78,26.78,26.78,26.78,29
2023-10-02 17:11:00,250,26.7862,26.785,26.785,26.785,26.785,10
2023-10-02 17:12:00,156,26.7905,26.79,26.79,26.79,26.79,6
2023-10-02 17:13:00,259,26.8031,26.815,26.815,26.815,26.815,9
2023-10-02 17:14:00,107,26.8145,26.815,26.815,26.815,26.815,4
2023-10-02 17:15:00,185,26.8156,26.815,26.815,26.815,26.815,9
2023-10-02 17:16:00,452,26.8522,26.85,26.86,26.86,26.85,9
2023-10-02 17:18:00,334,26.869,26.88,26.88,26.88,26.88,16
2023-10-02 17:20:00,425,26.876,26.88,26.88,26.88,26.88,10
2023-10-02 17:24:00,102,26.8647,26.865,26.865,26.865,26.865,3
2023-10-02 17:25:00,102,26.8645,26.865,26.865,26.865,26.865,3
2023-10-02 17:26:00,120,26.8858,26.89,26.89,26.89,26.89,2
2023-10-02 17:27:00,243,26.89,26.89,26.89,26.89,26.89,9
2023-10-02 17:28:00,2757,26.845,26.86,26.8,26.86,26.8,53
2023-10-02 17:32:00,749,26.7996,26.79,26.81,26.81,26.79,19
2023-10-02 17:34:00,777,26.8284,26.8238,26.83,26.83,26.82,21
2023-10-02 17:36:00,301,26.8469,26.85,26.85,26.85,26.85,14
2023-10-02 17:37:00,1225,26.8391,26.84,26.84,26.84,26.83,24
2023-10-02 17:38:00,155,26.8399,26.84,26.84,26.84,26.84,6
2023-10-02 17:39:00,111,26.838,26.84,26.84,26.84,26.84,2
2023-10-02 17:40:00,164,26.8457,26.84,26.84,26.84,26.84,7
2023-10-02 17:41:00,114,26.8772,26.88,26.88,26.88,26.88,5
2023-10-02 17:42:00,418,26.8624,26.845,26.88,26.88,26.845,14
2023-10-02 17:43:00,226,26.8738,26.87,26.875,26.875,26.87,7
2023-10-02 17:45:00,508,26.8451,26.84,26.86,26.86,26.84,17
2023-10-02 17:46:00,659,26.8408,26.84,26.83,26.84,26.83,13
2023-10-02 17:47:00,270,26.8299,26.83,26.83,26.83,26.83,10
2023-10-02 17:48:00,220,26.8314,26.835,26.835,26.835,26.835,7
2023-10-02 17:50:00,223,26.8489,26.86,26.86,26.86,26.86,5
2023-10-02 17:51:00,1175,26.8493,26.83,26.86,26.86,26.83,32
2023-10-02 17:52:00,3970,26.9089,26.86,26.98,26.98,26.86,84
2023-10-02 17:54:00,330,26.9202,26.91,26.91,26.91,26.91,15
2023-10-02 17:56:00,152,26.923,26.93,26.93,26.93,26.93,5
2023-10-02 17:57:00,849,26.902,26.91,26.89,26.91,26.89,15
2023-10-02 17:58:00,909,26.912,26.915,26.92,26.92,26.91,22
2023-10-02 18:00:00,372,26.9155,26.92,26.93,26.93,26.92,11
2023-10-02 18:01:00,268,26.9168,26.93,26.93,26.93,26.93,8
2023-10-02 18:02:00,458,26.9293,26.93,26.93,26.93,26.93,9
2023-10-02 18:03:00,271,26.9052,26.89,26.89,26.89,26.89,10
2023-10-02 18:05:00,141,26.9463,26.955,26.955,26.955,26.955,7
2023-10-02 18:07:00,326,26.9375,26.89,26.99,26.99,26.89,10
2023-10-02 18:09:00,321,26.9243,26.97,26.9,26.97,26.9,4
2023-10-02 18:10:00,548,26.9752,27.0,27.0,27.0,27.0,28
2023-10-02 18:11:00,590,26.9923,27.0,27.0,27.0,27.0,18
2023-10-02 18:12:00,216,27.0549,27.06,27.06,27.06,27.06,12
2023-10-02 18:13:00,210,27.0124,27.06,27.06,27.06,27.06,3
2023-10-02 18:14:00,8028,27.1047,27.035,27.15,27.15,27.035,134
2023-10-02 18:16:00,937,27.1611,27.16,27.17,27.17,27.16,19
2023-10-02 18:17:00,1872,27.1834,27.17,27.18,27.19,27.17,38
2023-10-02 18:18:00,6918,27.194,27.16,27.155,27.24,27.155,108
2023-10-02 18:19:00,2048,27.1596,27.155,27.16,27.16,27.155,9
2023-10-02 18:20:00,1907,27.1456,27.17,27.14,27.17,27.13,45
2023-10-02 18:21:00,1036,27.1044,27.12,27.06,27.12,27.06,37
2023-10-02 18:22:00,1019,27.0533,27.04,27.07,27.07,27.04,31
2023-10-02 18:23:00,958,27.0647,27.06,27.04,27.06,27.04,16
2023-10-02 18:24:00,868,27.0852,27.08,27.09,27.09,27.08,24
2023-10-02 18:25:00,10749,27.006,27.04,27.05,27.06,27.0,41
2023-10-02 18:26:00,1035,27.0,27.01,26.98,27.015,26.98,35
2023-10-02 18:27:00,150,26.93,26.93,26.93,26.93,26.93,6
2023-10-02 18:28:00,115,26.8775,26.88,26.88,26.88,26.88,3
2023-10-02 18:31:00,938,26.8416,26.84,26.855,26.855,26.81,20
2023-10-02 18:32:00,609,26.8614,26.86,26.86,26.86,26.86,9
2023-10-02 18:33:00,393,26.8461,26.86,26.88,26.88,26.86,8
2023-10-02 18:34:00,822,26.7935,26.8,26.8,26.8,26.77,22
2023-10-02 18:36:00,269,26.7642,26.79,26.79,26.79,26.79,13
2023-10-02 18:37:00,101,26.7299,26.73,26.73,26.73,26.73,2
2023-10-02 18:38:00,214,26.7836,26.755,26.755,26.755,26.755,5
2023-10-02 18:39:00,648,26.7153,26.71,26.71,26.71,26.71,26
2023-10-02 18:40:00,1370,26.68,26.66,26.68,26.68,26.66,27
2023-10-02 18:42:00,140,26.6489,26.64,26.64,26.64,26.64,4
2023-10-02 18:43:00,922,26.6475,26.65,26.63,26.65,26.63,25
2023-10-02 18:44:00,451,26.6241,26.625,26.62,26.63,26.62,11
2023-10-02 18:45:00,367,26.6413,26.645,26.61,26.65,26.61,11
2023-10-02 18:50:00,204,26.6498,26.65,26.65,26.65,26.65,6
2023-10-02 18:53:00,2003,26.6841,26.65,26.71,26.71,26.65,54
2023-10-02 18:54:00,2505,26.7189,26.71,26.72,26.74,26.7,60
2023-10-02 18:55:00,569,26.7044,26.71,26.7,26.71,26.7,15
2023-10-02 18:56:00,712,26.6679,26.67,26.67,26.67,26.67,28
2023-10-02 18:57:00,102,26.6306,26.63,26.63,26.63,26.63,2
2023-10-02 18:58:00,1214,26.6574,26.66,26.675,26.675,26.645,34
2023-10-02 18:59:00,1028,26.6686,26.66,26.68,26.69,26.66,28
2023-10-02 19:03:00,2617,26.6808,26.66,26.68,26.7,26.66,55
2023-10-02 19:05:00,1594,26.7026,26.68,26.73,26.75,26.68,26
2023-10-02 19:06:00,611,26.7119,26.71,26.71,26.71,26.71,10
2023-10-02 19:07:00,498,26.727,26.72,26.74,26.74,26.72,14
2023-10-02 19:08:00,497,26.7678,26.75,26.787,26.787,26.75,14
2023-10-02 19:09:00,437,26.7965,26.79,26.8,26.8,26.79,16
2023-10-02 19:10:00,269,26.7894,26.79,26.79,26.79,26.79,10
2023-10-02 19:11:00,843,26.7778,26.79,26.78,26.79,26.76,26
2023-10-02 19:12:00,1476,26.7679,26.77,26.78,26.78,26.76,39
2023-10-02 19:13:00,579,26.7714,26.775,26.775,26.775,26.775,40
2023-10-02 19:14:00,477,26.7591,26.76,26.76,26.76,26.76,14
2023-10-02 19:16:00,535,26.772,26.77,26.79,26.79,26.77,7
2023-10-02 19:19:00,1547,26.7433,26.74,26.77,26.77,26.74,41
2023-10-02 19:20:00,200,26.76,26.765,26.755,26.765,26.755,2
2023-10-02 19:21:00,1057,26.7726,26.755,26.79,26.79,26.755,29
2023-10-02 19:22:00,598,26.8058,26.795,26.81,26.81,26.795,17
2023-10-02 19:24:00,263,26.8273,26.84,26.84,26.84,26.84,13
2023-10-02 19:25:00,1919,26.8181,26.84,26.77,26.85,26.77,55
2023-10-02 19:26:00,596,26.7672,26.8,26.74,26.8,26.74,12
2023-10-02 19:27:00,244,26.7243,26.73,26.73,26.73,26.73,14
2023-10-02 19:28:00,282,26.7165,26.72,26.71,26.72,26.71,3
2023-10-02 19:29:00,6735,26.6821,26.72,26.62,26.73,26.61,161
2023-10-02 19:30:00,758,26.6088,26.635,26.62,26.635,26.6,18
2023-10-02 19:31:00,1399,26.616,26.61,26.61,26.625,26.6,38
2023-10-02 19:32:00,2941,26.6036,26.59,26.59,26.59,26.58,66
2023-10-02 19:33:00,201,26.5774,26.58,26.575,26.58,26.575,3
2023-10-02 19:34:00,474,26.577,26.575,26.575,26.575,26.575,17
2023-10-02 19:35:00,968,26.5526,26.56,26.54,26.56,26.53,36
2023-10-02 19:36:00,3678,26.5288,26.54,26.52,26.54,26.5,65
2023-10-02 19:38:00,3471,26.5202,26.5,26.54,26.54,26.5,63
2023-10-02 19:39:00,2247,26.5288,26.53,26.535,26.54,26.52,67
2023-10-02 19:40:00,979,26.5135,26.52,26.51,26.52,26.51,36
2023-10-02 19:41:00,1575,26.5201,26.48,26.52,26.53,26.48,36
2023-10-02 19:42:00,674,26.5472,26.54,26.55,26.55,26.54,30
2023-10-02 19:43:00,322,26.5643,26.57,26.555,26.57,26.555,7
2023-10-02 19:44:00,1770,26.5699,26.55,26.59,26.5925,26.55,38
2023-10-02 19:45:00,1054,26.612,26.6,26.62,26.62,26.6,31
2023-10-02 19:46:00,977,26.6547,26.63,26.68,26.69,26.63,38
2023-10-02 19:47:00,3679,26.6821,26.67,26.68,26.69,26.67,94
2023-10-02 19:48:00,6060,26.6449,26.67,26.62,26.675,26.62,149
2023-10-02 19:49:00,4632,26.6112,26.64,26.58,26.64,26.57,83
2023-10-02 19:50:00,3747,26.527,26.58,26.46,26.58,26.46,80
2023-10-02 19:51:00,6635,26.4405,26.46,26.42,26.48,26.4,135
2023-10-02 19:52:00,4442,26.4516,26.43,26.42,26.46,26.42,104
2023-10-02 19:53:00,6580,26.3839,26.41,26.35,26.41,26.34,119
2023-10-02 19:54:00,3913,26.3574,26.35,26.365,26.365,26.34,121
2023-10-02 19:55:00,8964,26.3855,26.38,26.38,26.41,26.38,160
2023-10-02 19:56:00,10752,26.3866,26.4,26.39,26.41,26.36,179
2023-10-02 19:57:00,13254,26.3535,26.385,26.33,26.39,26.31,172
2023-10-02 19:58:00,9887,26.2997,26.32,26.32,26.325,26.285,90
2023-10-02 19:59:00,16181,26.3071,26.3,26.32,26.34,26.29,294
2023-10-02 20:00:00,715,26.34,26.34,26.34,26.34,26.34,13
2023-10-03 13:30:00,1942,26.0404,26.04,26.04,26.04,26.04,7
2023-10-03 13:32:00,556,26.0807,26.18,26.045,26.18,26.045,28
2023-10-03 13:33:00,215,26.0209,26.0,26.0,26.0,26.0,10
2023-10-03 13:34:00,1073,25.9634,26.0,25.925,26.0,25.925,29
2023-10-03 13:35:00,118,26.0225,26.05,26.05,26.05,26.05,4
2023-10-03 13:38:00,653,25.9306,25.84,25.84,25.84,25.84,31
2023-10-03 13:39:00,1739,26.0473,25.89,26.1,26.13,25.89,54
2023-10-03 13:40:00,2182,26.2418,26.22,26.21,26.29,26.165,40
2023-10-03 13:41:00,297,26.2277,26.22,26.22,26.22,26.22,8
2023-10-03 13:43:00,357,26.2015,26.22,26.22,26.22,26.22,24
2023-10-03 13:46:00,104,26.1818,26.18,26.18,26.18,26.18,4
2023-10-03 13:48:00,361,26.2187,26.18,26.24,26.24,26.18,25
2023-10-03 13:50:00,143,26.286,26.285,26.285,26.285,26.285,6
2023-10-03 13:52:00,209,26.36,26.36,26.36,26.36,26.36,11
2023-10-03 13:53:00,269,26.3102,26.29,26.36,26.36,26.29,11
2023-10-03 13:54:00,596,26.3297,26.34,26.33,26.34,26.32,22
2023-10-03 13:57:00,335,26.3106,26.35,26.33,26.35,26.33,11
2023-10-03 14:00:00,607,26.104,26.125,26.075,26.125,26.075,27
2023-10-03 14:01:00,334,26.1297,26.14,26.14,26.14,26.14,16
2023-10-03 14:03:00,241,26.0678,26.07,26.07,26.07,26.07,9
2023-10-03 14:05:00,389,25.9775,25.97,25.97,25.97,25.97,20
2023-10-03 14:06:00,438,25.9598,25.97,25.97,25.97,25.97,16
2023-10-03 14:07:00,1616,25.9704,25.91,25.99,25.99,25.91,48
2023-10-03 14:08:00,4390,25.8755,25.93,25.75,25.94,25.75,65
2023-10-03 14:09:00,510,25.8202,25.81,25.85,25.85,25.81,14
2023-10-03 14:10:00,205,25.878,25.835,25.835,25.835,25.835,3
2023-10-03 14:11:00,369,25.9563,25.97,25.945,25.97,25.945,15
2023-10-03 14:12:00,589,26.0102,26.0,26.02,26.02,25.995,19
2023-10-03 14:17:00,320,25.9569,25.96,25.96,25.96,25.96,9
2023-10-03 14:18:00,232,25.9028,25.9001,25.9001,25.9001,25.9001,2
2023-10-03 14:20:00,986,25.9276,25.8808,25.97,25.97,25.8808,17
2023-10-03 14:22:00,241,25.95,25.95,25.95,25.95,25.95,9
2023-10-03 14:25:00,111,25.9991,26.0,26.0,26.0,26.0,5
2023-10-03 14:26:00,1239,25.9973,26.0,26.0,26.0,25.997,31
2023-10-03 14:27:00,812,25.9582,25.975,25.96,25.975,25.96,32
2023-10-03 14:28:00,153,25.9195,25.92,25.92,25.92,25.92,9
2023-10-03 14:29:00,431,25.8904,25.89,25.89,25.89,25.89,29
2023-10-03 14:31:00,1238,25.8726,25.904,25.8,25.904,25.8,35
2023-10-03 14:33:00,9255,25.7513,25.81,25.68,25.81,25.68,151
2023-10-03 14:34:00,879,25.6901,25.7,25.66,25.7,25.66,30
2023-10-03 14:35:00,1769,25.7114,25.7,25.75,25.75,25.7,43
2023-10-03 14:36:00,110,25.7522,25.755,25.755,25.755,25.755,3
2023-10-03 14:37:00,540,25.7873,25.78,25.785,25.785,25.78,26
2023-10-03 14:40:00,462,25.7707,25.785,25.75,25.79,25.75,19
2023-10-03 14:41:00,268,25.7149,25.7119,25.7119,25.7119,25.7119,5
2023-10-03 14:42:00,981,25.6723,25.7,25.655,25.7,25.655,31
2023-10-03 14:44:00,151,25.585,25.58,25.58,25.58,25.58,16
2023-10-03 14:46:00,876,25.6053,25.61,25.63,25.63,25.6,37
2023-10-03 14:47:00,348,25.6041,25.605,25.605,25.605,25.605,4
2023-10-03 14:48:00,1508,25.5588,25.56,25.552,25.575,25.55,27
2023-10-03 14:49:00,1994,25.6025,25.575,25.62,25.62,25.57,51
2023-10-03 14:51:00,1109,25.5263,25.55,25.49,25.57,25.49,39
2023-10-03 14:54:00,8442,25.4227,25.4401,25.49,25.49,25.4,115
2023-10-03 14:55:00,956,25.4162,25.4,25.43,25.435,25.4,15
2023-10-03 14:56:00,612,25.4292,25.43,25.43,25.43,25.43,9
2023-10-03 14:57:00,1558,25.4517,25.47,25.455,25.47,25.43,34
2023-10-03 14:58:00,102,25.45,25.45,25.45,25.45,25.45,2
2023-10-03 14:59:00,249,25.4322,25.4,25.455,25.455,25.4,16
2023-10-03 15:00:00,951,25.4984,25.455,25.53,25.53,25.455,49
2023-10-03 15:01:00,101,25.5794,25.58,25.58,25.58,25.58,2
2023-10-03 15:02:00,891,25.5438,25.53,25.525,25.58,25.525,36
2023-10-03 15:05:00,115,25.5422,25.55,25.55,25.55,25.55,5
2023-10-03 15:06:00,1512,25.5284,25.51,25.51,25.55,25.51,40
2023-10-03 15:07:00,224,25.5218,25.515,25.53,25.53,25.515,3
2023-10-03 15:10:00,573,25.5918,25.57,25.62,25.62,25.57,29
2023-10-03 15:12:00,396,25.6235,25.595,25.63,25.63,25.595,10
2023-10-03 15:13:00,421,25.6523,25.65,25.65,25.65,25.65,11
2023-10-03 15:14:00,202,25.6188,25.67,25.67,25.67,25.67,4
2023-10-03 15:16:00,564,25.7499,25.7,25.755,25.765,25.7,13
2023-10-03 15:18:00,105,25.73,25.73,25.73,25.73,25.73,3
2023-10-03 15:19:00,337,25.7224,25.73,25.735,25.735,25.7,7
2023-10-03 15:20:00,505,25.77,25.77,25.8,25.8,25.77,15
2023-10-03 15:21:00,160,25.7725,25.78,25.78,25.78,25.78,2
2023-10-03 15:22:00,435,25.7793,25.79,25.77,25.79,25.77,14
2023-10-03 15:23:00,1480,25.7064,25.72,25.65,25.72,25.65,29
2023-10-03 15:24:00,469,25.6394,25.65,25.635,25.65,25.635,7
2023-10-03 15:25:00,117,25.6195,25.62,25.62,25.62,25.62,7
2023-10-03 15:26:00,744,25.6491,25.64,25.67,25.67,25.64,26
2023-10-03 15:28:00,1141,25.64,25.6399,25.6399,25.6399,25.6399,3
2023-10-03 15:29:00,307,25.64,25.64,25.64,25.64,25.64,3
2023-10-03 15:30:00,2372,25.6214,25.62,25.655,25.655,25.585,47
2023-10-03 15:33:00,538,25.5713,25.59,25.53,25.59,25.53,15
2023-10-03 15:34:00,404,25.5537,25.54,25.54,25.54,25.54,15
2023-10-03 15:37:00,678,25.5093,25.51,25.515,25.515,25.51,18
2023-10-03 15:39:00,1533,25.5411,25.51,25.57,25.57,25.51,40
2023-10-03 15:40:00,586,25.5671,25.56,25.57,25.57,25.56,14
2023-10-03 15:43:00,1366,25.5672,25.55,25.5428,25.6,25.5,23
2023-10-03 15:44:00,106,25.5442,25.545,25.545,25.545,25.545,3
2023-10-03 15:45:00,981,25.5032,25.54,25.48,25.54,25.48,28
2023-10-03 15:47:00,391,25.4621,25.46,25.46,25.46,25.46,27
2023-10-03 15:48:00,2774,25.4018,25.38,25.375,25.449,25.32,44
2023-10-03 15:49:00,463,25.3597,25.375,25.375,25.375,25.375,15
2023-10-03 15:50:00,333,25.3451,25.375,25.33,25.375,25.33,7
2023-10-03 15:51:00,917,25.4237,25.42,25.43,25.43,25.42,38
2023-10-03 15:52:00,121,25.3994,25.395,25.395,25.395,25.395,2
2023-10-03 15:53:00,777,25.3434,25.35,25.33,25.35,25.33,18
2023-10-03 15:54:00,646,25.2821,25.29,25.29,25.29,25.29,16
2023-10-03 15:55:00,431,25.251,25.25,25.25,25.25,25.25,9
2023-10-03 15:56:00,14958,25.0582,25.23,25.02,25.23,25.01,217
2023-10-03 15:57:00,6366,25.1233,25.08,25.11,25.24,25.08,153
2023-10-03 15:58:00,157,25.137,25.135,25.135,25.135,25.135,6
2023-10-03 15:59:00,295,25.1367,25.13,25.13,25.13,25.13,16
2023-10-03 16:01:00,1310,25.1789,25.13,25.2,25.2,25.13,32
2023-10-03 16:02:00,1011,25.1006,25.18,25.055,25.18,25.055,19
2023-10-03 16:03:00,747,25.0294,25.01,25.055,25.055,25.01,6
2023-10-03 16:04:00,1054,25.1017,25.1,25.0975,25.11,25.0975,26
2023-10-03 16:05:00,101,25.095,25.095,25.095,25.095,25.095,2
2023-10-03 16:06:00,664,25.1209,25.14,25.105,25.14,25.105,10
2023-10-03 16:08:00,242,25.0798,25.045,25.045,25.045,25.045,9
2023-10-03 16:09:00,2499,24.9885,25.01,24.96,25.01,24.92,33
2023-10-03 16:10:00,1435,24.9579,24.94,24.95,24.98,24.94,44
2023-10-03 16:11:00,756,24.9451,24.95,24.95,24.95,24.95,6
2023-10-03 16:13:00,145,24.93,24.93,24.93,24.93,24.93,2
2023-10-03 16:14:00,328,24.959,24.9634,24.9634,24.9634,24.9634,3
2023-10-03 16:15:00,129,24.9377,24.93,24.93,24.93,24.93,2
2023-10-03 16:16:00,956,24.9007,24.93,24.89,24.93,24.89,21
2023-10-03 16:17:00,1045,24.9318,24.95,24.92,24.95,24.92,28
2023-10-03 16:18:00,300,24.9284,24.915,24.915,24.915,24.915,2
2023-10-03 16:19:00,783,24.872,24.88,24.85,24.88,24.85,16
2023-10-03 16:20:00,596,24.8471,24.85,24.85,24.85,24.85,14
2023-10-03 16:22:00,167,24.8156,24.81,24.81,24.81,24.81,6
2023-10-03 16:23:00,438,24.7994,24.81,24.815,24.815,24.81,15
2023-10-03 16:25:00,1262,24.696,24.76,24.665,24.76,24.665,42
2023-10-03 16:26:00,750,24.7,24.7,24.67,24.71,24.67,20
2023-10-03 16:27:00,675,24.7231,24.71,24.72,24.72,24.71,20
2023-10-03 16:28:00,1343,24.7592,24.73,24.755,24.78,24.73,37
2023-10-03 16:29:00,334,24.7563,24.755,24.755,24.755,24.755,7
2023-10-03 16:30:00,411,24.7649,24.765,24.765,24.765,24.765,6
2023-10-03 16:32:00,218,24.7509,24.75,24.75,24.75,24.75,6
2023-10-03 16:33:00,169,24.7559,24.76,24.76,24.76,24.76,4
2023-10-03 16:34:00,282,24.7436,24.74,24.74,24.74,24.74,12
2023-10-03 16:35:00,574,24.7124,24.71,24.69,24.71,24.69,20
2023-10-03 16:36:00,331,24.6623,24.665,24.6625,24.665,24.6625,9
2023-10-03 16:37:00,1194,24.709,24.7,24.74,24.74,24.7,41
2023-10-03 16:38:00,590,24.7435,24.75,24.75,24.75,24.75,15
2023-10-03 16:41:00,634,24.7507,24.755,24.755,24.755,24.745,10
2023-10-03 16:42:00,1588,24.6566,24.7,24.59,24.7,24.59,58
2023-10-03 16:43:00,201,24.605,24.605,24.605,24.605,24.605,3
2023-10-03 16:45:00,876,24.5987,24.62,24.6,24.62,24.6,27
2023-10-03 16:46:00,557,24.6104,24.59,24.59,24.59,24.59,16
2023-10-03 16:47:00,616,24.5497,24.56,24.54,24.56,24.54,8
2023-10-03 16:49:00,525,24.5308,24.53,24.53,24.53,24.53,32
2023-10-03 16:52:00,1229,24.4984,24.5,24.495,24.5,24.495,30
2023-10-03 16:53:00,2216,24.5284,24.495,24.58,24.58,24.495,41
2023-10-03 16:54:00,1237,24.6077,24.59,24.62,24.64,24.59,41
2023-10-03 16:59:00,1717,24.5599,24.55,24.55,24.59,24.55,39
2023-10-03 17:00:00,571,24.5883,24.6,24.58,24.6,24.58,20
2023-10-03 17:02:00,445,24.555,24.565,24.55,24.565,24.55,8
2023-10-03 17:04:00,103,24.5485,24.55,24.55,24.55,24.55,2
2023-10-03 17:05:00,729,24.5786,24.5999,24.555,24.6,24.55,18
2023-10-03 17:06:00,586,24.5555,24.555,24.555,24.555,24.555,3
2023-10-03 17:07:00,300,24.5391,24.555,24.555,24.555,24.555,8
2023-10-03 17:09:00,2026,24.4607,24.52,24.42,24.52,24.42,50
2023-10-03 17:10:00,207,24.3917,24.425,24.36,24.425,24.36,3
2023-10-03 17:11:00,1099,24.3359,24.405,24.26,24.405,24.26,24
2023-10-03 17:12:00,1914,24.3617,24.34,24.39,24.39,24.3,72
2023-10-03 17:13:00,626,24.3503,24.33,24.36,24.36,24.33,12
2023-10-03 17:14:00,1913,24.4132,24.4,24.44,24.44,24.4,47
2023-10-03 17:15:00,240,24.4879,24.5,24.5,24.5,24.5,12
2023-10-03 17:18:00,326,24.4793,24.5,24.4555,24.5,24.4555,5
2023-10-03 17:19:00,610,24.449,24.44,24.45,24.45,24.44,21
2023-10-03 17:20:00,1779,24.4789,24.45,24.495,24.51,24.45,56
2023-10-03 17:23:00,770,24.5027,24.49,24.51,24.51,24.49,29
2023-10-03 17:26:00,2217,24.5615,24.55,24.58,24.58,24.54,54
2023-10-03 17:27:00,190,24.5884,24.59,24.59,24.59,24.59,10
2023-10-03 17:28:00,6069,24.6222,24.62,24.65,24.65,24.61,53
2023-10-03 17:29:00,100,24.64,24.64,24.64,24.64,24.64,1
2023-10-03 17:30:00,300,24.5989,24.605,24.605,24.605,24.605,9
2023-10-03 17:32:00,1237,24.6224,24.605,24.64,24.64,24.605,39
2023-10-03 17:33:00,2125,24.6816,24.66,24.7,24.7,24.65,33
2023-10-03 17:34:00,215,24.668,24.675,24.66,24.675,24.66,4
2023-10-03 17:35:00,5817,24.5773,24.65,24.545,24.65,24.52,161
2023-10-03 17:36:00,238,24.5407,24.54,24.54,24.54,24.54,4
2023-10-03 17:37:00,950,24.5511,24.56,24.56,24.56,24.56,35
2023-10-03 17:38:00,482,24.5274,24.535,24.53,24.535,24.53,13
2023-10-03 17:39:00,1088,24.5301,24.53,24.52,24.54,24.52,22
2023-10-03 17:40:00,1046,24.5227,24.515,24.51,24.52,24.51,30
2023-10-03 17:41:00,1278,24.5215,24.51,24.53,24.53,24.51,48
2023-10-03 17:42:00,905,24.5317,24.52,24.56,24.56,24.52,27
2023-10-03 17:43:00,1816,24.5396,24.54,24.53,24.55,24.52,61
2023-10-03 17:44:00,6453,24.4806,24.53,24.4,24.54,24.4,137
2023-10-03 17:45:00,2671,24.3497,24.42,24.36,24.42,24.33,46
2023-10-03 17:46:00,245,24.363,24.365,24.36,24.365,24.36,7
2023-10-03 17:47:00,1610,24.3786,24.355,24.39,24.39,24.355,47
2023-10-03 17:49:00,287,24.3586,24.37,24.37,24.37,24.37,12
2023-10-03 17:50:00,1409,24.3785,24.39,24.35,24.42,24.35,64
2023-10-03 17:53:00,2256,24.3652,24.36,24.37,24.37,24.358,95
2023-10-03 17:54:00,4443,24.3716,24.42,24.3,24.42,24.3,137
2023-10-03 17:55:00,922,24.269,24.3,24.26,24.3,24.26,27
2023-10-03 17:56:00,1381,24.2742,24.26,24.29,24.3,24.26,45
2023-10-03 17:58:00,666,24.2765,24.28,24.27,24.29,24.27,14
2023-10-03 18:00:00,3201,24.2446,24.27,24.2,24.27,24.2,57
2023-10-03 18:01:00,1803,24.15,24.175,24.12,24.175,24.11,35
2023-10-03 18:02:00,491,24.1262,24.105,24.1,24.14,24.1,8
2023-10-03 18:03:00,1612,24.1506,24.125,24.17,24.17,24.125,57
2023-10-03 18:05:00,3602,24.0878,24.15,24.13,24.15,24.02,80
2023-10-03 18:08:00,210,24.0893,24.08,24.1,24.1,24.08,3
2023-10-03 18:09:00,3136,24.0927,24.09,24.045,24.11,24.045,93
2023-10-03 18:10:00,549,24.0772,24.07,24.09,24.09,24.07,20
2023-10-03 18:11:00,151,24.0521,24.05,24.05,24.05,24.05,3
2023-10-03 18:12:00,1425,24.0707,24.05,24.1,24.11,24.05,53
2023-10-03 18:13:00,1978,24.1312,24.105,24.135,24.14,24.105,58
2023-10-03 18:14:00,6403,24.2288,24.15,24.25,24.27,24.14,137
2023-10-03 18:15:00,1208,24.2281,24.255,24.219,24.255,24.219,35
2023-10-03 18:16:00,2710,24.1585,24.18,24.19,24.19,24.13,76
2023-10-03 18:17:00,1602,24.2482,24.22,24.28,24.28,24.22,49
2023-10-03 18:18:00,1634,24.2773,24.26,24.29,24.29,24.26,46
2023-10-03 18:19:00,1770,24.2795,24.285,24.32,24.32,24.285,36
2023-10-03 18:20:00,1808,24.3441,24.34,24.34,24.35,24.34,52
2023-10-03 18:21:00,2265,24.3585,24.34,24.38,24.38,24.34,66
2023-10-03 18:22:00,710,24.3822,24.38,24.38,24.39,24.38,21
2023-10-03 18:23:00,1346,24.3593,24.39,24.3425,24.39,24.3425,25
2023-10-03 18:25:00,1283,24.3126,24.325,24.29,24.325,24.29,30
2023-10-03 18:26:00,2208,24.3156,24.29,24.35,24.35,24.29,67
2023-10-03 18:27:00,898,24.3525,24.35,24.36,24.36,24.35,29
2023-10-03 18:28:00,2365,24.298,24.3,24.33,24.33,24.275,58
2023-10-03 18:29:00,772,24.3299,24.32,24.34,24.34,24.32,17
2023-10-03 18:30:00,470,24.3139,24.32,24.3,24.32,24.3,17
2023-10-03 18:31:00,852,24.3203,24.31,24.33,24.33,24.31,21
2023-10-03 18:32:00,904,24.3413,24.34,24.34,24.34,24.33,28
2023-10-03 18:33:00,1028,24.351,24.37,24.33,24.37,24.33,28
2023-10-03 18:34:00,3520,24.2748,24.32,24.23,24.32,24.23,105
2023-10-03 18:35:00,711,24.2499,24.24,24.25,24.25,24.24,20
2023-10-03 18:36:00,7824,24.2761,24.24,24.34,24.34,24.21,111
2023-10-03 18:37:00,1548,24.3537,24.35,24.33,24.38,24.33,31
2023-10-03 18:38:00,6767,24.3044,24.345,24.32,24.345,24.27,76
2023-10-03 18:39:00,446,24.3833,24.36,24.42,24.42,24.36,26
2023-10-03 18:43:00,628,24.3513,24.38,24.34,24.38,24.34,15
2023-10-03 18:44:00,1850,24.3283,24.34,24.29,24.34,24.29,62
2023-10-03 18:45:00,405,24.2898,24.29,24.28,24.29,24.28,12
2023-10-03 18:47:00,1442,24.3085,24.3,24.29,24.32,24.29,45
2023-10-03 18:48:00,770,24.2657,24.29,24.24,24.29,24.24,27
2023-10-03 18:49:00,1387,24.2472,24.2476,24.22,24.25,24.22,48
2023-10-03 18:51:00,1854,24.2505,24.27,24.26,24.27,24.23,68
2023-10-03 18:53:00,747,24.2605,24.25,24.25,24.25,24.25,39
2023-10-03 18:54:00,1306,24.2573,24.25,24.27,24.27,24.25,45
2023-10-03 18:55:00,315,24.2448,24.25,24.25,24.25,24.25,14
2023-10-03 18:56:00,107,24.2593,24.26,24.26,24.26,24.26,4
2023-10-03 18:57:00,3015,24.2307,24.245,24.245,24.26,24.204,82
2023-10-03 18:58:00,4130,24.2549,24.28,24.24,24.28,24.21,43
2023-10-03 18:59:00,223,24.2231,24.22,24.225,24.225,24.22,6
2023-10-03 19:00:00,1109,24.203,24.2109,24.19,24.2109,24.19,19
2023-10-03 19:01:00,529,24.1747,24.2,24.16,24.2,24.16,22
2023-10-03 19:02:00,1216,24.1557,24.14,24.16,24.16,24.14,36
2023-10-03 19:03:00,1849,24.1662,24.17,24.14,24.19,24.14,49
2023-10-03 19:04:00,5053,24.1575,24.2,24.145,24.22,24.13,74
2023-10-03 19:05:00,2202,24.1702,24.145,24.17,24.19,24.145,47
2023-10-03 19:06:00,703,24.1576,24.1699,24.155,24.1699,24.155,10
2023-10-03 19:07:00,1316,24.154,24.15,24.17,24.17,24.15,42
2023-10-03 19:08:00,1555,24.117,24.13,24.105,24.135,24.09,56
2023-10-03 19:09:00,1088,24.1406,24.14,24.145,24.145,24.14,40
2023-10-03 19:10:00,483,24.1551,24.15,24.16,24.16,24.15,19
2023-10-03 19:11:00,1156,24.1586,24.16,24.16,24.16,24.15,27
2023-10-03 19:12:00,924,24.1726,24.17,24.18,24.18,24.17,33
2023-10-03 19:13:00,204,24.16,24.16,24.16,24.16,24.16,10
2023-10-03 19:14:00,3475,24.1542,24.15,24.17,24.17,24.15,97
2023-10-03 19:15:00,1295,24.1675,24.17,24.18,24.18,24.17,51
2023-10-03 19:16:00,1156,24.1888,24.18,24.18,24.205,24.18,40
2023-10-03 19:17:00,1838,24.1878,24.19,24.172,24.2,24.17,39
2023-10-03 19:18:00,1940,24.1549,24.16,24.15,24.17,24.14,56
2023-10-03 19:19:00,2304,24.1591,24.14,24.15,24.18,24.14,53
2023-10-03 19:20:00,9838,24.104,24.15,24.01,24.15,24.01,229
2023-10-03 19:21:00,4484,24.0677,24.015,24.135,24.14,24.015,116
2023-10-03 19:22:00,2300,24.1342,24.14,24.15,24.15,24.11,61
2023-10-03 19:23:00,2943,24.0818,24.13,24.13,24.13,24.06,80
2023-10-03 19:24:00,138,24.1303,24.13,24.13,24.13,24.13,10
2023-10-03 19:25:00,3179,24.1412,24.145,24.15,24.15,24.12,58
2023-10-03 19:26:00,2839,24.1134,24.13,24.0899,24.15,24.05,60
2023-10-03 19:27:00,2416,24.1061,24.09,24.115,24.12,24.09,60
2023-10-03 19:28:00,3774,24.1329,24.14,24.13,24.14,24.13,48
2023-10-03 19:29:00,2608,24.122,24.13,24.11,24.13,24.1,24
2023-10-03 19:30:00,3191,24.1236,24.1,24.145,24.145,24.1,89
2023-10-03 19:31:00,950,24.1374,24.13,24.13,24.145,24.13,25
2023-10-03 19:32:00,2498,24.1003,24.12,24.075,24.12,24.07,55
2023-10-03 19:33:00,512,24.0698,24.07,24.07,24.07,24.07,5
2023-10-03 19:35:00,1980,24.0669,24.089,24.08,24.089,24.07,82
2023-10-03 19:36:00,2948,24.0788,24.08,24.09,24.09,24.06,61
2023-10-03 19:37:00,2822,24.0859,24.08,24.07,24.1,24.07,75
2023-10-03 19:38:00,1060,24.062,24.07,24.059,24.07,24.0575,21
2023-10-03 19:39:00,5841,24.0338,24.05,24.05,24.055,24.015,145
2023-10-03 19:40:00,1536,24.044,24.05,24.02,24.05,24.02,59
2023-10-03 19:41:00,2037,23.9939,24.01,24.0,24.01,23.97,53
2023-10-03 19:42:00,1596,24.0311,24.0,24.02,24.02,24.0,33
2023-10-03 19:43:00,2936,24.0692,24.05,24.078,24.078,24.05,41
2023-10-03 19:44:00,4207,24.0954,24.1,24.08,24.11,24.08,134
2023-10-03 19:45:00,4101,24.0464,24.07,24.07,24.07,24.01,112
2023-10-03 19:46:00,678,24.0628,24.06,24.07,24.07,24.05,21
2023-10-03 19:47:00,3384,24.0873,24.07,24.1,24.11,24.06,87
2023-10-03 19:48:00,3259,24.095,24.1,24.09,24.105,24.09,67
2023-10-03 19:49:00,1151,24.0769,24.08,24.0798,24.08,24.0798,34
2023-10-03 19:50:00,6200,24.0962,24.07,24.1,24.118,24.07,155
2023-10-03 19:51:00,3245,24.0809,24.09,24.07,24.09,24.07,53
2023-10-03 19:52:00,2357,24.0545,24.065,24.05,24.065,24.05,80
2023-10-03 19:53:00,5869,24.0686,24.04,24.07,24.085,24.04,140
2023-10-03 19:54:00,6397,24.0819,24.1,24.14,24.14,24.04,167
2023-10-03 19:55:00,3636,24.1307,24.12,24.155,24.17,24.1,83
2023-10-03 19:56:00,8184,24.1554,24.155,24.1999,24.1999,24.15,168
2023-10-03 19:57:00,8938,24.2314,24.19,24.255,24.26,24.19,188
2023-10-03 19:58:00,11129,24.2748,24.26,24.28,24.29,24.255,223
2023-10-03 19:59:00,20458,24.2977,24.27,24.33,24.33,24.26,320
2023-10-03 20:00:00,293,24.32,24.32,24.32,24.32,24.32,9
2023-10-04 13:30:00,3726,24.5321,24.42,24.84,24.84,24.42,28
2023-10-04 13:31:00,1081,25.0011,24.95,25.005,25.03,24.95,19
2023-10-04 13:34:00,1821,24.7656,24.815,24.635,24.85,24.635,33
2023-10-04 13:35:00,828,24.5167,24.635,24.435,24.635,24.415,11
2023-10-04 13:40:00,883,24.5258,24.53,24.52,24.53,24.5,29
2023-10-04 13:43:00,958,24.4474,24.44,24.495,24.495,24.44,19
2023-10-04 13:44:00,3465,24.3969,24.43,24.35,24.435,24.35,45
2023-10-04 13:45:00,349,24.3654,24.355,24.355,24.355,24.355,17
2023-10-04 13:46:00,130,24.3677,24.37,24.37,24.37,24.37,2
2023-10-04 13:48:00,3916,24.4624,24.43,24.44,24.52,24.43,75
2023-10-04 13:49:00,344,24.4367,24.42,24.45,24.45,24.42,10
2023-10-04 13:50:00,592,24.4912,24.4896,24.49,24.5,24.485,26
2023-10-04 13:51:00,320,24.4793,24.485,24.485,24.485,24.485,7
2023-10-04 13:52:00,952,24.5274,24.51,24.55,24.55,24.505,29
2023-10-04 13:53:00,739,24.5315,24.55,24.505,24.55,24.505,18
2023-10-04 13:54:00,100,24.515,24.515,24.515,24.515,24.515,1
2023-10-04 13:55:00,682,24.5707,24.58,24.58,24.58,24.58,33
2023-10-04 13:57:00,367,24.5567,24.57,24.525,24.57,24.525,6
2023-10-04 13:59:00,302,24.5504,24.55,24.55,24.55,24.55,4
2023-10-04 14:00:00,180,24.55,24.55,24.55,24.55,24.55,4
2023-10-04 14:01:00,1084,24.4767,24.53,24.47,24.53,24.46,22
2023-10-04 14:02:00,1819,24.42,24.44,24.4,24.47,24.4,40
2023-10-04 14:03:00,115,24.4143,24.415,24.415,24.415,24.415,7
2023-10-04 14:04:00,577,24.3915,24.4,24.35,24.4,24.35,17
2023-10-04 14:05:00,109,24.3692,24.37,24.37,24.37,24.37,3
2023-10-04 14:06:00,1743,24.3317,24.34,24.34,24.34,24.31,35
2023-10-04 14:07:00,1120,24.3126,24.34,24.28,24.34,24.28,30
2023-10-04 14:08:00,400,24.2663,24.28,24.28,24.28,24.225,4
2023-10-04 14:10:00,300,24.2643,24.2643,24.2643,24.2643,24.2643,1
2023-10-04 14:12:00,277,24.2293,24.205,24.245,24.245,24.205,12
2023-10-04 14:14:00,106,24.3102,24.315,24.315,24.315,24.315,5
2023-10-04 14:15:00,529,24.2687,24.23,24.235,24.275,24.23,9
2023-10-04 14:18:00,1968,24.2241,24.19,24.24,24.24,24.19,54
2023-10-04 14:20:00,291,24.2273,24.21,24.21,24.21,24.21,10
2023-10-04 14:21:00,145,24.2102,24.21,24.21,24.21,24.21,7
2023-10-04 14:23:00,904,24.1449,24.19,24.11,24.19,24.11,35
2023-10-04 14:24:00,235,24.0756,24.08,24.07,24.08,24.07,6
2023-10-04 14:25:00,2155,24.1221,24.095,24.11,24.12,24.065,35
2023-10-04 14:27:00,164,24.1501,24.155,24.155,24.155,24.155,4
2023-10-04 14:30:00,568,24.2057,24.21,24.21,24.21,24.21,25
2023-10-04 14:32:00,274,24.2079,24.21,24.21,24.21,24.21,12
2023-10-04 14:33:00,396,24.1723,24.1783,24.17,24.1783,24.17,10
2023-10-04 14:34:00,146,24.1559,24.15,24.15,24.15,24.15,7
2023-10-04 14:35:00,3610,24.1666,24.15,24.24,24.24,24.13,66
2023-10-04 14:36:00,4882,24.2975,24.29,24.295,24.3,24.265,28
2023-10-04 14:38:00,454,24.2203,24.21,24.21,24.21,24.21,13
2023-10-04 14:39:00,425,24.2433,24.22,24.22,24.22,24.22,19
2023-10-04 14:40:00,503,24.2487,24.255,24.27,24.27,24.255,20
2023-10-04 14:41:00,513,24.3004,24.3,24.3,24.3,24.3,22
2023-10-04 14:42:00,336,24.2864,24.29,24.28,24.29,24.28,8
2023-10-04 14:43:00,322,24.2686,24.26,24.26,24.285,24.26,7
2023-10-04 14:44:00,578,24.2527,24.26,24.24,24.26,24.24,22
2023-10-04 14:47:00,603,24.1991,24.21,24.19,24.21,24.19,20
2023-10-04 14:48:00,237,24.1616,24.15,24.15,24.15,24.15,7
2023-10-04 14:49:00,406,24.2189,24.14,24.14,24.14,24.14,5
2023-10-04 14:50:00,139,24.1236,24.125,24.125,24.125,24.125,4
2023-10-04 14:51:00,645,24.1798,24.18,24.185,24.185,24.18,19
2023-10-04 14:54:00,298,24.157,24.16,24.16,24.16,24.16,15
2023-10-04 14:56:00,1577,24.1061,24.12,24.1,24.13,24.1,47
2023-10-04 14:57:00,208,24.0891,24.09,24.09,24.09,24.09,5
2023-10-04 15:00:00,493,24.0523,24.06,24.05,24.06,24.05,18
2023-10-04 15:02:00,793,24.0645,24.06,24.09,24.09,24.06,28
2023-10-04 15:03:00,302,24.0806,24.09,24.09,24.09,24.09,5
2023-10-04 15:06:00,227,24.0895,24.09,24.09,24.09,24.09,5
2023-10-04 15:08:00,477,24.0635,24.06,24.06,24.06,24.06,21
2023-10-04 15:09:00,674,24.1093,24.11,24.1,24.11,24.1,42
2023-10-04 15:11:00,962,24.1466,24.13,24.15,24.16,24.13,35
2023-10-04 15:12:00,797,24.1316,24.15,24.12,24.15,24.12,22
2023-10-04 15:13:00,1086,24.0976,24.13,24.07,24.13,24.07,30
2023-10-04 15:14:00,198,24.0654,24.07,24.07,24.07,24.07,6
2023-10-04 15:15:00,1003,24.045,24.02,24.02,24.02,24.02,25
2023-10-04 15:16:00,113,24.0138,24.015,24.015,24.015,24.015,5
2023-10-04 15:17:00,2320,24.035,24.0,24.12,24.12,24.0,52
2023-10-04 15:18:00,1632,24.1174,24.12,24.12,24.12,24.0821,24
2023-10-04 15:19:00,466,24.1008,24.1,24.1,24.1,24.1,9
2023-10-04 15:20:00,1063,24.0354,24.05,24.0,24.05,24.0,32
2023-10-04 15:22:00,475,23.9572,23.96,23.95,23.96,23.95,16
2023-10-04 15:24:00,1866,23.9603,23.9,23.935,23.97,23.9,40
2023-10-04 15:25:00,1235,23.9932,23.97,24.02,24.02,23.97,39
2023-10-04 15:26:00,108,24.0306,24.03,24.03,24.03,24.03,6
2023-10-04 15:27:00,1368,24.0453,24.05,24.0,24.11,24.0,25
2023-10-04 15:28:00,120,24.0193,24.02,24.02,24.02,24.02,6
2023-10-04 15:29:00,2052,24.0705,24.05,24.08,24.12,24.03,57
2023-10-04 15:31:00,6274,24.0018,24.05,23.98,24.05,23.98,40
2023-10-04 15:33:00,323,23.9998,24.0,24.0,24.0,24.0,11
2023-10-04 15:34:00,181,23.9994,24.0,24.0,24.0,24.0,5
2023-10-04 15:35:00,460,24.0082,24.03,24.001,24.03,24.001,7
2023-10-04 15:36:00,2539,24.0779,24.07,24.065,24.1,24.06,51
2023-10-04 15:37:00,703,24.0686,24.11,24.07,24.11,24.05,16
2023-10-04 15:39:00,670,24.0268,24.04,24.03,24.04,24.01,15
2023-10-04 15:40:00,1704,23.9737,24.0,23.89,24.0,23.89,42
2023-10-04 15:41:00,521,23.8529,23.89,23.8,23.89,23.8,8
2023-10-04 15:46:00,1505,23.9172,23.875,23.92,23.93,23.875,34
2023-10-04 15:47:00,1268,23.9623,23.95,23.99,23.99,23.95,36
2023-10-04 15:48:00,425,24.0046,24.02,24.03,24.03,24.02,11
2023-10-04 15:49:00,994,24.0406,24.05,24.02,24.07,24.02,25
2023-10-04 15:51:00,201,23.9655,23.9654,23.9654,23.9654,23.9654,2
2023-10-04 15:53:00,1520,24.0472,23.97,24.07,24.07,23.97,30
2023-10-04 15:55:00,103,24.0537,24.055,24.055,24.055,24.055,3
2023-10-04 15:56:00,599,24.0114,24.01,24.02,24.02,24.01,16
2023-10-04 15:57:00,236,23.9665,23.97,23.97,23.97,23.97,10
2023-10-04 15:58:00,215,23.971,23.975,23.975,23.975,23.975,4
2023-10-04 15:59:00,968,24.0145,24.01,24.01,24.01,24.01,27
2023-10-04 16:00:00,253,24.0232,24.039,24.039,24.039,24.039,9
2023-10-04 16:03:00,106,23.97,23.97,23.97,23.97,23.97,3
2023-10-04 16:06:00,596,23.9798,23.98,23.98,23.98,23.98,5
2023-10-04 16:08:00,215,23.9586,23.97,23.97,23.97,23.97,9
2023-10-04 16:09:00,2734,23.9719,23.94,24.0,24.0,23.94,68
2023-10-04 16:10:00,1052,24.0211,24.02,24.03,24.03,24.02,29
2023-10-04 16:13:00,215,23.9855,23.9864,23.9864,23.9864,23.9864,7
2023-10-04 16:15:00,138,23.9738,23.975,23.975,23.975,23.975,8
2023-10-04 16:17:00,114,23.9877,23.9913,23.9913,23.9913,23.9913,7
2023-10-04 16:18:00,1364,24.0022,24.0,24.01,24.01,24.0,37
2023-10-04 16:19:00,548,24.0258,24.02,24.035,24.035,24.02,19
2023-10-04 16:20:00,201,24.0351,24.035,24.035,24.035,24.035,2
2023-10-04 16:21:00,229,24.0349,24.035,24.035,24.035,24.035,4
2023-10-04 16:23:00,201,24.0275,24.035,24.02,24.035,24.02,3
2023-10-04 16:24:00,582,24.0194,24.03,24.01,24.03,24.01,22
2023-10-04 16:25:00,1111,23.9946,24.005,24.005,24.005,23.99,24
2023-10-04 16:27:00,218,23.9538,23.945,23.945,23.945,23.945,4
2023-10-04 16:28:00,116,23.98,23.98,23.98,23.98,23.98,4
2023-10-04 16:29:00,1243,24.0265,24.02,24.04,24.04,24.02,49
2023-10-04 16:30:00,5275,24.0328,24.05,23.995,24.1,23.995,102
2023-10-04 16:34:00,5149,24.0599,24.12,24.03,24.12,24.03,89
2023-10-04 16:36:00,1689,24.1307,24.12,24.15,24.17,24.09,35
2023-10-04 16:37:00,257,24.1539,24.15,24.15,24.15,24.15,10
2023-10-04 16:40:00,310,24.1576,24.155,24.155,24.155,24.155,6
2023-10-04 16:44:00,1024,24.0819,24.1,24.07,24.11,24.07,36
2023-10-04 16:45:00,248,24.0245,24.03,24.03,24.03,24.03,9
2023-10-04 16:47:00,370,24.0523,24.06,24.06,24.06,24.06,8
2023-10-04 16:48:00,1185,24.0545,24.06,24.03,24.07,24.03,35
2023-10-04 16:52:00,2352,24.0571,24.065,24.0,24.08,24.0,62
2023-10-04 16:53:00,6100,23.9931,24.0,24.0,24.01,23.95,161
2023-10-04 16:54:00,488,23.9934,24.0,24.0,24.0,24.0,20
2023-10-04 16:55:00,193,23.9751,23.98,23.98,23.98,23.98,6
2023-10-04 16:56:00,305,23.9799,23.98,23.98,23.98,23.98,13
2023-10-04 16:57:00,1424,23.9807,23.98,24.0,24.0,23.95,23
2023-10-04 16:58:00,135,23.9907,24.0,24.0,24.0,24.0,6
2023-10-04 16:59:00,168,23.9766,23.9925,23.9925,23.9925,23.9925,8
2023-10-04 17:00:00,1701,24.008,24.0,24.02,24.02,24.0,48
2023-10-04 17:02:00,440,24.0152,24.02,24.02,24.02,24.02,12
2023-10-04 17:03:00,106,23.9909,23.99,23.99,23.99,23.99,3
2023-10-04 17:04:00,199,23.99,23.99,23.99,23.99,23.99,3
2023-10-04 17:05:00,128,23.9902,23.99,23.99,23.99,23.99,7
2023-10-04 17:06:00,1541,24.019,24.02,24.02,24.02,24.02,46
2023-10-04 17:07:00,1277,24.0158,24.03,23.985,24.03,23.985,42
2023-10-04 17:08:00,327,23.9896,24.0,23.985,24.0,23.985,8
2023-10-04 17:09:00,1268,24.0127,24.0,24.02,24.02,24.0,28
2023-10-04 17:11:00,427,23.9997,24.0,24.0,24.0,24.0,8
2023-10-04 17:13:00,108,23.9934,23.995,23.995,23.995,23.995,5
2023-10-04 17:14:00,501,23.9949,23.995,23.995,23.995,23.995,6
2023-10-04 17:17:00,111,24.0002,24.0,24.0,24.0,24.0,4
2023-10-04 17:18:00,180,23.9919,24.0,24.0,24.0,24.0,5
2023-10-04 17:19:00,207,23.9981,24.0,24.0,24.0,24.0,7
2023-10-04 17:21:00,267,24.015,24.02,24.02,24.02,24.02,5
2023-10-04 17:22:00,1462,23.9742,24.02,23.96,24.02,23.96,43
2023-10-04 17:24:00,201,23.9612,23.9575,23.965,23.965,23.9575,3
2023-10-04 17:25:00,2482,23.9251,23.96,23.865,23.96,23.865,49
2023-10-04 17:26:00,2304,23.9067,23.89,23.93,23.93,23.89,53
2023-10-04 17:27:00,762,23.9443,23.95,23.95,23.95,23.95,22
2023-10-04 17:29:00,1944,23.9808,23.975,23.98,23.99,23.975,27
2023-10-04 17:32:00,388,24.0257,24.03,24.03,24.03,24.03,8
2023-10-04 17:33:00,103,24.0004,24.0,24.0,24.0,24.0,3
2023-10-04 17:34:00,201,24.0319,24.04,24.04,24.04,24.04,3
2023-10-04 17:36:00,1211,24.0343,24.04,24.02,24.05,24.02,31
2023-10-04 17:37:00,866,24.0174,24.055,24.0,24.055,24.0,11
2023-10-04 17:38:00,3204,23.9766,24.0,23.96,24.0,23.95,55
2023-10-04 17:39:00,247,23.9745,23.975,23.975,23.975,23.975,4
2023-10-04 17:40:00,367,23.9749,23.975,23.975,23.975,23.975,6
2023-10-04 17:41:00,1959,23.9914,23.975,23.98,24.0,23.975,39
2023-10-04 17:42:00,468,23.9708,23.97,23.97,23.97,23.97,17
2023-10-04 17:44:00,1740,23.9907,23.98,24.01,24.01,23.98,50
2023-10-04 17:45:00,1150,23.9935,24.01,23.98,24.01,23.98,23
2023-10-04 17:46:00,200,23.98,23.98,23.98,23.98,23.98,2
2023-10-04 17:47:00,201,23.9801,23.98,23.98,23.98,23.98,3
2023-10-04 17:48:00,300,23.98,23.98,23.98,23.98,23.98,3
2023-10-04 17:50:00,1339,23.9564,23.96,23.95,23.965,23.945,32
2023-10-04 17:52:00,106,23.9299,23.93,23.93,23.93,23.93,4
2023-10-04 17:53:00,818,23.9172,23.93,23.91,23.93,23.89,16
2023-10-04 17:54:00,1577,23.8729,23.87,23.885,23.9,23.86,23
2023-10-04 17:55:00,1162,23.8477,23.855,23.8,23.89,23.8,28
2023-10-04 17:56:00,172,23.8263,23.825,23.825,23.825,23.825,5
2023-10-04 17:57:00,2160,23.7561,23.8,23.755,23.8,23.73,32
2023-10-04 17:58:00,1566,23.7111,23.74,23.73,23.74,23.68,20
2023-10-04 18:00:00,524,23.6897,23.69,23.68,23.69,23.68,14
2023-10-04 18:01:00,2284,23.6452,23.65,23.62,23.66,23.62,53
2023-10-04 18:02:00,206,23.6474,23.63,23.63,23.63,23.63,8
2023-10-04 18:03:00,534,23.6078,23.58,23.58,23.58,23.58,16
2023-10-04 18:05:00,1434,23.6126,23.62,23.59,23.63,23.59,23
2023-10-04 18:07:00,306,23.5799,23.58,23.58,23.58,23.58,7
2023-10-04 18:08:00,495,23.5899,23.62,23.58,23.62,23.58,11
2023-10-04 18:10:00,236,23.5712,23.55,23.55,23.55,23.55,3
2023-10-04 18:11:00,2833,23.5864,23.585,23.57,23.6,23.57,38
2023-10-04 18:13:00,308,23.5665,23.56,23.58,23.58,23.56,4
2023-10-04 18:14:00,12832,23.6743,23.58,23.72,23.73,23.58,148
2023-10-04 18:16:00,263,23.7538,23.75,23.75,23.75,23.75,5
2023-10-04 18:19:00,1498,23.7535,23.755,23.74,23.78,23.74,35
2023-10-04 18:20:00,821,23.7143,23.745,23.67,23.745,23.67,35
2023-10-04 18:22:00,1426,23.6742,23.67,23.68,23.69,23.67,19
2023-10-04 18:23:00,182,23.6555,23.64,23.64,23.64,23.64,3
2023-10-04 18:24:00,545,23.656,23.65,23.68,23.68,23.65,18
2023-10-04 18:25:00,532,23.664,23.62,23.6,23.62,23.6,7
2023-10-04 18:26:00,161,23.6155,23.625,23.625,23.625,23.625,2
2023-10-04 18:27:00,1400,23.6553,23.65,23.67,23.67,23.65,40
2023-10-04 18:28:00,772,23.7017,23.69,23.71,23.71,23.69,20
2023-10-04 18:30:00,1462,23.7453,23.73,23.78,23.78,23.73,42
2023-10-04 18:31:00,369,23.7712,23.777,23.7756,23.777,23.765,5
2023-10-04 18:32:00,201,23.7725,23.78,23.765,23.78,23.765,3
2023-10-04 18:33:00,1549,23.7407,23.75,23.75,23.75,23.72,35
2023-10-04 18:34:00,1941,23.7462,23.7,23.77,23.77,23.7,61
2023-10-04 18:35:00,766,23.7238,23.72,23.72,23.7492,23.72,17
2023-10-04 18:36:00,758,23.6748,23.705,23.66,23.705,23.66,16
2023-10-04 18:37:00,664,23.6738,23.655,23.7,23.7,23.655,7
2023-10-04 18:39:00,1759,23.7224,23.675,23.75,23.75,23.675,46
2023-10-04 18:40:00,204,23.7515,23.75,23.75,23.75,23.75,13
2023-10-04 18:41:00,510,23.7571,23.77,23.76,23.77,23.75,15
2023-10-04 18:43:00,792,23.7635,23.77,23.74,23.77,23.74,18
2023-10-04 18:44:00,214,23.7599,23.76,23.76,23.76,23.76,6
2023-10-04 18:45:00,632,23.7792,23.775,23.78,23.78,23.775,17
2023-10-04 18:46:00,381,23.7899,23.79,23.79,23.79,23.79,14
2023-10-04 18:47:00,207,23.8022,23.81,23.81,23.81,23.81,3
2023-10-04 18:49:00,609,23.7767,23.82,23.82,23.82,23.82,7
2023-10-04 18:50:00,522,23.8012,23.785,23.81,23.81,23.785,13
2023-10-04 18:51:00,138,23.8008,23.81,23.81,23.81,23.81,6
2023-10-04 18:52:00,324,23.7927,23.81,23.76,23.81,23.76,6
2023-10-04 18:54:00,410,23.7951,23.785,23.785,23.81,23.785,7
2023-10-04 18:55:00,257,23.8018,23.81,23.81,23.81,23.81,12
2023-10-04 18:56:00,1313,23.8146,23.81,23.83,23.83,23.81,39
2023-10-04 18:57:00,1471,23.8276,23.83,23.83,23.83,23.81,38
2023-10-04 18:58:00,1204,23.7889,23.81,23.79,23.81,23.78,20
2023-10-04 18:59:00,2360,23.7697,23.77,23.8,23.8,23.75,58
2023-10-04 19:00:00,152,23.7925,23.79,23.79,23.79,23.79,9
2023-10-04 19:01:00,951,23.8172,23.81,23.83,23.83,23.81,34
2023-10-04 19:02:00,2003,23.7885,23.8,23.7985,23.8,23.78,52
2023-10-04 19:03:00,101,23.7702,23.77,23.77,23.77,23.77,2
2023-10-04 19:05:00,963,23.7647,23.77,23.77,23.77,23.75,23
2023-10-04 19:07:00,343,23.7572,23.75,23.76,23.76,23.75,20
2023-10-04 19:08:00,2007,23.7732,23.77,23.795,23.795,23.77,50
2023-10-04 19:09:00,658,23.7905,23.82,23.82,23.82,23.82,11
2023-10-04 19:10:00,4564,23.7937,23.8015,23.765,23.8015,23.765,30
2023-10-04 19:12:00,157,23.8027,23.81,23.81,23.81,23.81,9
2023-10-04 19:13:00,1007,23.8045,23.8,23.81,23.81,23.8,33
2023-10-04 19:15:00,585,23.8357,23.83,23.859,23.859,23.83,20
2023-10-04 19:16:00,741,23.8576,23.86,23.85,23.86,23.85,21
2023-10-04 19:17:00,1062,23.8434,23.88,23.8625,23.88,23.86,36
2023-10-04 19:18:00,981,23.888,23.88,23.9,23.9,23.88,25
2023-10-04 19:19:00,591,23.8528,23.86,23.88,23.88,23.86,5
2023-10-04 19:21:00,1244,23.8614,23.86,23.82,23.89,23.82,43
2023-10-04 19:22:00,423,23.8146,23.815,23.815,23.815,23.815,27
2023-10-04 19:23:00,1612,23.8274,23.82,23.815,23.83,23.815,31
2023-10-04 19:24:00,894,23.8349,23.83,23.84,23.85,23.83,27
2023-10-04 19:25:00,208,23.847,23.835,23.835,23.835,23.835,11
2023-10-04 19:26:00,483,23.8335,23.84,23.83,23.84,23.83,13
2023-10-04 19:27:00,976,23.8383,23.82,23.85,23.85,23.82,41
2023-10-04 19:28:00,184,23.8272,23.83,23.83,23.83,23.83,7
2023-10-04 19:29:00,1261,23.8102,23.82,23.795,23.82,23.795,39
2023-10-04 19:30:00,4090,23.8448,23.81,23.885,23.885,23.81,109
2023-10-04 19:31:00,2058,23.9129,23.91,23.91,23.93,23.9,40
2023-10-04 19:32:00,3573,23.9118,23.93,23.89,23.93,23.89,119
2023-10-04 19:33:00,745,23.8555,23.84,23.85,23.85,23.84,24
2023-10-04 19:34:00,2801,23.8629,23.85,23.88,23.89,23.84,75
2023-10-04 19:35:00,411,23.8669,23.87,23.87,23.87,23.87,11
2023-10-04 19:36:00,1720,23.8497,23.87,23.8,23.87,23.8,48
2023-10-04 19:37:00,6716,23.7414,23.8,23.67,23.81,23.67,143
2023-10-04 19:38:00,8136,23.7068,23.685,23.72,23.78,23.66,176
2023-10-04 19:39:00,1435,23.7316,23.7799,23.7311,23.7799,23.72,13
2023-10-04 19:41:00,2152,23.706,23.71,23.72,23.727,23.69,49
2023-10-04 19:42:00,3029,23.7342,23.73,23.725,23.74,23.725,50
2023-10-04 19:43:00,1135,23.7452,23.72,23.72,23.72,23.72,8
2023-10-04 19:44:00,1316,23.7353,23.73,23.73,23.74,23.73,47
2023-10-04 19:45:00,3042,23.7258,23.727,23.705,23.74,23.705,70
2023-10-04 19:46:00,308,23.705,23.705,23.705,23.705,23.705,6
2023-10-04 19:47:00,960,23.7307,23.705,23.74,23.74,23.705,27
2023-10-04 19:48:00,1066,23.7265,23.75,23.71,23.75,23.71,30
2023-10-04 19:49:00,1024,23.7067,23.69,23.7,23.715,23.69,27
2023-10-04 19:50:00,4874,23.6774,23.7,23.67,23.7,23.66,126
2023-10-04 19:51:00,1967,23.6597,23.65,23.64,23.66,23.64,56
2023-10-04 19:52:00,9736,23.6539,23.65,23.66,23.68,23.63,163
2023-10-04 19:53:00,4914,23.6392,23.625,23.6,23.625,23.6,77
2023-10-04 19:54:00,5589,23.6134,23.61,23.62,23.62,23.6,141
2023-10-04 19:55:00,5369,23.6244,23.63,23.63,23.645,23.615,147
2023-10-04 19:56:00,9027,23.6004,23.61,23.6,23.61,23.58,168
2023-10-04 19:57:00,13718,23.5688,23.595,23.57,23.6,23.55,216
2023-10-04 19:58:00,5585,23.5802,23.57,23.58,23.6,23.57,122
2023-10-04 19:59:00,13104,23.5713,23.57,23.57,23.58,23.56,183
2023-10-04 20:00:00,1721,23.56,23.56,23.56,23.56,23.56,13
2023-10-05 12:35:00,100,23.56,23.56,23.56,23.56,23.56,1
2023-10-05 12:46:00,100,23.5499,23.5499,23.5499,23.5499,23.5499,1
2023-10-05 13:30:00,2799,23.4005,23.4,23.4,23.4,23.4,5
2023-10-05 13:35:00,130,23.3204,23.31,23.31,23.31,23.31,3
2023-10-05 13:36:00,685,23.3792,23.43,23.35,23.45,23.35,17
2023-10-05 13:37:00,1362,23.2168,23.2,23.19,23.21,23.18,32
2023-10-05 13:38:00,3327,23.0802,23.18,22.89,23.24,22.89,56
2023-10-05 13:39:00,515,22.8762,22.904,22.82,22.904,22.82,10
2023-10-05 13:40:00,2520,22.8029,22.81,22.85,22.88,22.7,42
2023-10-05 13:41:00,400,22.7825,22.8,22.745,22.8,22.745,7
2023-10-05 13:42:00,323,22.7832,22.79,22.79,22.79,22.79,13
2023-10-05 13:43:00,752,22.701,22.7,22.71,22.71,22.7,21
2023-10-05 13:44:00,3218,22.5422,22.61,22.39,22.61,22.39,23
2023-10-05 13:45:00,6541,22.3877,22.4,22.485,22.485,22.27,80
2023-10-05 13:46:00,1540,22.4212,22.43,22.49,22.49,22.39,23
2023-10-05 13:47:00,1334,22.5933,22.54,22.61,22.623,22.54,26
2023-10-05 13:48:00,527,22.6162,22.62,22.62,22.62,22.62,7
2023-10-05 13:49:00,844,22.4786,22.52,22.44,22.52,22.44,27
2023-10-05 13:50:00,572,22.3968,22.38,22.39,22.39,22.38,13
2023-10-05 13:51:00,3060,22.5309,22.5,22.555,22.58,22.5,56
2023-10-05 13:52:00,3578,22.5295,22.5,22.485,22.59,22.44,40
2023-10-05 13:53:00,3685,22.5705,22.53,22.6,22.61,22.52,75
2023-10-05 13:54:00,9916,22.7246,22.65,22.78,22.8,22.64,124
2023-10-05 13:55:00,6124,22.7214,22.665,22.81,22.84,22.66,114
2023-10-05 13:56:00,341,22.7375,22.74,22.71,22.76,22.71,12
2023-10-05 13:57:00,976,22.676,22.69,22.66,22.69,22.66,15
2023-10-05 13:58:00,240,22.6724,22.665,22.68,22.68,22.665,6
2023-10-05 13:59:00,1534,22.6424,22.64,22.68,22.69,22.6,32
2023-10-05 14:00:00,5337,22.6659,22.68,22.63,22.69,22.63,104
2023-10-05 14:01:00,439,22.6077,22.61,22.61,22.61,22.61,14
2023-10-05 14:02:00,210,22.6449,22.615,22.675,22.675,22.615,5
2023-10-05 14:03:00,104,22.6673,22.67,22.67,22.67,22.67,2
2023-10-05 14:04:00,215,22.618,22.615,22.615,22.615,22.615,3
2023-10-05 14:05:00,2566,22.6944,22.67,22.68,22.74,22.67,61
2023-10-05 14:06:00,342,22.665,22.665,22.665,22.665,22.665,1
2023-10-05 14:07:00,522,22.698,22.74,22.68,22.74,22.68,4
2023-10-05 14:08:00,4087,22.6987,22.74,22.69,22.74,22.67,62
2023-10-05 14:09:00,5534,22.769,22.69,22.765,22.84,22.67,83
2023-10-05 14:11:00,152,22.7268,22.73,22.73,22.73,22.73,6
2023-10-05 14:12:00,1271,22.8005,22.81,22.83,22.83,22.81,33
2023-10-05 14:13:00,1912,22.8,22.8299,22.83,22.83,22.75,60
2023-10-05 14:14:00,890,22.7991,22.785,22.82,22.82,22.785,17
2023-10-05 14:15:00,943,22.74,22.75,22.73,22.76,22.73,35
2023-10-05 14:16:00,439,22.7231,22.69,22.69,22.69,22.69,8
2023-10-05 14:17:00,2099,22.7345,22.68,22.75,22.76,22.68,64
2023-10-05 14:18:00,2534,22.768,22.83,22.77,22.83,22.72,37
2023-10-05 14:19:00,305,22.8001,22.8,22.8,22.8,22.8,5
2023-10-05 14:21:00,413,22.7926,22.815,22.78,22.815,22.78,9
2023-10-05 14:22:00,5928,22.8017,22.81,22.76,22.83,22.76,95
2023-10-05 14:23:00,1417,22.669,22.69,22.63,22.69,22.61,34
2023-10-05 14:24:00,211,22.6147,22.615,22.615,22.615,22.615,4
2023-10-05 14:25:00,1553,22.647,22.615,22.66,22.66,22.615,34
2023-10-05 14:26:00,758,22.7106,22.67,22.65,22.67,22.65,17
2023-10-05 14:27:00,942,22.6668,22.67,22.65,22.67,22.65,14
2023-10-05 14:28:00,1235,22.573,22.61,22.55,22.61,22.54,52
2023-10-05 14:30:00,597,22.4959,22.495,22.49,22.495,22.49,20
2023-10-05 14:31:00,476,22.4852,22.492,22.492,22.492,22.492,9
2023-10-05 14:32:00,249,22.419,22.42,22.42,22.42,22.42,12
2023-10-05 14:33:00,1809,22.4488,22.41,22.48,22.48,22.41,47
2023-10-05 14:34:00,227,22.474,22.49,22.46,22.49,22.46,9
2023-10-05 14:35:00,534,22.3973,22.42,22.37,22.42,22.37,23
2023-10-05 14:36:00,765,22.3479,22.335,22.26,22.335,22.26,16
2023-10-05 14:37:00,620,22.2916,22.29,22.3,22.3,22.29,24
2023-10-05 14:39:00,2512,22.1428,22.16,22.1,22.16,22.1,59
2023-10-05 14:40:00,794,22.156,22.1373,22.17,22.17,22.1373,15
2023-10-05 14:41:00,958,22.1798,22.2,22.192,22.2,22.12,29
2023-10-05 14:42:00,428,22.133,22.155,22.11,22.155,22.11,8
2023-10-05 14:43:00,1276,22.1297,22.135,22.07,22.1653,22.07,22
2023-10-05 14:44:00,3099,22.159,22.07,22.18,22.22,22.07,73
2023-10-05 14:45:00,1504,22.2717,22.21,22.29,22.3,22.21,38
2023-10-05 14:46:00,475,22.2545,22.28,22.28,22.28,22.28,12
2023-10-05 14:48:00,918,22.2081,22.23,22.205,22.23,22.205,16
2023-10-05 14:49:00,1336,22.2149,22.21,22.23,22.23,22.19,52
2023-10-05 14:51:00,6147,22.3083,22.21,22.35,22.35,22.21,82
2023-10-05 14:52:00,303,22.3499,22.35,22.35,22.35,22.35,13
2023-10-05 14:54:00,637,22.2849,22.3,22.28,22.3,22.27,21
2023-10-05 14:56:00,1613,22.3226,22.23,22.31,22.37,22.23,32
2023-10-05 14:57:00,472,22.3788,22.38,22.38,22.38,22.38,12
2023-10-05 14:58:00,237,22.2946,22.32,22.27,22.32,22.27,10
2023-10-05 14:59:00,240,22.2476,22.255,22.255,22.255,22.255,15
2023-10-05 15:00:00,258,22.2726,22.255,22.28,22.28,22.255,7
2023-10-05 15:01:00,1264,22.3022,22.26,22.34,22.34,22.26,26
2023-10-05 15:05:00,838,22.2528,22.29,22.19,22.29,22.19,30
2023-10-05 15:06:00,508,22.1551,22.15,22.155,22.155,22.15,10
2023-10-05 15:07:00,909,22.1817,22.17,22.21,22.21,22.16,26
2023-10-05 15:08:00,400,22.1138,22.155,22.1,22.155,22.1,4
2023-10-05 15:09:00,2929,22.06,22.09,22.05,22.09,22.02,73
2023-10-05 15:10:00,2036,21.9913,22.0,21.9502,22.0,21.95,26
2023-10-05 15:11:00,2392,22.0262,21.98,22.05,22.05,21.98,52
2023-10-05 15:13:00,154,22.0502,22.05,22.05,22.05,22.05,3
2023-10-05 15:14:00,527,22.051,22.0535,22.05,22.0535,22.05,5
2023-10-05 15:17:00,1217,22.0656,22.05,22.07,22.07,22.05,32
2023-10-05 15:20:00,7291,22.0208,22.04,22.0,22.04,21.99,70
2023-10-05 15:21:00,2128,22.0084,22.0,21.995,22.02,21.995,50
2023-10-05 15:22:00,490,21.9937,21.99,22.0,22.0,21.99,11
2023-10-05 15:23:00,1918,22.0175,22.01,22.025,22.03,22.01,48
2023-10-05 15:24:00,4252,22.0708,22.01,22.03,22.11,22.01,70
2023-10-05 15:26:00,288,21.9408,21.935,21.935,21.935,21.935,6
2023-10-05 15:27:00,108,21.9195,21.92,21.92,21.92,21.92,5
2023-10-05 15:29:00,1985,21.8579,21.85,21.865,21.87,21.8201,40
2023-10-05 15:30:00,985,21.8792,21.8641,21.88,21.9,21.83,33
2023-10-05 15:31:00,247,21.9174,21.87,21.87,21.87,21.87,6
2023-10-05 15:32:00,2443,21.8969,21.875,21.93,21.93,21.875,62
2023-10-05 15:33:00,2121,21.9672,21.9696,21.93,21.9696,21.93,5
2023-10-05 15:34:00,465,21.944,21.94,21.945,21.945,21.94,5
2023-10-05 15:35:00,1967,21.9839,21.97,21.99,22.01,21.97,42
2023-10-05 15:36:00,163,22.0344,22.03,22.03,22.03,22.03,6
2023-10-05 15:37:00,746,22.031,22.03,22.03,22.03,22.03,22
2023-10-05 15:38:00,333,22.0229,22.02,22.02,22.02,22.02,13
2023-10-05 15:39:00,341,21.994,22.0,21.99,22.0,21.99,9
2023-10-05 15:40:00,1229,22.0087,22.01,22.03,22.03,21.99,25
2023-10-05 15:41:00,389,22.0033,22.0,22.01,22.01,22.0,10
2023-10-05 15:43:00,2721,21.9868,22.0,21.9315,22.01,21.9315,60
2023-10-05 15:44:00,378,21.8918,21.92,21.87,21.92,21.87,18
2023-10-05 15:45:00,683,21.8986,21.87,21.91,21.91,21.87,20
2023-10-05 15:46:00,883,21.8968,21.9,21.91,21.91,21.9,28
2023-10-05 15:47:00,213,21.875,21.875,21.875,21.875,21.875,6
2023-10-05 15:48:00,164,21.875,21.885,21.885,21.885,21.885,8
2023-10-05 15:50:00,583,21.816,21.85,21.8,21.85,21.8,16
2023-10-05 15:51:00,429,21.8514,21.87,21.84,21.87,21.84,6
2023-10-05 15:52:00,270,21.8102,21.81,21.81,21.81,21.81,16
2023-10-05 15:53:00,1014,21.8228,21.815,21.835,21.835,21.815,29
2023-10-05 15:54:00,559,21.8255,21.81,21.81,21.81,21.81,23
2023-10-05 15:57:00,1699,21.787,21.7962,21.755,21.81,21.755,66
2023-10-05 15:58:00,642,21.7535,21.73,21.755,21.77,21.73,18
2023-10-05 15:59:00,439,21.7651,21.78,21.755,21.78,21.755,7
2023-10-05 16:00:00,1121,21.7798,21.765,21.79,21.79,21.765,26
2023-10-05 16:01:00,771,21.8418,21.79,21.93,21.93,21.79,22
2023-10-05 16:03:00,6139,21.9065,21.9,21.98,21.98,21.87,36
2023-10-05 16:04:00,301,21.99,22.01,21.98,22.01,21.98,4
2023-10-05 16:05:00,217,21.9856,21.98,21.98,21.98,21.98,3
2023-10-05 16:06:00,2120,22.002,22.01,21.98,22.04,21.98,51
2023-10-05 16:08:00,642,21.9667,21.93,21.97,21.98,21.93,22
2023-10-05 16:09:00,965,22.0152,22.0,22.04,22.04,22.0,22
2023-10-05 16:10:00,1278,22.0902,22.1,22.0797,22.1,22.0797,16
2023-10-05 16:11:00,3221,22.1215,22.085,22.17,22.17,22.085,43
2023-10-05 16:12:00,117,22.185,22.185,22.185,22.185,22.185,1
2023-10-05 16:13:00,1010,22.1852,22.185,22.185,22.185,22.185,3
2023-10-05 16:14:00,3262,22.2062,22.2,22.22,22.22,22.1762,44
2023-10-05 16:16:00,597,22.1765,22.19,22.15,22.19,22.15,23
2023-10-05 16:17:00,1107,22.1151,22.13,22.07,22.13,22.07,20
2023-10-05 16:19:00,202,22.0802,22.08,22.08,22.08,22.08,3
2023-10-05 16:21:00,491,22.1166,22.11,22.09,22.11,22.09,7
2023-10-05 16:25:00,533,22.115,22.115,22.115,22.115,22.115,8
2023-10-05 16:26:00,1436,22.1399,22.115,22.145,22.16,22.115,33
2023-10-05 16:27:00,690,22.1816,22.17,22.19,22.19,22.17,25
2023-10-05 16:28:00,403,22.2088,22.18,22.23,22.23,22.18,15
2023-10-05 16:29:00,107,22.2009,22.201,22.201,22.201,22.201,3
2023-10-05 16:30:00,1948,22.2199,22.2,22.22,22.24,22.2,42
2023-10-05 16:31:00,1865,22.189,22.205,22.2,22.205,22.18,43
2023-10-05 16:32:00,1833,22.1259,22.13,22.14,22.14,22.1025,42
2023-10-05 16:33:00,259,22.1518,22.15,22.15,22.15,22.15,14
2023-10-05 16:34:00,100,22.13,22.13,22.13,22.13,22.13,1
2023-10-05 16:35:00,245,22.15,22.14,22.14,22.14,22.14,3
2023-10-05 16:36:00,573,22.1074,22.12,22.09,22.12,22.09,17
2023-10-05 16:38:00,1890,22.0965,22.09,22.1,22.1,22.07,66
2023-10-05 16:39:00,153,22.1401,22.14,22.14,22.14,22.14,3
2023-10-05 16:40:00,285,22.1195,22.11,22.11,22.11,22.11,13
2023-10-05 16:42:00,302,22.085,22.085,22.085,22.085,22.085,4
2023-10-05 16:43:00,103,22.0903,22.09,22.09,22.09,22.09,2
2023-10-05 16:44:00,733,22.1104,22.1,22.12,22.12,22.1,24
2023-10-05 16:46:00,387,22.0931,22.1,22.09,22.1,22.09,9
2023-10-05 16:47:00,498,22.0749,22.07,22.08,22.08,22.07,4
2023-10-05 16:48:00,278,22.0792,22.09,22.09,22.09,22.09,7
2023-10-05 16:50:00,770,22.0868,22.09,22.08,22.09,22.08,20
2023-10-05 16:51:00,607,22.0299,22.05,22.02,22.05,22.02,24
2023-10-05 16:52:00,107,21.998,22.0,22.0,22.0,22.0,2
2023-10-05 16:53:00,212,21.9935,21.995,21.995,21.995,21.995,4
2023-10-05 16:54:00,818,22.027,22.03,22.025,22.03,22.025,16
2023-10-05 16:56:00,408,22.0341,22.015,22.015,22.015,22.015,5
2023-10-05 16:57:00,323,21.9996,22.0,22.0,22.0,22.0,11
2023-10-05 16:58:00,1050,22.0022,22.005,22.005,22.005,22.005,10
2023-10-05 16:59:00,1568,22.0285,22.02,22.0001,22.05,22.0001,37
2023-10-05 17:00:00,576,22.063,22.06,22.065,22.065,22.06,15
2023-10-05 17:01:00,714,22.0879,22.065,22.11,22.11,22.065,18
2023-10-05 17:02:00,234,22.0575,22.07,22.07,22.07,22.07,12
2023-10-05 17:03:00,131,22.0491,22.055,22.055,22.055,22.055,5
2023-10-05 17:04:00,200,22.045,22.045,22.045,22.045,22.045,1
2023-10-05 17:05:00,533,22.0187,22.02,22.02,22.02,22.02,11
2023-10-05 17:06:00,475,22.0049,22.005,22.005,22.005,22.005,3
2023-10-05 17:07:00,594,21.9942,21.99,21.98,22.01,21.98,15
2023-10-05 17:08:00,477,21.9417,21.94,21.94,21.94,21.94,13
2023-10-05 17:09:00,938,21.9053,21.91,21.89,21.92,21.89,15
2023-10-05 17:10:00,385,21.8877,21.8864,21.8864,21.8864,21.8864,3
2023-10-05 17:12:00,1236,21.9014,21.88,21.91,21.91,21.88,27
2023-10-05 17:13:00,200,21.917,21.89,21.89,21.89,21.89,2
2023-10-05 17:14:00,550,21.8795,21.895,21.86,21.895,21.86,9
2023-10-05 17:16:00,696,21.8685,21.87,21.87,21.87,21.87,8
2023-10-05 17:18:00,416,21.8682,21.87,21.86,21.87,21.86,7
2023-10-05 17:20:00,1060,21.8443,21.86,21.84,21.86,21.84,33
2023-10-05 17:21:00,418,21.7704,21.79,21.75,21.79,21.75,7
2023-10-05 17:22:00,1149,21.8207,21.82,21.83,21.83,21.8,20
2023-10-05 17:23:00,326,21.8179,21.81,21.81,21.81,21.81,16
2023-10-05 17:24:00,5346,21.8135,21.81,21.8,21.83,21.8,117
2023-10-05 17:25:00,570,21.8962,21.89,21.91,21.91,21.89,22
2023-10-05 17:27:00,266,21.8994,21.9,21.9,21.9,21.9,7
2023-10-05 17:28:00,111,21.8949,21.895,21.895,21.895,21.895,4
2023-10-05 17:29:00,898,21.9137,21.89,21.94,21.94,21.89,31
2023-10-05 17:31:00,1802,21.8768,21.89,21.885,21.89,21.87,53
2023-10-05 17:32:00,799,21.9026,21.91,21.91,21.91,21.89,22
2023-10-05 17:33:00,421,21.9148,21.92,21.9,21.92,21.9,8
2023-10-05 17:34:00,2712,21.9341,21.93,21.95,21.95,21.93,58
2023-10-05 17:35:00,331,21.9719,21.97,21.975,21.975,21.97,13
2023-10-05 17:36:00,1352,21.9912,21.98,21.985,22.0,21.98,36
2023-10-05 17:37:00,845,21.9628,21.98,21.94,21.98,21.94,16
2023-10-05 17:38:00,510,21.9124,21.91,21.9117,21.92,21.91,7
2023-10-05 17:39:00,587,21.8776,21.88,21.87,21.88,21.87,11
2023-10-05 17:40:00,1464,21.8674,21.85,21.9,21.9,21.84,26
2023-10-05 17:41:00,2128,21.8602,21.91,21.86,21.91,21.85,50
2023-10-05 17:42:00,246,21.858,21.855,21.86,21.86,21.855,4
2023-10-05 17:44:00,559,21.8945,21.85,21.85,21.85,21.85,9
2023-10-05 17:45:00,1833,21.8574,21.86,21.83,21.87,21.83,37
2023-10-05 17:46:00,1075,21.7868,21.8,21.7683,21.8,21.75,19
2023-10-05 17:47:00,1213,21.7253,21.75,21.72,21.75,21.71,23
2023-10-05 17:48:00,2813,21.6845,21.7,21.67,21.7,21.66,49
2023-10-05 17:49:00,1628,21.7169,21.695,21.74,21.74,21.695,34
2023-10-05 17:50:00,2637,21.7304,21.72,21.76,21.76,21.72,69
2023-10-05 17:51:00,295,21.7512,21.76,21.745,21.76,21.745,10
2023-10-05 17:52:00,849,21.7672,21.75,21.78,21.78,21.75,23
2023-10-05 17:53:00,303,21.7954,21.79,21.8,21.8,21.79,11
2023-10-05 17:54:00,1195,21.7523,21.7852,21.72,21.7852,21.72,31
2023-10-05 17:55:00,575,21.74,21.735,21.76,21.76,21.735,12
2023-10-05 17:56:00,178,21.769,21.77,21.77,21.77,21.77,5
2023-10-05 17:57:00,546,21.7458,21.75,21.75,21.75,21.75,18
2023-10-05 18:00:00,2234,21.7767,21.71,21.81,21.81,21.71,48
2023-10-05 18:01:00,160,21.8479,21.84,21.84,21.84,21.84,8
2023-10-05 18:02:00,279,21.8568,21.85,21.85,21.85,21.85,8
2023-10-05 18:03:00,1713,21.8501,21.85,21.85,21.85,21.85,8
2023-10-05 18:04:00,2010,21.8806,21.88,21.885,21.885,21.88,17
2023-10-05 18:06:00,1298,21.8578,21.86,21.86,21.86,21.85,38
2023-10-05 18:08:00,687,21.8435,21.83,21.85,21.85,21.83,14
2023-10-05 18:09:00,1549,21.8554,21.85,21.8569,21.8569,21.85,19
2023-10-05 18:10:00,2154,21.8655,21.85,21.88,21.88,21.85,58
2023-10-05 18:11:00,5299,21.9658,21.9,22.02,22.02,21.9,89
2023-10-05 18:12:00,1592,22.0163,22.01,22.015,22.03,22.01,41
2023-10-05 18:13:00,296,22.0317,22.03,22.035,22.035,22.03,14
2023-10-05 18:14:00,854,22.004,22.01,22.0,22.01,22.0,32
2023-10-05 18:15:00,202,21.9926,21.98,22.005,22.005,21.98,3
2023-10-05 18:16:00,1434,22.0403,22.03,22.07,22.07,22.02,42
2023-10-05 18:17:00,997,22.0647,22.035,22.07,22.07,22.035,36
2023-10-05 18:19:00,240,22.0797,22.08,22.08,22.08,22.08,8
2023-10-05 18:20:00,1236,22.0439,22.05,22.03,22.05,22.03,41
2023-10-05 18:21:00,2147,22.0117,22.03,22.03,22.03,21.985,67
2023-10-05 18:23:00,872,22.0056,22.02,22.0,22.02,22.0,18
2023-10-05 18:24:00,169,21.9935,21.995,21.995,21.995,21.995,3
2023-10-05 18:25:00,1878,22.0038,21.995,22.01,22.01,21.99,43
2023-10-05 18:26:00,774,22.0017,22.005,22.0001,22.005,22.0001,5
2023-10-05 18:27:00,765,22.0116,22.01,22.014,22.014,22.01,18
2023-10-05 18:28:00,465,22.0101,22.01,22.01,22.01,22.01,18
2023-10-05 18:29:00,206,22.0149,22.01,22.02,22.02,22.01,4
2023-10-05 18:30:00,1482,22.0276,22.02,22.03,22.05,22.02,25
2023-10-05 18:31:00,698,22.0494,22.05,22.045,22.05,22.045,33
2023-10-05 18:32:00,792,22.0416,22.045,22.06,22.06,22.045,14
2023-10-05 18:33:00,1218,22.0651,22.07,22.05,22.08,22.05,16
2023-10-05 18:34:00,224,22.065,22.065,22.065,22.065,22.065,4
2023-10-05 18:35:00,107,22.0793,22.08,22.08,22.08,22.08,5
2023-10-05 18:36:00,1795,22.0356,22.04,22.0,22.065,22.0,52
2023-10-05 18:37:00,775,22.0259,22.015,22.03,22.03,22.015,15
2023-10-05 18:39:00,1300,22.0485,22.03,22.07,22.07,22.03,54
2023-10-05 18:40:00,1377,22.0818,22.075,22.1,22.1,22.075,26
2023-10-05 18:41:00,487,22.0808,22.08,22.08,22.08,22.08,18
2023-10-05 18:42:00,311,22.0739,22.065,22.065,22.065,22.065,7
2023-10-05 18:43:00,883,22.0652,22.08,22.055,22.08,22.05,32
2023-10-05 18:44:00,474,22.0357,22.03,22.04,22.04,22.03,7
2023-10-05 18:45:00,878,22.0602,22.045,22.07,22.07,22.045,31
2023-10-05 18:46:00,3918,22.1215,22.06,22.1525,22.16,22.06,72
2023-10-05 18:47:00,1107,22.1403,22.13,22.15,22.15,22.13,26
2023-10-05 18:48:00,1237,22.1602,22.14,22.21,22.21,22.14,40
2023-10-05 18:49:00,384,22.1887,22.19,22.185,22.19,22.185,17
2023-10-05 18:50:00,2195,22.1784,22.18,22.22,22.22,22.18,42
2023-10-05 18:52:00,1710,22.2073,22.21,22.23,22.23,22.2,43
2023-10-05 18:53:00,494,22.2091,22.21,22.21,22.21,22.21,13
2023-10-05 18:54:00,1937,22.2316,22.21,22.24,22.255,22.21,43
2023-10-05 18:55:00,1993,22.2158,22.22,22.2,22.22,22.2,27
2023-10-05 18:56:00,496,22.2058,22.2,22.2,22.21,22.2,13
2023-10-05 18:57:00,8360,22.2367,22.22,22.23,22.265,22.22,146
2023-10-05 18:58:00,7074,22.2297,22.2101,22.22,22.25,22.21,165
2023-10-05 18:59:00,1091,22.2323,22.23,22.23,22.24,22.22,25
2023-10-05 19:00:00,8889,22.175,22.25,22.24,22.25,22.105,142
2023-10-05 19:02:00,540,22.1892,22.21,22.17,22.21,22.17,27
2023-10-05 19:03:00,3177,22.1626,22.14,22.2,22.2,22.14,69
2023-10-05 19:04:00,2389,22.1907,22.195,22.21,22.21,22.18,59
2023-10-05 19:05:00,1099,22.2311,22.22,22.25,22.25,22.22,28
2023-10-05 19:06:00,2479,22.2411,22.25,22.25,22.26,22.21,30
2023-10-05 19:07:00,7829,22.2102,22.25,22.14,22.26,22.12,139
2023-10-05 19:08:00,1001,22.1737,22.16,22.205,22.205,22.16,24
2023-10-05 19:09:00,2241,22.2316,22.19,22.25,22.25,22.19,65
2023-10-05 19:10:00,1221,22.2151,22.25,22.22,22.25,22.2,27
2023-10-05 19:11:00,5005,22.2013,22.21,22.18,22.22,22.18,97
2023-10-05 19:12:00,596,22.112,22.1519,22.09,22.1519,22.09,29
2023-10-05 19:13:00,2016,22.0941,22.1,22.05,22.1,22.05,68
2023-10-05 19:15:00,1008,22.0676,22.06,22.07,22.08,22.06,25
2023-10-05 19:16:00,1672,22.069,22.06,22.08,22.08,22.055,59
2023-10-05 19:17:00,2266,22.0225,22.07,22.01,22.07,22.0,71
2023-10-05 19:18:00,906,21.998,22.01,21.99,22.01,21.99,28
2023-10-05 19:19:00,2758,21.9615,21.96,21.975,21.98,21.93,64
2023-10-05 19:20:00,908,21.9769,21.98,21.96,21.98,21.96,28
2023-10-05 19:21:00,705,21.9764,21.97,21.98,21.98,21.97,24
2023-10-05 19:22:00,2020,21.995,21.98,21.995,22.01,21.98,60
2023-10-05 19:23:00,643,22.0107,22.0,22.0,22.0,22.0,12
2023-10-05 19:24:00,3144,21.9714,22.01,21.94,22.01,21.94,67
2023-10-05 19:25:00,584,21.9643,21.97,21.97,21.97,21.97,26
2023-10-05 19:26:00,2076,21.981,21.97,21.98,21.991,21.97,51
2023-10-05 19:27:00,538,21.9751,21.975,21.975,21.975,21.975,6
2023-10-05 19:28:00,681,21.9778,21.9854,21.975,21.9854,21.975,7
2023-10-05 19:29:00,2633,22.0017,21.99,22.005,22.01,21.99,66
2023-10-05 19:30:00,763,22.0109,22.02,22.01,22.02,22.0099,17
2023-10-05 19:31:00,3512,21.9726,22.01,21.96,22.01,21.94,75
2023-10-05 19:32:00,632,21.9518,21.955,21.94,21.955,21.94,15
2023-10-05 19:33:00,2540,21.9611,21.941,22.0,22.0,21.941,61
2023-10-05 19:34:00,712,21.9906,22.0,21.985,22.0,21.985,18
2023-10-05 19:35:00,10223,21.9499,22.0,22.03,22.03,21.985,64
2023-10-05 19:36:00,2012,22.0461,22.04,22.05,22.055,22.031,37
2023-10-05 19:37:00,763,22.0652,22.065,22.065,22.065,22.065,18
2023-10-05 19:38:00,2610,22.1018,22.065,22.15,22.15,22.065,77
2023-10-05 19:39:00,4098,22.1178,22.16,22.12,22.16,22.09,70
2023-10-05 19:40:00,2066,22.1571,22.11,22.1703,22.18,22.11,43
2023-10-05 19:41:00,3693,22.1997,22.2,22.21,22.235,22.2,68
2023-10-05 19:42:00,659,22.2032,22.215,22.215,22.215,22.215,14
2023-10-05 19:43:00,2189,22.2114,22.2253,22.23,22.23,22.19,70
2023-10-05 19:44:00,2866,22.2532,22.25,22.27,22.27,22.25,40
2023-10-05 19:45:00,3245,22.2752,22.2694,22.26,22.298,22.24,88
2023-10-05 19:46:00,842,22.2304,22.28,22.22,22.28,22.2,17
2023-10-05 19:47:00,1726,22.1852,22.17,22.19,22.2,22.165,45
2023-10-05 19:48:00,1997,22.1965,22.19,22.21,22.21,22.19,41
2023-10-05 19:49:00,1113,22.2013,22.195,22.2065,22.2065,22.195,16
2023-10-05 19:50:00,3694,22.175,22.18,22.1945,22.1945,22.15,81
2023-10-05 19:51:00,6045,22.1877,22.19,22.17,22.2,22.16,97
2023-10-05 19:52:00,1879,22.1582,22.16,22.16,22.165,22.155,57
2023-10-05 19:53:00,3119,22.1734,22.1663,22.18,22.1875,22.155,68
2023-10-05 19:54:00,3507,22.1795,22.1899,22.15,22.19,22.15,95
2023-10-05 19:55:00,5465,22.1454,22.16,22.135,22.16,22.12,99
2023-10-05 19:56:00,20706,22.1717,22.135,22.22,22.23,22.12,312
2023-10-05 19:57:00,15719,22.2311,22.22,22.225,22.2484,22.22,206
2023-10-05 19:58:00,15757,22.2552,22.22,22.24,22.28,22.22,220
2023-10-05 19:59:00,19372,22.2515,22.25,22.26,22.27,22.24,257
2023-10-05 20:00:00,3606,22.25,22.25,22.25,22.25,22.25,11
2023-10-05 20:20:00,475,22.25,22.25,22.25,22.25,22.25,1
2023-10-06 13:30:00,3673,21.9217,21.95,21.9,21.95,21.9,10
2023-10-06 13:31:00,208,21.9509,21.915,21.915,21.915,21.915,3
2023-10-06 13:33:00,1765,21.931,21.935,21.93,21.94,21.93,36
2023-10-06 13:34:00,774,22.0036,22.0,21.98,22.03,21.98,20
2023-10-06 13:35:00,4687,21.8837,21.98,21.8075,21.98,21.77,88
2023-10-06 13:36:00,2292,21.9473,21.85,22.08,22.08,21.85,70
2023-10-06 13:37:00,1626,22.0007,22.08,22.02,22.08,21.94,48
2023-10-06 13:38:00,1690,22.008,22.02,21.99,22.03,21.97,50
2023-10-06 13:39:00,474,22.0236,21.98,22.04,22.04,21.98,16
2023-10-06 13:40:00,284,22.0189,22.05,22.03,22.05,22.03,9
2023-10-06 13:41:00,310,22.0031,21.94,21.94,21.94,21.94,6
2023-10-06 13:43:00,672,21.8198,21.82,21.815,21.82,21.79,25
2023-10-06 13:44:00,6441,21.7529,21.75,21.79,21.79,21.665,60
2023-10-06 13:45:00,373,21.8642,21.87,21.87,21.87,21.87,33
2023-10-06 13:46:00,345,21.87,21.87,21.87,21.87,21.87,8
2023-10-06 13:47:00,1925,21.8148,21.85,21.815,21.85,21.77,21
2023-10-06 13:48:00,805,21.7764,21.76,21.76,21.76,21.76,20
2023-10-06 13:52:00,611,21.7494,21.745,21.7497,21.7497,21.745,4
2023-10-06 13:54:00,366,21.706,21.71,21.69,21.71,21.69,20
2023-10-06 13:58:00,1379,21.6626,21.66,21.61,21.68,21.61,59
2023-10-06 13:59:00,1349,21.6167,21.6,21.62,21.67,21.6,37
2023-10-06 14:00:00,523,21.6248,21.64,21.64,21.64,21.64,18
2023-10-06 14:01:00,3004,21.6003,21.6,21.6,21.6,21.6,55
2023-10-06 14:02:00,715,21.556,21.58,21.53,21.58,21.53,27
2023-10-06 14:03:00,3500,21.4956,21.5,21.45,21.5,21.45,22
2023-10-06 14:04:00,2887,21.4855,21.47,21.49,21.5,21.465,57
2023-10-06 14:05:00,336,21.4656,21.46,21.46,21.46,21.46,15
2023-10-06 14:07:00,2503,21.4888,21.45,21.55,21.55,21.45,70
2023-10-06 14:08:00,512,21.5293,21.526,21.53,21.53,21.526,12
2023-10-06 14:09:00,727,21.5031,21.52,21.48,21.52,21.48,22
2023-10-06 14:10:00,1711,21.4903,21.505,21.51,21.53,21.45,34
2023-10-06 14:11:00,878,21.56,21.555,21.55,21.56,21.55,30
2023-10-06 14:13:00,1570,21.473,21.46,21.45,21.46,21.45,43
2023-10-06 14:14:00,211,21.5043,21.51,21.51,21.51,21.51,6
2023-10-06 14:15:00,164,21.4824,21.483,21.483,21.483,21.483,7
2023-10-06 14:17:00,724,21.4574,21.45,21.45,21.45,21.45,17
2023-10-06 14:18:00,199,21.4506,21.45,21.45,21.45,21.45,8
2023-10-06 14:19:00,2546,21.4167,21.45,21.38,21.45,21.38,67
2023-10-06 14:21:00,410,21.3333,21.34,21.34,21.34,21.34,14
2023-10-06 14:22:00,2280,21.424,21.36,21.47,21.47,21.36,81
2023-10-06 14:23:00,2745,21.5361,21.525,21.62,21.64,21.5,32
2023-10-06 14:25:00,837,21.7547,21.74,21.8,21.8,21.74,9
2023-10-06 14:26:00,313,21.7686,21.755,21.8,21.8,21.755,6
2023-10-06 14:28:00,2017,21.7655,21.72,21.88,21.88,21.72,66
2023-10-06 14:29:00,1062,21.8118,21.84,21.84,21.84,21.84,12
2023-10-06 14:30:00,740,21.8716,21.855,21.855,21.89,21.855,10
2023-10-06 14:31:00,1767,21.9173,21.89,21.95,21.95,21.885,41
2023-10-06 14:33:00,556,21.9304,21.954,21.9,21.954,21.9,6
2023-10-06 14:35:00,278,21.9499,21.95,21.955,21.955,21.95,7
2023-10-06 14:36:00,1935,22.0138,22.01,21.99,22.05,21.99,61
2023-10-06 14:38:00,2006,21.9336,21.98,21.9,21.98,21.9,36
2023-10-06 14:40:00,587,21.9302,21.93,21.94,21.94,21.93,12
2023-10-06 14:41:00,762,21.9142,21.91,21.9148,21.9148,21.91,8
2023-10-06 14:43:00,3695,21.9252,21.88,21.94,21.95,21.88,49
2023-10-06 14:44:00,2815,21.9925,21.95,21.9813,22.025,21.89,69
2023-10-06 14:46:00,1188,21.9607,21.98,21.9459,21.98,21.94,20
2023-10-06 14:47:00,538,21.951,21.94,21.9655,21.9655,21.94,9
2023-10-06 14:48:00,477,21.9511,21.95,21.95,21.95,21.95,6
2023-10-06 14:49:00,2330,21.9523,21.95,21.95,21.95,21.94,33
2023-10-06 14:50:00,2269,21.9012,21.95,21.85,21.95,21.85,40
2023-10-06 14:51:00,1548,21.8506,21.85,21.825,21.85,21.825,35
2023-10-06 14:53:00,126,21.7602,21.76,21.76,21.76,21.76,4
2023-10-06 14:54:00,533,21.7741,21.775,21.775,21.775,21.775,5
2023-10-06 14:55:00,1197,21.7989,21.81,21.7946,21.82,21.7946,51
2023-10-06 14:56:00,735,21.8207,21.81,21.81,21.81,21.81,22
2023-10-06 14:58:00,1107,21.8174,21.83,21.815,21.83,21.81,31
2023-10-06 14:59:00,2224,21.8433,21.83,21.84,21.86,21.83,61
2023-10-06 15:00:00,359,21.8565,21.86,21.86,21.86,21.86,12
2023-10-06 15:01:00,302,21.8573,21.86,21.89,21.89,21.86,4
2023-10-06 15:02:00,1107,21.8641,21.889,21.86,21.89,21.86,16
2023-10-06 15:03:00,963,21.8317,21.84,21.82,21.84,21.811,18
2023-10-06 15:04:00,1087,21.8427,21.86,21.86,21.86,21.86,39
2023-10-06 15:06:00,422,21.8917,21.89,21.89,21.89,21.89,20
2023-10-06 15:07:00,1265,21.8704,21.89,21.87,21.89,21.85,43
2023-10-06 15:10:00,822,21.9286,21.93,21.9499,21.9499,21.93,31
2023-10-06 15:13:00,1065,21.9098,21.9,21.88,21.95,21.88,28
2023-10-06 15:15:00,477,21.8661,21.86,21.86,21.86,21.86,15
2023-10-06 15:17:00,1063,21.9241,21.93,21.93,21.93,21.93,43
2023-10-06 15:18:00,333,21.8666,21.87,21.87,21.87,21.87,9
2023-10-06 15:19:00,526,21.899,21.88,21.88,21.88,21.88,7
2023-10-06 15:20:00,265,21.8549,21.86,21.86,21.86,21.86,10
2023-10-06 15:23:00,1321,21.8781,21.89,21.88,21.89,21.88,41
2023-10-06 15:24:00,631,21.8701,21.88,21.86,21.88,21.86,11
2023-10-06 15:25:00,219,21.9001,21.9,21.9,21.9,21.9,17
2023-10-06 15:27:00,3972,22.0176,21.92,22.14,22.14,21.92,114
2023-10-06 15:28:00,470,22.2004,22.17,22.17,22.17,22.17,17
2023-10-06 15:29:00,562,22.191,22.19,22.19,22.19,22.19,15
2023-10-06 15:30:00,100,22.2,22.2,22.2,22.2,22.2,1
2023-10-06 15:31:00,1279,22.2299,22.2,22.255,22.26,22.2,35
2023-10-06 15:32:00,1298,22.3026,22.255,22.31,22.31,22.255,29
2023-10-06 15:33:00,988,22.362,22.335,22.43,22.44,22.335,13
2023-10-06 15:34:00,202,22.2596,22.38,22.38,22.38,22.38,3
2023-10-06 15:35:00,2122,22.4245,22.41,22.46,22.47,22.39,42
2023-10-06 15:36:00,2956,22.5011,22.49,22.54,22.54,22.49,33
2023-10-06 15:37:00,13776,22.5536,22.51,22.59,22.59,22.44,120
2023-10-06 15:40:00,1505,22.6252,22.6,22.66,22.66,22.6,41
2023-10-06 15:41:00,1246,22.6628,22.6604,22.64,22.6625,22.64,22
2023-10-06 15:42:00,497,22.6816,22.68,22.68,22.68,22.68,24
2023-10-06 15:43:00,285,22.6819,22.67,22.67,22.67,22.67,18
2023-10-06 15:44:00,850,22.7233,22.73,22.7,22.75,22.7,34
2023-10-06 15:45:00,1516,22.7065,22.7,22.72,22.72,22.69,34
2023-10-06 15:46:00,497,22.7467,22.77,22.755,22.77,22.755,18
2023-10-06 15:47:00,578,22.7848,22.78,22.79,22.79,22.78,17
2023-10-06 15:48:00,247,22.8595,22.845,22.88,22.88,22.845,12
2023-10-06 15:49:00,1771,22.7789,22.85,22.78,22.85,22.78,34
2023-10-06 15:50:00,1066,22.8486,22.79,22.9,22.9,22.79,32
2023-10-06 15:51:00,1120,22.8681,22.9266,22.8187,22.9266,22.8187,8
2023-10-06 15:52:00,743,22.9456,22.94,22.97,22.97,22.94,36
2023-10-06 15:53:00,909,22.9114,22.91,22.91,22.92,22.91,22
2023-10-06 15:55:00,194,22.9191,22.94,22.94,22.94,22.94,7
2023-10-06 15:56:00,2955,22.9579,22.94,22.98,22.98,22.94,47
2023-10-06 15:57:00,1118,23.0359,23.02,23.06,23.08,22.99,25
2023-10-06 15:58:00,405,23.0949,23.0917,23.1,23.1,23.0917,4
2023-10-06 16:00:00,911,23.1182,23.13,23.15,23.15,23.06,24
2023-10-06 16:01:00,1008,23.1308,23.15,23.1843,23.2,23.15,22
2023-10-06 16:02:00,5006,23.1232,23.1,23.13,23.16,23.1,73
2023-10-06 16:03:00,366,23.1157,23.115,23.115,23.115,23.115,6
2023-10-06 16:04:00,853,23.1617,23.16,23.19,23.19,23.16,35
2023-10-06 16:05:00,1603,23.2272,23.21,23.2,23.31,23.2,48
2023-10-06 16:06:00,2699,23.1845,23.21,23.23,23.24,23.15,44
2023-10-06 16:07:00,515,23.1872,23.215,23.18,23.215,23.18,8
2023-10-06 16:08:00,106,23.2275,23.23,23.23,23.23,23.23,4
2023-10-06 16:09:00,1702,23.213,23.26,23.18,23.26,23.18,28
2023-10-06 16:10:00,3546,23.2474,23.2475,23.25,23.26,23.19,41
2023-10-06 16:13:00,1043,23.2411,23.29,23.25,23.29,23.2,21
2023-10-06 16:15:00,123,23.2525,23.25,23.25,23.25,23.25,3
2023-10-06 16:17:00,1395,23.2964,23.29,23.33,23.33,23.29,51
2023-10-06 16:18:00,616,23.3112,23.28,23.36,23.36,23.28,24
2023-10-06 16:20:00,655,23.327,23.31,23.37,23.37,23.31,21
2023-10-06 16:21:00,903,23.3201,23.32,23.32,23.32,23.32,3
2023-10-06 16:22:00,1118,23.2856,23.32,23.27,23.32,23.27,29
2023-10-06 16:23:00,341,23.2756,23.29,23.29,23.29,23.29,9
2023-10-06 16:24:00,931,23.2803,23.265,23.3,23.3,23.265,23
2023-10-06 16:25:00,1240,23.2773,23.275,23.275,23.275,23.275,15
2023-10-06 16:26:00,2390,23.3534,23.31,23.41,23.41,23.305,70
2023-10-06 16:27:00,333,23.4391,23.44,23.44,23.44,23.44,11
2023-10-06 16:28:00,337,23.4417,23.425,23.425,23.425,23.425,13
2023-10-06 16:29:00,6360,23.267,23.45,23.15,23.45,23.12,108
2023-10-06 16:31:00,1856,23.2322,23.22,23.22,23.24,23.21,39
2023-10-06 16:33:00,618,23.2921,23.29,23.31,23.32,23.28,11
2023-10-06 16:34:00,1317,23.2668,23.27,23.265,23.27,23.26,19
2023-10-06 16:35:00,1414,23.2625,23.285,23.24,23.3,23.24,28
2023-10-06 16:36:00,200,23.2622,23.255,23.255,23.255,23.255,2
2023-10-06 16:37:00,858,23.2822,23.31,23.26,23.31,23.255,9
2023-10-06 16:38:00,213,23.2763,23.275,23.275,23.275,23.275,7
2023-10-06 16:39:00,608,23.2669,23.275,23.26,23.275,23.26,13
2023-10-06 16:40:00,622,23.2753,23.275,23.275,23.275,23.275,7
2023-10-06 16:41:00,493,23.2321,23.23,23.23,23.23,23.23,13
2023-10-06 16:42:00,288,23.2314,23.25,23.22,23.25,23.22,8
2023-10-06 16:43:00,3877,23.2205,23.26,23.22,23.27,23.16,85
2023-10-06 16:44:00,1199,23.2586,23.22,23.305,23.305,23.22,32
2023-10-06 16:45:00,1345,23.2526,23.27,23.22,23.28,23.22,33
2023-10-06 16:47:00,4478,23.1971,23.25,23.135,23.26,23.11,74
2023-10-06 16:48:00,1777,23.1625,23.14,23.19,23.19,23.1,32
2023-10-06 16:49:00,2945,23.1964,23.205,23.205,23.21,23.17,49
2023-10-06 16:50:00,820,23.1948,23.2,23.2,23.205,23.18,22
2023-10-06 16:51:00,15425,23.1916,23.18,23.34,23.38,23.18,101
2023-10-06 16:52:00,1204,23.3718,23.38,23.355,23.38,23.35,20
2023-10-06 16:53:00,26865,23.3506,23.355,23.36,23.36,23.31,131
2023-10-06 16:54:00,653,23.3833,23.38,23.39,23.39,23.38,22
2023-10-06 16:55:00,1947,23.3608,23.37,23.34,23.37,23.34,45
2023-10-06 16:56:00,744,23.2924,23.31,23.28,23.31,23.28,19
2023-10-06 16:57:00,100,23.25,23.25,23.25,23.25,23.25,1
2023-10-06 16:59:00,928,23.1978,23.21,23.18,23.21,23.17,30
2023-10-06 17:00:00,231,23.1676,23.2025,23.14,23.2025,23.14,5
2023-10-06 17:01:00,1017,23.1821,23.155,23.19,23.19,23.155,30
2023-10-06 17:03:00,1565,23.1998,23.15,23.24,23.24,23.15,45
2023-10-06 17:04:00,200,23.2974,23.28,23.28,23.28,23.28,4
2023-10-06 17:05:00,100,23.33,23.33,23.33,23.33,23.33,1
2023-10-06 17:06:00,742,23.3388,23.33,23.34,23.34,23.33,26
2023-10-06 17:07:00,640,23.3208,23.39,23.29,23.39,23.29,18
2023-10-06 17:08:00,582,23.3059,23.27,23.33,23.33,23.27,23
2023-10-06 17:10:00,221,23.3007,23.305,23.305,23.305,23.305,5
2023-10-06 17:11:00,637,23.3417,23.32,23.36,23.36,23.32,29
2023-10-06 17:12:00,1395,23.3941,23.39,23.39,23.4,23.39,21
2023-10-06 17:13:00,279,23.3913,23.39,23.39,23.39,23.39,6
2023-10-06 17:14:00,448,23.4193,23.41,23.41,23.41,23.41,18
2023-10-06 17:15:00,619,23.4792,23.47,23.48,23.48,23.47,11
2023-10-06 17:17:00,629,23.5447,23.54,23.58,23.58,23.54,18
2023-10-06 17:18:00,112,23.5366,23.535,23.535,23.535,23.535,3
2023-10-06 17:19:00,495,23.5652,23.56,23.56,23.56,23.56,15
2023-10-06 17:20:00,365,23.6025,23.61,23.59,23.61,23.59,7
2023-10-06 17:21:00,826,23.5712,23.62,23.65,23.65,23.62,18
2023-10-06 17:22:00,1315,23.6627,23.62,23.695,23.71,23.62,28
2023-10-06 17:23:00,474,23.7083,23.705,23.72,23.72,23.705,14
2023-10-06 17:24:00,2786,23.6575,23.705,23.63,23.705,23.63,53
2023-10-06 17:25:00,1754,23.6126,23.61,23.6,23.63,23.6,28
2023-10-06 17:26:00,611,23.6399,23.61,23.6475,23.6475,23.61,16
2023-10-06 17:27:00,1631,23.6641,23.66,23.67,23.675,23.66,34
2023-10-06 17:28:00,573,23.6186,23.62,23.62,23.62,23.62,11
2023-10-06 17:29:00,167,23.6031,23.605,23.605,23.605,23.605,3
2023-10-06 17:30:00,462,23.6521,23.635,23.635,23.635,23.635,20
2023-10-06 17:31:00,646,23.6869,23.69,23.68,23.695,23.68,19
2023-10-06 17:32:00,2815,23.6316,23.7,23.52,23.7,23.52,62
2023-10-06 17:35:00,1091,23.5797,23.535,23.535,23.535,23.535,25
2023-10-06 17:37:00,332,23.4599,23.47,23.45,23.47,23.45,16
2023-10-06 17:39:00,1579,23.4947,23.47,23.53,23.53,23.46,44
2023-10-06 17:40:00,265,23.59,23.6,23.6,23.6,23.6,18
2023-10-06 17:42:00,2705,23.6343,23.61,23.67,23.67,23.61,56
2023-10-06 17:44:00,1477,23.6262,23.63,23.625,23.63,23.61,26
2023-10-06 17:45:00,809,23.6086,23.59,23.64,23.64,23.59,17
2023-10-06 17:46:00,1092,23.6347,23.64,23.645,23.645,23.6101,18
2023-10-06 17:47:00,581,23.6362,23.64,23.62,23.64,23.62,12
2023-10-06 17:48:00,128,23.64,23.64,23.64,23.64,23.64,3
2023-10-06 17:49:00,1382,23.6711,23.66,23.71,23.71,23.66,50
2023-10-06 17:50:00,1449,23.6789,23.69,23.67,23.69,23.67,26
2023-10-06 17:51:00,1903,23.6617,23.67,23.6602,23.67,23.66,5
2023-10-06 17:53:00,1323,23.7003,23.67,23.72,23.73,23.67,38
2023-10-06 17:55:00,1066,23.7455,23.75,23.74,23.76,23.74,39
2023-10-06 17:56:00,3859,23.6869,23.7625,23.62,23.7625,23.62,63
2023-10-06 17:58:00,422,23.5749,23.57,23.595,23.595,23.57,6
2023-10-06 17:59:00,567,23.6478,23.65,23.65,23.65,23.65,25
2023-10-06 18:00:00,833,23.6118,23.6101,23.62,23.62,23.6101,11
2023-10-06 18:03:00,2002,23.6507,23.58,23.69,23.7,23.55,53
2023-10-06 18:07:00,1883,23.7155,23.72,23.71,23.72,23.71,54
2023-10-06 18:09:00,1267,23.7327,23.735,23.73,23.74,23.73,29
2023-10-06 18:10:00,1308,23.7454,23.75,23.73,23.75,23.73,31
2023-10-06 18:11:00,1683,23.7359,23.75,23.72,23.75,23.72,40
2023-10-06 18:12:00,1464,23.7452,23.74,23.76,23.76,23.74,48
2023-10-06 18:14:00,738,23.7585,23.74,23.75,23.75,23.74,39
2023-10-06 18:15:00,21903,23.7544,23.74,23.72,23.77,23.72,34
2023-10-06 18:16:00,2655,23.7889,23.74,23.91,23.91,23.74,72
2023-10-06 18:17:00,509,23.8906,23.91,23.9,23.91,23.875,9
2023-10-06 18:18:00,2570,23.8327,23.9,23.83,23.9,23.83,28
2023-10-06 18:19:00,431,23.7804,23.78,23.78,23.78,23.78,6
2023-10-06 18:20:00,100,23.81,23.81,23.81,23.81,23.81,1
2023-10-06 18:21:00,914,23.8539,23.85,23.86,23.86,23.85,33
2023-10-06 18:24:00,216,23.9066,23.91,23.91,23.91,23.91,5
2023-10-06 18:25:00,712,23.8848,23.8927,23.89,23.8927,23.88,24
2023-10-06 18:27:00,2497,23.8585,23.835,23.86,23.88,23.835,84
2023-10-06 18:28:00,822,23.9831,23.97,24.0,24.0,23.97,17
2023-10-06 18:30:00,201,24.0124,24.005,24.005,24.005,24.005,5
2023-10-06 18:31:00,1996,23.9816,24.005,23.97,24.005,23.97,33
2023-10-06 18:32:00,1120,24.0002,23.9863,24.02,24.02,23.9863,31
2023-10-06 18:35:00,1686,23.994,24.0,23.99,24.01,23.98,35
2023-10-06 18:36:00,294,23.9951,24.005,24.005,24.005,24.005,4
2023-10-06 18:37:00,1516,23.9923,24.0,24.0,24.0,23.99,48
2023-10-06 18:38:00,1242,23.9846,23.99,23.985,23.99,23.98,22
2023-10-06 18:39:00,1963,23.9587,23.97,23.9364,23.97,23.9364,24
2023-10-06 18:40:00,294,23.8896,23.9,23.88,23.9,23.88,8
2023-10-06 18:41:00,101,23.8608,23.86,23.86,23.86,23.86,2
2023-10-06 18:42:00,880,23.8856,23.86,23.895,23.895,23.86,16
2023-10-06 18:43:00,1081,23.9182,23.9,23.9,23.94,23.9,34
2023-10-06 18:44:00,107,23.9089,23.91,23.91,23.91,23.91,4
2023-10-06 18:45:00,1508,23.9391,23.91,23.95,23.96,23.91,34
2023-10-06 18:46:00,125,23.9532,23.95,23.95,23.95,23.95,5
2023-10-06 18:47:00,2719,23.9429,23.97,23.92,23.97,23.92,65
2023-10-06 18:48:00,431,23.8939,23.84,23.84,23.84,23.84,11
2023-10-06 18:49:00,791,23.841,23.84,23.845,23.845,23.835,28
2023-10-06 18:50:00,1438,23.8786,23.86,23.92,23.92,23.86,34
2023-10-06 18:51:00,1088,23.9427,23.92,23.97,23.97,23.92,45
2023-10-06 18:52:00,1025,23.9665,23.95,23.955,23.97,23.95,16
2023-10-06 18:53:00,1011,23.9758,23.955,23.98,23.98,23.95,30
2023-10-06 18:55:00,2861,23.9323,23.94,23.94,23.94,23.91,75
2023-10-06 18:56:00,300,23.9295,23.925,23.925,23.925,23.925,7
2023-10-06 18:57:00,972,23.9397,23.94,23.94,23.95,23.94,33
2023-10-06 18:59:00,780,23.9511,23.94,23.945,23.96,23.94,17
2023-10-06 19:00:00,330,23.9704,23.97,23.965,23.97,23.965,14
2023-10-06 19:01:00,327,23.9695,23.965,23.965,23.965,23.965,10
2023-10-06 19:03:00,2358,23.9238,23.94,23.89,23.94,23.89,52
2023-10-06 19:04:00,1389,23.9171,23.91,23.92,23.92,23.91,38
2023-10-06 19:05:00,228,23.9397,23.95,23.95,23.95,23.95,10
2023-10-06 19:06:00,622,23.9393,23.925,23.94,23.94,23.925,13
2023-10-06 19:07:00,514,23.9536,23.96,23.96,23.96,23.96,15
2023-10-06 19:08:00,3951,23.9899,23.945,24.05,24.05,23.945,71
2023-10-06 19:09:00,819,24.0744,24.05,24.09,24.09,24.05,26
2023-10-06 19:10:00,218,24.104,24.09,24.12,24.12,24.09,5
2023-10-06 19:11:00,2540,24.0286,24.05,24.02,24.05,23.99,53
2023-10-06 19:12:00,550,23.9787,23.99,23.9975,23.9975,23.96,11
2023-10-06 19:13:00,419,24.014,24.02,23.995,24.02,23.995,14
2023-10-06 19:14:00,3715,23.9628,23.995,23.92,23.995,23.92,57
2023-10-06 19:15:00,3998,23.8554,23.88,23.85,23.9,23.85,58
2023-10-06 19:16:00,5113,23.8169,23.835,23.8,23.84,23.8,55
2023-10-06 19:17:00,11555,23.9089,23.79,24.02,24.02,23.79,169
2023-10-06 19:18:00,524,24.0404,24.11,24.0784,24.11,24.01,6
2023-10-06 19:20:00,633,24.0609,24.06,24.06,24.06,24.06,17
2023-10-06 19:21:00,1152,24.0761,24.08,24.08,24.09,24.08,65
2023-10-06 19:23:00,419,24.0693,24.08,24.08,24.08,24.08,15
2023-10-06 19:24:00,2002,24.0906,24.055,24.12,24.12,24.055,56
2023-10-06 19:25:00,1099,24.0973,24.09,24.095,24.11,24.09,23
2023-10-06 19:26:00,3886,24.0736,24.095,24.11,24.11,24.05,78
2023-10-06 19:27:00,437,24.1089,24.13,24.1,24.13,24.1,14
2023-10-06 19:28:00,539,24.0841,24.1,24.1,24.1,24.1,8
2023-10-06 19:29:00,1800,24.127,24.13,24.13,24.13,24.13,38
2023-10-06 19:30:00,1583,24.1332,24.11,24.145,24.15,24.11,34
2023-10-06 19:31:00,618,24.1426,24.145,24.14,24.145,24.14,21
2023-10-06 19:32:00,656,24.1334,24.14,24.13,24.14,24.13,21
2023-10-06 19:33:00,5664,24.1481,24.13,24.16,24.17,24.13,120
2023-10-06 19:34:00,1818,24.1235,24.145,24.11,24.145,24.11,46
2023-10-06 19:35:00,1114,24.0947,24.09,24.1,24.1,24.09,31
2023-10-06 19:36:00,1126,24.1119,24.11,24.11,24.11,24.11,29
2023-10-06 19:37:00,2474,24.1125,24.12,24.1,24.12,24.09,60
2023-10-06 19:38:00,295,24.1007,24.0884,24.105,24.105,24.0884,6
2023-10-06 19:39:00,4086,24.1041,24.1,24.1,24.1,24.085,57
2023-10-06 19:40:00,1071,24.1241,24.1,24.135,24.135,24.1,27
2023-10-06 19:41:00,1940,24.1127,24.11,24.11,24.1117,24.11,35
2023-10-06 19:42:00,2002,24.1089,24.101,24.12,24.12,24.101,49
2023-10-06 19:43:00,2995,24.1171,24.1226,24.085,24.13,24.085,71
2023-10-06 19:45:00,2299,24.0832,24.075,24.08,24.1,24.07,51
2023-10-06 19:46:00,688,24.0746,24.07,24.08,24.08,24.07,12
2023-10-06 19:47:00,5436,24.0843,24.08,24.1,24.1,24.07,106
2023-10-06 19:48:00,1350,24.0707,24.09,24.06,24.09,24.06,42
2023-10-06 19:49:00,4625,24.0676,24.05,24.05,24.05,24.035,65
2023-10-06 19:50:00,5268,24.0629,24.04,24.08,24.08,24.04,110
2023-10-06 19:51:00,2324,24.058,24.05,24.06,24.0726,24.05,34
2023-10-06 19:52:00,7401,24.0416,24.05,24.06,24.06,24.02,165
2023-10-06 19:53:00,4976,24.0474,24.07,24.005,24.07,24.005,96
2023-10-06 19:54:00,8141,24.0136,24.015,24.02,24.04,23.99,173
2023-10-06 19:55:00,3326,23.9987,24.0,23.98,24.0,23.97,49
2023-10-06 19:56:00,25011,23.9959,23.98,24.07,24.08,23.92,467
2023-10-06 19:57:00,13715,24.0973,24.075,24.09,24.13,24.07,216
2023-10-06 19:58:00,6017,24.0746,24.07,24.05,24.09,24.05,96
2023-10-06 19:59:00,23922,24.0263,24.05,24.02,24.06,23.98,339
2023-10-06 20:00:00,3116,24.02,24.02,24.02,24.02,24.02,10
2023-10-06 20:20:00,137,24.02,24.02,24.02,24.02,24.02,1
