t,v,vw,o,c,h,l,n
2023-06-02 12:42:00,604,14.5515,14.55,14.55,14.55,14.55,6
2023-06-02 12:43:00,1900,14.5495,14.54,14.55,14.55,14.54,5
2023-06-02 12:49:00,750,14.52,14.52,14.52,14.52,14.52,1
2023-06-02 13:27:00,217,14.68,14.68,14.68,14.68,14.68,2
2023-06-02 13:30:00,8517,14.7891,14.71,14.9864,15.085,14.71,50
2023-06-02 13:31:00,5198,15.0912,15.07,15.145,15.195,15.0177,67
2023-06-02 13:32:00,1015,15.0926,15.15,15.07,15.15,15.07,26
2023-06-02 13:33:00,837,15.0581,15.05,15.04,15.11,15.04,21
2023-06-02 13:34:00,1539,15.053,15.08,15.0,15.0903,14.99,35
2023-06-02 13:35:00,4158,15.0565,15.05,15.035,15.1,15.03,88
2023-06-02 13:36:00,565,15.0317,15.05,15.01,15.05,15.01,14
2023-06-02 13:37:00,5456,15.133,15.0,15.1715,15.2,15.0,62
2023-06-02 13:38:00,4878,15.2122,15.25,15.171,15.26,15.17,49
2023-06-02 13:39:00,10510,15.2225,15.17,15.308,15.32,15.17,192
2023-06-02 13:40:00,630,15.3633,15.37,15.46,15.46,15.37,20
2023-06-02 13:41:00,1436,15.3909,15.38,15.4,15.43,15.37,51
2023-06-02 13:42:00,5348,15.6003,15.47,15.6382,15.6382,15.47,28
2023-06-02 13:43:00,14573,15.7354,15.51,15.91,15.91,15.51,172
2023-06-02 13:44:00,7995,15.9003,15.94,15.83,15.9599,15.82,168
2023-06-02 13:45:00,11756,16.1207,15.88,16.2,16.26,15.88,96
2023-06-02 13:46:00,5916,16.035,16.15,16.05,16.15,15.93,144
2023-06-02 13:47:00,13039,16.1179,16.07,16.21,16.21,16.02,71
2023-06-02 13:48:00,7932,16.1679,16.2,16.11,16.21,16.08,100
2023-06-02 13:49:00,5388,16.0427,16.0877,16.12,16.14,15.9801,77
2023-06-02 13:50:00,11145,16.1858,16.06,16.27,16.29,16.06,69
2023-06-02 13:51:00,8018,16.2047,16.295,16.13,16.295,16.13,58
2023-06-02 13:52:00,4936,16.1155,16.1218,16.21,16.21,16.05,29
2023-06-02 13:53:00,1554,16.2539,16.2,16.29,16.29,16.2,26
2023-06-02 13:54:00,1624,16.301,16.3,16.3701,16.3701,16.3,17
2023-06-02 13:55:00,1628,16.2788,16.35,16.255,16.35,16.255,35
2023-06-02 13:56:00,4049,16.2798,16.245,16.33,16.33,16.24,76
2023-06-02 13:57:00,1504,16.2698,16.2801,16.22,16.2801,16.22,20
2023-06-02 13:58:00,6803,16.1649,16.2647,16.23,16.2647,16.15,40
2023-06-02 13:59:00,3770,16.1467,16.22,16.13,16.23,16.09,75
2023-06-02 14:00:00,691,16.1154,16.1,16.1385,16.1385,16.07,11
2023-06-02 14:01:00,2282,16.0331,16.03,15.99,16.045,15.99,54
2023-06-02 14:02:00,3447,15.947,15.98,15.95,15.98,15.92,53
2023-06-02 14:03:00,2581,15.9701,15.95,15.95,15.99,15.94,57
2023-06-02 14:04:00,4008,15.9529,15.99,16.01,16.01,15.91,88
2023-06-02 14:06:00,2625,15.8957,15.98,15.86,15.98,15.83,68
2023-06-02 14:07:00,1478,15.8063,15.885,15.7944,15.885,15.7944,46
2023-06-02 14:08:00,3854,15.6647,15.69,15.7,15.7,15.63,59
2023-06-02 14:09:00,467,15.647,15.655,15.63,15.655,15.63,18
2023-06-02 14:10:00,941,15.6181,15.65,15.6,15.65,15.6,26
2023-06-02 14:11:00,928,15.536,15.56,15.5,15.56,15.5,21
2023-06-02 14:12:00,8137,15.5206,15.4701,15.5399,15.57,15.4701,54
2023-06-02 14:13:00,2848,15.5598,15.56,15.55,15.62,15.53,81
2023-06-02 14:14:00,1020,15.5866,15.58,15.5887,15.5887,15.58,26
2023-06-02 14:16:00,2082,15.5515,15.6,15.51,15.6,15.51,41
2023-06-02 14:17:00,310,15.4897,15.48,15.51,15.51,15.48,6
2023-06-02 14:18:00,3386,15.5274,15.54,15.5008,15.57,15.5,45
2023-06-02 14:19:00,3007,15.5495,15.5,15.62,15.62,15.5,56
2023-06-02 14:20:00,2204,15.6287,15.616,15.62,15.65,15.58,30
2023-06-02 14:21:00,1180,15.6169,15.645,15.62,15.645,15.59,22
2023-06-02 14:22:00,1715,15.592,15.62,15.61,15.62,15.58,29
2023-06-02 14:23:00,3301,15.6244,15.58,15.655,15.66,15.55,63
2023-06-02 14:24:00,1616,15.5684,15.57,15.54,15.57,15.54,28
2023-06-02 14:25:00,3577,15.5931,15.538,15.61,15.63,15.538,57
2023-06-02 14:26:00,1489,15.6299,15.625,15.64,15.68,15.59,28
2023-06-02 14:27:00,5853,15.7047,15.69,15.7,15.72,15.68,65
2023-06-02 14:28:00,1274,15.7143,15.75,15.67,15.75,15.67,26
2023-06-02 14:29:00,1172,15.6404,15.62,15.64,15.6502,15.62,31
2023-06-02 14:30:00,116,15.6619,15.66,15.66,15.66,15.66,3
2023-06-02 14:31:00,1953,15.6423,15.65,15.62,15.65,15.62,45
2023-06-02 14:32:00,2156,15.6421,15.67,15.59,15.67,15.59,40
2023-06-02 14:33:00,1095,15.5877,15.59,15.56,15.59,15.56,17
2023-06-02 14:35:00,926,15.5693,15.57,15.55,15.57,15.55,32
2023-06-02 14:36:00,3609,15.5407,15.515,15.56,15.56,15.5,61
2023-06-02 14:37:00,1676,15.5337,15.57,15.49,15.57,15.49,30
2023-06-02 14:38:00,728,15.5288,15.5251,15.49,15.5251,15.49,5
2023-06-02 14:39:00,209,15.5238,15.515,15.515,15.515,15.515,6
2023-06-02 14:40:00,883,15.4943,15.49,15.5199,15.5199,15.46,21
2023-06-02 14:41:00,2117,15.5112,15.48,15.47,15.52,15.47,38
2023-06-02 14:42:00,521,15.5104,15.52,15.49,15.52,15.49,8
2023-06-02 14:43:00,4668,15.465,15.49,15.505,15.505,15.43,90
2023-06-02 14:44:00,576,15.4906,15.5,15.485,15.5,15.46,24
2023-06-02 14:45:00,528,15.4854,15.485,15.485,15.485,15.485,8
2023-06-02 14:46:00,1010,15.4518,15.46,15.432,15.46,15.432,24
2023-06-02 14:47:00,4079,15.4485,15.4409,15.45,15.46,15.43,84
2023-06-02 14:48:00,2018,15.4134,15.42,15.41,15.43,15.39,50
2023-06-02 14:49:00,317,15.4125,15.41,15.39,15.41,15.39,5
2023-06-02 14:51:00,3609,15.4482,15.42,15.5,15.5,15.42,66
2023-06-02 14:52:00,1164,15.4813,15.5,15.47,15.5,15.46,23
2023-06-02 14:53:00,3166,15.4553,15.46,15.48,15.48,15.41,70
2023-06-02 14:54:00,230,15.4761,15.47,15.47,15.47,15.47,6
2023-06-02 14:55:00,1527,15.4829,15.48,15.48,15.49,15.47,35
2023-06-02 14:56:00,2391,15.4524,15.45,15.46,15.4791,15.42,51
2023-06-02 14:57:00,406,15.4293,15.43,15.43,15.43,15.43,14
2023-06-02 14:58:00,181,15.4111,15.39,15.39,15.39,15.39,5
2023-06-02 14:59:00,3256,15.4334,15.39,15.43,15.45,15.39,45
2023-06-02 15:00:00,2254,15.4735,15.46,15.47,15.495,15.45,47
2023-06-02 15:01:00,1976,15.4811,15.42,15.5,15.5,15.42,42
2023-06-02 15:02:00,1365,15.4961,15.495,15.48,15.5099,15.46,15
2023-06-02 15:03:00,1265,15.4482,15.46,15.45,15.46,15.42,27
2023-06-02 15:04:00,1373,15.4508,15.4697,15.45,15.47,15.44,23
2023-06-02 15:05:00,1972,15.4651,15.43,15.462,15.48,15.43,28
2023-06-02 15:06:00,901,15.4619,15.465,15.465,15.47,15.43,9
2023-06-02 15:07:00,1972,15.4237,15.42,15.415,15.43,15.4,43
2023-06-02 15:08:00,2499,15.4503,15.41,15.475,15.475,15.41,54
2023-06-02 15:09:00,294,15.4825,15.5,15.5,15.5,15.5,14
2023-06-02 15:11:00,1686,15.462,15.455,15.47,15.47,15.44,37
2023-06-02 15:12:00,6512,15.4792,15.48,15.51,15.52,15.43,99
2023-06-02 15:13:00,5550,15.5173,15.51,15.49,15.53,15.49,47
2023-06-02 15:14:00,466,15.5118,15.53,15.53,15.53,15.49,8
2023-06-02 15:16:00,110,15.5309,15.53,15.53,15.53,15.53,2
2023-06-02 15:17:00,438,15.5099,15.51,15.51,15.51,15.51,21
2023-06-02 15:18:00,1943,15.4766,15.48,15.45,15.48,15.45,37
2023-06-02 15:19:00,1444,15.4477,15.475,15.42,15.475,15.42,24
2023-06-02 15:20:00,2736,15.4405,15.42,15.44,15.45,15.42,46
2023-06-02 15:21:00,1122,15.4382,15.42,15.435,15.45,15.42,9
2023-06-02 15:22:00,2339,15.4016,15.42,15.38,15.42,15.36,61
2023-06-02 15:23:00,432,15.3727,15.38,15.37,15.38,15.36,9
2023-06-02 15:24:00,5638,15.3394,15.34,15.37,15.37,15.31,109
2023-06-02 15:25:00,410,15.3578,15.36,15.35,15.36,15.35,9
2023-06-02 15:26:00,218,15.3554,15.35,15.36,15.36,15.35,6
2023-06-02 15:27:00,1523,15.3495,15.35,15.35,15.35,15.34,28
2023-06-02 15:28:00,4080,15.353,15.34,15.36,15.36,15.33,86
2023-06-02 15:29:00,841,15.36,15.36,15.35,15.37,15.35,33
2023-06-02 15:30:00,1339,15.3476,15.35,15.355,15.36,15.34,32
2023-06-02 15:31:00,2412,15.3174,15.32,15.3,15.34,15.3,40
2023-06-02 15:32:00,1659,15.3543,15.32,15.37,15.37,15.32,32
2023-06-02 15:33:00,2748,15.3781,15.36,15.37,15.4,15.36,59
2023-06-02 15:34:00,720,15.355,15.34,15.34,15.34,15.34,22
2023-06-02 15:35:00,606,15.3671,15.36,15.36,15.36,15.36,16
2023-06-02 15:36:00,847,15.3885,15.39,15.395,15.395,15.38,15
2023-06-02 15:37:00,1704,15.3963,15.4,15.39,15.4,15.39,29
2023-06-02 15:38:00,405,15.3893,15.39,15.39,15.39,15.39,14
2023-06-02 15:39:00,2746,15.3695,15.385,15.32,15.4,15.32,55
2023-06-02 15:40:00,3415,15.3144,15.32,15.3,15.32,15.3,71
2023-06-02 15:41:00,1149,15.2891,15.31,15.27,15.31,15.25,23
2023-06-02 15:42:00,4977,15.3309,15.27,15.365,15.37,15.25,93
2023-06-02 15:43:00,895,15.3572,15.37,15.32,15.37,15.32,27
2023-06-02 15:45:00,655,15.333,15.34,15.31,15.34,15.31,16
2023-06-02 15:47:00,5312,15.3481,15.325,15.365,15.38,15.31,108
2023-06-02 15:48:00,1372,15.4062,15.39,15.44,15.44,15.39,24
2023-06-02 15:49:00,2227,15.4494,15.46,15.45,15.47,15.45,39
2023-06-02 15:50:00,1283,15.4065,15.42,15.37,15.42,15.37,17
2023-06-02 15:51:00,865,15.4238,15.405,15.41,15.44,15.405,22
2023-06-02 15:53:00,1109,15.434,15.44,15.42,15.44,15.42,9
2023-06-02 15:54:00,298,15.4419,15.435,15.435,15.435,15.435,11
2023-06-02 15:55:00,8980,15.4258,15.44,15.475,15.475,15.44,39
2023-06-02 15:56:00,2032,15.4948,15.49,15.51,15.51,15.46,42
2023-06-02 15:57:00,552,15.53,15.49,15.5493,15.5493,15.49,17
2023-06-02 15:58:00,1687,15.5608,15.5727,15.53,15.58,15.53,46
2023-06-02 15:59:00,285,15.563,15.55,15.55,15.55,15.55,7
2023-06-02 16:00:00,1401,15.5679,15.53,15.575,15.58,15.53,32
2023-06-02 16:01:00,1356,15.5674,15.56,15.55,15.5675,15.55,34
2023-06-02 16:02:00,390,15.56,15.56,15.56,15.56,15.56,9
2023-06-02 16:03:00,3552,15.5935,15.55,15.5915,15.616,15.55,81
2023-06-02 16:04:00,6594,15.5749,15.6,15.59,15.605,15.57,46
2023-06-02 16:05:00,1761,15.5875,15.57,15.605,15.605,15.565,41
2023-06-02 16:06:00,1357,15.6141,15.62,15.615,15.63,15.59,29
2023-06-02 16:07:00,1178,15.6183,15.64,15.6,15.64,15.59,35
2023-06-02 16:08:00,2237,15.605,15.602,15.6,15.61,15.595,33
2023-06-02 16:09:00,9223,15.6595,15.61,15.66,15.69,15.61,91
2023-06-02 16:10:00,757,15.6778,15.68,15.66,15.68,15.66,11
2023-06-02 16:11:00,362,15.6831,15.68,15.68,15.68,15.68,8
2023-06-02 16:12:00,1805,15.702,15.7,15.705,15.71,15.69,40
2023-06-02 16:13:00,12229,15.7449,15.72,15.755,15.78,15.71,106
2023-06-02 16:14:00,10312,15.7008,15.74,15.76,15.78,15.74,19
2023-06-02 16:15:00,231,15.7569,15.76,15.76,15.76,15.76,5
2023-06-02 16:16:00,3060,15.7857,15.78,15.8,15.8,15.77,49
2023-06-02 16:17:00,3539,15.7523,15.79,15.71,15.8,15.71,83
2023-06-02 16:18:00,1455,15.7239,15.72,15.72,15.73,15.72,38
2023-06-02 16:19:00,848,15.7216,15.72,15.7299,15.7299,15.7,14
2023-06-02 16:20:00,4223,15.7245,15.73,15.73,15.75,15.6933,61
2023-06-02 16:21:00,2245,15.7901,15.77,15.8,15.81,15.76,53
2023-06-02 16:22:00,701,15.8174,15.8002,15.825,15.825,15.8,19
2023-06-02 16:23:00,905,15.8185,15.82,15.84,15.84,15.8,19
2023-06-02 16:24:00,2905,15.8069,15.8102,15.78,15.82,15.78,53
2023-06-02 16:25:00,1303,15.7945,15.7818,15.8,15.8,15.78,21
2023-06-02 16:26:00,1841,15.7829,15.8,15.77,15.8,15.75,30
2023-06-02 16:27:00,710,15.7649,15.75,15.75,15.7709,15.75,10
2023-06-02 16:28:00,3519,15.818,15.79,15.84,15.84,15.79,60
2023-06-02 16:29:00,2101,15.8489,15.85,15.84,15.87,15.84,50
2023-06-02 16:30:00,2130,15.8806,15.87,15.88,15.92,15.85,40
2023-06-02 16:32:00,2833,15.8776,15.87,15.88,15.89,15.87,96
2023-06-02 16:33:00,681,15.8774,15.87,15.89,15.89,15.87,9
2023-06-02 16:34:00,24140,15.9108,15.89,15.84,15.94,15.84,157
2023-06-02 16:35:00,2255,15.8818,15.85,15.9,15.91,15.85,35
2023-06-02 16:36:00,1095,15.88,15.88,15.87,15.89,15.87,16
2023-06-02 16:37:00,448,15.8941,15.895,15.895,15.895,15.895,10
2023-06-02 16:38:00,1186,15.8733,15.895,15.86,15.895,15.86,35
2023-06-02 16:39:00,1397,15.8578,15.86,15.8607,15.88,15.82,28
2023-06-02 16:40:00,2433,15.8146,15.82,15.79,15.845,15.79,54
2023-06-02 16:41:00,2928,15.7865,15.81,15.77,15.81,15.77,53
2023-06-02 16:42:00,6375,15.7978,15.785,15.84,15.86,15.7706,67
2023-06-02 16:43:00,5175,15.8401,15.84,15.82,15.86,15.82,81
2023-06-02 16:44:00,330,15.8253,15.8201,15.8201,15.8201,15.8201,5
2023-06-02 16:45:00,928,15.842,15.85,15.82,15.85,15.82,18
2023-06-02 16:46:00,3097,15.8621,15.84,15.87,15.88,15.84,50
2023-06-02 16:47:00,2954,15.8728,15.86,15.9,15.9,15.86,53
2023-06-02 16:48:00,1039,15.9213,15.92,15.95,15.95,15.92,22
2023-06-02 16:49:00,3214,15.9056,15.9625,15.945,15.9625,15.945,12
2023-06-02 16:50:00,325,15.9378,15.93,15.92,15.93,15.92,9
2023-06-02 16:51:00,1672,15.9154,15.92,15.9,15.92,15.9,31
2023-06-02 16:52:00,616,15.9026,15.9,15.8915,15.9,15.89,14
2023-06-02 16:53:00,1370,15.8805,15.88,15.865,15.88,15.865,35
2023-06-02 16:54:00,922,15.8625,15.865,15.865,15.865,15.85,11
2023-06-02 16:55:00,507,15.8611,15.865,15.86,15.865,15.85,6
2023-06-02 16:56:00,7830,15.8986,15.865,15.935,15.96,15.84,129
2023-06-02 16:57:00,2190,15.9552,15.94,15.94,15.96,15.94,55
2023-06-02 16:58:00,136,15.9626,15.96,15.96,15.96,15.96,3
2023-06-02 16:59:00,226,15.928,15.95,15.95,15.95,15.95,4
2023-06-02 17:00:00,1347,15.983,15.98,15.98,16.01,15.96,35
2023-06-02 17:01:00,971,15.9843,15.985,15.985,16.0,15.96,20
2023-06-02 17:02:00,200,15.9784,15.985,15.985,15.985,15.985,3
2023-06-02 17:03:00,2091,16.0087,15.98,16.02,16.03,15.98,53
2023-06-02 17:04:00,647,15.9913,16.0,15.9615,16.0,15.9615,14
2023-06-02 17:05:00,2259,15.9653,15.97,15.97,15.98,15.94,32
2023-06-02 17:06:00,1433,15.965,15.98,15.965,15.98,15.95,26
2023-06-02 17:07:00,585,15.9667,15.965,15.965,15.965,15.965,12
2023-06-02 17:08:00,441,15.9601,15.95,15.965,15.965,15.95,11
2023-06-02 17:09:00,2900,15.9609,15.95,15.94,15.97,15.94,35
2023-06-02 17:10:00,694,15.9548,15.94,15.96,15.96,15.94,15
2023-06-02 17:11:00,4829,15.9499,15.95,15.965,15.965,15.93,70
2023-06-02 17:12:00,2196,15.9633,15.96,15.955,15.975,15.95,50
2023-06-02 17:13:00,1641,15.9522,15.95,15.94,15.96,15.94,35
2023-06-02 17:14:00,4203,15.9402,15.95,15.94,15.95,15.92,74
2023-06-02 17:15:00,1019,15.9462,15.945,15.94,15.95,15.94,21
2023-06-02 17:16:00,8333,15.9414,15.95,15.951,15.96,15.93,32
2023-06-02 17:17:00,2944,15.9694,15.97,15.96,15.975,15.96,40
2023-06-02 17:18:00,2045,15.9919,15.97,16.01,16.01,15.97,45
2023-06-02 17:20:00,1722,16.0517,16.04,16.075,16.075,16.02,32
2023-06-02 17:21:00,1864,16.0809,16.08,16.08,16.09,16.06,36
2023-06-02 17:22:00,2458,16.0821,16.07,16.105,16.1099,16.061,52
2023-06-02 17:23:00,3914,16.0947,16.11,16.09,16.11,16.08,77
2023-06-02 17:24:00,361,16.0961,16.08,16.08,16.08,16.08,9
2023-06-02 17:25:00,2476,16.1179,16.12,16.13,16.13,16.11,49
2023-06-02 17:26:00,2145,16.1164,16.13,16.1,16.13,16.1,39
2023-06-02 17:27:00,4010,16.0997,16.09,16.1,16.11,16.09,32
2023-06-02 17:28:00,1972,16.1163,16.11,16.12,16.12,16.11,42
2023-06-02 17:29:00,1706,16.1298,16.12,16.14,16.14,16.12,38
2023-06-02 17:30:00,3259,16.1413,16.14,16.13,16.15,16.13,64
2023-06-02 17:31:00,3250,16.1056,16.13,16.08,16.13,16.08,63
2023-06-02 17:32:00,2964,16.0407,16.07,16.01,16.07,16.0,59
2023-06-02 17:33:00,853,15.9782,15.98,15.98,15.98,15.96,16
2023-06-02 17:34:00,3795,15.9911,15.975,15.97,16.0,15.97,57
2023-06-02 17:35:00,621,15.9964,15.99,15.99,15.99,15.99,14
2023-06-02 17:36:00,2540,16.0,16.0,16.0,16.01,15.99,47
2023-06-02 17:37:00,2342,16.0037,16.01,16.01,16.01,15.99,55
2023-06-02 17:38:00,2861,15.9783,15.99,15.98,15.99,15.94,54
2023-06-02 17:39:00,2627,16.0016,16.0,16.0,16.01,16.0,30
2023-06-02 17:40:00,1224,16.0186,16.02,16.01,16.02,16.01,29
2023-06-02 17:41:00,1209,16.0354,16.03,16.055,16.055,16.02,25
2023-06-02 17:42:00,452,16.0667,16.06,16.09,16.09,16.06,13
2023-06-02 17:43:00,851,16.0567,16.03,16.055,16.055,16.03,31
2023-06-02 17:44:00,1113,16.0639,16.07,16.05,16.07,16.05,30
2023-06-02 17:45:00,2108,16.0392,16.06,16.03,16.06,16.03,36
2023-06-02 17:46:00,2702,16.0216,16.03,16.0191,16.03,16.01,48
2023-06-02 17:47:00,2442,16.002,16.01,15.98,16.01,15.98,62
2023-06-02 17:48:00,3799,15.9916,15.95,16.01,16.01,15.95,72
2023-06-02 17:49:00,1058,16.0096,16.01,16.02,16.02,16.0,21
2023-06-02 17:50:00,1038,16.0277,16.01,16.03,16.04,16.01,29
2023-06-02 17:51:00,2568,16.0039,16.03,15.95,16.03,15.95,52
2023-06-02 17:52:00,1229,15.9872,15.98,15.98,15.99,15.98,29
2023-06-02 17:53:00,1370,15.9797,15.98,15.98,15.98,15.94,28
2023-06-02 17:54:00,3192,15.9836,15.97,15.99,15.99,15.97,57
2023-06-02 17:55:00,973,15.994,16.0,15.99,16.0,15.99,31
2023-06-02 17:56:00,2250,15.952,15.98,15.94,15.98,15.94,51
2023-06-02 17:57:00,605,15.9503,15.93,15.95,15.95,15.93,24
2023-06-02 17:58:00,1001,15.9578,15.965,15.96,15.98,15.95,24
2023-06-02 17:59:00,1203,15.95,15.96,15.94,15.96,15.94,33
2023-06-02 18:00:00,1866,15.9481,15.93,15.95,15.96,15.93,23
2023-06-02 18:01:00,1635,15.9605,15.95,15.98,15.98,15.95,35
2023-06-02 18:02:00,2275,15.9872,15.9899,15.98,15.99,15.98,53
2023-06-02 18:03:00,961,15.9867,15.98,15.99,15.99,15.97,22
2023-06-02 18:04:00,2123,15.9772,15.99,15.96,16.0,15.96,52
2023-06-02 18:05:00,852,15.9581,15.96,15.95,15.96,15.95,26
2023-06-02 18:07:00,2775,15.9309,15.95,15.88,15.96,15.88,60
2023-06-02 18:08:00,3854,15.895,15.86,15.92,15.92,15.86,68
2023-06-02 18:09:00,517,15.9272,15.925,15.925,15.925,15.925,26
2023-06-02 18:10:00,1438,15.9125,15.93,15.915,15.93,15.89,29
2023-06-02 18:12:00,427,15.9114,15.915,15.92,15.92,15.915,14
2023-06-02 18:13:00,451,15.8859,15.895,15.88,15.895,15.87,11
2023-06-02 18:14:00,1552,15.8835,15.8846,15.8841,15.8846,15.865,22
2023-06-02 18:15:00,1825,15.8723,15.84,15.86,15.89,15.84,29
2023-06-02 18:16:00,590,15.8568,15.87,15.85,15.87,15.85,12
2023-06-02 18:17:00,507,15.85,15.85,15.85,15.85,15.85,9
2023-06-02 18:18:00,355,15.8444,15.85,15.83,15.85,15.83,7
2023-06-02 18:19:00,598,15.8447,15.84,15.85,15.85,15.83,12
2023-06-02 18:20:00,4011,15.8223,15.84,15.83,15.85,15.805,60
2023-06-02 18:21:00,4421,15.8149,15.82,15.8,15.82,15.8,57
2023-06-02 18:22:00,487,15.8116,15.815,15.815,15.815,15.8,7
2023-06-02 18:23:00,694,15.8141,15.815,15.79,15.815,15.79,14
2023-06-02 18:24:00,658,15.8134,15.815,15.8,15.82,15.8,10
2023-06-02 18:25:00,1847,15.7964,15.8,15.785,15.815,15.77,40
2023-06-02 18:26:00,4154,15.799,15.775,15.82,15.82,15.76,75
2023-06-02 18:27:00,1440,15.7981,15.8,15.77,15.8,15.77,39
2023-06-02 18:28:00,445,15.79,15.785,15.795,15.795,15.785,12
2023-06-02 18:29:00,966,15.8067,15.81,15.81,15.81,15.79,20
2023-06-02 18:31:00,2337,15.8152,15.8,15.82,15.82,15.79,36
2023-06-02 18:32:00,2397,15.8253,15.825,15.82,15.83,15.82,45
2023-06-02 18:33:00,1497,15.8531,15.835,15.86,15.87,15.835,39
2023-06-02 18:34:00,1378,15.8488,15.86,15.83,15.86,15.83,31
2023-06-02 18:35:00,3464,15.7994,15.83,15.79,15.83,15.79,43
2023-06-02 18:36:00,621,15.7992,15.79,15.78,15.79,15.78,14
2023-06-02 18:37:00,1215,15.774,15.78,15.73,15.78,15.73,34
2023-06-02 18:39:00,3235,15.7306,15.74,15.68,15.74,15.68,76
2023-06-02 18:40:00,249,15.6988,15.7,15.69,15.7,15.69,5
2023-06-02 18:41:00,1395,15.6993,15.705,15.69,15.71,15.69,46
2023-06-02 18:42:00,1306,15.7081,15.7,15.7,15.72,15.7,27
2023-06-02 18:43:00,1491,15.7001,15.7,15.69,15.719,15.68,26
2023-06-02 18:44:00,3335,15.7015,15.69,15.71,15.72,15.68,64
2023-06-02 18:45:00,1678,15.7356,15.73,15.74,15.74,15.73,43
2023-06-02 18:46:00,1793,15.726,15.74,15.715,15.75,15.69,36
2023-06-02 18:47:00,394,15.718,15.73,15.71,15.73,15.71,10
2023-06-02 18:48:00,2585,15.7387,15.72,15.74,15.76,15.72,49
2023-06-02 18:49:00,4087,15.7091,15.74,15.695,15.74,15.68,68
2023-06-02 18:50:00,336,15.6758,15.67,15.67,15.67,15.67,9
2023-06-02 18:51:00,1031,15.6698,15.67,15.67,15.67,15.67,43
2023-06-02 18:52:00,301,15.6609,15.66,15.66,15.66,15.66,7
2023-06-02 18:53:00,6145,15.6837,15.66,15.685,15.69,15.66,81
2023-06-02 18:54:00,2295,15.6724,15.68,15.68,15.68,15.64,69
2023-06-02 18:55:00,235,15.6739,15.67,15.67,15.67,15.67,5
2023-06-02 18:56:00,2876,15.6813,15.68,15.68,15.69,15.68,56
2023-06-02 18:57:00,1295,15.672,15.66,15.68,15.68,15.66,36
2023-06-02 18:58:00,1455,15.6737,15.67,15.6716,15.685,15.66,35
2023-06-02 18:59:00,4226,15.6859,15.69,15.67,15.6987,15.67,104
2023-06-02 19:00:00,1401,15.6885,15.68,15.69,15.69,15.68,33
2023-06-02 19:01:00,1947,15.6729,15.68,15.67,15.68,15.66,58
2023-06-02 19:02:00,1214,15.652,15.66,15.64,15.66,15.64,28
2023-06-02 19:04:00,475,15.6416,15.64,15.642,15.642,15.64,14
2023-06-02 19:05:00,6346,15.6607,15.66,15.67,15.67,15.65,115
2023-06-02 19:06:00,1110,15.6809,15.68,15.685,15.685,15.675,31
2023-06-02 19:07:00,4174,15.7039,15.7,15.69,15.72,15.685,88
2023-06-02 19:08:00,1851,15.6843,15.7,15.675,15.7,15.66,31
2023-06-02 19:09:00,372,15.6678,15.675,15.66,15.675,15.66,9
2023-06-02 19:10:00,3068,15.6497,15.66,15.645,15.66,15.63,58
2023-06-02 19:11:00,4355,15.6621,15.66,15.67,15.68,15.63,45
2023-06-02 19:12:00,3912,15.6702,15.67,15.67,15.68,15.65,75
2023-06-02 19:13:00,4880,15.6925,15.67,15.7,15.72,15.67,89
2023-06-02 19:14:00,7883,15.7082,15.68,15.765,15.765,15.675,141
2023-06-02 19:15:00,1270,15.776,15.765,15.78,15.8,15.765,27
2023-06-02 19:16:00,1156,15.7775,15.78,15.77,15.78,15.77,32
2023-06-02 19:17:00,6908,15.8344,15.79,15.86,15.88,15.78,117
2023-06-02 19:18:00,9803,15.8904,15.83,15.945,15.945,15.83,112
2023-06-02 19:19:00,2830,15.9304,15.93,15.91,15.955,15.91,61
2023-06-02 19:20:00,1995,15.8863,15.9,15.885,15.9,15.875,50
2023-06-02 19:21:00,2988,15.8419,15.84,15.85,15.85,15.83,60
2023-06-02 19:22:00,3734,15.86,15.85,15.88,15.88,15.84,68
2023-06-02 19:23:00,393,15.8894,15.88,15.88,15.88,15.88,25
2023-06-02 19:24:00,3440,15.8565,15.88,15.855,15.88,15.84,67
2023-06-02 19:25:00,2160,15.8808,15.87,15.92,15.92,15.87,34
2023-06-02 19:26:00,555,15.9395,15.93,15.95,15.95,15.93,12
2023-06-02 19:27:00,1785,15.9399,15.93,15.975,15.975,15.93,21
2023-06-02 19:28:00,5466,15.9528,15.95,15.96,15.98,15.93,123
2023-06-02 19:29:00,1858,15.9281,15.94,15.925,15.94,15.925,33
2023-06-02 19:30:00,3179,15.9218,15.91,15.91,15.94,15.91,63
2023-06-02 19:31:00,3604,15.9153,15.93,15.9075,15.93,15.87,68
2023-06-02 19:32:00,1179,15.8997,15.915,15.88,15.92,15.88,18
2023-06-02 19:33:00,1122,15.8945,15.8801,15.88,15.92,15.88,29
2023-06-02 19:34:00,5558,15.8834,15.88,15.88,15.9,15.87,113
2023-06-02 19:35:00,6367,15.9113,15.89,15.955,15.955,15.89,104
2023-06-02 19:36:00,3471,15.9599,15.955,15.99,15.99,15.955,26
2023-06-02 19:37:00,3735,15.9616,15.9725,15.95,15.975,15.95,80
2023-06-02 19:38:00,113513,15.999,15.96,15.965,16.03,15.96,331
2023-06-02 19:39:00,7168,15.9247,15.952,15.9,15.9527,15.89,133
2023-06-02 19:40:00,4821,15.9077,15.91,15.9,15.91,15.895,88
2023-06-02 19:41:00,4848,15.914,15.9,15.925,15.925,15.9,73
2023-06-02 19:42:00,6216,15.9058,15.92,15.88,15.92,15.88,82
2023-06-02 19:43:00,6098,15.8802,15.88,15.86,15.89,15.86,92
2023-06-02 19:44:00,2729,15.8603,15.86,15.86,15.86,15.85,52
2023-06-02 19:45:00,3640,15.8392,15.85,15.84,15.85,15.821,84
2023-06-02 19:46:00,4336,15.8193,15.83,15.82,15.83,15.8,81
2023-06-02 19:47:00,4458,15.7872,15.8,15.79,15.8,15.775,97
2023-06-02 19:48:00,7153,15.8018,15.8,15.8,15.81,15.7801,133
2023-06-02 19:49:00,1783,15.7803,15.7901,15.78,15.7901,15.77,47
2023-06-02 19:50:00,15458,15.7457,15.76,15.74,15.76,15.7001,218
2023-06-02 19:51:00,13526,15.7721,15.75,15.78,15.795,15.73,234
2023-06-02 19:52:00,4753,15.7636,15.78,15.75,15.78,15.75,96
2023-06-02 19:53:00,9709,15.7504,15.75,15.765,15.77,15.74,172
2023-06-02 19:54:00,8346,15.7613,15.76,15.7712,15.78,15.7424,178
2023-06-02 19:55:00,8940,15.7614,15.775,15.76,15.775,15.75,165
2023-06-02 19:56:00,11813,15.7636,15.755,15.77,15.78,15.755,187
2023-06-02 19:57:00,35728,15.7713,15.76,15.7501,15.79,15.75,393
2023-06-02 19:58:00,28091,15.7882,15.76,15.8,15.815,15.755,368
2023-06-02 19:59:00,52296,15.7778,15.79,15.78,15.8,15.75,468
2023-06-02 20:00:00,946,15.7829,15.78,15.78,15.78,15.78,7
2023-06-02 20:01:00,109,15.8626,15.87,15.87,15.87,15.87,2
2023-06-02 20:21:00,207,15.96,15.96,15.96,15.96,15.96,1
2023-06-02 21:15:00,782,15.5946,15.62,15.62,15.62,15.62,7
2023-06-02 21:24:00,1000,15.5824,15.58,15.58,15.58,15.58,5
2023-06-02 21:25:00,3650,15.4045,15.48,15.46,15.48,15.36,12
2023-06-02 21:26:00,650,15.46,15.46,15.46,15.46,15.46,3
2023-06-02 21:33:00,269,15.4315,15.42,15.43,15.43,15.42,4
2023-06-02 21:38:00,3505,15.3545,15.3514,15.3501,15.37,15.35,9
2023-06-02 21:39:00,500,15.35,15.35,15.35,15.35,15.35,1
2023-06-02 21:41:00,300,15.39,15.39,15.39,15.39,15.39,1
2023-06-02 21:44:00,2100,15.3534,15.35,15.37,15.37,15.35,5
2023-06-02 21:48:00,4140,15.3154,15.35,15.17,15.3501,15.17,10
2023-06-02 21:49:00,1080,15.21,15.21,15.21,15.21,15.21,1
2023-06-02 21:51:00,500,15.26,15.26,15.26,15.26,15.26,1
2023-06-02 21:57:00,168,15.36,15.36,15.36,15.36,15.36,1
2023-06-02 22:33:00,1000,15.29,15.29,15.29,15.29,15.29,4
2023-06-02 22:52:00,2000,15.26,15.26,15.26,15.26,15.26,1
2023-06-02 23:00:00,500,15.26,15.26,15.26,15.26,15.26,1
2023-06-02 23:07:00,100,15.24,15.24,15.24,15.24,15.24,1
2023-06-02 23:19:00,452,15.2449,15.24,15.25,15.25,15.24,6
2023-06-02 23:22:00,100,15.26,15.26,15.26,15.26,15.26,1
2023-06-02 23:23:00,100,15.25,15.25,15.25,15.25,15.25,1
2023-06-02 23:27:00,100,15.26,15.26,15.26,15.26,15.26,1
2023-06-02 23:39:00,953,15.26,15.26,15.26,15.26,15.26,1
2023-06-02 23:54:00,100,15.26,15.26,15.26,15.26,15.26,1
2023-06-02 23:55:00,700,15.26,15.26,15.26,15.26,15.26,4
2023-06-02 23:56:00,900,15.27,15.27,15.27,15.27,15.27,4
2023-06-02 23:57:00,100,15.27,15.27,15.27,15.27,15.27,1
2023-06-05 11:01:00,734,14.7751,14.96,15.25,15.25,14.6,14
2023-06-05 11:07:00,100,15.24,15.24,15.24,15.24,15.24,1
2023-06-05 11:27:00,100,15.2,15.2,15.2,15.2,15.2,1
2023-06-05 11:39:00,500,15.19,15.19,15.19,15.19,15.19,4
2023-06-05 11:50:00,250,15.17,15.17,15.17,15.17,15.17,2
2023-06-05 12:00:00,531,15.3422,15.4,15.4,15.4,15.4,6
2023-06-05 12:27:00,300,15.1233,15.15,15.11,15.15,15.11,4
2023-06-05 12:32:00,500,15.11,15.11,15.11,15.11,15.11,4
2023-06-05 12:33:00,100,15.11,15.11,15.11,15.11,15.11,1
2023-06-05 12:37:00,1000,15.101,15.11,15.1,15.11,15.1,2
2023-06-05 13:04:00,503,15.1792,15.18,15.18,15.18,15.18,3
2023-06-05 13:07:00,1116,15.1797,15.18,15.18,15.18,15.18,5
2023-06-05 13:15:00,300,15.15,15.15,15.15,15.15,15.15,1
2023-06-05 13:20:00,110,15.1618,15.16,15.16,15.16,15.16,2
2023-06-05 13:25:00,1567,15.137,15.15,15.1,15.15,15.1,18
2023-06-05 13:27:00,1650,15.0327,14.98,14.98,15.1,14.98,13
2023-06-05 13:30:00,37892,15.0831,15.09,15.07,15.16,15.0,107
2023-06-05 13:31:00,26309,14.9988,15.1,14.94,15.125,14.94,140
2023-06-05 13:32:00,7392,14.918,14.9,15.02,15.02,14.8999,72
2023-06-05 13:33:00,6243,15.1185,15.06,15.19,15.19,15.05,76
2023-06-05 13:34:00,3806,15.2883,15.25,15.4,15.4,15.25,56
2023-06-05 13:35:00,8596,15.4684,15.4,15.4601,15.55,15.375,100
2023-06-05 13:36:00,3282,15.4225,15.4406,15.425,15.4406,15.38,31
2023-06-05 13:38:00,5024,15.4164,15.36,15.52,15.52,15.36,82
2023-06-05 13:39:00,1574,15.4994,15.4215,15.515,15.56,15.4215,28
2023-06-05 13:40:00,2326,15.5326,15.57,15.57,15.57,15.49,40
2023-06-05 13:41:00,1900,15.5163,15.57,15.5,15.57,15.5,15
2023-06-05 13:42:00,1504,15.468,15.49,15.4682,15.49,15.46,31
2023-06-05 13:43:00,501,15.4519,15.465,15.465,15.465,15.465,26
2023-06-05 13:44:00,2938,15.457,15.48,15.43,15.49,15.37,52
2023-06-05 13:45:00,575,15.4367,15.38,15.425,15.425,15.38,11
2023-06-05 13:46:00,985,15.4051,15.43,15.375,15.43,15.375,18
2023-06-05 13:47:00,564,15.3766,15.38,15.38,15.38,15.38,23
2023-06-05 13:48:00,1917,15.3479,15.38,15.32,15.38,15.32,58
2023-06-05 13:49:00,3679,15.3248,15.28,15.41,15.41,15.28,66
2023-06-05 13:50:00,715,15.352,15.365,15.39,15.39,15.365,9
2023-06-05 13:51:00,161,15.3668,15.37,15.37,15.37,15.37,7
2023-06-05 13:52:00,1791,15.3675,15.36,15.405,15.405,15.36,56
2023-06-05 13:53:00,268,15.3981,15.405,15.4,15.405,15.4,8
2023-06-05 13:54:00,125,15.38,15.375,15.375,15.375,15.375,4
2023-06-05 13:55:00,828,15.345,15.35,15.33,15.35,15.33,18
2023-06-05 13:56:00,1607,15.3175,15.311,15.32,15.35,15.31,41
2023-06-05 13:57:00,4365,15.2421,15.28,15.19,15.28,15.19,38
2023-06-05 13:58:00,486,15.1798,15.165,15.18,15.18,15.165,11
2023-06-05 13:59:00,4224,15.2261,15.2,15.255,15.28,15.195,87
2023-06-05 14:00:00,1634,15.2218,15.24,15.21,15.245,15.2,24
2023-06-05 14:01:00,4066,15.2794,15.28,15.26,15.3,15.25,71
2023-06-05 14:02:00,2014,15.3185,15.305,15.35,15.35,15.305,43
2023-06-05 14:03:00,1321,15.3304,15.36,15.31,15.36,15.31,27
2023-06-05 14:04:00,3434,15.2839,15.2615,15.2999,15.2999,15.26,27
2023-06-05 14:05:00,1293,15.2626,15.27,15.265,15.27,15.25,32
2023-06-05 14:06:00,4673,15.2645,15.255,15.21,15.3,15.21,86
2023-06-05 14:07:00,3124,15.2297,15.2023,15.2699,15.2699,15.2023,56
2023-06-05 14:08:00,1848,15.1971,15.22,15.18,15.22,15.17,31
2023-06-05 14:09:00,2110,15.0951,15.16,15.05,15.16,15.05,34
2023-06-05 14:10:00,2024,15.0256,15.0953,15.005,15.0953,15.0,48
2023-06-05 14:11:00,1461,14.9769,14.97,15.0,15.0,14.96,29
2023-06-05 14:12:00,5838,15.025,15.03,15.01,15.04,15.0099,70
2023-06-05 14:13:00,17218,14.9795,14.98,14.995,15.01,14.94,108
2023-06-05 14:14:00,862,14.9735,15.01,14.9553,15.01,14.9501,10
2023-06-05 14:15:00,3467,14.9736,15.0099,14.995,15.0212,14.94,42
2023-06-05 14:16:00,4525,15.0278,14.9838,15.05,15.05,14.9838,67
2023-06-05 14:17:00,2009,15.0693,15.07,15.08,15.09,15.06,32
2023-06-05 14:18:00,3143,15.076,15.1,15.08,15.105,15.041,51
2023-06-05 14:19:00,644,15.0924,15.09,15.09,15.095,15.09,10
2023-06-05 14:20:00,1086,15.0665,15.08,15.075,15.08,15.051,23
2023-06-05 14:21:00,2581,15.0575,15.09,15.045,15.09,15.03,43
2023-06-05 14:22:00,13462,15.0044,15.02,15.0,15.0699,14.98,133
2023-06-05 14:23:00,1167,15.0018,14.99,15.01,15.01,14.99,36
2023-06-05 14:24:00,949,14.9917,14.99,14.995,14.995,14.99,17
2023-06-05 14:25:00,1415,15.0025,15.0,14.9925,15.03,14.9925,32
2023-06-05 14:26:00,3361,15.0099,15.0,15.01,15.01,15.0,57
2023-06-05 14:27:00,11037,15.0077,14.981,15.05,15.05,14.98,195
2023-06-05 14:28:00,3765,15.0202,15.03,15.01,15.03,15.01,75
2023-06-05 14:29:00,1451,15.0172,15.025,15.001,15.03,15.001,29
2023-06-05 14:30:00,10980,15.0143,15.03,15.0,15.03,14.99,215
2023-06-05 14:31:00,8074,14.9954,14.98,15.02,15.02,14.975,85
2023-06-05 14:32:00,187,15.0147,15.015,15.015,15.015,15.015,6
2023-06-05 14:33:00,4248,15.0234,15.01,15.1,15.1,14.99,98
2023-06-05 14:34:00,3251,15.1066,15.105,15.1,15.14,15.1,21
2023-06-05 14:35:00,3136,15.1199,15.071,15.1,15.15,15.071,73
2023-06-05 14:36:00,877,15.0816,15.09,15.085,15.09,15.08,29
2023-06-05 14:37:00,2990,15.1041,15.1,15.12,15.13,15.1,77
2023-06-05 14:38:00,1218,15.1256,15.11,15.14,15.14,15.11,33
2023-06-05 14:39:00,484,15.1489,15.135,15.15,15.15,15.135,22
2023-06-05 14:40:00,2087,15.1839,15.15,15.21,15.21,15.15,45
2023-06-05 14:41:00,1228,15.2146,15.205,15.21,15.23,15.205,54
2023-06-05 14:42:00,2699,15.2575,15.25,15.24,15.28,15.23,64
2023-06-05 14:43:00,7068,15.2403,15.24,15.25,15.25,15.22,59
2023-06-05 14:44:00,1578,15.2366,15.23,15.23,15.23,15.23,66
2023-06-05 14:45:00,1547,15.2191,15.221,15.21,15.23,15.2,55
2023-06-05 14:46:00,1330,15.1555,15.18,15.14,15.18,15.14,58
2023-06-05 14:47:00,1920,15.1427,15.12,15.155,15.155,15.12,67
2023-06-05 14:48:00,1340,15.1777,15.13,15.11,15.13,15.11,24
2023-06-05 14:49:00,2875,15.1357,15.11,15.19,15.19,15.091,86
2023-06-05 14:50:00,1831,15.1593,15.185,15.16,15.185,15.15,41
2023-06-05 14:51:00,6767,15.1716,15.12,15.1799,15.1799,15.12,55
2023-06-05 14:52:00,1384,15.1078,15.12,15.095,15.12,15.09,45
2023-06-05 14:53:00,1768,15.1063,15.105,15.12,15.12,15.09,43
2023-06-05 14:54:00,1112,15.1351,15.12,15.14,15.14,15.101,36
2023-06-05 14:55:00,212,15.1549,15.155,15.155,15.155,15.155,10
2023-06-05 14:56:00,2587,15.1104,15.14,15.075,15.14,15.075,79
2023-06-05 14:57:00,680,15.0477,15.06,15.04,15.06,15.04,29
2023-06-05 14:58:00,3273,15.0669,15.04,15.0,15.05,15.0,62
2023-06-05 14:59:00,706,14.9762,14.985,14.975,14.985,14.96,22
2023-06-05 15:00:00,1429,14.9597,14.95,14.975,14.975,14.95,35
2023-06-05 15:01:00,2541,15.0045,15.0,15.02,15.02,15.0,52
2023-06-05 15:02:00,939,15.04,15.03,15.04,15.04,15.03,37
2023-06-05 15:03:00,100,15.05,15.05,15.05,15.05,15.05,1
2023-06-05 15:04:00,3299,15.0103,15.02,14.996,15.03,14.996,50
2023-06-05 15:05:00,3167,15.0138,15.01,15.0,15.03,14.996,68
2023-06-05 15:06:00,1270,14.9891,14.99,15.02,15.02,14.98,26
2023-06-05 15:07:00,623,15.0209,15.01,15.02,15.02,15.01,26
2023-06-05 15:10:00,1063,15.0639,15.05,15.08,15.08,15.05,28
2023-06-05 15:12:00,3750,15.0468,15.05,15.03,15.06,15.03,110
2023-06-05 15:13:00,2199,15.0417,15.03,15.055,15.055,15.03,53
2023-06-05 15:14:00,118,15.05,15.05,15.05,15.05,15.05,4
2023-06-05 15:15:00,903,15.0607,15.05,15.07,15.07,15.05,9
2023-06-05 15:17:00,4377,15.0389,15.075,15.02,15.075,15.01,89
2023-06-05 15:18:00,102,15.0204,15.02,15.02,15.02,15.02,2
2023-06-05 15:19:00,1221,15.0227,15.02,15.02,15.03,15.02,23
2023-06-05 15:20:00,3129,14.9914,15.01,14.98,15.01,14.98,51
2023-06-05 15:21:00,1229,14.9872,14.97,14.99,14.99,14.97,35
2023-06-05 15:22:00,2821,15.0092,14.999,15.02,15.02,14.999,63
2023-06-05 15:23:00,1073,15.0095,15.02,14.9884,15.02,14.9884,26
2023-06-05 15:24:00,1277,14.9885,14.98,15.0,15.0,14.98,33
2023-06-05 15:25:00,641,14.9972,15.02,14.99,15.02,14.99,26
2023-06-05 15:26:00,1178,15.009,15.01,15.02,15.02,15.01,40
2023-06-05 15:27:00,1032,15.0389,15.03,15.06,15.06,15.03,29
2023-06-05 15:28:00,859,15.0738,15.07,15.085,15.085,15.07,22
2023-06-05 15:30:00,3419,15.0403,15.07,15.03,15.07,15.02,81
2023-06-05 15:31:00,119,15.0392,15.04,15.04,15.04,15.04,3
2023-06-05 15:32:00,1478,15.0495,15.035,15.06,15.06,15.035,36
2023-06-05 15:33:00,999,15.0901,15.08,15.095,15.1,15.08,40
2023-06-05 15:34:00,1223,15.081,15.095,15.08,15.095,15.07,27
2023-06-05 15:36:00,1240,15.0607,15.08,15.05,15.08,15.05,33
2023-06-05 15:37:00,3541,15.073,15.07,15.07,15.08,15.06,54
2023-06-05 15:38:00,1025,15.087,15.087,15.09,15.09,15.087,20
2023-06-05 15:39:00,10014,15.0805,15.095,15.08,15.12,15.0701,75
2023-06-05 15:40:00,1028,15.0919,15.08,15.1,15.1,15.08,21
2023-06-05 15:42:00,293,15.0847,15.085,15.085,15.085,15.085,9
2023-06-05 15:43:00,6827,15.0589,15.09,15.05,15.09,15.04,129
2023-06-05 15:44:00,1064,15.0344,15.02,15.04,15.04,15.02,29
2023-06-05 15:46:00,2338,15.0538,15.05,15.07,15.07,15.05,51
2023-06-05 15:47:00,1523,15.0709,15.07,15.08,15.08,15.07,15
2023-06-05 15:48:00,1397,15.0489,15.05,15.05,15.05,15.05,40
2023-06-05 15:49:00,115,15.0591,15.06,15.06,15.06,15.06,3
2023-06-05 15:50:00,1251,15.0757,15.06,15.09,15.09,15.06,43
2023-06-05 15:51:00,261,15.0923,15.1,15.1,15.1,15.1,9
2023-06-05 15:52:00,1343,15.0745,15.08,15.06,15.08,15.06,39
2023-06-05 15:53:00,178,15.0569,15.06,15.06,15.06,15.06,6
2023-06-05 15:54:00,1479,15.0628,15.06,15.075,15.075,15.06,44
2023-06-05 15:55:00,3203,15.0834,15.089,15.08,15.09,15.07,49
2023-06-05 15:56:00,4442,15.0942,15.08,15.11,15.11,15.07,80
2023-06-05 15:58:00,1349,15.1242,15.11,15.13,15.14,15.11,40
2023-06-05 15:59:00,1252,15.0922,15.13,15.13,15.13,15.13,8
2023-06-05 16:00:00,1405,15.1509,15.125,15.15,15.16,15.125,26
2023-06-05 16:01:00,1515,15.1483,15.15,15.145,15.15,15.14,41
2023-06-05 16:02:00,400,15.1505,15.16,15.14,15.16,15.14,3
2023-06-05 16:03:00,7211,15.1771,15.13,15.2,15.21,15.12,70
2023-06-05 16:04:00,2382,15.1967,15.2,15.18,15.2,15.18,56
2023-06-05 16:05:00,2224,15.2132,15.2,15.245,15.245,15.2,45
2023-06-05 16:06:00,1218,15.2643,15.26,15.26,15.26,15.26,22
2023-06-05 16:08:00,4925,15.2744,15.26,15.2803,15.285,15.26,66
2023-06-05 16:10:00,1926,15.2885,15.28,15.29,15.29,15.28,56
2023-06-05 16:11:00,12800,15.3419,15.295,15.31,15.3599,15.295,82
2023-06-05 16:12:00,1646,15.3463,15.35,15.34,15.35,15.34,39
2023-06-05 16:15:00,3099,15.3698,15.35,15.365,15.41,15.35,62
2023-06-05 16:16:00,258,15.4184,15.42,15.42,15.42,15.42,16
2023-06-05 16:17:00,1335,15.4363,15.425,15.45,15.45,15.425,22
2023-06-05 16:18:00,1544,15.4251,15.44,15.42,15.44,15.42,50
2023-06-05 16:19:00,8048,15.4441,15.45,15.42,15.47,15.42,85
2023-06-05 16:20:00,1924,15.4211,15.42,15.43,15.43,15.41,34
2023-06-05 16:21:00,2677,15.4295,15.43,15.43,15.43,15.4292,16
2023-06-05 16:22:00,1519,15.4237,15.43,15.41,15.43,15.41,47
2023-06-05 16:23:00,2034,15.4236,15.42,15.42,15.42,15.42,37
2023-06-05 16:24:00,2035,15.4193,15.42,15.42,15.42,15.41,63
2023-06-05 16:26:00,1418,15.4414,15.44,15.45,15.45,15.44,39
2023-06-05 16:27:00,630,15.4708,15.46,15.495,15.495,15.46,21
2023-06-05 16:28:00,3071,15.4834,15.5,15.47,15.5,15.47,48
2023-06-05 16:29:00,3279,15.5178,15.52,15.53,15.53,15.51,74
2023-06-05 16:30:00,148,15.5249,15.521,15.521,15.521,15.521,4
2023-06-05 16:31:00,333,15.5331,15.53,15.54,15.54,15.53,8
2023-06-05 16:32:00,4536,15.5521,15.54,15.57,15.58,15.54,47
2023-06-05 16:33:00,1184,15.5151,15.58,15.565,15.58,15.565,7
2023-06-05 16:34:00,7523,15.5093,15.552,15.44,15.552,15.43,140
2023-06-05 16:35:00,2095,15.451,15.435,15.46,15.46,15.435,44
2023-06-05 16:36:00,1604,15.4284,15.44,15.43,15.44,15.42,34
2023-06-05 16:37:00,180,15.4326,15.435,15.435,15.435,15.435,7
2023-06-05 16:38:00,1248,15.451,15.45,15.45,15.453,15.45,34
2023-06-05 16:39:00,1482,15.3975,15.41,15.39,15.41,15.39,38
2023-06-05 16:41:00,2104,15.4187,15.41,15.41,15.43,15.41,55
2023-06-05 16:42:00,145,15.4241,15.43,15.43,15.43,15.43,6
2023-06-05 16:43:00,610,15.4151,15.415,15.415,15.415,15.415,3
2023-06-05 16:44:00,1055,15.4233,15.415,15.415,15.415,15.415,10
2023-06-05 16:45:00,918,15.4294,15.43,15.435,15.435,15.4263,19
2023-06-05 16:46:00,1047,15.4545,15.45,15.46,15.46,15.45,33
2023-06-05 16:48:00,1383,15.4788,15.47,15.5,15.5,15.47,24
2023-06-05 16:49:00,2706,15.4985,15.49,15.51,15.51,15.49,56
2023-06-05 16:50:00,1310,15.5225,15.52,15.53,15.54,15.52,36
2023-06-05 16:52:00,1848,15.4983,15.53,15.48,15.53,15.48,33
2023-06-05 16:53:00,1227,15.4698,15.47,15.47,15.47,15.47,31
2023-06-05 16:54:00,2261,15.4638,15.46,15.44,15.46,15.44,35
2023-06-05 16:55:00,4028,15.4254,15.44,15.41,15.44,15.41,89
2023-06-05 16:56:00,517,15.3978,15.4,15.4,15.4,15.4,14
2023-06-05 16:57:00,473,15.3797,15.388,15.371,15.388,15.371,10
2023-06-05 16:58:00,2548,15.389,15.38,15.41,15.41,15.38,65
2023-06-05 16:59:00,513,15.4069,15.4,15.405,15.42,15.4,9
2023-06-05 17:00:00,4173,15.4222,15.42,15.41,15.43,15.41,63
2023-06-05 17:01:00,2579,15.3897,15.39,15.39,15.39,15.381,24
2023-06-05 17:02:00,1294,15.3633,15.38,15.35,15.38,15.35,28
2023-06-05 17:03:00,1112,15.3447,15.35,15.33,15.36,15.33,32
2023-06-05 17:04:00,2965,15.3407,15.33,15.335,15.34,15.33,56
2023-06-05 17:05:00,461,15.324,15.32,15.32,15.32,15.32,13
2023-06-05 17:06:00,708,15.3136,15.31,15.3,15.31,15.3,23
2023-06-05 17:08:00,3195,15.3241,15.31,15.32,15.35,15.31,67
2023-06-05 17:09:00,185,15.3166,15.315,15.315,15.315,15.315,5
2023-06-05 17:10:00,404,15.3245,15.32,15.32,15.32,15.32,12
2023-06-05 17:12:00,1954,15.2982,15.3,15.29,15.3,15.29,36
2023-06-05 17:13:00,1183,15.2995,15.3,15.3,15.3,15.3,31
2023-06-05 17:14:00,1369,15.3054,15.29,15.3,15.3,15.29,16
2023-06-05 17:15:00,2148,15.2644,15.295,15.24,15.295,15.24,44
2023-06-05 17:16:00,567,15.2562,15.25,15.25,15.25,15.25,16
2023-06-05 17:17:00,2778,15.2493,15.245,15.25,15.27,15.23,56
2023-06-05 17:18:00,584,15.25,15.25,15.25,15.25,15.25,20
2023-06-05 17:19:00,2412,15.2606,15.255,15.27,15.275,15.23,49
2023-06-05 17:20:00,1162,15.2794,15.275,15.28,15.28,15.275,31
2023-06-05 17:21:00,1024,15.2771,15.275,15.28,15.28,15.275,22
2023-06-05 17:22:00,1080,15.2795,15.285,15.28,15.285,15.27,21
2023-06-05 17:23:00,1106,15.2912,15.29,15.29,15.3,15.29,29
2023-06-05 17:25:00,229,15.2843,15.285,15.285,15.285,15.285,6
2023-06-05 17:26:00,5351,15.2562,15.285,15.24,15.285,15.23,108
2023-06-05 17:27:00,1452,15.2238,15.24,15.21,15.24,15.21,38
2023-06-05 17:28:00,2485,15.1667,15.21,15.15,15.21,15.15,46
2023-06-05 17:29:00,281,15.1423,15.145,15.145,15.145,15.145,6
2023-06-05 17:30:00,1788,15.155,15.15,15.15,15.16,15.15,50
2023-06-05 17:32:00,3094,15.1313,15.14,15.101,15.15,15.101,83
2023-06-05 17:33:00,887,15.11,15.11,15.11,15.11,15.11,14
2023-06-05 17:34:00,2477,15.1227,15.12,15.1228,15.13,15.12,48
2023-06-05 17:35:00,352,15.1356,15.14,15.13,15.14,15.13,13
2023-06-05 17:36:00,315,15.1284,15.13,15.13,15.13,15.13,7
2023-06-05 17:37:00,557,15.1395,15.125,15.125,15.125,15.125,5
2023-06-05 17:38:00,3226,15.103,15.12,15.09,15.12,15.08,66
2023-06-05 17:39:00,926,15.0775,15.0951,15.08,15.0951,15.07,28
2023-06-05 17:40:00,1008,15.0959,15.09,15.1,15.1,15.09,29
2023-06-05 17:43:00,1578,15.1123,15.1,15.115,15.12,15.1,53
2023-06-05 17:44:00,872,15.1063,15.11,15.105,15.11,15.1,20
2023-06-05 17:45:00,2555,15.0689,15.09,15.06,15.09,15.06,65
2023-06-05 17:46:00,1745,15.0826,15.07,15.11,15.11,15.07,38
2023-06-05 17:48:00,851,15.0902,15.1,15.1,15.1,15.1,8
2023-06-05 17:50:00,1728,15.106,15.1,15.11,15.11,15.1,48
2023-06-05 17:51:00,3240,15.125,15.13,15.12,15.13,15.11,75
2023-06-05 17:52:00,1771,15.1317,15.13,15.13,15.14,15.13,54
2023-06-05 17:53:00,1332,15.1241,15.1163,15.14,15.14,15.1163,30
2023-06-05 17:54:00,298,15.1499,15.15,15.15,15.15,15.15,4
2023-06-05 17:56:00,2254,15.1805,15.155,15.2,15.2,15.155,59
2023-06-05 17:57:00,1078,15.2165,15.22,15.22,15.22,15.21,30
2023-06-05 17:58:00,1246,15.1734,15.21,15.2,15.21,15.2,27
2023-06-05 17:59:00,118,15.2086,15.21,15.21,15.21,15.21,7
2023-06-05 18:00:00,2750,15.1973,15.2,15.2,15.2,15.19,89
2023-06-05 18:01:00,2614,15.2084,15.2,15.2,15.219,15.2,30
2023-06-05 18:02:00,271,15.2188,15.22,15.22,15.22,15.22,4
2023-06-05 18:03:00,3253,15.1858,15.2,15.175,15.2,15.17,57
2023-06-05 18:05:00,423,15.1681,15.17,15.17,15.17,15.17,13
2023-06-05 18:06:00,3570,15.1703,15.16,15.17,15.18,15.16,59
2023-06-05 18:07:00,1080,15.1615,15.175,15.16,15.175,15.16,5
2023-06-05 18:08:00,1997,15.1721,15.16,15.17,15.18,15.16,37
2023-06-05 18:09:00,420,15.1751,15.175,15.175,15.175,15.175,8
2023-06-05 18:10:00,4705,15.2169,15.19,15.26,15.26,15.19,106
2023-06-05 18:11:00,3418,15.2412,15.26,15.24,15.26,15.23,63
2023-06-05 18:12:00,515,15.2272,15.235,15.235,15.235,15.235,9
2023-06-05 18:13:00,2221,15.2496,15.24,15.275,15.275,15.24,49
2023-06-05 18:14:00,305,15.2706,15.275,15.28,15.28,15.275,9
2023-06-05 18:15:00,1367,15.2874,15.28,15.3,15.3,15.28,34
2023-06-05 18:16:00,209,15.2725,15.29,15.29,15.29,15.29,5
2023-06-05 18:17:00,983,15.2845,15.29,15.28,15.29,15.28,18
2023-06-05 18:18:00,4191,15.2796,15.28,15.3,15.3,15.27,95
2023-06-05 18:19:00,779,15.3323,15.32,15.34,15.34,15.32,18
2023-06-05 18:22:00,1042,15.361,15.36,15.36,15.365,15.36,29
2023-06-05 18:23:00,1694,15.3841,15.38,15.4,15.4,15.38,50
2023-06-05 18:24:00,4392,15.3865,15.39,15.39,15.4,15.38,68
2023-06-05 18:25:00,5738,15.3755,15.39,15.375,15.39,15.36,77
2023-06-05 18:26:00,3878,15.3424,15.36,15.35,15.36,15.33,81
2023-06-05 18:27:00,615,15.3496,15.35,15.35,15.35,15.35,13
2023-06-05 18:28:00,120,15.3458,15.345,15.345,15.345,15.345,2
2023-06-05 18:30:00,2199,15.3549,15.36,15.33,15.3738,15.33,59
2023-06-05 18:31:00,1671,15.3366,15.33,15.35,15.35,15.33,36
2023-06-05 18:32:00,464,15.3438,15.34,15.331,15.35,15.331,4
2023-06-05 18:33:00,3734,15.3333,15.34,15.34,15.34,15.32,69
2023-06-05 18:34:00,3445,15.2997,15.32,15.29,15.32,15.275,62
2023-06-05 18:35:00,3075,15.2923,15.29,15.29,15.3,15.28,53
2023-06-05 18:36:00,268,15.294,15.3,15.29,15.3,15.29,5
2023-06-05 18:37:00,2541,15.2764,15.28,15.28,15.28,15.26,59
2023-06-05 18:38:00,5416,15.2686,15.28,15.28,15.28,15.26,74
2023-06-05 18:40:00,1534,15.2927,15.27,15.27,15.27,15.27,12
2023-06-05 18:41:00,202,15.2708,15.27,15.27,15.27,15.27,4
2023-06-05 18:42:00,1403,15.2852,15.29,15.275,15.29,15.275,51
2023-06-05 18:43:00,3997,15.2617,15.26,15.27,15.27,15.25,78
2023-06-05 18:44:00,1525,15.2786,15.28,15.28,15.29,15.28,43
2023-06-05 18:45:00,4052,15.258,15.26,15.275,15.275,15.25,76
2023-06-05 18:46:00,633,15.2728,15.27,15.28,15.28,15.27,21
2023-06-05 18:48:00,1099,15.27,15.27,15.28,15.28,15.26,31
2023-06-05 18:50:00,1516,15.2634,15.275,15.26,15.275,15.255,35
2023-06-05 18:51:00,5581,15.2673,15.26,15.27,15.27,15.25,82
2023-06-05 18:52:00,2064,15.252,15.25,15.26,15.26,15.24,50
2023-06-05 18:53:00,2732,15.2593,15.26,15.26,15.265,15.255,56
2023-06-05 18:54:00,2554,15.2608,15.265,15.26,15.265,15.25,39
2023-06-05 18:55:00,4710,15.2668,15.25,15.28,15.28,15.25,67
2023-06-05 18:56:00,598,15.2685,15.27,15.27,15.27,15.27,13
2023-06-05 18:57:00,1670,15.2668,15.26,15.275,15.275,15.26,50
2023-06-05 18:58:00,3603,15.2841,15.275,15.31,15.31,15.275,74
2023-06-05 18:59:00,610,15.3066,15.31,15.31,15.31,15.31,25
2023-06-05 19:00:00,2278,15.3177,15.31,15.34,15.34,15.31,48
2023-06-05 19:01:00,4183,15.3134,15.32,15.3,15.32,15.3,90
2023-06-05 19:02:00,885,15.3048,15.31,15.3,15.31,15.3,22
2023-06-05 19:03:00,3348,15.2966,15.3,15.3,15.3,15.29,79
2023-06-05 19:04:00,1939,15.2931,15.295,15.29,15.3,15.29,14
2023-06-05 19:05:00,2764,15.2839,15.295,15.295,15.295,15.28,54
2023-06-05 19:06:00,2830,15.306,15.295,15.31,15.31,15.295,55
2023-06-05 19:07:00,2216,15.3196,15.31,15.33,15.33,15.3073,63
2023-06-05 19:08:00,4233,15.3416,15.34,15.34,15.36,15.335,112
2023-06-05 19:09:00,713,15.3446,15.34,15.35,15.35,15.34,22
2023-06-05 19:10:00,1907,15.3584,15.36,15.37,15.37,15.35,63
2023-06-05 19:11:00,953,15.3706,15.369,15.375,15.375,15.369,19
2023-06-05 19:12:00,2644,15.3981,15.38,15.43,15.43,15.38,89
2023-06-05 19:13:00,631,15.4194,15.43,15.425,15.43,15.425,16
2023-06-05 19:14:00,4905,15.4264,15.425,15.44,15.46,15.425,118
2023-06-05 19:15:00,1561,15.4291,15.43,15.425,15.43,15.42,46
2023-06-05 19:16:00,6345,15.3916,15.43,15.36,15.43,15.36,128
2023-06-05 19:17:00,2754,15.3569,15.37,15.35,15.37,15.35,69
2023-06-05 19:18:00,613,15.3661,15.36,15.37,15.37,15.36,35
2023-06-05 19:19:00,2061,15.3736,15.36,15.38,15.38,15.36,73
2023-06-05 19:20:00,138,15.371,15.37,15.37,15.37,15.37,6
2023-06-05 19:21:00,3623,15.3999,15.36,15.43,15.43,15.36,113
2023-06-05 19:22:00,1825,15.4198,15.43,15.44,15.44,15.42,46
2023-06-05 19:23:00,4555,15.4142,15.43,15.42,15.43,15.41,110
2023-06-05 19:24:00,1891,15.4022,15.415,15.42,15.42,15.415,18
2023-06-05 19:25:00,790,15.4076,15.41,15.409,15.41,15.409,36
2023-06-05 19:26:00,4719,15.4127,15.41,15.41,15.43,15.41,121
2023-06-05 19:27:00,1721,15.4223,15.42,15.4299,15.43,15.415,37
2023-06-05 19:28:00,3254,15.4013,15.415,15.409,15.415,15.39,74
2023-06-05 19:29:00,1636,15.4092,15.4,15.41,15.41,15.4,49
2023-06-05 19:30:00,3412,15.4078,15.41,15.41,15.419,15.4,100
2023-06-05 19:31:00,6339,15.4381,15.42,15.45,15.46,15.42,144
2023-06-05 19:32:00,2658,15.4562,15.44,15.48,15.48,15.43,70
2023-06-05 19:33:00,1437,15.4745,15.48,15.49,15.49,15.48,33
2023-06-05 19:34:00,8152,15.463,15.47,15.48,15.48,15.46,104
2023-06-05 19:35:00,7494,15.4854,15.48,15.4818,15.5,15.47,140
2023-06-05 19:36:00,2758,15.484,15.49,15.4818,15.49,15.4818,38
2023-06-05 19:37:00,6074,15.5047,15.5,15.52,15.52,15.495,119
2023-06-05 19:38:00,5826,15.5455,15.52,15.58,15.58,15.515,142
2023-06-05 19:39:00,4673,15.5958,15.589,15.63,15.63,15.5718,120
2023-06-05 19:40:00,3878,15.6226,15.615,15.65,15.65,15.61,114
2023-06-05 19:41:00,6359,15.6479,15.65,15.64,15.66,15.635,126
2023-06-05 19:42:00,14845,15.627,15.64,15.61,15.65,15.61,276
2023-06-05 19:43:00,6472,15.6247,15.62,15.631,15.64,15.615,130
2023-06-05 19:44:00,12447,15.6114,15.635,15.61,15.635,15.6,188
2023-06-05 19:45:00,5086,15.596,15.6,15.585,15.6,15.585,108
2023-06-05 19:46:00,4578,15.5709,15.58,15.58,15.58,15.55,93
2023-06-05 19:47:00,1976,15.5668,15.58,15.56,15.58,15.55,43
2023-06-05 19:48:00,3096,15.5674,15.55,15.57,15.57,15.55,49
2023-06-05 19:49:00,9270,15.553,15.56,15.555,15.56,15.54,141
2023-06-05 19:50:00,5389,15.5432,15.55,15.525,15.55,15.525,121
2023-06-05 19:51:00,11517,15.4916,15.51,15.48,15.51,15.47,222
2023-06-05 19:52:00,5777,15.4859,15.48,15.48,15.49,15.48,122
2023-06-05 19:53:00,9938,15.4816,15.485,15.495,15.495,15.47,208
2023-06-05 19:54:00,14001,15.4929,15.495,15.46,15.495,15.46,219
2023-06-05 19:55:00,7141,15.4307,15.45,15.415,15.45,15.415,123
2023-06-05 19:56:00,16126,15.4457,15.415,15.48,15.49,15.4,282
2023-06-05 19:57:00,18093,15.477,15.48,15.475,15.49,15.47,232
2023-06-05 19:58:00,23900,15.4741,15.47,15.475,15.485,15.465,402
2023-06-05 19:59:00,28906,15.4999,15.475,15.51,15.53,15.475,455
2023-06-05 20:00:00,9563,15.51,15.51,15.51,15.51,15.51,10
2023-06-06 13:29:00,1556,15.5,15.5,15.5,15.5,15.5,1
2023-06-06 13:30:00,38014,15.6495,15.52,16.13,16.13,15.3,327
2023-06-06 13:31:00,14366,16.2832,16.13,16.23,16.45,16.13,138
2023-06-06 13:32:00,25316,16.572,16.18,16.56,16.91,16.18,272
2023-06-06 13:33:00,11476,16.4505,16.56,16.39,16.57,16.28,129
2023-06-06 13:34:00,15869,16.545,16.4,16.86,16.87,16.22,194
2023-06-06 13:35:00,16753,16.8287,16.87,16.5,17.04,16.5,269
2023-06-06 13:36:00,15828,16.5271,16.53,16.6482,16.6482,16.47,74
2023-06-06 13:37:00,16804,16.5545,16.52,16.535,16.68,16.47,150
2023-06-06 13:38:00,885,16.5447,16.5,16.585,16.585,16.5,9
2023-06-06 13:39:00,1919,16.5249,16.59,16.53,16.59,16.45,32
2023-06-06 13:40:00,3670,16.3856,16.45,16.36,16.45,16.3,63
2023-06-06 13:41:00,13433,16.5228,16.33,16.62,16.64,16.31,187
2023-06-06 13:42:00,2057,16.5122,16.575,16.505,16.575,16.5,70
2023-06-06 13:43:00,2845,16.4337,16.43,16.46,16.46,16.38,44
2023-06-06 13:44:00,15026,16.6012,16.4385,16.55,16.7,16.4385,213
2023-06-06 13:45:00,611,16.5627,16.51,16.61,16.61,16.51,25
2023-06-06 13:46:00,9933,16.5714,16.58,16.5964,16.62,16.55,140
2023-06-06 13:47:00,2627,16.6525,16.63,16.65,16.695,16.62,71
2023-06-06 13:48:00,20427,16.7597,16.65,16.76,16.88,16.63,189
2023-06-06 13:49:00,5938,16.8241,16.78,16.905,16.94,16.75,130
2023-06-06 13:50:00,24257,17.0117,16.9,16.97,17.095,16.86,325
2023-06-06 13:51:00,3526,16.812,16.9665,16.785,16.9665,16.75,52
2023-06-06 13:52:00,2166,16.7581,16.795,16.7658,16.795,16.7168,26
2023-06-06 13:53:00,4222,16.8364,16.72,16.91,16.91,16.72,82
2023-06-06 13:54:00,2868,16.8334,16.885,16.815,16.885,16.7501,26
2023-06-06 13:55:00,1304,16.798,16.7784,16.85,16.85,16.7784,32
2023-06-06 13:56:00,1649,16.7464,16.77,16.67,16.77,16.67,35
2023-06-06 13:57:00,3580,16.6783,16.67,16.695,16.71,16.63,63
2023-06-06 13:59:00,10585,16.7479,16.685,16.82,16.82,16.64,127
2023-06-06 14:00:00,2907,16.7845,16.785,16.755,16.82,16.755,51
2023-06-06 14:01:00,2125,16.7357,16.755,16.725,16.755,16.7,30
2023-06-06 14:02:00,6904,16.7614,16.75,16.75,16.81,16.69,115
2023-06-06 14:03:00,4607,16.7333,16.72,16.75,16.75,16.69,77
2023-06-06 14:04:00,4756,16.6829,16.72,16.59,16.72,16.59,80
2023-06-06 14:05:00,2977,16.6651,16.615,16.71,16.72,16.615,64
2023-06-06 14:06:00,3805,16.706,16.73,16.705,16.73,16.675,53
2023-06-06 14:07:00,17740,16.7794,16.72,16.77,16.83,16.72,118
2023-06-06 14:08:00,233,16.8102,16.8289,16.8289,16.8289,16.8289,4
2023-06-06 14:09:00,16796,16.8903,16.83,16.83,16.93,16.82,170
2023-06-06 14:10:00,2098,16.827,16.82,16.87,16.88,16.8,49
2023-06-06 14:11:00,6108,16.8885,16.83,16.95,16.95,16.83,77
2023-06-06 14:12:00,5736,16.9498,16.95,16.96,17.02,16.9,57
2023-06-06 14:13:00,5798,17.0059,16.98,17.07,17.07,16.98,81
2023-06-06 14:14:00,5462,17.0274,17.045,17.0,17.06,16.99,102
2023-06-06 14:15:00,3433,16.9268,16.96,16.91,16.97,16.85,41
2023-06-06 14:16:00,4643,16.8571,16.85,16.86,16.9,16.8,76
2023-06-06 14:17:00,2100,16.9013,16.865,16.9022,16.9022,16.865,6
2023-06-06 14:18:00,4338,16.7967,16.83,16.8,16.835,16.75,35
2023-06-06 14:19:00,1147,16.8429,16.85,16.88,16.88,16.79,33
2023-06-06 14:20:00,2759,16.8859,16.87,16.91,16.91,16.87,40
2023-06-06 14:21:00,2744,16.9017,16.92,16.9117,16.94,16.87,34
2023-06-06 14:22:00,1901,16.8786,16.9,16.83,16.9184,16.83,45
2023-06-06 14:23:00,2442,16.877,16.87,16.83,16.9,16.83,29
2023-06-06 14:24:00,1635,16.8361,16.83,16.84,16.84,16.82,45
2023-06-06 14:25:00,6081,16.905,16.88,16.93,16.93,16.88,70
2023-06-06 14:26:00,4176,16.9354,16.97,16.84,16.99,16.84,81
2023-06-06 14:27:00,2578,16.9926,16.97,17.0417,17.0417,16.945,61
2023-06-06 14:28:00,1248,16.9878,17.03,16.975,17.03,16.975,21
2023-06-06 14:29:00,1533,17.0041,16.985,17.02,17.02,16.985,39
2023-06-06 14:30:00,8673,17.1138,17.02,17.23,17.23,17.02,178
2023-06-06 14:31:00,61449,17.3175,17.23,17.2,17.49,17.15,611
2023-06-06 14:32:00,14972,17.202,17.2322,17.27,17.27,17.175,63
2023-06-06 14:33:00,10436,17.2886,17.24,17.3,17.34,17.235,80
2023-06-06 14:34:00,5995,17.2677,17.31,17.21,17.33,17.21,115
2023-06-06 14:35:00,8813,17.3111,17.195,17.39,17.39,17.195,152
2023-06-06 14:36:00,3591,17.3352,17.35,17.3258,17.369,17.31,51
2023-06-06 14:37:00,2031,17.2918,17.27,17.305,17.305,17.27,24
2023-06-06 14:38:00,9821,17.2368,17.26,17.25,17.26,17.1403,49
2023-06-06 14:39:00,2738,17.2848,17.28,17.32,17.32,17.265,58
2023-06-06 14:40:00,2603,17.3234,17.345,17.32,17.345,17.32,46
2023-06-06 14:41:00,5321,17.3272,17.32,17.35,17.38,17.29,113
2023-06-06 14:42:00,7914,17.3859,17.4,17.39,17.44,17.37,35
2023-06-06 14:43:00,11301,17.357,17.37,17.285,17.38,17.28,92
2023-06-06 14:44:00,3391,17.3039,17.26,17.37,17.37,17.26,68
2023-06-06 14:45:00,3483,17.3973,17.37,17.37,17.43,17.36,57
2023-06-06 14:46:00,3241,17.4188,17.3911,17.45,17.48,17.39,47
2023-06-06 14:47:00,5019,17.4673,17.445,17.505,17.55,17.4369,66
2023-06-06 14:48:00,955,17.4883,17.485,17.5,17.5,17.475,22
2023-06-06 14:49:00,3177,17.5066,17.5,17.53,17.535,17.5,62
2023-06-06 14:50:00,2680,17.4999,17.5,17.5,17.5,17.5,31
2023-06-06 14:51:00,1532,17.4936,17.49,17.49,17.5,17.485,38
2023-06-06 14:52:00,1626,17.503,17.49,17.495,17.51,17.49,35
2023-06-06 14:53:00,7291,17.4971,17.495,17.5,17.51,17.46,117
2023-06-06 14:54:00,4105,17.4794,17.5,17.47,17.5,17.47,26
2023-06-06 14:55:00,5415,17.4518,17.49,17.44,17.49,17.42,74
2023-06-06 14:56:00,3892,17.4754,17.44,17.52,17.52,17.44,85
2023-06-06 14:57:00,6979,17.5256,17.52,17.47,17.55,17.47,150
2023-06-06 14:58:00,1436,17.5022,17.5,17.5,17.51,17.5,41
2023-06-06 14:59:00,4281,17.5206,17.505,17.505,17.54,17.5,67
2023-06-06 15:00:00,1352,17.4765,17.5,17.48,17.5,17.46,40
2023-06-06 15:01:00,1633,17.4002,17.41,17.3941,17.41,17.39,38
2023-06-06 15:02:00,5148,17.4418,17.4,17.5,17.5,17.4,72
2023-06-06 15:03:00,1455,17.4594,17.4501,17.4568,17.49,17.4501,16
2023-06-06 15:04:00,1290,17.4723,17.475,17.4586,17.4946,17.451,16
2023-06-06 15:05:00,1633,17.4574,17.47,17.4485,17.5,17.4485,14
2023-06-06 15:06:00,5452,17.4823,17.5,17.5,17.51,17.44,98
2023-06-06 15:07:00,4667,17.4956,17.498,17.5,17.5,17.48,98
2023-06-06 15:08:00,3771,17.5075,17.5,17.51,17.53,17.5,76
2023-06-06 15:09:00,1297,17.5093,17.52,17.51,17.54,17.5,20
2023-06-06 15:10:00,5396,17.5425,17.52,17.55,17.58,17.51,112
2023-06-06 15:11:00,1650,17.5587,17.55,17.555,17.57,17.55,40
2023-06-06 15:12:00,4619,17.5791,17.57,17.56,17.6,17.56,82
2023-06-06 15:13:00,1086,17.5575,17.58,17.55,17.58,17.55,35
2023-06-06 15:14:00,2394,17.5133,17.54,17.48,17.54,17.48,65
2023-06-06 15:15:00,1650,17.5148,17.5115,17.5,17.53,17.5,40
2023-06-06 15:16:00,548,17.4775,17.46,17.49,17.49,17.46,20
2023-06-06 15:17:00,2832,17.4936,17.5,17.47,17.5,17.47,70
2023-06-06 15:18:00,1781,17.4901,17.475,17.48,17.5,17.475,41
2023-06-06 15:19:00,1930,17.4846,17.4972,17.485,17.4972,17.47,28
2023-06-06 15:20:00,1937,17.4976,17.5,17.49,17.51,17.49,60
2023-06-06 15:21:00,2399,17.5059,17.51,17.47,17.53,17.47,53
2023-06-06 15:22:00,1387,17.4715,17.488,17.475,17.488,17.475,66
2023-06-06 15:23:00,2630,17.4584,17.45,17.47,17.47,17.44,65
2023-06-06 15:24:00,2507,17.467,17.45,17.465,17.5,17.45,110
2023-06-06 15:25:00,1655,17.4533,17.4545,17.45,17.4545,17.445,55
2023-06-06 15:26:00,602,17.4238,17.43,17.43,17.43,17.43,35
2023-06-06 15:27:00,908,17.4381,17.425,17.435,17.44,17.425,28
2023-06-06 15:28:00,2289,17.4425,17.435,17.44,17.45,17.43,61
2023-06-06 15:29:00,4908,17.363,17.43,17.35,17.43,17.34,84
2023-06-06 15:30:00,3452,17.3569,17.38,17.33,17.38,17.32,46
2023-06-06 15:31:00,3460,17.3493,17.325,17.36,17.38,17.31,84
2023-06-06 15:32:00,1177,17.3307,17.36,17.3115,17.36,17.31,20
2023-06-06 15:33:00,2763,17.2793,17.31,17.25,17.31,17.25,42
2023-06-06 15:34:00,1908,17.2477,17.23,17.235,17.27,17.23,53
2023-06-06 15:35:00,3655,17.263,17.24,17.29,17.295,17.24,86
2023-06-06 15:36:00,897,17.3093,17.3,17.3185,17.3185,17.3,29
2023-06-06 15:37:00,3120,17.3117,17.3,17.28,17.33,17.28,94
2023-06-06 15:38:00,1920,17.2981,17.275,17.31,17.31,17.275,52
2023-06-06 15:39:00,2742,17.3093,17.32,17.305,17.32,17.305,37
2023-06-06 15:40:00,1381,17.2913,17.29,17.285,17.31,17.28,27
2023-06-06 15:41:00,4544,17.2985,17.278,17.33,17.33,17.2701,77
2023-06-06 15:42:00,2364,17.3213,17.315,17.29,17.34,17.29,74
2023-06-06 15:43:00,1604,17.2513,17.29,17.201,17.29,17.201,31
2023-06-06 15:44:00,1708,17.2269,17.23,17.21,17.23,17.21,37
2023-06-06 15:45:00,3217,17.2339,17.215,17.235,17.24,17.215,90
2023-06-06 15:46:00,6000,17.2338,17.25,17.23,17.25,17.2,102
2023-06-06 15:47:00,970,17.2387,17.235,17.23,17.24,17.23,31
2023-06-06 15:48:00,769,17.2345,17.23,17.23,17.23,17.23,21
2023-06-06 15:49:00,1110,17.2219,17.22,17.21,17.22,17.21,25
2023-06-06 15:50:00,213,17.1901,17.1901,17.1901,17.1901,17.1901,4
2023-06-06 15:51:00,2070,17.1604,17.19,17.14,17.19,17.14,61
2023-06-06 15:52:00,5316,17.0597,17.12,17.05,17.12,17.01,111
2023-06-06 15:53:00,2077,17.0623,17.05,17.065,17.0799,17.05,45
2023-06-06 15:54:00,6048,17.0553,17.07,17.035,17.08,17.03,116
2023-06-06 15:55:00,2298,17.0364,17.035,17.04,17.04,17.03,49
2023-06-06 15:56:00,4705,17.0016,17.035,16.975,17.05,16.97,92
2023-06-06 15:57:00,3696,17.0165,16.975,17.07,17.07,16.975,91
2023-06-06 15:58:00,3932,17.064,17.07,17.09,17.09,17.04,72
2023-06-06 15:59:00,2919,17.0816,17.08,17.065,17.09,17.065,65
2023-06-06 16:00:00,989,17.0797,17.07,17.1,17.1,17.07,38
2023-06-06 16:01:00,1208,17.0835,17.1,17.06,17.11,17.06,51
2023-06-06 16:03:00,2206,17.0414,17.06,17.04,17.06,17.03,50
2023-06-06 16:04:00,1299,17.0545,17.05,17.06,17.07,17.05,28
2023-06-06 16:05:00,585,17.0561,17.06,17.06,17.06,17.06,19
2023-06-06 16:06:00,413,17.0598,17.06,17.06,17.06,17.06,14
2023-06-06 16:07:00,852,17.0503,17.065,17.04,17.065,17.04,25
2023-06-06 16:08:00,589,17.0461,17.04,17.04,17.04,17.04,19
2023-06-06 16:09:00,6323,17.0856,17.07,17.15,17.15,17.06,150
2023-06-06 16:10:00,1175,17.1482,17.16,17.14,17.16,17.14,43
2023-06-06 16:11:00,1020,17.1691,17.15,17.18,17.18,17.15,36
2023-06-06 16:12:00,1284,17.2155,17.23,17.24,17.24,17.23,32
2023-06-06 16:13:00,2918,17.2438,17.24,17.24,17.25,17.23,61
2023-06-06 16:14:00,976,17.2384,17.23,17.25,17.25,17.23,37
2023-06-06 16:15:00,1121,17.2862,17.27,17.3091,17.3091,17.27,32
2023-06-06 16:16:00,904,17.2873,17.29,17.28,17.29,17.28,33
2023-06-06 16:17:00,1800,17.3394,17.31,17.35,17.37,17.31,50
2023-06-06 16:18:00,1442,17.3961,17.37,17.42,17.42,17.37,39
2023-06-06 16:19:00,2217,17.4664,17.48,17.49,17.49,17.47,51
2023-06-06 16:20:00,360,17.4939,17.5,17.49,17.5,17.49,14
2023-06-06 16:21:00,1963,17.4619,17.45,17.49,17.49,17.445,50
2023-06-06 16:22:00,1854,17.4504,17.45,17.44,17.45,17.44,41
2023-06-06 16:23:00,2872,17.4459,17.455,17.47,17.48,17.43,58
2023-06-06 16:24:00,868,17.4669,17.48,17.46,17.48,17.46,22
2023-06-06 16:25:00,828,17.408,17.38,17.38,17.38,17.38,44
2023-06-06 16:26:00,1679,17.3513,17.365,17.34,17.365,17.34,16
2023-06-06 16:27:00,922,17.3155,17.31,17.32,17.32,17.31,23
2023-06-06 16:28:00,1455,17.2915,17.31,17.26,17.31,17.26,36
2023-06-06 16:30:00,3070,17.2344,17.24,17.21,17.26,17.2,77
2023-06-06 16:31:00,848,17.2051,17.21,17.2,17.21,17.2,18
2023-06-06 16:32:00,2807,17.2294,17.22,17.2401,17.26,17.22,104
2023-06-06 16:33:00,836,17.239,17.24,17.215,17.24,17.215,11
2023-06-06 16:34:00,307,17.2223,17.23,17.228,17.23,17.228,10
2023-06-06 16:35:00,478,17.2113,17.21,17.21,17.21,17.21,9
2023-06-06 16:36:00,126,17.2174,17.215,17.215,17.215,17.215,4
2023-06-06 16:37:00,1573,17.2046,17.2,17.2,17.22,17.2,70
2023-06-06 16:38:00,8071,17.2092,17.22,17.23,17.26,17.1813,101
2023-06-06 16:39:00,2599,17.2247,17.22,17.23,17.23,17.21,33
2023-06-06 16:40:00,2750,17.2312,17.23,17.26,17.26,17.21,52
2023-06-06 16:41:00,1567,17.2613,17.25,17.27,17.27,17.24,41
2023-06-06 16:42:00,5119,17.2788,17.27,17.25,17.309,17.24,109
2023-06-06 16:43:00,3395,17.2551,17.255,17.26,17.26,17.245,41
2023-06-06 16:44:00,205,17.2552,17.255,17.255,17.255,17.255,5
2023-06-06 16:46:00,1295,17.2516,17.265,17.24,17.265,17.24,20
2023-06-06 16:47:00,594,17.2172,17.22,17.21,17.22,17.21,17
2023-06-06 16:48:00,3746,17.2048,17.22,17.1666,17.22,17.1666,31
2023-06-06 16:49:00,518,17.1829,17.17,17.17,17.17,17.17,15
2023-06-06 16:50:00,3660,17.2038,17.18,17.27,17.27,17.18,80
2023-06-06 16:51:00,995,17.269,17.26,17.28,17.28,17.26,25
2023-06-06 16:52:00,443,17.269,17.27,17.265,17.27,17.265,14
2023-06-06 16:53:00,3301,17.2593,17.27,17.22,17.2891,17.22,55
2023-06-06 16:54:00,2257,17.2178,17.21,17.22,17.22,17.205,33
2023-06-06 16:55:00,5968,17.2092,17.208,17.215,17.23,17.1717,100
2023-06-06 16:57:00,561,17.1916,17.21,17.19,17.21,17.19,24
2023-06-06 16:58:00,304,17.1767,17.175,17.175,17.175,17.175,6
2023-06-06 16:59:00,910,17.1549,17.15,17.165,17.165,17.15,28
2023-06-06 17:00:00,2128,17.1718,17.15,17.18,17.18,17.15,51
2023-06-06 17:03:00,583,17.163,17.16,17.16,17.16,17.16,20
2023-06-06 17:04:00,1749,17.1355,17.1557,17.13,17.1557,17.13,30
2023-06-06 17:05:00,1051,17.0891,17.075,17.075,17.0999,17.075,31
2023-06-06 17:06:00,3580,17.0699,17.08,17.07,17.1,17.04,27
2023-06-06 17:07:00,872,17.0384,17.03,17.03,17.03,17.03,30
2023-06-06 17:08:00,3516,17.0098,17.015,17.04,17.04,16.985,87
2023-06-06 17:09:00,3062,17.0531,17.04,17.07,17.08,17.04,71
2023-06-06 17:10:00,1739,17.0647,17.075,17.04,17.1,17.04,33
2023-06-06 17:11:00,1047,17.031,17.02,17.03,17.03,17.02,32
2023-06-06 17:12:00,424,17.0684,17.07,17.07,17.07,17.07,26
2023-06-06 17:13:00,2155,17.084,17.08,17.07,17.0899,17.065,16
2023-06-06 17:15:00,925,17.0647,17.07,17.05,17.07,17.05,25
2023-06-06 17:16:00,1300,17.0383,17.04,17.04,17.04,17.04,27
2023-06-06 17:17:00,1440,17.0026,17.01,17.015,17.015,16.9801,24
2023-06-06 17:18:00,460,17.0,17.0,17.0,17.0,17.0,16
2023-06-06 17:19:00,506,16.9988,17.0,17.015,17.015,17.0,18
2023-06-06 17:20:00,1656,16.9774,16.98,16.98,16.98,16.97,52
2023-06-06 17:21:00,379,16.9755,16.97,16.99,16.99,16.97,11
2023-06-06 17:23:00,1109,16.9394,16.95,16.92,16.95,16.92,29
2023-06-06 17:24:00,376,16.9168,16.92,16.92,16.92,16.92,20
2023-06-06 17:25:00,1118,16.8807,16.9,16.87,16.9,16.87,31
2023-06-06 17:26:00,855,16.8458,16.85,16.85,16.85,16.85,24
2023-06-06 17:27:00,5688,16.861,16.86,16.86,16.88,16.85,124
2023-06-06 17:28:00,1180,16.8436,16.84,16.85,16.85,16.84,33
2023-06-06 17:29:00,406,16.8544,16.855,16.855,16.855,16.855,11
2023-06-06 17:30:00,7245,16.8172,16.87,16.8101,16.87,16.81,47
2023-06-06 17:31:00,12330,16.7689,16.81,16.75,16.82,16.74,100
2023-06-06 17:32:00,6160,16.7366,16.7416,16.75,16.77,16.7,126
2023-06-06 17:33:00,1133,16.7663,16.767,16.767,16.767,16.767,5
2023-06-06 17:34:00,3856,16.7741,16.77,16.78,16.78,16.7542,112
2023-06-06 17:35:00,2105,16.7921,16.78,16.79,16.81,16.78,38
2023-06-06 17:36:00,3756,16.7863,16.79,16.78,16.806,16.77,83
2023-06-06 17:37:00,3497,16.7676,16.77,16.765,16.78,16.76,95
2023-06-06 17:38:00,4210,16.7378,16.765,16.69,16.765,16.69,83
2023-06-06 17:39:00,4326,16.6802,16.67,16.69,16.69,16.66,108
2023-06-06 17:40:00,2640,16.7034,16.675,16.725,16.73,16.675,77
2023-06-06 17:41:00,5928,16.7593,16.75,16.79,16.79,16.71,87
2023-06-06 17:42:00,572,16.7756,16.79,16.78,16.79,16.78,12
2023-06-06 17:43:00,5977,16.801,16.8,16.815,16.815,16.8,36
2023-06-06 17:44:00,1246,16.8369,16.84,16.84,16.84,16.84,64
2023-06-06 17:45:00,1368,16.8132,16.82,16.815,16.82,16.81,29
2023-06-06 17:46:00,1771,16.805,16.83,16.795,16.83,16.79,63
2023-06-06 17:47:00,8055,16.801,16.82,16.81,16.82,16.79,72
2023-06-06 17:48:00,2474,16.7667,16.78,16.775,16.78,16.74,65
2023-06-06 17:50:00,206,16.7776,16.76,16.76,16.76,16.76,4
2023-06-06 17:52:00,178,16.7814,16.78,16.78,16.78,16.78,6
2023-06-06 17:53:00,1549,16.7589,16.76,16.76,16.76,16.76,44
2023-06-06 17:54:00,5909,16.7632,16.73,16.84,16.84,16.715,137
2023-06-06 17:55:00,1046,16.7758,16.78,16.78,16.78,16.78,50
2023-06-06 17:56:00,492,16.7229,16.72,16.72,16.72,16.72,13
2023-06-06 17:57:00,110,16.72,16.72,16.72,16.72,16.72,2
2023-06-06 17:58:00,155,16.7324,16.72,16.72,16.72,16.72,6
2023-06-06 17:59:00,1307,16.7128,16.685,16.7,16.75,16.685,42
2023-06-06 18:00:00,1608,16.6781,16.68,16.67,16.7,16.67,51
2023-06-06 18:01:00,3148,16.6797,16.65,16.7,16.7,16.65,72
2023-06-06 18:02:00,956,16.7113,16.71,16.715,16.72,16.71,36
2023-06-06 18:03:00,994,16.6985,16.7,16.71,16.71,16.695,28
2023-06-06 18:04:00,1563,16.7081,16.71,16.72,16.72,16.7,62
2023-06-06 18:06:00,1205,16.728,16.74,16.725,16.74,16.72,37
2023-06-06 18:07:00,2162,16.7461,16.74,16.755,16.76,16.74,52
2023-06-06 18:09:00,1809,16.7409,16.74,16.74,16.75,16.73,67
2023-06-06 18:10:00,420,16.7291,16.72,16.72,16.72,16.72,14
2023-06-06 18:12:00,2571,16.7572,16.74,16.75,16.77,16.74,93
2023-06-06 18:13:00,1806,16.7749,16.77,16.795,16.795,16.76,54
2023-06-06 18:14:00,2513,16.8069,16.795,16.84,16.8544,16.78,72
2023-06-06 18:16:00,1628,16.7854,16.79,16.78,16.79,16.78,43
2023-06-06 18:17:00,218,16.7803,16.77,16.79,16.79,16.77,4
2023-06-06 18:18:00,3674,16.8098,16.79,16.825,16.83,16.79,85
2023-06-06 18:19:00,369,16.8231,16.825,16.825,16.825,16.825,11
2023-06-06 18:20:00,107,16.8016,16.8,16.8,16.8,16.8,2
2023-06-06 18:21:00,3200,16.8104,16.825,16.8,16.845,16.8,99
2023-06-06 18:23:00,2417,16.8149,16.82,16.8,16.83,16.8,62
2023-06-06 18:24:00,456,16.8094,16.81,16.81,16.81,16.81,11
2023-06-06 18:25:00,1174,16.8125,16.8,16.805,16.82,16.8,29
2023-06-06 18:26:00,2387,16.8146,16.82,16.79,16.83,16.78,67
2023-06-06 18:27:00,1021,16.811,16.8,16.815,16.8299,16.8,28
2023-06-06 18:29:00,580,16.8188,16.805,16.83,16.83,16.805,8
2023-06-06 18:30:00,2826,16.8039,16.8,16.81,16.81,16.8,81
2023-06-06 18:31:00,399,16.8042,16.805,16.805,16.805,16.805,6
2023-06-06 18:32:00,3639,16.8203,16.82,16.83,16.83,16.81,123
2023-06-06 18:33:00,1225,16.8126,16.82,16.81,16.82,16.81,14
2023-06-06 18:34:00,411,16.8031,16.8,16.8,16.8,16.8,7
2023-06-06 18:35:00,684,16.8093,16.805,16.805,16.805,16.805,16
2023-06-06 18:36:00,3508,16.7963,16.79,16.8,16.81,16.79,81
2023-06-06 18:37:00,2172,16.8086,16.78,16.83,16.83,16.78,74
2023-06-06 18:38:00,779,16.8286,16.82,16.84,16.84,16.82,13
2023-06-06 18:39:00,1930,16.8109,16.83,16.8,16.83,16.8,31
2023-06-06 18:40:00,1001,16.8028,16.8,16.81,16.81,16.8,24
2023-06-06 18:41:00,1652,16.8069,16.81,16.805,16.81,16.805,28
2023-06-06 18:42:00,914,16.7892,16.79,16.79,16.79,16.79,35
2023-06-06 18:43:00,2347,16.765,16.78,16.75,16.78,16.75,71
2023-06-06 18:44:00,1460,16.7608,16.76,16.76,16.76,16.76,34
2023-06-06 18:45:00,1120,16.7478,16.75,16.74,16.75,16.74,32
2023-06-06 18:47:00,3224,16.7355,16.73,16.72,16.74,16.72,80
2023-06-06 18:48:00,392,16.7364,16.735,16.735,16.735,16.735,6
2023-06-06 18:49:00,1633,16.7201,16.72,16.695,16.72,16.695,46
2023-06-06 18:50:00,2620,16.676,16.68,16.68,16.69,16.66,61
2023-06-06 18:51:00,5380,16.6865,16.68,16.68,16.6999,16.675,142
2023-06-06 18:52:00,575,16.6901,16.685,16.69,16.69,16.685,11
2023-06-06 18:53:00,2008,16.704,16.69,16.7,16.71,16.69,61
2023-06-06 18:54:00,1991,16.6966,16.7,16.69,16.7,16.69,60
2023-06-06 18:55:00,2504,16.6951,16.69,16.69,16.71,16.69,73
2023-06-06 18:56:00,3304,16.6942,16.69,16.68,16.71,16.68,76
2023-06-06 18:57:00,1209,16.6677,16.67,16.66,16.68,16.66,45
2023-06-06 18:58:00,631,16.6591,16.66,16.66,16.66,16.66,16
2023-06-06 18:59:00,3888,16.6737,16.68,16.66,16.69,16.66,89
2023-06-06 19:00:00,2298,16.6461,16.65,16.65,16.65,16.64,64
2023-06-06 19:01:00,3335,16.6653,16.66,16.66,16.68,16.65,86
2023-06-06 19:02:00,5098,16.6983,16.665,16.7,16.72,16.665,97
2023-06-06 19:03:00,1279,16.6967,16.7,16.7,16.7,16.7,32
2023-06-06 19:04:00,1220,16.6871,16.69,16.68,16.69,16.68,31
2023-06-06 19:05:00,3821,16.6644,16.67,16.685,16.685,16.65,92
2023-06-06 19:06:00,1850,16.6731,16.67,16.66,16.68,16.66,41
2023-06-06 19:07:00,693,16.6761,16.68,16.675,16.68,16.675,17
2023-06-06 19:08:00,713,16.676,16.68,16.675,16.68,16.675,13
2023-06-06 19:09:00,360,16.6703,16.675,16.675,16.675,16.66,12
2023-06-06 19:10:00,3021,16.6877,16.69,16.69,16.69,16.675,87
2023-06-06 19:11:00,3919,16.692,16.69,16.69,16.7,16.68,85
2023-06-06 19:12:00,881,16.6819,16.68,16.68,16.68,16.68,9
2023-06-06 19:13:00,1972,16.6913,16.7,16.69,16.7,16.68,62
2023-06-06 19:14:00,5390,16.6695,16.68,16.665,16.68,16.66,110
2023-06-06 19:15:00,3755,16.6761,16.665,16.67,16.69,16.665,88
2023-06-06 19:16:00,4105,16.6707,16.67,16.66,16.68,16.66,96
2023-06-06 19:17:00,639,16.6601,16.66,16.66,16.66,16.66,11
2023-06-06 19:18:00,1198,16.6683,16.66,16.66,16.67,16.66,28
2023-06-06 19:19:00,3439,16.6493,16.65,16.64,16.65,16.64,97
2023-06-06 19:20:00,7977,16.6576,16.64,16.695,16.695,16.635,164
2023-06-06 19:21:00,3061,16.6978,16.695,16.705,16.72,16.68,36
2023-06-06 19:22:00,811,16.6984,16.705,16.705,16.705,16.69,14
2023-06-06 19:23:00,2930,16.7156,16.705,16.74,16.74,16.705,68
2023-06-06 19:24:00,1948,16.741,16.73,16.74,16.758,16.73,43
2023-06-06 19:25:00,3255,16.7293,16.745,16.71,16.745,16.71,70
2023-06-06 19:26:00,3486,16.7274,16.7178,16.72,16.745,16.7178,74
2023-06-06 19:27:00,1708,16.7304,16.73,16.72,16.75,16.72,34
2023-06-06 19:28:00,724,16.729,16.73,16.72,16.74,16.72,15
2023-06-06 19:29:00,517,16.7255,16.72,16.73,16.73,16.72,11
2023-06-06 19:30:00,6101,16.7284,16.75,16.73,16.75,16.72,145
2023-06-06 19:31:00,8674,16.7659,16.74,16.805,16.805,16.74,157
2023-06-06 19:32:00,1186,16.8014,16.805,16.81,16.82,16.805,31
2023-06-06 19:33:00,5491,16.802,16.8,16.8,16.81,16.795,124
2023-06-06 19:34:00,6743,16.7806,16.79,16.8,16.8,16.77,131
2023-06-06 19:35:00,3748,16.8059,16.805,16.825,16.83,16.79,88
2023-06-06 19:36:00,2393,16.811,16.81,16.81,16.82,16.81,56
2023-06-06 19:37:00,4344,16.7972,16.81,16.79,16.81,16.78,77
2023-06-06 19:38:00,5152,16.807,16.79,16.82,16.83,16.79,96
2023-06-06 19:39:00,4084,16.817,16.83,16.805,16.83,16.805,69
2023-06-06 19:40:00,4368,16.7833,16.8,16.765,16.8,16.76,115
2023-06-06 19:41:00,3223,16.7701,16.765,16.77,16.77,16.765,65
2023-06-06 19:42:00,2604,16.7704,16.77,16.765,16.77,16.765,51
2023-06-06 19:43:00,7596,16.7534,16.76,16.75,16.76,16.745,132
2023-06-06 19:44:00,8891,16.7663,16.75,16.77,16.77,16.745,162
2023-06-06 19:45:00,5988,16.7825,16.765,16.79,16.79,16.765,117
2023-06-06 19:46:00,5266,16.777,16.785,16.76,16.79,16.76,111
2023-06-06 19:47:00,4552,16.7487,16.76,16.71,16.76,16.71,95
2023-06-06 19:48:00,4476,16.7096,16.705,16.705,16.71,16.7,71
2023-06-06 19:49:00,5857,16.7151,16.71,16.71,16.72,16.71,134
2023-06-06 19:50:00,7055,16.7449,16.72,16.76,16.76,16.72,181
2023-06-06 19:51:00,6735,16.7703,16.77,16.78,16.78,16.76,151
2023-06-06 19:52:00,6540,16.797,16.79,16.805,16.81,16.79,136
2023-06-06 19:53:00,7094,16.7924,16.81,16.773,16.81,16.773,132
2023-06-06 19:54:00,10955,16.7757,16.77,16.79,16.79,16.765,197
2023-06-06 19:55:00,8489,16.8229,16.79,16.86,16.87,16.79,150
2023-06-06 19:56:00,10064,16.8466,16.85,16.85,16.86,16.84,172
2023-06-06 19:57:00,22079,16.9003,16.85,16.915,16.93,16.85,348
2023-06-06 19:58:00,11935,16.9022,16.91,16.9,16.91,16.895,245
2023-06-06 19:59:00,24962,16.8869,16.9,16.86,16.91,16.86,342
2023-06-06 20:00:00,1062,16.87,16.87,16.87,16.87,16.87,4
2023-06-07 12:20:00,100,17.17,17.17,17.17,17.17,17.17,1
2023-06-07 13:27:00,896,17.0124,17.01,16.97,17.01,16.97,9
2023-06-07 13:30:00,24746,17.0414,16.92,17.05,17.38,16.92,126
2023-06-07 13:31:00,13801,16.8711,16.94,16.772,16.94,16.72,146
2023-06-07 13:32:00,15279,16.6074,16.775,16.62,16.83,16.44,187
2023-06-07 13:33:00,2366,16.596,16.565,16.54,16.62,16.54,46
2023-06-07 13:34:00,11095,16.4332,16.48,16.68,16.68,16.26,185
2023-06-07 13:35:00,3940,16.7033,16.76,16.685,16.83,16.64,60
2023-06-07 13:36:00,1138,16.7477,16.73,16.765,16.765,16.73,35
2023-06-07 13:37:00,1941,16.7669,16.7,16.85,16.85,16.65,43
2023-06-07 13:38:00,4045,16.9679,16.86,17.02,17.02,16.86,50
2023-06-07 13:39:00,9135,17.1338,17.11,17.131,17.17,17.11,59
2023-06-07 13:40:00,7323,17.1105,17.12,17.07,17.12,17.07,101
2023-06-07 13:41:00,2557,16.967,17.02,16.96,17.045,16.94,36
2023-06-07 13:42:00,4926,17.0225,17.0,17.1,17.1,16.99,84
2023-06-07 13:43:00,2089,17.1981,17.17,17.1405,17.23,17.1405,36
2023-06-07 13:44:00,2451,17.1842,17.23,17.185,17.23,17.17,51
2023-06-07 13:45:00,2387,17.0959,17.14,17.04,17.14,17.04,40
2023-06-07 13:46:00,247,17.0796,17.08,17.08,17.08,17.08,9
2023-06-07 13:47:00,629,17.0606,17.085,17.08,17.085,17.08,17
2023-06-07 13:48:00,1269,17.1156,17.08,17.16,17.16,17.08,19
2023-06-07 13:49:00,4695,17.2099,17.17,17.26,17.26,17.17,50
2023-06-07 13:50:00,4538,17.3291,17.34,17.49,17.49,17.285,85
2023-06-07 13:51:00,1092,17.449,17.435,17.435,17.49,17.38,17
2023-06-07 13:52:00,3352,17.3608,17.43,17.31,17.43,17.31,79
2023-06-07 13:53:00,3070,17.3344,17.33,17.37,17.37,17.31,59
2023-06-07 13:54:00,2532,17.4276,17.41,17.455,17.47,17.41,38
2023-06-07 13:55:00,2204,17.4734,17.46,17.52,17.52,17.43,31
2023-06-07 13:56:00,4009,17.5296,17.48,17.565,17.6,17.48,50
2023-06-07 13:57:00,4092,17.5224,17.6,17.535,17.6,17.49,69
2023-06-07 13:58:00,3641,17.5896,17.565,17.56,17.6,17.56,46
2023-06-07 13:59:00,8613,17.5546,17.575,17.59,17.6,17.5,118
2023-06-07 14:00:00,13401,17.5964,17.59,17.65,17.67,17.53,179
2023-06-07 14:01:00,4116,17.6965,17.6417,17.76,17.76,17.6417,41
2023-06-07 14:02:00,10737,17.8006,17.83,17.775,17.84,17.74,142
2023-06-07 14:03:00,5967,17.7929,17.775,17.75,17.86,17.72,69
2023-06-07 14:04:00,6025,17.7797,17.7632,17.71,17.82,17.71,100
2023-06-07 14:05:00,1694,17.7337,17.725,17.8,17.81,17.69,31
2023-06-07 14:06:00,3398,17.8285,17.79,17.86,17.86,17.78,47
2023-06-07 14:07:00,4313,17.9066,17.92,17.95,17.95,17.86,56
2023-06-07 14:08:00,7542,17.9254,17.91,17.92,17.955,17.89,145
2023-06-07 14:09:00,14314,17.8614,17.91,17.825,17.93,17.79,214
2023-06-07 14:10:00,2733,17.8672,17.86,17.9,17.9,17.86,39
2023-06-07 14:11:00,3959,17.9935,17.9,18.04,18.055,17.9,79
2023-06-07 14:12:00,3410,18.0011,18.035,18.0131,18.04,17.99,50
2023-06-07 14:13:00,3325,17.9453,18.0,17.9,18.0,17.9,71
2023-06-07 14:14:00,4020,17.9413,17.91,17.93,17.96,17.905,63
2023-06-07 14:15:00,9638,17.9483,17.95,18.0,18.01,17.91,157
2023-06-07 14:16:00,627,18.0016,17.97,18.01,18.01,17.97,15
2023-06-07 14:17:00,3615,18.0354,18.05,18.07,18.07,18.01,66
2023-06-07 14:18:00,3120,18.0442,18.06,18.05,18.06,18.005,64
2023-06-07 14:19:00,2656,17.9842,18.02,17.955,18.02,17.95,59
2023-06-07 14:20:00,4359,17.9155,17.93,17.955,17.955,17.885,79
2023-06-07 14:21:00,2949,17.9103,17.93,17.885,17.94,17.885,58
2023-06-07 14:22:00,7264,17.8863,17.885,17.88,17.9,17.835,110
2023-06-07 14:23:00,1205,17.804,17.85,17.76,17.85,17.755,19
2023-06-07 14:24:00,1074,17.7242,17.76,17.7,17.76,17.7,24
2023-06-07 14:25:00,1758,17.6441,17.6526,17.64,17.6526,17.64,30
2023-06-07 14:26:00,3534,17.6597,17.64,17.66,17.66,17.64,62
2023-06-07 14:27:00,3699,17.6069,17.6,17.58,17.645,17.57,72
2023-06-07 14:28:00,1036,17.5776,17.615,17.56,17.615,17.56,20
2023-06-07 14:29:00,3169,17.5553,17.52,17.5914,17.6,17.52,51
2023-06-07 14:30:00,1871,17.5991,17.6,17.605,17.605,17.59,31
2023-06-07 14:31:00,1614,17.6513,17.65,17.64,17.65,17.64,38
2023-06-07 14:32:00,3922,17.5824,17.64,17.59,17.64,17.54,98
2023-06-07 14:33:00,2188,17.5603,17.58,17.57,17.58,17.55,45
2023-06-07 14:34:00,611,17.5962,17.6,17.6,17.6,17.6,8
2023-06-07 14:35:00,2632,17.5521,17.6,17.565,17.6,17.53,58
2023-06-07 14:36:00,5433,17.5162,17.53,17.5,17.56,17.49,85
2023-06-07 14:37:00,2770,17.52,17.5,17.5,17.55,17.5,61
2023-06-07 14:38:00,3984,17.4516,17.5,17.41,17.5,17.4,88
2023-06-07 14:39:00,230,17.4174,17.42,17.42,17.42,17.42,3
2023-06-07 14:40:00,100,17.45,17.45,17.45,17.45,17.45,1
2023-06-07 14:41:00,6766,17.4541,17.42,17.445,17.48,17.42,92
2023-06-07 14:42:00,1717,17.4352,17.4597,17.43,17.4597,17.43,38
2023-06-07 14:43:00,4485,17.4952,17.445,17.52,17.52,17.445,72
2023-06-07 14:44:00,2877,17.4716,17.51,17.44,17.51,17.43,57
2023-06-07 14:45:00,4479,17.5196,17.46,17.53,17.56,17.46,78
2023-06-07 14:46:00,1348,17.5451,17.55,17.55,17.56,17.55,16
2023-06-07 14:47:00,4528,17.5228,17.51,17.55,17.55,17.51,66
2023-06-07 14:49:00,2860,17.6265,17.59,17.62,17.7,17.59,61
2023-06-07 14:50:00,1070,17.5959,17.59,17.62,17.62,17.58,25
2023-06-07 14:51:00,3968,17.6125,17.66,17.59,17.66,17.59,53
2023-06-07 14:52:00,1269,17.5376,17.55,17.54,17.55,17.525,52
2023-06-07 14:53:00,2191,17.5746,17.54,17.59,17.59,17.54,42
2023-06-07 14:54:00,1428,17.6362,17.625,17.66,17.66,17.62,30
2023-06-07 14:55:00,783,17.6387,17.6215,17.635,17.66,17.6215,18
2023-06-07 14:56:00,3741,17.601,17.61,17.67,17.67,17.57,90
2023-06-07 14:57:00,2735,17.6722,17.67,17.675,17.71,17.64,66
2023-06-07 14:58:00,2956,17.6911,17.69,17.655,17.72,17.655,34
2023-06-07 14:59:00,1709,17.6654,17.69,17.7,17.7,17.63,37
2023-06-07 15:01:00,231,17.6902,17.69,17.69,17.69,17.69,4
2023-06-07 15:02:00,2530,17.6343,17.63,17.66,17.66,17.62,54
2023-06-07 15:04:00,1610,17.5799,17.59,17.575,17.59,17.56,34
2023-06-07 15:05:00,2273,17.5893,17.59,17.59,17.6,17.58,42
2023-06-07 15:06:00,687,17.6024,17.6,17.6,17.6,17.6,22
2023-06-07 15:07:00,224,17.622,17.615,17.63,17.63,17.615,5
2023-06-07 15:08:00,805,17.6281,17.62,17.63,17.63,17.62,19
2023-06-07 15:09:00,852,17.6335,17.66,17.63,17.66,17.63,25
2023-06-07 15:10:00,2216,17.6738,17.64,17.715,17.72,17.64,45
2023-06-07 15:11:00,1672,17.6959,17.715,17.71,17.715,17.69,42
2023-06-07 15:12:00,1566,17.7422,17.74,17.74,17.75,17.74,32
2023-06-07 15:13:00,444,17.7341,17.74,17.74,17.74,17.74,15
2023-06-07 15:14:00,1756,17.7371,17.75,17.74,17.75,17.74,37
2023-06-07 15:15:00,778,17.7062,17.72,17.695,17.72,17.695,18
2023-06-07 15:16:00,1349,17.714,17.69,17.72,17.74,17.69,33
2023-06-07 15:17:00,1762,17.7494,17.74,17.76,17.76,17.74,30
2023-06-07 15:18:00,455,17.7876,17.77,17.795,17.795,17.77,10
2023-06-07 15:19:00,193,17.7993,17.79,17.79,17.79,17.79,3
2023-06-07 15:20:00,1059,17.7747,17.77,17.79,17.79,17.77,25
2023-06-07 15:21:00,5616,17.7574,17.76,17.765,17.78,17.73,101
2023-06-07 15:22:00,1093,17.7726,17.785,17.77,17.785,17.77,29
2023-06-07 15:23:00,1078,17.7989,17.785,17.82,17.82,17.785,20
2023-06-07 15:24:00,407,17.8113,17.85,17.82,17.85,17.82,8
2023-06-07 15:25:00,1582,17.8596,17.84,17.9,17.9,17.84,28
2023-06-07 15:26:00,895,17.9013,17.88,17.91,17.91,17.88,23
2023-06-07 15:27:00,4939,17.8999,17.89,17.9502,17.97,17.87,98
2023-06-07 15:28:00,2630,17.9828,17.9899,17.99,17.99,17.97,41
2023-06-07 15:29:00,2786,18.0297,18.0,18.09,18.09,17.99,64
2023-06-07 15:30:00,3537,18.1491,18.1,18.2,18.2,18.1,53
2023-06-07 15:31:00,647,18.1946,18.2,18.2,18.2,18.2,11
2023-06-07 15:32:00,1340,18.1806,18.17,18.2,18.2,18.15,22
2023-06-07 15:33:00,2662,18.2035,18.2,18.22,18.24,18.2,70
2023-06-07 15:34:00,5781,18.1976,18.21,18.175,18.24,18.16,105
2023-06-07 15:35:00,2878,18.1815,18.19,18.175,18.19,18.17,59
2023-06-07 15:36:00,3416,18.1742,18.1622,18.185,18.19,18.16,38
2023-06-07 15:38:00,11026,18.2333,18.185,18.2401,18.28,18.17,220
2023-06-07 15:39:00,28041,18.2616,18.25,18.275,18.32,18.24,257
2023-06-07 15:40:00,7305,18.2679,18.27,18.29,18.3,18.25,108
2023-06-07 15:41:00,4389,18.2852,18.3,18.29,18.32,18.27,61
2023-06-07 15:42:00,24941,18.2538,18.3,18.25,18.3,18.24,270
2023-06-07 15:43:00,10448,18.1999,18.25,18.09,18.27,18.09,151
2023-06-07 15:44:00,4257,18.1224,18.09,18.135,18.1425,18.09,52
2023-06-07 15:45:00,856,18.1771,18.135,18.135,18.16,18.135,15
2023-06-07 15:46:00,19424,18.2168,18.15,18.21,18.28,18.135,227
2023-06-07 15:47:00,1873,18.1951,18.2,18.195,18.2,18.195,18
2023-06-07 15:48:00,4398,18.2591,18.22,18.255,18.28,18.22,64
2023-06-07 15:50:00,2714,18.1945,18.25,18.15,18.25,18.15,65
2023-06-07 15:51:00,1383,18.104,18.14,18.06,18.14,18.06,42
2023-06-07 15:52:00,4200,18.0742,18.05,18.12,18.12,18.011,81
2023-06-07 15:53:00,2731,18.1131,18.11,18.145,18.145,18.09,52
2023-06-07 15:54:00,376,18.1415,18.145,18.1405,18.145,18.1405,9
2023-06-07 15:55:00,2252,18.1378,18.14,18.11,18.14,18.11,45
2023-06-07 15:56:00,2440,18.0912,18.1,18.095,18.1,18.07,52
2023-06-07 15:57:00,6596,18.0589,18.095,18.03,18.095,18.03,87
2023-06-07 15:58:00,470,18.0537,18.065,18.06,18.065,18.06,7
2023-06-07 15:59:00,1614,18.0957,18.09,18.12,18.12,18.09,33
2023-06-07 16:00:00,1523,18.1496,18.15,18.14,18.16,18.14,22
2023-06-07 16:01:00,5662,18.1765,18.19,18.14,18.21,18.14,127
2023-06-07 16:02:00,1457,18.1595,18.15,18.2,18.2,18.15,25
2023-06-07 16:03:00,204,18.1723,18.185,18.185,18.185,18.185,4
2023-06-07 16:04:00,1396,18.2173,18.2,18.225,18.24,18.2,28
2023-06-07 16:05:00,4413,18.2151,18.21,18.24,18.24,18.2,81
2023-06-07 16:06:00,3412,18.2326,18.25,18.24,18.25,18.22,90
2023-06-07 16:07:00,1716,18.2451,18.25,18.24,18.25,18.24,31
2023-06-07 16:08:00,2208,18.2373,18.23,18.24,18.24,18.22,53
2023-06-07 16:09:00,1968,18.2321,18.2219,18.24,18.25,18.2219,20
2023-06-07 16:10:00,7312,18.2387,18.23,18.265,18.265,18.22,101
2023-06-07 16:11:00,2131,18.2448,18.25,18.245,18.25,18.24,33
2023-06-07 16:12:00,4070,18.2873,18.25,18.325,18.325,18.25,85
2023-06-07 16:13:00,969,18.3365,18.32,18.34,18.34,18.32,26
2023-06-07 16:14:00,815,18.3472,18.37,18.38,18.4,18.37,11
2023-06-07 16:15:00,2050,18.3825,18.375,18.36,18.4,18.36,18
2023-06-07 16:16:00,7201,18.3699,18.36,18.28,18.41,18.28,178
2023-06-07 16:17:00,842,18.274,18.29,18.28,18.29,18.27,15
2023-06-07 16:18:00,1951,18.2936,18.26,18.32,18.32,18.26,34
2023-06-07 16:19:00,2411,18.3137,18.32,18.32,18.32,18.31,42
2023-06-07 16:20:00,3376,18.2891,18.32,18.26,18.32,18.26,72
2023-06-07 16:21:00,2063,18.2871,18.29,18.27,18.3,18.27,38
2023-06-07 16:22:00,3513,18.2979,18.28,18.29,18.3345,18.28,51
2023-06-07 16:23:00,863,18.3098,18.31,18.32,18.32,18.31,14
2023-06-07 16:24:00,2438,18.3041,18.33,18.29,18.33,18.29,49
2023-06-07 16:25:00,273,18.2953,18.3,18.3,18.3,18.3,11
2023-06-07 16:26:00,3939,18.3271,18.305,18.35,18.35,18.305,68
2023-06-07 16:27:00,1697,18.3485,18.35,18.36,18.36,18.34,35
2023-06-07 16:28:00,4648,18.3476,18.37,18.31,18.37,18.31,109
2023-06-07 16:29:00,569,18.3268,18.305,18.33,18.33,18.305,9
2023-06-07 16:30:00,6622,18.3185,18.33,18.29,18.34,18.28,104
2023-06-07 16:31:00,4601,18.2953,18.3,18.27,18.31,18.27,95
2023-06-07 16:32:00,3367,18.2497,18.27,18.245,18.27,18.23,56
2023-06-07 16:33:00,3175,18.2663,18.26,18.27,18.28,18.26,47
2023-06-07 16:34:00,5186,18.2436,18.26,18.22,18.26,18.22,77
2023-06-07 16:35:00,2989,18.2257,18.22,18.22,18.23,18.22,50
2023-06-07 16:36:00,2638,18.2468,18.23,18.25,18.25,18.23,71
2023-06-07 16:37:00,3341,18.227,18.24,18.21,18.24,18.2,61
2023-06-07 16:38:00,3922,18.2441,18.22,18.25,18.26,18.22,68
2023-06-07 16:39:00,4627,18.2593,18.24,18.27,18.28,18.235,79
2023-06-07 16:40:00,1578,18.2907,18.29,18.28,18.31,18.28,41
2023-06-07 16:41:00,2900,18.3286,18.3,18.33,18.35,18.3,63
2023-06-07 16:42:00,5961,18.3237,18.34,18.31,18.36,18.305,107
2023-06-07 16:43:00,2789,18.2789,18.3,18.27,18.3,18.26,51
2023-06-07 16:44:00,2436,18.3145,18.29,18.31,18.34,18.29,59
2023-06-07 16:45:00,3599,18.3336,18.32,18.32,18.355,18.31,56
2023-06-07 16:46:00,5694,18.2712,18.3,18.27,18.3,18.24,99
2023-06-07 16:47:00,494,18.2605,18.26,18.26,18.26,18.26,13
2023-06-07 16:48:00,4860,18.2384,18.28,18.21,18.28,18.2,72
2023-06-07 16:49:00,644,18.2068,18.21,18.2,18.21,18.2,16
2023-06-07 16:50:00,4855,18.2154,18.2,18.24,18.25,18.18,113
2023-06-07 16:51:00,654,18.225,18.23,18.225,18.23,18.225,20
2023-06-07 16:52:00,1015,18.2107,18.21,18.21,18.21,18.21,23
2023-06-07 16:53:00,2032,18.1811,18.2,18.15,18.2,18.15,49
2023-06-07 16:54:00,2231,18.1152,18.12,18.12,18.12,18.1,53
2023-06-07 16:55:00,1314,18.1531,18.14,18.16,18.16,18.14,29
2023-06-07 16:56:00,822,18.1977,18.205,18.205,18.205,18.205,20
2023-06-07 16:57:00,229,18.2162,18.205,18.23,18.23,18.205,6
2023-06-07 16:58:00,2658,18.2375,18.2129,18.23,18.26,18.2129,62
2023-06-07 16:59:00,124,18.2393,18.24,18.24,18.24,18.24,4
2023-06-07 17:00:00,1659,18.2293,18.25,18.22,18.25,18.22,40
2023-06-07 17:01:00,3986,18.2363,18.22,18.24,18.25,18.22,80
2023-06-07 17:02:00,760,18.2364,18.23,18.24,18.24,18.23,11
2023-06-07 17:03:00,855,18.2299,18.23,18.23,18.23,18.23,23
2023-06-07 17:04:00,2743,18.2206,18.23,18.21,18.24,18.21,61
2023-06-07 17:05:00,1309,18.1997,18.2,18.205,18.205,18.19,30
2023-06-07 17:06:00,3719,18.2069,18.18,18.255,18.255,18.18,77
2023-06-07 17:07:00,1991,18.2304,18.25,18.22,18.25,18.22,33
2023-06-07 17:08:00,1558,18.24,18.23,18.25,18.25,18.23,22
2023-06-07 17:09:00,4027,18.2385,18.25,18.24,18.26,18.23,66
2023-06-07 17:10:00,2843,18.235,18.24,18.22,18.25,18.22,59
2023-06-07 17:11:00,1374,18.2137,18.22,18.2,18.22,18.2,39
2023-06-07 17:12:00,747,18.1802,18.18,18.18,18.18,18.18,21
2023-06-07 17:13:00,3271,18.1792,18.18,18.2,18.22,18.16,67
2023-06-07 17:14:00,1718,18.1649,18.175,18.16,18.175,18.16,41
2023-06-07 17:15:00,205,18.1698,18.16,18.16,18.16,18.16,4
2023-06-07 17:16:00,2524,18.1757,18.165,18.18,18.18,18.165,41
2023-06-07 17:17:00,2814,18.1665,18.17,18.16,18.17,18.15,55
2023-06-07 17:18:00,968,18.1597,18.16,18.16,18.16,18.16,10
2023-06-07 17:19:00,2034,18.183,18.16,18.205,18.205,18.16,34
2023-06-07 17:20:00,2822,18.1832,18.19,18.19,18.19,18.17,54
2023-06-07 17:21:00,1051,18.1912,18.205,18.18,18.205,18.18,20
2023-06-07 17:22:00,1155,18.1942,18.18,18.215,18.215,18.17,24
2023-06-07 17:23:00,711,18.2278,18.23,18.225,18.23,18.225,13
2023-06-07 17:24:00,1279,18.2452,18.225,18.25,18.25,18.225,28
2023-06-07 17:25:00,5673,18.2406,18.26,18.25,18.26,18.23,83
2023-06-07 17:26:00,2305,18.2311,18.25,18.23,18.25,18.2181,35
2023-06-07 17:27:00,353,18.214,18.22,18.22,18.22,18.22,10
2023-06-07 17:28:00,507,18.241,18.23,18.2495,18.2495,18.23,12
2023-06-07 17:29:00,2534,18.2262,18.23,18.24,18.24,18.215,40
2023-06-07 17:30:00,739,18.2322,18.225,18.23,18.24,18.225,18
2023-06-07 17:31:00,826,18.2462,18.24,18.24,18.25,18.24,7
2023-06-07 17:32:00,1885,18.2501,18.25,18.25,18.255,18.25,32
2023-06-07 17:33:00,481,18.2499,18.255,18.255,18.255,18.255,11
2023-06-07 17:34:00,4045,18.2437,18.26,18.25,18.26,18.24,74
2023-06-07 17:35:00,7971,18.2434,18.26,18.22,18.27,18.22,132
2023-06-07 17:36:00,3074,18.2413,18.225,18.25,18.255,18.225,45
2023-06-07 17:37:00,5130,18.2525,18.26,18.25,18.26,18.24,100
2023-06-07 17:38:00,2563,18.2345,18.24,18.23,18.24,18.22,48
2023-06-07 17:39:00,3214,18.2132,18.22,18.2,18.22,18.2,58
2023-06-07 17:40:00,1127,18.209,18.2,18.215,18.215,18.2,18
2023-06-07 17:41:00,3047,18.2387,18.23,18.25,18.25,18.23,53
2023-06-07 17:42:00,249,18.2379,18.235,18.235,18.235,18.235,5
2023-06-07 17:43:00,441,18.236,18.235,18.235,18.235,18.235,8
2023-06-07 17:44:00,350,18.2328,18.235,18.235,18.235,18.235,8
2023-06-07 17:45:00,4153,18.2161,18.22,18.21,18.2432,18.21,83
2023-06-07 17:46:00,2351,18.2128,18.205,18.22,18.22,18.205,54
2023-06-07 17:47:00,4231,18.1993,18.2,18.18,18.21,18.18,71
2023-06-07 17:48:00,3127,18.2246,18.185,18.23,18.25,18.185,61
2023-06-07 17:49:00,601,18.229,18.23,18.23,18.23,18.23,10
2023-06-07 17:50:00,1595,18.2192,18.22,18.21,18.225,18.21,29
2023-06-07 17:51:00,3983,18.2342,18.24,18.24,18.24,18.23,71
2023-06-07 17:52:00,3785,18.2428,18.245,18.24,18.25,18.24,64
2023-06-07 17:54:00,1850,18.2604,18.25,18.29,18.29,18.25,39
2023-06-07 17:56:00,2065,18.275,18.3,18.28,18.3,18.28,36
2023-06-07 17:57:00,3037,18.2849,18.29,18.27,18.295,18.27,68
2023-06-07 17:58:00,3405,18.2784,18.28,18.27,18.285,18.27,75
2023-06-07 17:59:00,101,18.29,18.29,18.29,18.29,18.29,2
2023-06-07 18:00:00,2592,18.2907,18.29,18.29,18.3,18.29,57
2023-06-07 18:01:00,990,18.2839,18.29,18.28,18.29,18.28,19
2023-06-07 18:02:00,6089,18.3123,18.28,18.3,18.34,18.28,105
2023-06-07 18:03:00,3613,18.2797,18.29,18.27,18.29,18.255,70
2023-06-07 18:04:00,1149,18.2545,18.26,18.25,18.26,18.24,30
2023-06-07 18:05:00,2152,18.2788,18.25,18.305,18.31,18.25,39
2023-06-07 18:06:00,1122,18.2814,18.28,18.28,18.28,18.28,27
2023-06-07 18:07:00,2781,18.2603,18.28,18.24,18.28,18.24,57
2023-06-07 18:08:00,1817,18.2391,18.245,18.22,18.25,18.22,45
2023-06-07 18:09:00,257,18.2368,18.235,18.235,18.235,18.235,9
2023-06-07 18:10:00,3397,18.2372,18.24,18.205,18.25,18.205,69
2023-06-07 18:11:00,2836,18.2325,18.22,18.23,18.25,18.22,56
2023-06-07 18:12:00,1597,18.2325,18.23,18.25,18.25,18.21,39
2023-06-07 18:13:00,2143,18.2515,18.24,18.27,18.27,18.23,29
2023-06-07 18:14:00,1508,18.2742,18.27,18.3,18.3,18.27,31
2023-06-07 18:15:00,1750,18.3015,18.3,18.31,18.31,18.29,30
2023-06-07 18:16:00,5427,18.3068,18.3,18.325,18.33,18.29,86
2023-06-07 18:17:00,741,18.3384,18.34,18.35,18.35,18.33,16
2023-06-07 18:18:00,3215,18.335,18.35,18.35,18.35,18.32,58
2023-06-07 18:19:00,855,18.3212,18.32,18.33,18.33,18.32,18
2023-06-07 18:20:00,2325,18.3354,18.33,18.32,18.35,18.32,37
2023-06-07 18:21:00,2679,18.2883,18.32,18.27,18.32,18.26,78
2023-06-07 18:22:00,14633,18.293,18.27,18.305,18.31,18.27,131
2023-06-07 18:23:00,1230,18.3102,18.31,18.315,18.315,18.31,29
2023-06-07 18:24:00,1246,18.315,18.315,18.315,18.315,18.315,6
2023-06-07 18:25:00,5089,18.3201,18.315,18.31,18.34,18.31,82
2023-06-07 18:26:00,887,18.326,18.31,18.35,18.35,18.31,16
2023-06-07 18:27:00,3249,18.3681,18.345,18.44,18.44,18.34,54
2023-06-07 18:28:00,203,18.4397,18.44,18.44,18.44,18.44,3
2023-06-07 18:29:00,4721,18.4338,18.44,18.42,18.44,18.42,82
2023-06-07 18:30:00,1254,18.4094,18.42,18.405,18.42,18.4,32
2023-06-07 18:31:00,193,18.4031,18.405,18.405,18.405,18.405,3
2023-06-07 18:32:00,8630,18.4013,18.4,18.4,18.4235,18.395,108
2023-06-07 18:33:00,661,18.4057,18.4,18.405,18.405,18.4,13
2023-06-07 18:34:00,5492,18.3935,18.41,18.355,18.42,18.35,100
2023-06-07 18:35:00,10163,18.3112,18.34,18.3,18.34,18.28,169
2023-06-07 18:36:00,2424,18.3152,18.3,18.33,18.35,18.3,30
2023-06-07 18:37:00,639,18.3284,18.33,18.33,18.33,18.32,7
2023-06-07 18:38:00,107,18.3307,18.33,18.33,18.33,18.33,3
2023-06-07 18:39:00,7281,18.3547,18.34,18.33,18.37,18.33,124
2023-06-07 18:40:00,4351,18.3129,18.33,18.33,18.33,18.3,54
2023-06-07 18:41:00,1658,18.3022,18.31,18.3,18.31,18.29,19
2023-06-07 18:42:00,374,18.2965,18.305,18.305,18.305,18.305,12
2023-06-07 18:43:00,2216,18.3112,18.305,18.32,18.32,18.3,39
2023-06-07 18:44:00,1532,18.3104,18.32,18.305,18.32,18.305,29
2023-06-07 18:45:00,6673,18.3037,18.3,18.3,18.31,18.295,120
2023-06-07 18:46:00,11175,18.3306,18.29,18.32,18.37,18.29,149
2023-06-07 18:47:00,4591,18.3085,18.31,18.3,18.33,18.295,57
2023-06-07 18:48:00,1787,18.3033,18.3,18.32,18.32,18.295,22
2023-06-07 18:49:00,2290,18.3421,18.32,18.37,18.37,18.32,47
2023-06-07 18:50:00,583,18.3598,18.37,18.35,18.37,18.35,9
2023-06-07 18:51:00,1007,18.3699,18.37,18.37,18.39,18.37,12
2023-06-07 18:52:00,1323,18.3722,18.36,18.39,18.39,18.3578,30
2023-06-07 18:53:00,1403,18.3753,18.39,18.3722,18.39,18.36,17
2023-06-07 18:54:00,8436,18.3969,18.37,18.415,18.43,18.37,112
2023-06-07 18:55:00,17533,18.4556,18.415,18.4592,18.48,18.41,235
2023-06-07 18:56:00,3312,18.4254,18.43,18.41,18.4597,18.41,71
2023-06-07 18:57:00,3024,18.4214,18.4,18.45,18.45,18.395,81
2023-06-07 18:58:00,1701,18.4396,18.45,18.43,18.45,18.43,47
2023-06-07 18:59:00,4330,18.4097,18.43,18.4,18.43,18.39,88
2023-06-07 19:00:00,1591,18.4183,18.42,18.43,18.43,18.39,35
2023-06-07 19:01:00,4721,18.4254,18.44,18.435,18.44,18.405,93
2023-06-07 19:02:00,3098,18.4415,18.43,18.46,18.46,18.425,83
2023-06-07 19:03:00,1770,18.4713,18.475,18.48,18.48,18.46,35
2023-06-07 19:04:00,5732,18.4478,18.48,18.4,18.48,18.39,95
2023-06-07 19:05:00,3175,18.4185,18.38,18.43,18.43,18.38,61
2023-06-07 19:06:00,3665,18.4572,18.44,18.46,18.469,18.44,49
2023-06-07 19:07:00,566,18.455,18.46,18.47,18.47,18.46,9
2023-06-07 19:08:00,1427,18.4634,18.45,18.48,18.48,18.45,39
2023-06-07 19:09:00,912,18.4774,18.48,18.48,18.49,18.48,12
2023-06-07 19:10:00,5580,18.4786,18.47,18.51,18.51,18.47,111
2023-06-07 19:11:00,2070,18.5007,18.515,18.4716,18.515,18.4716,46
2023-06-07 19:12:00,1679,18.4908,18.49,18.49,18.5,18.49,32
2023-06-07 19:13:00,4094,18.5005,18.5,18.5,18.51,18.4901,50
2023-06-07 19:14:00,594,18.494,18.5,18.49,18.5,18.49,18
2023-06-07 19:15:00,3490,18.4912,18.49,18.5,18.5,18.48,60
2023-06-07 19:16:00,3212,18.5202,18.51,18.54,18.54,18.51,74
2023-06-07 19:17:00,4015,18.5556,18.54,18.55,18.575,18.54,84
2023-06-07 19:18:00,759,18.5606,18.56,18.56,18.565,18.56,17
2023-06-07 19:19:00,3001,18.5521,18.565,18.565,18.565,18.55,49
2023-06-07 19:20:00,5390,18.5699,18.57,18.57,18.58,18.5611,96
2023-06-07 19:21:00,4669,18.5648,18.57,18.575,18.575,18.55,68
2023-06-07 19:22:00,5645,18.5692,18.57,18.54,18.585,18.54,108
2023-06-07 19:23:00,2464,18.5665,18.57,18.56,18.575,18.56,40
2023-06-07 19:24:00,1128,18.5682,18.56,18.58,18.58,18.56,21
2023-06-07 19:25:00,406,18.5686,18.57,18.57,18.57,18.57,4
2023-06-07 19:26:00,3900,18.555,18.57,18.55,18.57,18.55,81
2023-06-07 19:27:00,3375,18.5484,18.555,18.525,18.56,18.525,68
2023-06-07 19:28:00,3102,18.5462,18.53,18.56,18.56,18.53,61
2023-06-07 19:29:00,3583,18.5695,18.57,18.58,18.59,18.55,73
2023-06-07 19:30:00,1116,18.5796,18.575,18.58,18.585,18.575,27
2023-06-07 19:31:00,5288,18.5825,18.585,18.59,18.59,18.575,110
2023-06-07 19:32:00,4203,18.5976,18.6,18.59,18.6,18.59,70
2023-06-07 19:33:00,439,18.5977,18.6,18.59,18.6,18.59,9
2023-06-07 19:34:00,5011,18.6159,18.59,18.615,18.63,18.59,85
2023-06-07 19:35:00,6947,18.6013,18.61,18.6,18.615,18.585,124
2023-06-07 19:36:00,3073,18.6078,18.595,18.61,18.63,18.595,63
2023-06-07 19:37:00,6086,18.6009,18.62,18.59,18.62,18.58,107
2023-06-07 19:38:00,1712,18.603,18.59,18.615,18.615,18.59,39
2023-06-07 19:39:00,1192,18.6113,18.615,18.615,18.615,18.615,37
2023-06-07 19:40:00,931,18.6124,18.615,18.615,18.615,18.6,34
2023-06-07 19:41:00,6954,18.6392,18.615,18.705,18.705,18.6,127
2023-06-07 19:42:00,5399,18.6797,18.705,18.6803,18.705,18.67,86
2023-06-07 19:43:00,6074,18.6838,18.685,18.71,18.71,18.675,115
2023-06-07 19:44:00,2355,18.7047,18.71,18.69,18.72,18.69,74
2023-06-07 19:45:00,3912,18.7218,18.7,18.73,18.74,18.7,136
2023-06-07 19:46:00,6108,18.7507,18.74,18.78,18.79,18.73,170
2023-06-07 19:47:00,9427,18.7687,18.79,18.72,18.8,18.72,173
2023-06-07 19:48:00,3791,18.7385,18.74,18.745,18.745,18.73,75
2023-06-07 19:49:00,10442,18.7435,18.74,18.74,18.76,18.73,160
2023-06-07 19:50:00,5647,18.7276,18.74,18.74,18.75,18.69,84
2023-06-07 19:51:00,14557,18.7414,18.73,18.75,18.76,18.72,180
2023-06-07 19:52:00,12921,18.734,18.74,18.745,18.751,18.71,203
2023-06-07 19:53:00,17507,18.7433,18.741,18.76,18.76,18.735,241
2023-06-07 19:54:00,14055,18.745,18.76,18.73,18.76,18.73,193
2023-06-07 19:55:00,13044,18.7286,18.73,18.735,18.745,18.71,248
2023-06-07 19:56:00,17954,18.7495,18.735,18.78,18.78,18.735,218
2023-06-07 19:57:00,20160,18.7993,18.775,18.82,18.825,18.775,269
2023-06-07 19:58:00,20250,18.7945,18.82,18.785,18.82,18.78,259
2023-06-07 19:59:00,37598,18.7914,18.78,18.78,18.82,18.76,530
2023-06-07 20:00:00,2399,18.77,18.77,18.77,18.77,18.77,10
2023-06-07 23:16:00,4000,18.9599,18.9599,18.9599,18.9599,18.9599,1
2023-06-08 12:12:00,200,18.969,18.968,18.97,18.97,18.968,2
2023-06-08 13:15:00,110,18.95,18.95,18.95,18.95,18.95,1
2023-06-08 13:30:00,12466,18.8855,18.89,18.87,18.95,18.7,18
2023-06-08 13:31:00,3700,18.9604,18.9,19.0,19.06,18.9,62
2023-06-08 13:32:00,2190,18.9274,18.91,18.89,18.99,18.89,32
2023-06-08 13:33:00,4552,18.7409,18.87,18.74,18.87,18.61,89
2023-06-08 13:34:00,3112,18.7894,18.76,18.77,18.8482,18.76,56
2023-06-08 13:35:00,3303,18.877,18.85,18.8225,18.94,18.81,36
2023-06-08 13:36:00,1731,18.6834,18.73,18.66,18.74,18.63,21
2023-06-08 13:37:00,4385,18.7237,18.71,18.75,18.77,18.6601,60
2023-06-08 13:38:00,3399,18.699,18.72,18.73,18.73,18.6598,35
2023-06-08 13:39:00,941,18.6683,18.72,18.67,18.72,18.67,25
2023-06-08 13:40:00,4360,18.6424,18.58,18.51,18.68,18.51,74
2023-06-08 13:41:00,3428,18.4622,18.49,18.49,18.5047,18.41,48
2023-06-08 13:42:00,3681,18.3599,18.39,18.37,18.39,18.32,72
2023-06-08 13:43:00,4326,18.4366,18.37,18.48,18.5,18.37,61
2023-06-08 13:44:00,3418,18.4082,18.47,18.39,18.47,18.35,59
2023-06-08 13:45:00,2870,18.3069,18.36,18.29,18.39,18.24,50
2023-06-08 13:46:00,1698,18.2362,18.23,18.24,18.27,18.21,33
2023-06-08 13:47:00,3435,18.2169,18.22,18.18,18.25,18.18,57
2023-06-08 13:48:00,5063,18.1744,18.19,18.135,18.2,18.135,86
2023-06-08 13:49:00,3719,18.1415,18.11,18.165,18.17,18.11,37
2023-06-08 13:50:00,3068,18.1875,18.18,18.16,18.21,18.16,52
2023-06-08 13:51:00,4869,18.2184,18.21,18.17,18.29,18.16,90
2023-06-08 13:52:00,1562,18.2023,18.19,18.19,18.22,18.19,32
2023-06-08 13:53:00,3635,18.1324,18.15,18.075,18.17,18.07,55
2023-06-08 13:54:00,7489,17.9888,18.09,17.95,18.09,17.92,97
2023-06-08 13:55:00,2098,18.0019,17.95,18.08,18.08,17.945,40
2023-06-08 13:56:00,1224,18.0573,18.06,18.03,18.06,18.03,11
2023-06-08 13:57:00,3622,18.0758,18.04,18.1,18.1,18.04,56
2023-06-08 13:58:00,2729,18.0706,18.09,18.04,18.09,18.04,47
2023-06-08 13:59:00,1215,18.0202,18.02,18.02,18.02,18.02,28
2023-06-08 14:00:00,2528,18.0341,18.03,18.03,18.06,18.02,34
2023-06-08 14:01:00,3853,18.123,18.05,18.17,18.17,18.05,77
2023-06-08 14:02:00,1957,18.2001,18.16,18.2,18.23,18.16,28
2023-06-08 14:03:00,3786,18.1583,18.205,18.07,18.205,18.07,61
2023-06-08 14:04:00,3181,18.0937,18.06,18.07,18.13,18.06,43
2023-06-08 14:05:00,699,18.0976,18.075,18.1,18.11,18.075,13
2023-06-08 14:06:00,972,18.1062,18.1285,18.1,18.1285,18.1,17
2023-06-08 14:07:00,2975,18.0919,18.1,18.12,18.12,18.07,57
2023-06-08 14:08:00,1805,18.17,18.19,18.16,18.19,18.16,40
2023-06-08 14:09:00,6875,18.1747,18.1799,18.15,18.1799,18.15,19
2023-06-08 14:10:00,1901,18.1552,18.18,18.12,18.18,18.12,34
2023-06-08 14:11:00,1289,18.1032,18.11,18.085,18.11,18.08,31
2023-06-08 14:12:00,4511,18.0457,18.07,18.0,18.07,18.0,35
2023-06-08 14:13:00,1712,18.0257,18.02,18.02,18.035,18.01,30
2023-06-08 14:14:00,3249,17.9633,17.98,18.01,18.01,17.92,64
2023-06-08 14:15:00,3530,18.0148,18.02,18.05,18.05,17.98,66
2023-06-08 14:16:00,1770,18.0405,18.05,18.05,18.05,18.02,27
2023-06-08 14:17:00,2058,18.1094,18.04,18.11,18.19,18.04,37
2023-06-08 14:18:00,2613,18.0968,18.072,18.11,18.125,18.072,39
2023-06-08 14:19:00,400,18.1057,18.11,18.1,18.11,18.1,5
2023-06-08 14:20:00,455,18.1402,18.13,18.16,18.16,18.13,8
2023-06-08 14:21:00,2678,18.1823,18.19,18.15,18.21,18.15,39
2023-06-08 14:22:00,4938,18.145,18.15,18.11,18.15,18.11,16
2023-06-08 14:23:00,2514,18.1175,18.1,18.18,18.18,18.07,33
2023-06-08 14:24:00,1376,18.2132,18.18,18.26,18.26,18.18,24
2023-06-08 14:25:00,1631,18.1696,18.2,18.1,18.2,18.1,34
2023-06-08 14:26:00,1724,18.0796,18.1,18.015,18.1,18.015,21
2023-06-08 14:27:00,649,17.9398,17.95,17.91,17.95,17.91,13
2023-06-08 14:28:00,2622,17.889,17.908,17.83,17.908,17.83,45
2023-06-08 14:29:00,1892,17.8765,17.87,17.88,17.88,17.87,28
2023-06-08 14:30:00,5684,17.8957,17.91,17.88,17.92,17.86,66
2023-06-08 14:31:00,5213,17.8479,17.9,17.82,17.9,17.81,72
2023-06-08 14:32:00,2237,17.7474,17.8,17.73,17.8,17.73,36
2023-06-08 14:33:00,5084,17.7345,17.734,17.71,17.74,17.71,32
2023-06-08 14:34:00,5847,17.7922,17.71,17.87,17.87,17.71,88
2023-06-08 14:35:00,2533,17.8951,17.9,17.895,17.92,17.89,25
2023-06-08 14:36:00,3494,17.8834,17.9,17.93,17.93,17.87,42
2023-06-08 14:37:00,3781,17.9521,17.95,17.915,17.96,17.915,37
2023-06-08 14:38:00,1209,17.8713,17.92,17.85,17.92,17.85,26
2023-06-08 14:39:00,306,17.837,17.835,17.835,17.835,17.835,5
2023-06-08 14:40:00,2640,17.8957,17.86,17.93,17.93,17.86,47
2023-06-08 14:41:00,2858,17.9369,17.95,17.885,17.95,17.885,52
2023-06-08 14:42:00,634,17.9003,17.88,17.91,17.91,17.88,9
2023-06-08 14:43:00,343,17.9344,17.93,17.93,17.93,17.93,8
2023-06-08 14:44:00,802,17.9577,17.94,17.95,17.96,17.94,14
2023-06-08 14:45:00,822,17.9719,17.98,17.965,17.98,17.965,26
2023-06-08 14:46:00,782,18.0253,18.01,18.01,18.01,18.01,21
2023-06-08 14:47:00,2256,18.036,18.058,18.03,18.058,18.03,14
2023-06-08 14:48:00,3059,18.0232,18.03,18.04,18.05,18.01,77
2023-06-08 14:49:00,2013,18.0714,18.06,18.07,18.09,18.06,45
2023-06-08 14:50:00,14183,18.0008,18.02,17.97,18.05,17.97,117
2023-06-08 14:51:00,2555,17.9542,17.96,17.97,18.0,17.94,33
2023-06-08 14:52:00,2070,17.9549,17.97,17.95,17.97,17.95,26
2023-06-08 14:53:00,1746,17.9148,17.93,17.92,17.93,17.89,41
2023-06-08 14:54:00,3580,17.9562,17.94,17.9,18.0,17.9,60
2023-06-08 14:55:00,300,17.8957,17.885,17.9171,17.9171,17.885,3
2023-06-08 14:56:00,2514,17.8228,17.86,17.785,17.87,17.785,36
2023-06-08 14:57:00,2461,17.8326,17.785,17.86,17.87,17.785,30
2023-06-08 14:58:00,1530,17.8351,17.86,17.8,17.86,17.79,31
2023-06-08 14:59:00,533,17.8157,17.815,17.82,17.82,17.815,8
2023-06-08 15:01:00,743,17.7905,17.79,17.79,17.79,17.79,22
2023-06-08 15:02:00,458,17.8044,17.8,17.81,17.81,17.8,6
2023-06-08 15:03:00,2900,17.8131,17.78,17.84,17.84,17.78,52
2023-06-08 15:04:00,3406,17.802,17.84,17.78,17.84,17.77,58
2023-06-08 15:05:00,417,17.7594,17.75,17.765,17.77,17.75,10
2023-06-08 15:06:00,1077,17.7827,17.78,17.795,17.795,17.78,14
2023-06-08 15:07:00,300,17.7966,17.7948,17.8,17.8,17.7948,3
2023-06-08 15:08:00,2760,17.807,17.8,17.8,17.82,17.8,41
2023-06-08 15:09:00,2433,17.8314,17.83,17.83,17.85,17.82,59
2023-06-08 15:11:00,1533,17.8037,17.83,17.78,17.83,17.78,28
2023-06-08 15:12:00,797,17.7677,17.77,17.77,17.77,17.77,11
2023-06-08 15:13:00,1573,17.7491,17.75,17.745,17.75,17.745,21
2023-06-08 15:14:00,3536,17.75,17.73,17.74,17.76,17.72,75
2023-06-08 15:16:00,2693,17.7689,17.77,17.76,17.78,17.76,86
2023-06-08 15:17:00,3708,17.7558,17.77,17.69,17.78,17.69,49
2023-06-08 15:18:00,1132,17.711,17.695,17.73,17.73,17.695,18
2023-06-08 15:19:00,1698,17.7369,17.75,17.72,17.76,17.72,30
2023-06-08 15:20:00,989,17.7137,17.72,17.72,17.72,17.7,14
2023-06-08 15:21:00,349,17.72,17.72,17.72,17.72,17.72,11
2023-06-08 15:22:00,654,17.7436,17.74,17.748,17.748,17.74,7
2023-06-08 15:23:00,2205,17.7425,17.75,17.75,17.75,17.74,52
2023-06-08 15:24:00,1065,17.7557,17.76,17.755,17.76,17.755,23
2023-06-08 15:25:00,1079,17.7218,17.73,17.712,17.73,17.712,21
2023-06-08 15:26:00,323,17.7458,17.75,17.745,17.75,17.745,6
2023-06-08 15:27:00,868,17.7271,17.745,17.71,17.745,17.71,20
2023-06-08 15:28:00,1970,17.7077,17.69,17.72,17.72,17.67,32
2023-06-08 15:29:00,1906,17.7364,17.73,17.76,17.76,17.73,52
2023-06-08 15:30:00,3071,17.7673,17.7682,17.76,17.785,17.735,59
2023-06-08 15:31:00,1587,17.7261,17.78,17.73,17.78,17.7,28
2023-06-08 15:32:00,280,17.7129,17.72,17.7,17.72,17.7,2
2023-06-08 15:33:00,3822,17.7129,17.7005,17.73,17.73,17.7,62
2023-06-08 15:34:00,2368,17.724,17.7,17.74,17.74,17.7,50
2023-06-08 15:35:00,4252,17.735,17.7497,17.65,17.7497,17.65,37
2023-06-08 15:36:00,2588,17.5998,17.64,17.58,17.64,17.58,62
2023-06-08 15:37:00,3303,17.6203,17.61,17.646,17.646,17.59,53
2023-06-08 15:38:00,3218,17.6698,17.65,17.69,17.69,17.65,64
2023-06-08 15:40:00,3200,17.7028,17.71,17.68,17.72,17.68,67
2023-06-08 15:41:00,826,17.6608,17.66,17.655,17.66,17.655,13
2023-06-08 15:42:00,524,17.6528,17.66,17.65,17.66,17.65,11
2023-06-08 15:43:00,2378,17.5914,17.6,17.57,17.61,17.57,36
2023-06-08 15:44:00,3382,17.6301,17.6,17.675,17.675,17.6,72
2023-06-08 15:45:00,992,17.663,17.675,17.66,17.675,17.66,18
2023-06-08 15:46:00,1197,17.6596,17.66,17.665,17.665,17.66,19
2023-06-08 15:47:00,443,17.665,17.665,17.665,17.665,17.665,4
2023-06-08 15:48:00,5556,17.6908,17.65,17.7,17.72,17.65,110
2023-06-08 15:49:00,1125,17.7203,17.72,17.715,17.74,17.7,24
2023-06-08 15:50:00,2135,17.6871,17.71,17.65,17.71,17.65,45
2023-06-08 15:51:00,1600,17.6517,17.645,17.65,17.66,17.645,27
2023-06-08 15:53:00,3171,17.6303,17.64,17.63,17.64,17.63,5
2023-06-08 15:54:00,4269,17.5564,17.6,17.555,17.6,17.5301,42
2023-06-08 15:55:00,4215,17.6034,17.555,17.62,17.63,17.555,80
2023-06-08 15:56:00,3607,17.649,17.6,17.69,17.69,17.6,75
2023-06-08 15:57:00,1423,17.6937,17.695,17.68,17.7,17.68,13
2023-06-08 15:58:00,5444,17.6871,17.68,17.695,17.72,17.6701,59
2023-06-08 15:59:00,2181,17.6521,17.67,17.64,17.67,17.64,45
2023-06-08 16:00:00,256,17.6245,17.625,17.625,17.625,17.625,4
2023-06-08 16:01:00,1240,17.5963,17.61,17.575,17.61,17.575,21
2023-06-08 16:02:00,1670,17.5985,17.575,17.6,17.61,17.575,29
2023-06-08 16:03:00,2159,17.6236,17.62,17.631,17.64,17.59,42
2023-06-08 16:04:00,736,17.6467,17.64,17.67,17.67,17.63,19
2023-06-08 16:05:00,2126,17.6968,17.67,17.72,17.72,17.67,50
2023-06-08 16:06:00,1562,17.7287,17.725,17.715,17.74,17.715,42
2023-06-08 16:07:00,954,17.7281,17.72,17.73,17.73,17.72,18
2023-06-08 16:08:00,3674,17.774,17.75,17.73,17.8099,17.73,60
2023-06-08 16:09:00,2346,17.6934,17.72,17.7,17.72,17.67,35
2023-06-08 16:10:00,1159,17.6922,17.67,17.71,17.71,17.67,11
2023-06-08 16:12:00,1689,17.7179,17.705,17.715,17.73,17.705,19
2023-06-08 16:13:00,1787,17.6961,17.73,17.645,17.73,17.645,36
2023-06-08 16:14:00,2209,17.6414,17.63,17.65,17.66,17.62,45
2023-06-08 16:15:00,4235,17.6136,17.62,17.62,17.65,17.59,66
2023-06-08 16:16:00,1740,17.6342,17.62,17.625,17.64,17.62,35
2023-06-08 16:17:00,100,17.65,17.65,17.65,17.65,17.65,1
2023-06-08 16:18:00,1116,17.6763,17.65,17.7,17.7,17.65,22
2023-06-08 16:19:00,496,17.6871,17.67,17.685,17.685,17.67,10
2023-06-08 16:20:00,1493,17.6936,17.69,17.67,17.71,17.67,33
2023-06-08 16:21:00,640,17.6881,17.7,17.685,17.7,17.685,7
2023-06-08 16:22:00,9893,17.6753,17.67,17.7,17.7,17.64,86
2023-06-08 16:23:00,1764,17.6361,17.66,17.59,17.66,17.59,32
2023-06-08 16:24:00,2938,17.6191,17.59,17.64,17.64,17.58,42
2023-06-08 16:25:00,1716,17.6313,17.64,17.62,17.64,17.62,26
2023-06-08 16:26:00,1739,17.6438,17.63,17.66,17.66,17.63,26
2023-06-08 16:27:00,2284,17.6697,17.655,17.675,17.69,17.655,32
2023-06-08 16:28:00,2257,17.714,17.69,17.73,17.73,17.69,48
2023-06-08 16:29:00,920,17.7451,17.72,17.75,17.75,17.72,24
2023-06-08 16:30:00,1915,17.7371,17.73,17.75,17.75,17.73,31
2023-06-08 16:31:00,1238,17.7722,17.77,17.77,17.79,17.77,20
2023-06-08 16:32:00,3463,17.742,17.74,17.75,17.75,17.725,51
2023-06-08 16:34:00,6151,17.7442,17.76,17.765,17.77,17.72,86
2023-06-08 16:35:00,1964,17.8038,17.755,17.83,17.84,17.755,35
2023-06-08 16:36:00,1959,17.8084,17.83,17.8,17.83,17.8,35
2023-06-08 16:37:00,2009,17.8094,17.79,17.83,17.83,17.79,42
2023-06-08 16:38:00,654,17.7896,17.83,17.83,17.83,17.83,12
2023-06-08 16:39:00,1691,17.7846,17.81,17.77,17.81,17.77,37
2023-06-08 16:40:00,500,17.76,17.76,17.76,17.76,17.76,4
2023-06-08 16:41:00,2872,17.7919,17.78,17.83,17.83,17.775,63
2023-06-08 16:42:00,435,17.8253,17.86,17.86,17.86,17.86,10
2023-06-08 16:43:00,2401,17.8526,17.855,17.85,17.87,17.85,44
2023-06-08 16:44:00,2113,17.8781,17.85,17.89,17.89,17.85,35
2023-06-08 16:45:00,8313,17.895,17.88,17.895,17.93,17.87,129
2023-06-08 16:46:00,1948,17.8838,17.895,17.87,17.9,17.87,18
2023-06-08 16:47:00,263,17.8524,17.85,17.85,17.85,17.85,7
2023-06-08 16:48:00,3081,17.8669,17.83,17.9,17.9,17.83,36
2023-06-08 16:49:00,646,17.899,17.895,17.895,17.91,17.895,6
2023-06-08 16:50:00,319,17.895,17.895,17.895,17.895,17.895,4
2023-06-08 16:51:00,1939,17.9016,17.895,17.9,17.91,17.895,28
2023-06-08 16:52:00,2357,17.8992,17.89,17.9008,17.9008,17.89,20
2023-06-08 16:53:00,4696,17.9273,17.895,17.905,17.97,17.895,87
2023-06-08 16:54:00,737,17.8999,17.9,17.9,17.9,17.9,15
2023-06-08 16:55:00,2078,17.9285,17.92,17.93,17.95,17.92,37
2023-06-08 16:56:00,227,17.9299,17.93,17.93,17.93,17.93,4
2023-06-08 16:57:00,240,17.9327,17.93,17.93,17.93,17.93,8
2023-06-08 16:58:00,1668,17.9062,17.91,17.89,17.91,17.89,42
2023-06-08 16:59:00,1924,17.898,17.89,17.9,17.91,17.89,26
2023-06-08 17:00:00,700,17.8724,17.88,17.865,17.88,17.865,16
2023-06-08 17:01:00,2148,17.8835,17.865,17.9,17.9,17.865,36
2023-06-08 17:02:00,829,17.91,17.91,17.91,17.91,17.91,10
2023-06-08 17:03:00,2565,17.9167,17.92,17.92,17.93,17.91,57
2023-06-08 17:04:00,200,17.92,17.92,17.92,17.92,17.92,4
2023-06-08 17:06:00,703,17.9395,17.94,17.94,17.94,17.94,15
2023-06-08 17:07:00,695,17.922,17.92,17.93,17.93,17.92,10
2023-06-08 17:08:00,1503,17.9009,17.92,17.9,17.92,17.89,35
2023-06-08 17:09:00,4435,17.8842,17.88,17.86,17.905,17.86,76
2023-06-08 17:10:00,640,17.8684,17.87,17.87,17.87,17.86,12
2023-06-08 17:11:00,2001,17.8445,17.85,17.85,17.85,17.825,44
2023-06-08 17:12:00,1569,17.8708,17.85,17.88,17.88,17.85,25
2023-06-08 17:14:00,100,17.87,17.87,17.87,17.87,17.87,1
2023-06-08 17:15:00,1113,17.869,17.87,17.87,17.87,17.8598,15
2023-06-08 17:16:00,4433,17.8896,17.865,17.92,17.92,17.865,69
2023-06-08 17:17:00,1372,17.9359,17.94,17.94,17.94,17.94,26
2023-06-08 17:18:00,1126,17.9538,17.93,17.98,17.98,17.93,17
2023-06-08 17:19:00,2583,17.9965,18.0,17.99,18.02,17.99,45
2023-06-08 17:20:00,200,17.965,17.965,17.965,17.965,17.965,2
2023-06-08 17:22:00,1222,17.9418,17.96,17.935,17.96,17.935,25
2023-06-08 17:23:00,3657,17.9828,17.96,18.01,18.01,17.96,61
2023-06-08 17:24:00,641,18.02,18.02,18.02,18.02,18.02,13
2023-06-08 17:25:00,299,18.0032,18.0,18.01,18.01,18.0,6
2023-06-08 17:26:00,686,18.0247,18.005,18.05,18.05,18.005,18
2023-06-08 17:28:00,2493,18.0369,18.03,18.05,18.05,18.03,55
2023-06-08 17:29:00,200,18.0599,18.0599,18.0599,18.0599,18.0599,2
2023-06-08 17:30:00,188,18.0452,18.045,18.045,18.045,18.045,6
2023-06-08 17:31:00,1024,18.0448,18.045,18.045,18.045,18.045,10
2023-06-08 17:32:00,3904,18.0637,18.06,18.08,18.08,18.06,87
2023-06-08 17:33:00,1390,18.0878,18.09,18.07,18.1,18.07,31
2023-06-08 17:34:00,1473,18.0647,18.07,18.05,18.07,18.05,40
2023-06-08 17:35:00,1278,18.0546,18.04,18.06,18.06,18.04,20
2023-06-08 17:36:00,814,18.0739,18.07,18.08,18.08,18.07,25
2023-06-08 17:37:00,3261,18.0502,18.06,18.04,18.06,18.04,58
2023-06-08 17:39:00,987,18.0282,18.03,18.03,18.03,18.02,27
2023-06-08 17:40:00,519,18.015,18.015,18.015,18.015,18.015,5
2023-06-08 17:42:00,692,18.0176,18.015,18.0,18.03,18.0,12
2023-06-08 17:43:00,2931,17.9967,18.0,17.97,18.0,17.97,38
2023-06-08 17:44:00,315,17.9732,17.97,17.98,17.98,17.97,6
2023-06-08 17:45:00,1220,17.9885,17.98,17.99,17.99,17.98,21
2023-06-08 17:46:00,2149,17.9587,17.97,17.945,17.98,17.94,40
2023-06-08 17:47:00,3137,17.9243,17.92,17.93,17.94,17.9,54
2023-06-08 17:48:00,102,17.9347,17.935,17.935,17.935,17.935,3
2023-06-08 17:50:00,1212,17.9208,17.935,17.915,17.935,17.915,30
2023-06-08 17:51:00,5025,17.9553,17.94,17.97,17.98,17.94,71
2023-06-08 17:53:00,553,18.0002,18.0,18.0,18.0,18.0,16
2023-06-08 17:54:00,945,17.9937,18.0,18.0,18.0,17.99,17
2023-06-08 17:56:00,1215,18.0137,18.01,18.02,18.02,18.01,28
2023-06-08 17:57:00,786,18.0189,18.02,18.015,18.02,18.015,22
2023-06-08 17:58:00,339,18.0199,18.02,18.02,18.02,18.02,11
2023-06-08 17:59:00,140,18.0107,18.015,18.015,18.015,18.015,4
2023-06-08 18:00:00,2688,18.021,18.03,17.99,18.03,17.99,46
2023-06-08 18:01:00,300,17.9908,17.98,17.98,17.98,17.98,3
2023-06-08 18:02:00,1511,17.9538,17.96,17.95,17.96,17.95,34
2023-06-08 18:03:00,382,17.9184,17.92,17.92,17.92,17.92,12
2023-06-08 18:04:00,700,17.89,17.89,17.89,17.89,17.89,1
2023-06-08 18:05:00,2048,17.9,17.89,17.91,17.91,17.89,47
2023-06-08 18:06:00,100,17.895,17.895,17.895,17.895,17.895,1
2023-06-08 18:08:00,816,17.8874,17.91,17.88,17.91,17.88,8
2023-06-08 18:09:00,1781,17.8862,17.895,17.88,17.895,17.88,56
2023-06-08 18:10:00,2104,17.8798,17.87,17.845,17.89,17.845,42
2023-06-08 18:11:00,889,17.8725,17.86,17.86,17.86,17.86,16
2023-06-08 18:12:00,1860,17.8351,17.855,17.8238,17.855,17.8238,18
2023-06-08 18:13:00,217,17.8447,17.845,17.845,17.845,17.845,5
2023-06-08 18:14:00,1952,17.8626,17.845,17.86,17.87,17.845,34
2023-06-08 18:15:00,2427,17.8723,17.88,17.8601,17.88,17.8601,44
2023-06-08 18:16:00,1392,17.8865,17.88,17.89,17.89,17.88,44
2023-06-08 18:17:00,708,17.9,17.9,17.9,17.9,17.9,21
2023-06-08 18:18:00,3244,17.8746,17.89,17.86,17.89,17.85,38
2023-06-08 18:19:00,2127,17.8805,17.85,17.9,17.9,17.85,34
2023-06-08 18:20:00,1729,17.9168,17.91,17.93,17.93,17.91,32
2023-06-08 18:21:00,234,17.9384,17.94,17.94,17.94,17.94,9
2023-06-08 18:22:00,732,17.9501,17.95,17.95,17.95,17.94,21
2023-06-08 18:23:00,400,17.9442,17.965,17.965,17.965,17.965,5
2023-06-08 18:24:00,2211,17.9594,17.96,17.95,17.98,17.95,44
2023-06-08 18:27:00,465,17.9392,17.92,17.9497,17.9497,17.92,6
2023-06-08 18:28:00,2958,17.9431,17.935,17.935,17.95,17.92,74
2023-06-08 18:29:00,4138,17.9653,17.94,18.0,18.02,17.94,83
2023-06-08 18:31:00,2082,17.9983,18.0,17.99,18.0,17.99,51
2023-06-08 18:33:00,117,17.9692,17.97,17.97,17.97,17.97,5
2023-06-08 18:34:00,137,17.9703,17.97,17.97,17.97,17.97,4
2023-06-08 18:35:00,2062,17.9879,17.97,17.99,17.99,17.97,45
2023-06-08 18:36:00,205,17.99,17.99,17.99,17.99,17.99,7
2023-06-08 18:37:00,306,17.9835,17.99,17.97,17.99,17.97,10
2023-06-08 18:38:00,2605,17.9762,17.97,17.99,17.99,17.97,58
2023-06-08 18:39:00,2047,18.0055,18.0,18.01,18.01,18.0,44
2023-06-08 18:40:00,1066,18.0239,18.02,18.03,18.03,18.02,36
2023-06-08 18:41:00,582,18.0321,18.03,18.03,18.03,18.03,17
2023-06-08 18:42:00,2459,18.034,18.04,18.03,18.04,18.03,41
2023-06-08 18:44:00,1726,18.025,18.02,18.03,18.03,18.015,46
2023-06-08 18:46:00,5297,17.9852,18.01,17.98,18.01,17.96,91
2023-06-08 18:47:00,2370,17.9762,17.985,17.97,17.985,17.97,63
2023-06-08 18:48:00,374,17.9629,17.9601,17.9601,17.9601,17.9601,6
2023-06-08 18:50:00,1355,17.9767,17.97,17.97,17.98,17.97,30
2023-06-08 18:51:00,2141,17.973,17.98,17.975,17.98,17.96,45
2023-06-08 18:52:00,113,17.9822,17.9835,17.9835,17.9835,17.9835,4
2023-06-08 18:53:00,4936,17.9757,17.96,18.015,18.015,17.95,110
2023-06-08 18:54:00,358,18.03,18.03,18.03,18.03,18.03,9
2023-06-08 18:55:00,122,18.0496,18.05,18.05,18.05,18.05,4
2023-06-08 18:57:00,2055,18.0197,18.03,18.03,18.03,18.01,44
2023-06-08 18:58:00,1882,18.0432,18.05,18.025,18.05,18.025,40
2023-06-08 19:00:00,1800,18.0338,18.04,18.049,18.049,18.025,23
2023-06-08 19:01:00,831,18.0359,18.035,18.035,18.035,18.035,26
2023-06-08 19:02:00,3459,18.0557,18.04,18.08,18.08,18.04,85
2023-06-08 19:03:00,813,18.0967,18.097,18.095,18.097,18.095,16
2023-06-08 19:04:00,797,18.0831,18.085,18.08,18.085,18.08,29
2023-06-08 19:05:00,2727,18.0685,18.07,18.06,18.08,18.06,39
2023-06-08 19:06:00,1167,18.0595,18.06,18.06,18.06,18.05,26
2023-06-08 19:07:00,245,18.0666,18.06,18.06,18.06,18.06,6
2023-06-08 19:08:00,236,18.065,18.065,18.065,18.065,18.065,4
2023-06-08 19:09:00,1672,18.048,18.05,18.04,18.05,18.04,34
2023-06-08 19:10:00,3067,18.0318,18.03,18.02,18.04,18.015,63
2023-06-08 19:11:00,1004,18.0193,18.01,18.02,18.02,18.01,17
2023-06-08 19:12:00,5786,18.0388,18.03,18.06,18.06,18.025,84
2023-06-08 19:13:00,457,18.0626,18.07,18.07,18.07,18.07,23
2023-06-08 19:14:00,2714,18.0455,18.05,18.04,18.05,18.04,58
2023-06-08 19:15:00,411,18.0251,18.02,18.02,18.02,18.02,10
2023-06-08 19:16:00,301,18.0199,18.02,18.02,18.02,18.02,7
2023-06-08 19:17:00,3969,17.9992,18.02,17.995,18.02,17.99,92
2023-06-08 19:18:00,2416,17.9824,17.995,17.97,17.995,17.97,51
2023-06-08 19:19:00,4975,17.9871,17.96,18.0,18.0,17.96,91
2023-06-08 19:20:00,3619,18.0287,18.01,18.07,18.07,18.01,71
2023-06-08 19:21:00,3120,18.0448,18.07,18.04,18.07,18.03,51
2023-06-08 19:22:00,2769,18.0516,18.05,18.05,18.06,18.04,51
2023-06-08 19:24:00,709,18.0568,18.07,18.06,18.07,18.06,21
2023-06-08 19:25:00,2298,18.0719,18.07,18.08,18.08,18.07,59
2023-06-08 19:26:00,2384,18.0722,18.075,18.07,18.08,18.065,51
2023-06-08 19:27:00,3237,18.0864,18.07,18.1,18.1,18.07,62
2023-06-08 19:28:00,2278,18.0999,18.1,18.11,18.11,18.1,40
2023-06-08 19:29:00,377,18.1096,18.11,18.11,18.11,18.11,9
2023-06-08 19:30:00,7100,18.1034,18.11,18.12,18.12,18.09,137
2023-06-08 19:31:00,3508,18.1359,18.13,18.18,18.195,18.13,63
2023-06-08 19:32:00,4401,18.1841,18.19,18.16,18.2,18.16,80
2023-06-08 19:33:00,2927,18.0778,18.12,18.0677,18.12,18.0677,34
2023-06-08 19:34:00,756,18.0815,18.075,18.07,18.075,18.07,17
2023-06-08 19:35:00,4523,18.08,18.07,18.1,18.1,18.0601,72
2023-06-08 19:36:00,4549,18.1015,18.09,18.09,18.11,18.09,77
2023-06-08 19:37:00,2989,18.106,18.09,18.12,18.12,18.09,77
2023-06-08 19:38:00,2317,18.1011,18.1,18.1,18.1047,18.1,33
2023-06-08 19:39:00,6011,18.1288,18.11,18.14,18.15,18.11,106
2023-06-08 19:40:00,3919,18.1374,18.1391,18.155,18.16,18.125,65
2023-06-08 19:41:00,5575,18.1573,18.17,18.17,18.17,18.1463,105
2023-06-08 19:42:00,1365,18.1636,18.17,18.16,18.17,18.16,38
2023-06-08 19:43:00,6140,18.1786,18.17,18.17,18.19,18.1677,97
2023-06-08 19:44:00,5122,18.1909,18.17,18.2,18.2,18.17,92
2023-06-08 19:45:00,4384,18.2177,18.21,18.22,18.23,18.21,89
2023-06-08 19:46:00,4280,18.2181,18.22,18.21,18.23,18.21,106
2023-06-08 19:47:00,2272,18.2244,18.21,18.2217,18.23,18.21,37
2023-06-08 19:48:00,2174,18.254,18.24,18.27,18.27,18.24,63
2023-06-08 19:49:00,6665,18.2646,18.265,18.26,18.29,18.25,120
2023-06-08 19:50:00,2052,18.273,18.26,18.28,18.28,18.26,48
2023-06-08 19:51:00,6860,18.2834,18.28,18.27,18.29,18.27,137
2023-06-08 19:52:00,9555,18.2301,18.26,18.23,18.26,18.2,128
2023-06-08 19:53:00,11860,18.2028,18.23,18.195,18.24,18.17,129
2023-06-08 19:54:00,6825,18.1632,18.2,18.13,18.2,18.13,132
2023-06-08 19:55:00,9157,18.1355,18.13,18.135,18.15,18.13,170
2023-06-08 19:56:00,25535,18.1082,18.13,18.1,18.13,18.09,268
2023-06-08 19:57:00,6715,18.0984,18.08,18.105,18.11,18.08,149
2023-06-08 19:58:00,12274,18.1122,18.11,18.11,18.12,18.105,218
2023-06-08 19:59:00,27723,18.0972,18.11,18.09,18.12,18.07,343
2023-06-08 20:00:00,815,18.09,18.09,18.09,18.09,18.09,7
2023-06-08 20:02:00,183,18.1418,18.15,18.15,18.15,18.15,3
2023-06-08 23:15:00,300,18.2,18.2,18.2,18.2,18.2,1
2023-06-09 13:30:00,6148,18.1237,18.13,18.05,18.16,18.05,44
2023-06-09 13:32:00,4286,18.1556,18.02,18.26,18.28,18.02,67
2023-06-09 13:33:00,2688,18.2415,18.23,18.23,18.27,18.225,35
2023-06-09 13:34:00,752,18.1919,18.23,18.1776,18.23,18.1776,21
2023-06-09 13:35:00,169,18.2226,18.25,18.25,18.25,18.25,12
2023-06-09 13:36:00,1497,18.1481,18.13,18.15,18.15,18.13,22
2023-06-09 13:37:00,1411,18.1412,18.15,18.11,18.16,18.11,27
2023-06-09 13:38:00,1243,18.1309,18.19,18.09,18.19,18.09,30
2023-06-09 13:39:00,3876,18.1252,18.13,18.11,18.13,18.08,34
2023-06-09 13:40:00,537,18.1209,18.14,18.14,18.14,18.14,14
2023-06-09 13:41:00,2311,18.1805,18.13,18.2399,18.2399,18.13,41
2023-06-09 13:42:00,595,18.1201,18.11,18.11,18.11,18.11,17
2023-06-09 13:43:00,136,18.1275,18.105,18.105,18.105,18.105,2
2023-06-09 13:44:00,230,18.1336,18.16,18.16,18.16,18.16,11
2023-06-09 13:45:00,5210,18.1267,18.18,18.15,18.2,18.03,91
2023-06-09 13:46:00,1479,18.1038,18.13,18.05,18.14,18.05,32
2023-06-09 13:48:00,5196,17.9979,18.05,17.98,18.06,17.95,85
2023-06-09 13:50:00,503,17.9269,17.9,17.9,17.9,17.9,20
2023-06-09 13:51:00,714,17.8899,17.8275,17.9,17.9,17.8275,14
2023-06-09 13:52:00,4025,17.8015,17.81,17.8,17.82,17.74,78
2023-06-09 13:53:00,1041,17.7714,17.775,17.75,17.775,17.75,18
2023-06-09 13:54:00,1694,17.8146,17.81,17.825,17.83,17.805,36
2023-06-09 13:55:00,906,17.8552,17.86,17.83,17.86,17.83,17
2023-06-09 13:56:00,2668,17.9481,17.88,17.95,17.968,17.88,30
2023-06-09 13:59:00,600,17.8839,17.9,17.9,17.9,17.9,26
2023-06-09 14:00:00,2197,17.8965,17.91,17.91,17.91,17.9,36
2023-06-09 14:01:00,1375,17.899,17.9,17.89,17.9,17.89,25
2023-06-09 14:02:00,3456,17.9016,17.9,17.9,17.91,17.89,57
2023-06-09 14:03:00,3529,17.9188,17.95,17.91,17.95,17.9,67
2023-06-09 14:04:00,1165,17.9055,17.9,17.92,17.92,17.9,15
2023-06-09 14:06:00,4619,17.9492,17.91,17.965,17.98,17.89,84
2023-06-09 14:07:00,1370,17.9289,17.95,17.92,17.95,17.9,31
2023-06-09 14:08:00,472,17.8958,17.9,17.9,17.9,17.9,10
2023-06-09 14:09:00,896,17.8677,17.88,17.86,17.88,17.86,17
2023-06-09 14:10:00,2410,17.906,17.9,17.92,17.92,17.9,37
2023-06-09 14:11:00,3071,17.9195,17.93,17.88,17.945,17.88,60
2023-06-09 14:12:00,1078,17.8598,17.85,17.88,17.88,17.85,25
2023-06-09 14:13:00,522,17.8519,17.86,17.84,17.86,17.84,19
2023-06-09 14:14:00,2381,17.8903,17.91,17.86,17.91,17.86,48
2023-06-09 14:15:00,2082,17.901,17.9,17.9,17.91,17.9,17
2023-06-09 14:16:00,867,17.8663,17.885,17.86,17.885,17.86,32
2023-06-09 14:17:00,1257,17.8614,17.88,17.85,17.885,17.85,37
2023-06-09 14:18:00,429,17.828,17.82,17.82,17.82,17.82,19
2023-06-09 14:20:00,910,17.7644,17.77,17.6975,17.77,17.6975,31
2023-06-09 14:21:00,2680,17.694,17.695,17.745,17.745,17.67,59
2023-06-09 14:22:00,2945,17.7526,17.77,17.74,17.77,17.74,33
2023-06-09 14:23:00,2220,17.7592,17.74,17.76,17.77,17.74,30
2023-06-09 14:25:00,2202,17.8124,17.755,17.8499,17.8499,17.755,27
2023-06-09 14:26:00,2534,17.8955,17.86,17.96,17.96,17.86,39
2023-06-09 14:27:00,2060,17.9544,17.95,17.95,17.99,17.94,62
2023-06-09 14:28:00,731,17.9732,17.955,17.98,17.98,17.955,10
2023-06-09 14:29:00,293,17.9788,17.9515,18.03,18.03,17.9515,6
2023-06-09 14:30:00,172,18.0368,18.04,18.04,18.04,18.04,7
2023-06-09 14:31:00,413,18.049,18.05,18.05,18.05,18.05,5
2023-06-09 14:32:00,4218,18.0249,18.025,18.07,18.07,17.99,66
2023-06-09 14:33:00,1203,18.0272,18.05,18.02,18.05,18.02,29
2023-06-09 14:34:00,1139,17.9816,18.0,17.96,18.0,17.96,30
2023-06-09 14:35:00,539,17.9055,17.908,17.9,17.908,17.9,5
2023-06-09 14:36:00,1772,17.9052,17.89,17.91,17.91,17.89,21
2023-06-09 14:37:00,1090,17.9402,17.93,17.97,17.97,17.93,31
2023-06-09 14:38:00,317,17.9863,17.98,18.0,18.0,17.98,11
2023-06-09 14:39:00,1222,17.9641,18.01,17.97,18.01,17.97,35
2023-06-09 14:40:00,395,17.8976,17.9,17.88,17.9,17.88,15
2023-06-09 14:41:00,558,17.8406,17.845,17.81,17.8622,17.81,10
2023-06-09 14:43:00,1749,17.8879,17.845,17.9224,17.9224,17.845,27
2023-06-09 14:44:00,713,17.9125,17.91,17.92,17.92,17.88,11
2023-06-09 14:46:00,1015,17.9605,17.96,17.98,17.98,17.96,14
2023-06-09 14:47:00,1972,17.9813,17.98,17.9949,17.9949,17.97,53
2023-06-09 14:48:00,885,17.9903,17.96,18.0231,18.0231,17.96,6
2023-06-09 14:49:00,293,17.9805,17.98,17.98,17.98,17.98,16
2023-06-09 14:50:00,313,17.9642,17.95,17.95,17.95,17.95,15
2023-06-09 14:51:00,3522,17.9289,17.95,17.9,17.97,17.9,61
2023-06-09 14:52:00,980,17.9085,17.91,17.91,17.91,17.91,37
2023-06-09 14:53:00,5830,17.8937,17.91,17.93,17.93,17.88,98
2023-06-09 14:54:00,101,17.9448,17.945,17.945,17.945,17.945,2
2023-06-09 14:55:00,834,17.9124,17.92,17.9,17.92,17.9,34
2023-06-09 14:56:00,2275,17.9282,17.91,17.95,17.95,17.91,41
2023-06-09 14:57:00,1738,17.9511,17.97,17.93,17.98,17.93,44
2023-06-09 14:58:00,1013,17.9621,17.96,17.97,17.97,17.96,22
2023-06-09 14:59:00,541,17.9198,17.95,17.91,17.95,17.91,26
2023-06-09 15:00:00,683,17.8778,17.89,17.89,17.89,17.87,28
2023-06-09 15:01:00,645,17.8506,17.85,17.81,17.85,17.81,21
2023-06-09 15:02:00,1576,17.8072,17.81,17.83,17.83,17.79,30
2023-06-09 15:05:00,225,17.7449,17.73,17.73,17.73,17.73,5
2023-06-09 15:07:00,140,17.7513,17.755,17.755,17.755,17.755,12
2023-06-09 15:08:00,960,17.7299,17.732,17.74,17.74,17.73,31
2023-06-09 15:09:00,458,17.7034,17.71,17.68,17.71,17.68,17
2023-06-09 15:10:00,1661,17.6924,17.7,17.7,17.7,17.68,32
2023-06-09 15:11:00,573,17.681,17.68,17.68,17.68,17.67,22
2023-06-09 15:12:00,536,17.6576,17.68,17.65,17.68,17.65,12
2023-06-09 15:13:00,409,17.6458,17.63,17.63,17.63,17.63,5
2023-06-09 15:15:00,189,17.6408,17.64,17.64,17.64,17.64,19
2023-06-09 15:17:00,6684,17.6142,17.63,17.61,17.63,17.6,100
2023-06-09 15:18:00,1734,17.5924,17.59,17.58,17.61,17.58,44
2023-06-09 15:19:00,2676,17.6066,17.58,17.615,17.64,17.58,39
2023-06-09 15:21:00,214,17.6091,17.615,17.6,17.615,17.6,6
2023-06-09 15:22:00,1148,17.6398,17.62,17.64,17.64,17.62,21
2023-06-09 15:23:00,789,17.6727,17.685,17.69,17.6992,17.685,17
2023-06-09 15:24:00,203,17.6919,17.695,17.695,17.695,17.695,16
2023-06-09 15:25:00,2269,17.6844,17.69,17.74,17.74,17.66,53
2023-06-09 15:27:00,117,17.7302,17.73,17.73,17.73,17.73,4
2023-06-09 15:28:00,125,17.7298,17.73,17.73,17.73,17.73,3
2023-06-09 15:29:00,1363,17.7304,17.73,17.735,17.735,17.73,31
2023-06-09 15:30:00,1161,17.7133,17.72,17.7,17.72,17.7,40
2023-06-09 15:31:00,863,17.6777,17.69,17.67,17.69,17.67,32
2023-06-09 15:32:00,303,17.6873,17.69,17.69,17.69,17.69,3
2023-06-09 15:33:00,307,17.6634,17.65,17.67,17.67,17.65,5
2023-06-09 15:34:00,3105,17.6833,17.67,17.695,17.7,17.67,52
2023-06-09 15:35:00,351,17.7179,17.695,17.7,17.76,17.695,7
2023-06-09 15:37:00,312,17.6936,17.7,17.68,17.7,17.68,5
2023-06-09 15:39:00,495,17.6609,17.665,17.665,17.665,17.665,25
2023-06-09 15:40:00,1312,17.6764,17.6714,17.67,17.69,17.665,14
2023-06-09 15:42:00,169,17.685,17.69,17.69,17.69,17.69,9
2023-06-09 15:43:00,436,17.698,17.7,17.7,17.7,17.7,18
2023-06-09 15:44:00,862,17.7255,17.72,17.76,17.76,17.72,19
2023-06-09 15:45:00,564,17.7433,17.74,17.74,17.74,17.74,21
2023-06-09 15:46:00,1190,17.7272,17.74,17.71,17.74,17.71,55
2023-06-09 15:47:00,1712,17.7377,17.72,17.77,17.77,17.72,24
2023-06-09 15:48:00,320,17.7307,17.765,17.765,17.765,17.765,7
2023-06-09 15:49:00,119,17.7325,17.73,17.73,17.73,17.73,6
2023-06-09 15:50:00,220,17.7497,17.75,17.75,17.75,17.75,11
2023-06-09 15:51:00,244,17.7525,17.75,17.75,17.75,17.75,5
2023-06-09 15:53:00,1888,17.7776,17.75,17.795,17.8,17.75,35
2023-06-09 15:54:00,6411,17.8042,17.795,17.7885,17.825,17.7885,102
2023-06-09 15:55:00,4170,17.7741,17.79,17.74,17.79,17.74,94
2023-06-09 15:56:00,2714,17.7318,17.735,17.73,17.75,17.72,44
2023-06-09 15:57:00,2954,17.7392,17.73,17.749,17.75,17.72,58
2023-06-09 15:58:00,363,17.7463,17.735,17.735,17.735,17.735,7
2023-06-09 15:59:00,1908,17.7526,17.735,17.77,17.77,17.735,30
2023-06-09 16:00:00,1134,17.7566,17.78,17.74,17.78,17.74,30
2023-06-09 16:01:00,1652,17.7179,17.74,17.72,17.74,17.71,42
2023-06-09 16:02:00,797,17.7213,17.725,17.715,17.725,17.715,16
2023-06-09 16:03:00,437,17.7479,17.73,17.755,17.755,17.73,9
2023-06-09 16:05:00,748,17.7984,17.79,17.83,17.83,17.79,16
2023-06-09 16:06:00,1105,17.8114,17.795,17.83,17.83,17.79,19
2023-06-09 16:07:00,102,17.84,17.84,17.84,17.84,17.84,3
2023-06-09 16:08:00,552,17.8094,17.835,17.83,17.85,17.83,10
2023-06-09 16:09:00,527,17.8502,17.85,17.85,17.85,17.85,12
2023-06-09 16:11:00,1496,17.8688,17.85,17.865,17.91,17.85,29
2023-06-09 16:12:00,3399,17.8508,17.85,17.855,17.86,17.835,47
2023-06-09 16:13:00,586,17.8404,17.84,17.84,17.84,17.84,27
2023-06-09 16:14:00,672,17.8552,17.85,17.855,17.869,17.85,12
2023-06-09 16:15:00,939,17.8751,17.87,17.9,17.9,17.87,13
2023-06-09 16:17:00,812,17.8937,17.89,17.9,17.9,17.89,14
2023-06-09 16:18:00,757,17.8937,17.92,17.9,17.92,17.9,18
2023-06-09 16:19:00,2879,17.874,17.88,17.88,17.88,17.86,81
2023-06-09 16:20:00,359,17.86,17.86,17.86,17.86,17.86,8
2023-06-09 16:21:00,252,17.8559,17.85,17.85,17.85,17.85,9
2023-06-09 16:22:00,1168,17.868,17.87,17.865,17.87,17.865,23
2023-06-09 16:23:00,1678,17.8882,17.88,17.89,17.91,17.88,33
2023-06-09 16:24:00,1506,17.8966,17.89,17.9,17.91,17.89,29
2023-06-09 16:25:00,612,17.8801,17.88,17.88,17.88,17.88,25
2023-06-09 16:26:00,2672,17.8652,17.88,17.84,17.88,17.83,59
2023-06-09 16:27:00,1164,17.7998,17.83,17.79,17.83,17.78,27
2023-06-09 16:28:00,1811,17.8078,17.79,17.835,17.835,17.79,29
2023-06-09 16:29:00,482,17.8408,17.835,17.84,17.845,17.835,7
2023-06-09 16:30:00,1086,17.8705,17.86,17.87,17.88,17.86,19
2023-06-09 16:31:00,1579,17.8683,17.89,17.83,17.89,17.83,39
2023-06-09 16:32:00,1096,17.8435,17.84,17.84,17.84,17.835,65
2023-06-09 16:33:00,1355,17.8787,17.86,17.885,17.885,17.86,14
2023-06-09 16:34:00,537,17.8585,17.86,17.86,17.86,17.86,16
2023-06-09 16:36:00,1950,17.8152,17.83,17.81,17.83,17.8,42
2023-06-09 16:37:00,444,17.8211,17.81,17.81,17.81,17.81,12
2023-06-09 16:38:00,509,17.7742,17.78,17.77,17.78,17.77,15
2023-06-09 16:39:00,379,17.7643,17.77,17.76,17.77,17.76,8
2023-06-09 16:40:00,2799,17.7468,17.76,17.74,17.76,17.74,55
2023-06-09 16:41:00,1318,17.7111,17.73,17.7,17.73,17.7,32
2023-06-09 16:42:00,1046,17.6908,17.695,17.69,17.695,17.69,30
2023-06-09 16:43:00,1612,17.6995,17.685,17.71,17.71,17.685,25
2023-06-09 16:44:00,883,17.718,17.71,17.72,17.72,17.71,11
2023-06-09 16:45:00,910,17.7303,17.715,17.74,17.74,17.715,25
2023-06-09 16:46:00,956,17.7381,17.73,17.75,17.75,17.73,25
2023-06-09 16:47:00,1057,17.7497,17.75,17.745,17.75,17.745,16
2023-06-09 16:48:00,786,17.7365,17.745,17.74,17.745,17.74,30
2023-06-09 16:49:00,732,17.734,17.73,17.73,17.74,17.73,15
2023-06-09 16:50:00,2843,17.7375,17.75,17.725,17.75,17.725,56
2023-06-09 16:51:00,3270,17.6936,17.73,17.68,17.73,17.68,51
2023-06-09 16:52:00,102,17.6847,17.685,17.685,17.685,17.685,3
2023-06-09 16:53:00,1207,17.6709,17.67,17.65,17.67,17.65,33
2023-06-09 16:54:00,1596,17.6739,17.66,17.68,17.69,17.66,31
2023-06-09 16:56:00,459,17.66,17.66,17.66,17.66,17.66,4
2023-06-09 16:57:00,2472,17.6768,17.67,17.68,17.68,17.67,54
2023-06-09 16:58:00,1344,17.6947,17.68,17.7,17.7,17.68,27
2023-06-09 16:59:00,235,17.727,17.725,17.725,17.725,17.725,6
2023-06-09 17:01:00,739,17.7103,17.71,17.71,17.71,17.71,33
2023-06-09 17:02:00,232,17.7097,17.71,17.71,17.71,17.71,6
2023-06-09 17:03:00,112,17.7101,17.71,17.71,17.71,17.71,3
2023-06-09 17:05:00,3153,17.7141,17.72,17.72,17.72,17.7,65
2023-06-09 17:06:00,661,17.7104,17.71,17.71,17.71,17.71,29
2023-06-09 17:07:00,1102,17.6927,17.705,17.69,17.705,17.69,34
2023-06-09 17:08:00,1752,17.6587,17.66,17.655,17.66,17.65,37
2023-06-09 17:09:00,960,17.6428,17.655,17.63,17.655,17.63,34
2023-06-09 17:10:00,1369,17.6104,17.62,17.605,17.62,17.605,25
2023-06-09 17:11:00,2656,17.604,17.61,17.6,17.61,17.6,44
2023-06-09 17:12:00,320,17.61,17.61,17.61,17.61,17.61,3
2023-06-09 17:13:00,2071,17.6251,17.61,17.63,17.63,17.61,45
2023-06-09 17:14:00,203,17.6445,17.635,17.635,17.635,17.635,3
2023-06-09 17:15:00,2756,17.6345,17.63,17.63,17.64,17.63,69
2023-06-09 17:17:00,1910,17.6055,17.62,17.61,17.62,17.59,41
2023-06-09 17:18:00,668,17.6034,17.61,17.6,17.61,17.6,19
2023-06-09 17:19:00,626,17.5908,17.595,17.59,17.595,17.59,7
2023-06-09 17:21:00,3572,17.6286,17.6,17.64,17.66,17.6,76
2023-06-09 17:22:00,1930,17.6396,17.635,17.64,17.64,17.635,22
2023-06-09 17:23:00,2795,17.6466,17.65,17.64,17.65,17.64,25
2023-06-09 17:24:00,1026,17.6563,17.65,17.67,17.67,17.65,19
2023-06-09 17:25:00,319,17.6701,17.67,17.67,17.67,17.67,11
2023-06-09 17:26:00,3561,17.6474,17.68,17.64,17.68,17.64,59
2023-06-09 17:27:00,1915,17.649,17.64,17.655,17.66,17.64,33
2023-06-09 17:28:00,5851,17.6331,17.655,17.62,17.655,17.595,77
2023-06-09 17:29:00,243,17.6098,17.61,17.61,17.61,17.61,6
2023-06-09 17:30:00,1036,17.6124,17.605,17.62,17.62,17.6,24
2023-06-09 17:31:00,479,17.6199,17.62,17.62,17.62,17.62,19
2023-06-09 17:32:00,683,17.6,17.6,17.6,17.6,17.6,24
2023-06-09 17:33:00,1807,17.5822,17.595,17.57,17.595,17.57,58
2023-06-09 17:34:00,2618,17.5783,17.565,17.59,17.59,17.565,38
2023-06-09 17:35:00,1195,17.5715,17.59,17.56,17.59,17.56,35
2023-06-09 17:36:00,3392,17.5642,17.55,17.58,17.585,17.55,41
2023-06-09 17:37:00,2052,17.5931,17.58,17.6,17.6,17.58,26
2023-06-09 17:38:00,3672,17.6309,17.605,17.65,17.6579,17.605,41
2023-06-09 17:39:00,2784,17.6863,17.66,17.705,17.705,17.66,51
2023-06-09 17:40:00,615,17.7053,17.705,17.705,17.705,17.705,5
2023-06-09 17:41:00,874,17.6958,17.705,17.695,17.705,17.69,17
2023-06-09 17:42:00,3272,17.7238,17.695,17.75,17.75,17.695,47
2023-06-09 17:43:00,380,17.7668,17.77,17.7638,17.77,17.7638,3
2023-06-09 17:44:00,1218,17.7532,17.75,17.77,17.77,17.75,18
2023-06-09 17:45:00,962,17.7611,17.77,17.78,17.78,17.73,16
2023-06-09 17:46:00,3341,17.7485,17.78,17.7,17.78,17.7,107
2023-06-09 17:47:00,2593,17.6905,17.71,17.68,17.71,17.67,46
2023-06-09 17:48:00,470,17.6636,17.66,17.66,17.66,17.66,5
2023-06-09 17:50:00,735,17.6587,17.66,17.66,17.66,17.65,16
2023-06-09 17:51:00,2856,17.6712,17.65,17.69,17.69,17.64,53
2023-06-09 17:52:00,206,17.6896,17.69,17.69,17.69,17.69,5
2023-06-09 17:53:00,1107,17.6711,17.67,17.675,17.675,17.67,34
2023-06-09 17:54:00,731,17.6888,17.6842,17.69,17.69,17.675,11
2023-06-09 17:55:00,1892,17.6991,17.685,17.7,17.7,17.685,36
2023-06-09 17:56:00,1356,17.6862,17.7,17.675,17.7,17.675,35
2023-06-09 17:58:00,284,17.6763,17.675,17.675,17.675,17.675,5
2023-06-09 17:59:00,1156,17.6502,17.66,17.63,17.66,17.63,42
2023-06-09 18:00:00,2291,17.6444,17.64,17.64,17.65,17.64,52
2023-06-09 18:01:00,1263,17.6388,17.64,17.625,17.65,17.625,30
2023-06-09 18:02:00,832,17.634,17.63,17.63,17.64,17.63,20
2023-06-09 18:03:00,224,17.6311,17.63,17.63,17.63,17.63,5
2023-06-09 18:04:00,1566,17.6542,17.63,17.68,17.68,17.63,39
2023-06-09 18:05:00,1056,17.6797,17.68,17.69,17.69,17.68,29
2023-06-09 18:07:00,2315,17.6764,17.695,17.64,17.695,17.64,73
2023-06-09 18:08:00,1371,17.634,17.64,17.64,17.64,17.63,30
2023-06-09 18:09:00,2251,17.6286,17.62,17.63,17.64,17.62,36
2023-06-09 18:10:00,439,17.63,17.63,17.63,17.63,17.63,9
2023-06-09 18:11:00,834,17.632,17.63,17.63,17.63,17.63,28
2023-06-09 18:12:00,486,17.6224,17.625,17.61,17.625,17.61,13
2023-06-09 18:13:00,3087,17.6436,17.625,17.665,17.665,17.61,48
2023-06-09 18:14:00,520,17.6681,17.66,17.67,17.675,17.66,25
2023-06-09 18:15:00,1162,17.6614,17.67,17.66,17.67,17.66,24
2023-06-09 18:16:00,1884,17.6801,17.67,17.72,17.72,17.67,27
2023-06-09 18:18:00,2864,17.7092,17.69,17.735,17.735,17.69,51
2023-06-09 18:19:00,557,17.7348,17.735,17.735,17.735,17.735,7
2023-06-09 18:20:00,566,17.7399,17.735,17.749,17.749,17.735,12
2023-06-09 18:21:00,1515,17.7701,17.75,17.795,17.795,17.75,40
2023-06-09 18:22:00,278,17.7841,17.795,17.795,17.795,17.795,6
2023-06-09 18:23:00,534,17.8006,17.795,17.81,17.81,17.795,12
2023-06-09 18:24:00,216,17.7944,17.795,17.795,17.795,17.795,7
2023-06-09 18:25:00,251,17.7834,17.78,17.78,17.78,17.78,7
2023-06-09 18:27:00,4388,17.7731,17.78,17.77,17.79,17.76,99
2023-06-09 18:28:00,3101,17.7729,17.769,17.77,17.78,17.7668,68
2023-06-09 18:29:00,1843,17.7536,17.76,17.75,17.76,17.75,46
2023-06-09 18:30:00,937,17.7226,17.73,17.71,17.73,17.71,35
2023-06-09 18:31:00,153,17.709,17.71,17.71,17.71,17.71,8
2023-06-09 18:32:00,3047,17.7135,17.71,17.685,17.73,17.685,62
2023-06-09 18:33:00,651,17.6923,17.685,17.69,17.69,17.685,11
2023-06-09 18:34:00,817,17.7047,17.69,17.72,17.72,17.69,25
2023-06-09 18:35:00,124,17.7111,17.71,17.71,17.71,17.71,9
2023-06-09 18:36:00,1503,17.7236,17.71,17.72,17.72,17.705,25
2023-06-09 18:37:00,241,17.7197,17.72,17.72,17.72,17.72,6
2023-06-09 18:38:00,3444,17.6963,17.71,17.685,17.71,17.685,74
2023-06-09 18:39:00,1027,17.6752,17.685,17.665,17.685,17.665,30
2023-06-09 18:40:00,2568,17.6739,17.65,17.69,17.69,17.65,55
2023-06-09 18:41:00,479,17.7137,17.71,17.71,17.72,17.71,9
2023-06-09 18:42:00,1018,17.7076,17.71,17.705,17.71,17.705,24
2023-06-09 18:43:00,1339,17.7121,17.7,17.74,17.74,17.7,39
2023-06-09 18:44:00,280,17.7432,17.745,17.74,17.745,17.74,8
2023-06-09 18:45:00,115,17.7403,17.74,17.74,17.74,17.74,12
2023-06-09 18:46:00,1199,17.7702,17.75,17.785,17.785,17.75,26
2023-06-09 18:47:00,697,17.7471,17.785,17.785,17.785,17.785,10
2023-06-09 18:48:00,130,17.7808,17.78,17.78,17.78,17.78,11
2023-06-09 18:49:00,652,17.7738,17.78,17.77,17.78,17.77,31
2023-06-09 18:50:00,1995,17.7682,17.78,17.76,17.78,17.76,55
2023-06-09 18:51:00,598,17.7477,17.75,17.745,17.75,17.745,19
2023-06-09 18:52:00,2181,17.7576,17.745,17.77,17.77,17.745,41
2023-06-09 18:53:00,150,17.7694,17.77,17.77,17.77,17.77,6
2023-06-09 18:55:00,276,17.7698,17.77,17.77,17.77,17.77,9
2023-06-09 18:56:00,180,17.77,17.77,17.77,17.77,17.77,8
2023-06-09 18:57:00,2168,17.7838,17.76,17.795,17.8,17.76,36
2023-06-09 18:58:00,1658,17.8049,17.8,17.82,17.82,17.8,39
2023-06-09 18:59:00,271,17.8145,17.82,17.82,17.82,17.82,7
2023-06-09 19:00:00,1503,17.8303,17.82,17.835,17.835,17.82,39
2023-06-09 19:01:00,574,17.8405,17.835,17.85,17.85,17.835,23
2023-06-09 19:02:00,1482,17.8642,17.85,17.885,17.9,17.85,25
2023-06-09 19:03:00,4940,17.8608,17.87,17.85,17.87,17.85,88
2023-06-09 19:04:00,1373,17.8642,17.85,17.88,17.88,17.85,29
2023-06-09 19:05:00,2056,17.8689,17.88,17.85,17.88,17.85,55
2023-06-09 19:06:00,2039,17.8512,17.86,17.84,17.86,17.84,56
2023-06-09 19:07:00,611,17.8476,17.84,17.84,17.84,17.84,7
2023-06-09 19:08:00,1771,17.8544,17.84,17.87,17.87,17.84,34
2023-06-09 19:09:00,2424,17.8316,17.86,17.8,17.86,17.8,57
2023-06-09 19:11:00,2003,17.8089,17.8,17.81,17.81,17.8,47
2023-06-09 19:12:00,901,17.8107,17.81,17.81,17.812,17.81,15
2023-06-09 19:13:00,7263,17.8261,17.8,17.83,17.86,17.795,99
2023-06-09 19:14:00,1202,17.8449,17.855,17.84,17.855,17.84,12
2023-06-09 19:16:00,1783,17.8366,17.84,17.83,17.845,17.83,47
2023-06-09 19:17:00,2342,17.8658,17.85,17.875,17.88,17.85,63
2023-06-09 19:18:00,1023,17.8674,17.875,17.87,17.875,17.86,24
2023-06-09 19:19:00,986,17.8637,17.87,17.86,17.87,17.86,27
2023-06-09 19:20:00,1902,17.8654,17.855,17.88,17.88,17.855,38
2023-06-09 19:21:00,1666,17.8673,17.875,17.87,17.875,17.87,51
2023-06-09 19:22:00,644,17.8716,17.87,17.87,17.88,17.87,8
2023-06-09 19:23:00,1484,17.8625,17.86,17.865,17.88,17.86,40
2023-06-09 19:24:00,307,17.8601,17.865,17.85,17.865,17.85,4
2023-06-09 19:25:00,5511,17.8374,17.85,17.842,17.85,17.82,120
2023-06-09 19:26:00,1275,17.8652,17.859,17.87,17.87,17.859,24
2023-06-09 19:27:00,1699,17.8676,17.87,17.87,17.87,17.87,47
2023-06-09 19:28:00,200,17.8593,17.87,17.87,17.87,17.87,2
2023-06-09 19:29:00,2448,17.8885,17.87,17.9,17.9,17.87,46
2023-06-09 19:30:00,1969,17.8802,17.909,17.86,17.909,17.86,59
2023-06-09 19:31:00,4240,17.857,17.85,17.875,17.875,17.84,64
2023-06-09 19:32:00,1758,17.8917,17.88,17.9068,17.908,17.87,29
2023-06-09 19:33:00,239,17.8988,17.9,17.9,17.9,17.9,10
2023-06-09 19:34:00,4265,17.9111,17.9,17.91,17.93,17.9,90
2023-06-09 19:35:00,1542,17.9083,17.915,17.9,17.93,17.9,23
2023-06-09 19:36:00,3178,17.9349,17.915,17.94,17.949,17.915,72
2023-06-09 19:37:00,1999,17.9297,17.93,17.93,17.93,17.93,54
2023-06-09 19:38:00,2297,17.9205,17.92,17.92,17.92,17.92,35
2023-06-09 19:39:00,4564,17.9259,17.92,17.925,17.93,17.92,95
2023-06-09 19:40:00,2592,17.9232,17.93,17.919,17.93,17.919,58
2023-06-09 19:41:00,7064,17.8836,17.91,17.87,17.91,17.85,129
2023-06-09 19:42:00,3316,17.8433,17.86,17.84,17.86,17.835,73
2023-06-09 19:43:00,3533,17.8602,17.85,17.87,17.87,17.84,68
2023-06-09 19:44:00,774,17.8729,17.875,17.87,17.875,17.87,25
2023-06-09 19:45:00,3728,17.8547,17.87,17.84,17.87,17.84,94
2023-06-09 19:46:00,1816,17.847,17.84,17.85,17.85,17.84,44
2023-06-09 19:47:00,3941,17.8347,17.85,17.82,17.85,17.82,96
2023-06-09 19:48:00,5169,17.821,17.815,17.849,17.849,17.81,90
2023-06-09 19:49:00,2992,17.8247,17.84,17.81,17.84,17.81,73
2023-06-09 19:50:00,3664,17.8162,17.805,17.815,17.82,17.805,70
2023-06-09 19:51:00,4966,17.8166,17.815,17.8,17.82,17.8,80
2023-06-09 19:52:00,4370,17.8019,17.8,17.8,17.81,17.8,105
2023-06-09 19:53:00,3046,17.8054,17.809,17.81,17.815,17.8,42
2023-06-09 19:54:00,5134,17.8265,17.82,17.83,17.839,17.815,95
2023-06-09 19:55:00,9112,17.8338,17.83,17.84,17.85,17.82,176
2023-06-09 19:56:00,8195,17.8365,17.84,17.85,17.85,17.83,121
2023-06-09 19:57:00,5278,17.846,17.845,17.845,17.85,17.84,71
2023-06-09 19:58:00,16086,17.8274,17.845,17.82,17.845,17.81,251
2023-06-09 19:59:00,47407,17.8149,17.82,17.84,17.84,17.78,546
2023-06-09 20:00:00,250,17.84,17.84,17.84,17.84,17.84,4
2023-06-09 20:13:00,10990,17.7936,17.7936,17.7936,17.7936,17.7936,1
