t,v,vw,o,c,h,l,n
2024-03-18 11:00:00,601,3.3824,3.38,3.35,3.39,3.35,9
2024-03-18 11:02:00,1200,3.35,3.35,3.35,3.35,3.35,1
2024-03-18 11:07:00,300,3.3633,3.35,3.37,3.37,3.35,2
2024-03-18 11:11:00,200,3.35,3.35,3.35,3.35,3.35,1
2024-03-18 11:17:00,200,3.34,3.34,3.34,3.34,3.34,3
2024-03-18 12:00:00,7695,3.3639,3.35,3.3473,3.4,3.34,14
2024-03-18 12:05:00,500,3.38,3.38,3.38,3.38,3.38,2
2024-03-18 12:08:00,321,3.3807,3.38,3.38,3.38,3.38,2
2024-03-18 12:11:00,100,3.39,3.39,3.39,3.39,3.39,1
2024-03-18 12:12:00,1500,3.39,3.39,3.39,3.39,3.39,1
2024-03-18 12:17:00,600,3.38,3.38,3.38,3.38,3.38,1
2024-03-18 12:23:00,157,3.33,3.33,3.33,3.33,3.33,2
2024-03-18 12:34:00,500,3.37,3.37,3.37,3.37,3.37,1
2024-03-18 12:37:00,200,3.38,3.38,3.38,3.38,3.38,1
2024-03-18 12:41:00,800,3.38,3.38,3.38,3.38,3.38,1
2024-03-18 12:49:00,120,3.38,3.38,3.38,3.38,3.38,1
2024-03-18 12:52:00,1070,3.38,3.38,3.38,3.38,3.38,2
2024-03-18 13:03:00,100,3.35,3.35,3.35,3.35,3.35,1
2024-03-18 13:14:00,500,3.38,3.38,3.38,3.38,3.38,1
2024-03-18 13:15:00,500,3.36,3.36,3.36,3.36,3.36,1
2024-03-18 13:17:00,100,3.38,3.38,3.38,3.38,3.38,1
2024-03-18 13:22:00,543,3.35,3.35,3.35,3.35,3.35,1
2024-03-18 13:25:00,2574,3.3953,3.38,3.4,3.4,3.38,9
2024-03-18 13:27:00,1600,3.38,3.38,3.38,3.38,3.38,2
2024-03-18 13:30:00,84770,3.431,3.43,3.43,3.4601,3.41,127
2024-03-18 13:31:00,24523,3.4048,3.4,3.45,3.45,3.398,131
2024-03-18 13:32:00,38782,3.4975,3.45,3.49,3.52,3.44,117
2024-03-18 13:33:00,9807,3.4665,3.4722,3.48,3.49,3.44,41
2024-03-18 13:34:00,3135,3.4869,3.46,3.49,3.5,3.46,18
2024-03-18 13:35:00,10936,3.4848,3.488,3.48,3.5,3.46,58
2024-03-18 13:36:00,26801,3.4556,3.485,3.5,3.5,3.44,109
2024-03-18 13:37:00,17510,3.4782,3.51,3.4355,3.51,3.4355,52
2024-03-18 13:38:00,5322,3.4271,3.4201,3.43,3.44,3.4201,26
2024-03-18 13:39:00,2964,3.4251,3.429,3.4299,3.43,3.41,19
2024-03-18 13:40:00,13984,3.4072,3.4101,3.43,3.43,3.4,18
2024-03-18 13:41:00,6157,3.4144,3.445,3.4101,3.445,3.41,16
2024-03-18 13:42:00,9510,3.3912,3.4,3.385,3.4,3.38,43
2024-03-18 13:43:00,9271,3.3635,3.385,3.355,3.385,3.355,31
2024-03-18 13:44:00,9594,3.3356,3.36,3.33,3.37,3.3295,51
2024-03-18 13:45:00,3348,3.3165,3.32,3.31,3.32,3.31,31
2024-03-18 13:46:00,19065,3.3039,3.31,3.2994,3.32,3.29,69
2024-03-18 13:47:00,8006,3.2887,3.2999,3.28,3.3,3.27,35
2024-03-18 13:48:00,2356,3.2787,3.285,3.2772,3.285,3.2772,5
2024-03-18 13:49:00,1469,3.2775,3.2798,3.275,3.2798,3.275,9
2024-03-18 13:50:00,3142,3.2836,3.28,3.295,3.295,3.28,29
2024-03-18 13:51:00,5181,3.3168,3.295,3.325,3.325,3.295,26
2024-03-18 13:52:00,2174,3.3243,3.3261,3.325,3.33,3.3201,24
2024-03-18 13:53:00,3422,3.3277,3.3283,3.325,3.3299,3.325,18
2024-03-18 13:54:00,12180,3.334,3.3237,3.345,3.35,3.32,42
2024-03-18 13:55:00,18531,3.361,3.35,3.3699,3.37,3.34,114
2024-03-18 13:56:00,1547,3.3689,3.365,3.3798,3.3798,3.365,19
2024-03-18 13:57:00,464,3.3736,3.37,3.37,3.37,3.37,21
2024-03-18 13:58:00,1751,3.3822,3.3799,3.3893,3.3893,3.3799,27
2024-03-18 13:59:00,4491,3.4002,3.39,3.395,3.41,3.39,79
2024-03-18 14:00:00,2309,3.3923,3.385,3.41,3.41,3.385,18
2024-03-18 14:01:00,1365,3.414,3.405,3.42,3.42,3.405,32
2024-03-18 14:02:00,21966,3.4299,3.425,3.43,3.44,3.425,58
2024-03-18 14:03:00,1759,3.4057,3.42,3.395,3.42,3.395,44
2024-03-18 14:04:00,6286,3.3893,3.3901,3.3899,3.3901,3.38,34
2024-03-18 14:05:00,226,3.382,3.3826,3.3826,3.3826,3.3826,9
2024-03-18 14:06:00,1414,3.3856,3.3885,3.385,3.39,3.38,17
2024-03-18 14:07:00,4444,3.3964,3.3892,3.4,3.4,3.3892,49
2024-03-18 14:08:00,1700,3.4166,3.41,3.4199,3.4199,3.41,35
2024-03-18 14:09:00,1786,3.4106,3.415,3.4098,3.415,3.4098,19
2024-03-18 14:10:00,2891,3.4037,3.41,3.4,3.42,3.3934,34
2024-03-18 14:11:00,1601,3.401,3.4,3.405,3.405,3.395,26
2024-03-18 14:12:00,4795,3.3924,3.4095,3.3896,3.4095,3.3866,56
2024-03-18 14:13:00,2161,3.373,3.3896,3.37,3.3896,3.37,18
2024-03-18 14:14:00,2128,3.357,3.3518,3.36,3.37,3.3518,16
2024-03-18 14:16:00,5844,3.3547,3.37,3.36,3.37,3.35,10
2024-03-18 14:17:00,3953,3.363,3.37,3.35,3.37,3.35,29
2024-03-18 14:18:00,12557,3.3474,3.34,3.3401,3.355,3.335,42
2024-03-18 14:20:00,6211,3.3512,3.33,3.36,3.36,3.33,35
2024-03-18 14:21:00,1242,3.3457,3.345,3.3494,3.3494,3.345,5
2024-03-18 14:22:00,1220,3.3452,3.35,3.34,3.35,3.34,11
2024-03-18 14:23:00,9866,3.3526,3.3499,3.35,3.37,3.3499,35
2024-03-18 14:24:00,2093,3.3598,3.36,3.365,3.365,3.35,22
2024-03-18 14:25:00,2893,3.3638,3.3658,3.364,3.3658,3.3601,5
2024-03-18 14:26:00,720,3.3611,3.365,3.36,3.365,3.36,19
2024-03-18 14:27:00,1506,3.3703,3.36,3.38,3.38,3.36,28
2024-03-18 14:28:00,12234,3.406,3.39,3.4051,3.42,3.38,76
2024-03-18 14:30:00,850,3.3937,3.395,3.39,3.395,3.39,31
2024-03-18 14:31:00,7415,3.3816,3.39,3.3801,3.395,3.3709,55
2024-03-18 14:32:00,558,3.393,3.385,3.4,3.4,3.385,14
2024-03-18 14:33:00,1124,3.4102,3.4092,3.4199,3.4199,3.4092,4
2024-03-18 14:34:00,706,3.4244,3.42,3.4299,3.4299,3.42,14
2024-03-18 14:35:00,14962,3.4473,3.42,3.45,3.46,3.42,61
2024-03-18 14:36:00,319,3.455,3.455,3.455,3.455,3.455,5
2024-03-18 14:37:00,5902,3.4561,3.4592,3.445,3.47,3.445,50
2024-03-18 14:38:00,18590,3.4494,3.44,3.445,3.47,3.415,150
2024-03-18 14:39:00,2211,3.442,3.445,3.435,3.445,3.435,27
2024-03-18 14:40:00,3180,3.4393,3.43,3.455,3.455,3.43,41
2024-03-18 14:41:00,6261,3.4493,3.45,3.445,3.45,3.44,21
2024-03-18 14:42:00,13191,3.4824,3.449,3.4931,3.495,3.449,54
2024-03-18 14:43:00,8748,3.5003,3.4921,3.5,3.51,3.4921,70
2024-03-18 14:44:00,5722,3.5034,3.5,3.5093,3.51,3.5,68
2024-03-18 14:45:00,5825,3.5183,3.51,3.5282,3.5282,3.51,48
2024-03-18 14:46:00,386,3.525,3.525,3.5218,3.525,3.5218,17
2024-03-18 14:47:00,4512,3.527,3.52,3.5319,3.5319,3.5131,37
2024-03-18 14:48:00,10105,3.5343,3.53,3.54,3.54,3.53,27
2024-03-18 14:49:00,1762,3.5471,3.55,3.5407,3.55,3.5407,10
2024-03-18 14:50:00,22565,3.5647,3.5405,3.58,3.58,3.5405,48
2024-03-18 14:51:00,2890,3.5806,3.585,3.5725,3.5899,3.57,52
2024-03-18 14:52:00,10928,3.5701,3.5727,3.58,3.58,3.55,44
2024-03-18 14:53:00,9057,3.6006,3.5808,3.605,3.61,3.5808,62
2024-03-18 14:54:00,50017,3.5394,3.605,3.51,3.605,3.5,299
2024-03-18 14:55:00,2579,3.5032,3.51,3.499,3.51,3.499,24
2024-03-18 14:56:00,7679,3.4974,3.499,3.4974,3.51,3.49,57
2024-03-18 14:57:00,3147,3.5011,3.5,3.5,3.51,3.5,29
2024-03-18 14:58:00,433,3.4916,3.4912,3.4912,3.4912,3.4912,7
2024-03-18 14:59:00,2686,3.4947,3.4811,3.5083,3.5083,3.4811,31
2024-03-18 15:00:00,6050,3.4938,3.5,3.5,3.5,3.49,50
2024-03-18 15:02:00,925,3.4775,3.49,3.4701,3.49,3.4701,19
2024-03-18 15:03:00,1213,3.48,3.4799,3.48,3.48,3.4799,18
2024-03-18 15:04:00,1344,3.4789,3.4893,3.47,3.4893,3.47,24
2024-03-18 15:05:00,906,3.4699,3.4699,3.47,3.47,3.4699,5
2024-03-18 15:06:00,1430,3.47,3.47,3.47,3.47,3.47,6
2024-03-18 15:07:00,2660,3.4846,3.48,3.49,3.49,3.48,29
2024-03-18 15:08:00,198,3.491,3.4937,3.4937,3.4937,3.4937,5
2024-03-18 15:11:00,1712,3.4909,3.4907,3.4908,3.5,3.49,8
2024-03-18 15:12:00,6901,3.5011,3.495,3.5,3.505,3.495,68
2024-03-18 15:13:00,568,3.4978,3.495,3.5,3.5,3.495,12
2024-03-18 15:14:00,1800,3.4997,3.4996,3.4999,3.4999,3.4996,13
2024-03-18 15:15:00,1568,3.5017,3.5,3.505,3.51,3.5,53
2024-03-18 15:16:00,10078,3.5003,3.505,3.495,3.505,3.495,48
2024-03-18 15:17:00,277,3.4892,3.49,3.49,3.49,3.49,13
2024-03-18 15:18:00,147,3.4862,3.4871,3.4871,3.4871,3.4871,10
2024-03-18 15:19:00,982,3.4816,3.4853,3.4801,3.4853,3.4801,9
2024-03-18 15:20:00,631,3.4858,3.485,3.49,3.49,3.4849,7
2024-03-18 15:21:00,3811,3.4981,3.49,3.505,3.505,3.49,41
2024-03-18 15:22:00,597,3.5009,3.5001,3.5001,3.5001,3.5001,12
2024-03-18 15:23:00,2279,3.4947,3.49,3.5,3.5,3.49,35
2024-03-18 15:24:00,875,3.5004,3.4995,3.5,3.5,3.4995,22
2024-03-18 15:25:00,3916,3.5001,3.5,3.5,3.505,3.4999,40
2024-03-18 15:26:00,2304,3.5034,3.501,3.5,3.505,3.5,23
2024-03-18 15:27:00,197,3.5048,3.505,3.505,3.505,3.505,8
2024-03-18 15:28:00,966,3.4998,3.5,3.5,3.5,3.5,27
2024-03-18 15:29:00,1710,3.5,3.5,3.5,3.5,3.5,10
2024-03-18 15:30:00,1594,3.5051,3.508,3.5,3.51,3.5,28
2024-03-18 15:31:00,1385,3.498,3.495,3.495,3.5,3.495,32
2024-03-18 15:33:00,6495,3.514,3.505,3.51,3.52,3.505,50
2024-03-18 15:35:00,223,3.5024,3.5012,3.5012,3.5012,3.5012,7
2024-03-18 15:36:00,765,3.5068,3.505,3.5099,3.5099,3.505,15
2024-03-18 15:37:00,6459,3.5173,3.51,3.525,3.525,3.51,87
2024-03-18 15:38:00,1409,3.525,3.525,3.525,3.525,3.525,9
2024-03-18 15:39:00,854,3.5256,3.525,3.525,3.5291,3.525,17
2024-03-18 15:40:00,2076,3.5196,3.525,3.515,3.525,3.515,24
2024-03-18 15:41:00,5089,3.5161,3.515,3.51,3.525,3.51,53
2024-03-18 15:42:00,612,3.505,3.51,3.501,3.51,3.501,13
2024-03-18 15:43:00,1190,3.508,3.5099,3.505,3.51,3.505,10
2024-03-18 15:44:00,22705,3.5205,3.505,3.5,3.54,3.5,183
2024-03-18 15:45:00,4715,3.5046,3.505,3.5,3.51,3.5,14
2024-03-18 15:46:00,650,3.5068,3.505,3.505,3.508,3.505,7
2024-03-18 15:47:00,561,3.5012,3.5009,3.5009,3.5009,3.5009,7
2024-03-18 15:48:00,5515,3.5133,3.505,3.5232,3.5232,3.505,37
2024-03-18 15:49:00,11665,3.5302,3.525,3.525,3.535,3.525,51
2024-03-18 15:51:00,27073,3.5299,3.528,3.529,3.53,3.52,57
2024-03-18 15:52:00,6772,3.5204,3.5288,3.5209,3.53,3.52,48
2024-03-18 15:53:00,261,3.5247,3.5257,3.5257,3.5257,3.5257,3
2024-03-18 15:55:00,392,3.525,3.525,3.525,3.525,3.525,3
2024-03-18 15:56:00,22074,3.5386,3.53,3.5698,3.5698,3.525,152
2024-03-18 15:57:00,4031,3.5699,3.56,3.58,3.58,3.56,27
2024-03-18 15:58:00,49990,3.584,3.58,3.5585,3.6,3.5495,156
2024-03-18 15:59:00,222,3.552,3.5505,3.5505,3.5505,3.5505,10
2024-03-18 16:00:00,9290,3.555,3.55,3.565,3.565,3.54,102
2024-03-18 16:01:00,40351,3.5531,3.56,3.53,3.5699,3.52,196
2024-03-18 16:02:00,4554,3.5368,3.53,3.53,3.54,3.53,56
2024-03-18 16:03:00,6751,3.5433,3.54,3.54,3.55,3.53,71
2024-03-18 16:04:00,3467,3.5348,3.5388,3.53,3.5388,3.53,11
2024-03-18 16:05:00,903,3.5331,3.535,3.53,3.535,3.53,12
2024-03-18 16:06:00,172,3.5394,3.54,3.54,3.54,3.54,6
2024-03-18 16:07:00,11052,3.5279,3.5399,3.51,3.54,3.51,68
2024-03-18 16:08:00,8501,3.506,3.5193,3.505,3.5193,3.5,36
2024-03-18 16:09:00,9806,3.5048,3.5088,3.5,3.515,3.495,93
2024-03-18 16:10:00,35840,3.5085,3.51,3.485,3.51,3.48,192
2024-03-18 16:11:00,1640,3.4891,3.485,3.4874,3.49,3.485,18
2024-03-18 16:12:00,10032,3.4979,3.49,3.49,3.505,3.49,73
2024-03-18 16:13:00,7340,3.4903,3.4901,3.49,3.4901,3.49,22
2024-03-18 16:14:00,524,3.4936,3.49,3.5,3.5,3.4899,12
2024-03-18 16:15:00,13937,3.5068,3.5,3.5,3.51,3.4999,63
2024-03-18 16:19:00,16000,3.5077,3.4991,3.51,3.51,3.4991,125
2024-03-18 16:20:00,428,3.5044,3.5006,3.509,3.509,3.5006,4
2024-03-18 16:21:00,3732,3.5097,3.509,3.51,3.51,3.509,51
2024-03-18 16:22:00,612,3.507,3.5064,3.51,3.51,3.5064,12
2024-03-18 16:23:00,732,3.5066,3.505,3.5091,3.5091,3.505,8
2024-03-18 16:25:00,449,3.5056,3.507,3.505,3.507,3.505,4
2024-03-18 16:27:00,471,3.5094,3.51,3.51,3.51,3.51,20
2024-03-18 16:28:00,6663,3.5099,3.51,3.51,3.51,3.505,49
2024-03-18 16:29:00,404,3.5074,3.505,3.505,3.505,3.505,9
2024-03-18 16:30:00,160,3.5052,3.505,3.505,3.505,3.505,3
2024-03-18 16:31:00,224,3.5003,3.5,3.5,3.5,3.5,4
2024-03-18 16:32:00,765,3.5035,3.505,3.5,3.505,3.5,28
2024-03-18 16:33:00,452,3.503,3.5,3.505,3.505,3.5,9
2024-03-18 16:34:00,225,3.505,3.505,3.505,3.505,3.505,9
2024-03-18 16:35:00,265,3.5066,3.5099,3.5099,3.5099,3.5099,8
2024-03-18 16:36:00,940,3.5047,3.506,3.5044,3.506,3.5044,8
2024-03-18 16:37:00,612,3.505,3.505,3.505,3.505,3.505,20
2024-03-18 16:38:00,4328,3.5091,3.5099,3.505,3.5099,3.5025,11
2024-03-18 16:39:00,46460,3.5094,3.505,3.5,3.51,3.5,94
2024-03-18 16:40:00,1256,3.5021,3.5,3.5011,3.51,3.5,19
2024-03-18 16:41:00,304,3.5046,3.505,3.505,3.505,3.505,9
2024-03-18 16:42:00,6545,3.4949,3.5,3.487,3.5,3.48,88
2024-03-18 16:43:00,371,3.481,3.4807,3.4807,3.4807,3.4807,5
2024-03-18 16:46:00,1053,3.4871,3.4872,3.4872,3.4872,3.4872,9
2024-03-18 16:47:00,1739,3.4901,3.4899,3.49,3.49,3.4899,24
2024-03-18 16:50:00,1740,3.4923,3.495,3.49,3.495,3.49,18
2024-03-18 16:51:00,6441,3.4954,3.485,3.5,3.5,3.485,35
2024-03-18 16:52:00,4236,3.5007,3.495,3.5,3.51,3.495,63
2024-03-18 16:53:00,5463,3.4899,3.49,3.4864,3.49,3.4864,14
2024-03-18 16:54:00,469,3.4903,3.49,3.49,3.49,3.49,15
2024-03-18 16:55:00,164,3.4905,3.4901,3.4901,3.4901,3.4901,8
2024-03-18 16:56:00,928,3.4912,3.4906,3.49,3.495,3.49,12
2024-03-18 16:59:00,137,3.4818,3.4812,3.4812,3.4812,3.4812,9
2024-03-18 17:00:00,8999,3.4823,3.485,3.4809,3.4873,3.48,21
2024-03-18 17:02:00,213,3.4808,3.48,3.48,3.48,3.48,9
2024-03-18 17:05:00,197,3.4842,3.4849,3.4849,3.4849,3.4849,3
2024-03-18 17:06:00,1883,3.4875,3.488,3.4899,3.49,3.48,9
2024-03-18 17:07:00,149,3.4884,3.49,3.49,3.49,3.49,6
2024-03-18 17:08:00,14342,3.5034,3.488,3.5,3.51,3.488,120
2024-03-18 17:09:00,442,3.5082,3.51,3.505,3.51,3.505,8
2024-03-18 17:11:00,913,3.5064,3.505,3.5062,3.5091,3.505,13
2024-03-18 17:12:00,191,3.5049,3.5049,3.5049,3.5049,3.5049,5
2024-03-18 17:13:00,698,3.5047,3.5009,3.5099,3.5099,3.5009,10
2024-03-18 17:14:00,346,3.5043,3.505,3.505,3.505,3.505,9
2024-03-18 17:15:00,250,3.5027,3.5026,3.5026,3.5026,3.5026,4
2024-03-18 17:17:00,349,3.5048,3.505,3.505,3.505,3.505,13
2024-03-18 17:18:00,100,3.505,3.505,3.505,3.505,3.505,1
2024-03-18 17:19:00,179,3.5053,3.505,3.505,3.505,3.505,4
2024-03-18 17:20:00,307,3.5063,3.505,3.505,3.505,3.505,7
2024-03-18 17:21:00,4984,3.5099,3.51,3.51,3.51,3.505,48
2024-03-18 17:22:00,630,3.5055,3.505,3.505,3.505,3.505,8
2024-03-18 17:24:00,854,3.5005,3.5,3.5,3.5,3.5,10
2024-03-18 17:25:00,4029,3.5094,3.505,3.505,3.51,3.505,42
2024-03-18 17:26:00,438,3.5081,3.5081,3.5081,3.5081,3.5081,2
2024-03-18 17:27:00,211,3.505,3.505,3.505,3.505,3.505,4
2024-03-18 17:29:00,669,3.5084,3.51,3.51,3.51,3.51,8
2024-03-18 17:30:00,878,3.5088,3.51,3.505,3.51,3.505,13
2024-03-18 17:31:00,374,3.5062,3.5069,3.5069,3.5069,3.5069,4
2024-03-18 17:33:00,348,3.505,3.505,3.505,3.505,3.505,7
2024-03-18 17:34:00,203,3.5025,3.5,3.505,3.505,3.5,3
2024-03-18 17:35:00,254,3.5047,3.505,3.505,3.505,3.505,10
2024-03-18 17:36:00,8662,3.5009,3.505,3.5,3.51,3.5,53
2024-03-18 17:37:00,245,3.4947,3.495,3.495,3.495,3.495,6
2024-03-18 17:38:00,180,3.4961,3.4999,3.4999,3.4999,3.4999,3
2024-03-18 17:39:00,304,3.4918,3.49,3.49,3.49,3.49,11
2024-03-18 17:40:00,6372,3.499,3.495,3.5,3.5,3.495,50
2024-03-18 17:43:00,12248,3.5078,3.505,3.5,3.515,3.5,111
2024-03-18 17:48:00,1641,3.4991,3.495,3.495,3.5,3.495,13
2024-03-18 17:49:00,102,3.4933,3.4933,3.4933,3.4933,3.4933,2
2024-03-18 17:50:00,8794,3.4935,3.4912,3.495,3.495,3.4912,9
2024-03-18 17:51:00,218,3.4927,3.49,3.49,3.49,3.49,6
2024-03-18 17:52:00,2161,3.4992,3.495,3.5,3.5,3.495,26
2024-03-18 17:55:00,158,3.495,3.495,3.495,3.495,3.495,4
2024-03-18 17:56:00,847,3.4993,3.5,3.4963,3.5,3.4963,12
2024-03-18 17:57:00,645,3.4977,3.5,3.4971,3.5,3.4971,9
2024-03-18 18:00:00,177,3.4955,3.495,3.495,3.495,3.495,9
2024-03-18 18:01:00,109,3.495,3.495,3.495,3.495,3.495,4
2024-03-18 18:02:00,225,3.4973,3.495,3.495,3.495,3.495,9
2024-03-18 18:03:00,155,3.4988,3.4995,3.4995,3.4995,3.4995,6
2024-03-18 18:05:00,215,3.495,3.495,3.495,3.495,3.495,6
2024-03-18 18:06:00,3531,3.4862,3.495,3.485,3.495,3.4801,34
2024-03-18 18:07:00,16725,3.4965,3.4895,3.505,3.51,3.485,126
2024-03-18 18:08:00,5818,3.5089,3.5099,3.5,3.5099,3.5,16
2024-03-18 18:10:00,305,3.5023,3.5023,3.5023,3.5023,3.5023,2
2024-03-18 18:11:00,9669,3.5097,3.5093,3.51,3.51,3.505,82
2024-03-18 18:14:00,217,3.5051,3.505,3.505,3.505,3.505,5
2024-03-18 18:15:00,154,3.5081,3.5099,3.5099,3.5099,3.5099,4
2024-03-18 18:16:00,12552,3.5091,3.505,3.51,3.51,3.5,101
2024-03-18 18:18:00,305,3.505,3.505,3.505,3.505,3.505,5
2024-03-18 18:20:00,6213,3.5091,3.51,3.51,3.51,3.505,26
2024-03-18 18:21:00,511,3.507,3.505,3.505,3.5081,3.505,7
2024-03-18 18:22:00,937,3.505,3.505,3.505,3.505,3.505,13
2024-03-18 18:23:00,515,3.5031,3.5,3.505,3.505,3.5,8
2024-03-18 18:24:00,217,3.5075,3.505,3.51,3.51,3.505,5
2024-03-18 18:25:00,106,3.5026,3.5025,3.5025,3.5025,3.5025,3
2024-03-18 18:26:00,22609,3.5095,3.505,3.51,3.51,3.505,163
2024-03-18 18:27:00,11772,3.5008,3.5095,3.505,3.5095,3.5,23
2024-03-18 18:28:00,2306,3.5093,3.51,3.505,3.51,3.505,6
2024-03-18 18:29:00,1488,3.51,3.51,3.51,3.51,3.51,9
2024-03-18 18:30:00,10406,3.5105,3.51,3.515,3.52,3.505,99
2024-03-18 18:31:00,9229,3.5183,3.5188,3.515,3.52,3.515,82
2024-03-18 18:32:00,211,3.515,3.515,3.515,3.515,3.515,3
2024-03-18 18:33:00,20109,3.5275,3.52,3.53,3.54,3.515,103
2024-03-18 18:34:00,4798,3.5386,3.535,3.535,3.54,3.535,48
2024-03-18 18:35:00,200,3.543,3.545,3.5409,3.545,3.5409,2
2024-03-18 18:36:00,419,3.5452,3.55,3.545,3.55,3.545,9
2024-03-18 18:37:00,20348,3.5588,3.545,3.5508,3.565,3.54,106
2024-03-18 18:38:00,3110,3.5496,3.555,3.535,3.56,3.535,51
2024-03-18 18:39:00,262,3.5319,3.535,3.53,3.535,3.53,7
2024-03-18 18:40:00,2839,3.5186,3.525,3.51,3.525,3.51,45
2024-03-18 18:41:00,1707,3.5151,3.519,3.515,3.519,3.515,14
2024-03-18 18:42:00,645,3.5101,3.5105,3.51,3.5105,3.51,13
2024-03-18 18:45:00,456,3.5023,3.5011,3.505,3.505,3.5011,4
2024-03-18 18:46:00,283,3.5068,3.51,3.51,3.51,3.51,11
2024-03-18 18:47:00,4688,3.5108,3.505,3.515,3.515,3.505,59
2024-03-18 18:48:00,361,3.515,3.515,3.515,3.515,3.515,4
2024-03-18 18:49:00,247,3.515,3.515,3.515,3.515,3.515,4
2024-03-18 18:50:00,10554,3.5119,3.515,3.515,3.515,3.505,90
2024-03-18 18:51:00,16742,3.5236,3.52,3.535,3.535,3.515,162
2024-03-18 18:54:00,156,3.5318,3.53,3.53,3.53,3.53,4
2024-03-18 18:57:00,510,3.5364,3.535,3.535,3.54,3.535,7
2024-03-18 18:58:00,613,3.5328,3.535,3.5311,3.535,3.5311,14
2024-03-18 18:59:00,234,3.5349,3.535,3.535,3.535,3.535,4
2024-03-18 19:00:00,23246,3.5302,3.53,3.535,3.535,3.53,166
2024-03-18 19:01:00,250,3.5334,3.535,3.535,3.535,3.535,5
2024-03-18 19:04:00,7520,3.5232,3.535,3.51,3.535,3.51,84
2024-03-18 19:06:00,1210,3.5142,3.515,3.515,3.515,3.515,11
2024-03-18 19:07:00,216,3.5101,3.51,3.51,3.51,3.51,6
2024-03-18 19:08:00,4945,3.512,3.52,3.51,3.52,3.51,18
2024-03-18 19:10:00,578,3.5129,3.515,3.51,3.515,3.51,21
2024-03-18 19:11:00,367,3.5111,3.51,3.51,3.51,3.51,18
2024-03-18 19:12:00,6210,3.516,3.5172,3.5169,3.5172,3.51,30
2024-03-18 19:13:00,1770,3.5091,3.51,3.5099,3.51,3.5099,40
2024-03-18 19:14:00,138,3.5014,3.5,3.5,3.5,3.5,4
2024-03-18 19:15:00,242,3.5007,3.5,3.5,3.5,3.5,8
2024-03-18 19:16:00,1594,3.5064,3.5,3.5099,3.5099,3.5,24
2024-03-18 19:18:00,2677,3.5074,3.5,3.51,3.51,3.5,50
2024-03-18 19:19:00,672,3.5049,3.51,3.505,3.51,3.5013,11
2024-03-18 19:20:00,10118,3.5096,3.51,3.505,3.51,3.505,117
2024-03-18 19:22:00,163,3.5006,3.5,3.5,3.5,3.5,4
2024-03-18 19:23:00,822,3.5093,3.5099,3.51,3.51,3.505,18
2024-03-18 19:24:00,870,3.5068,3.505,3.51,3.51,3.505,15
2024-03-18 19:25:00,2707,3.5081,3.5099,3.5,3.51,3.5,24
2024-03-18 19:26:00,10923,3.5116,3.51,3.51,3.515,3.5099,113
2024-03-18 19:27:00,6502,3.509,3.51,3.505,3.51,3.505,53
2024-03-18 19:28:00,962,3.5007,3.5,3.505,3.505,3.5,14
2024-03-18 19:29:00,2601,3.5057,3.51,3.505,3.51,3.5,16
2024-03-18 19:30:00,216,3.5068,3.5088,3.5088,3.5088,3.5088,9
2024-03-18 19:31:00,1048,3.5042,3.505,3.505,3.51,3.505,29
2024-03-18 19:32:00,413,3.5053,3.5074,3.5088,3.5088,3.5074,11
2024-03-18 19:33:00,458,3.5053,3.505,3.505,3.505,3.505,11
2024-03-18 19:34:00,484,3.5049,3.505,3.505,3.505,3.505,16
2024-03-18 19:35:00,1894,3.5016,3.51,3.5,3.51,3.5,39
2024-03-18 19:36:00,1538,3.5038,3.5,3.505,3.5098,3.5,33
2024-03-18 19:37:00,31129,3.5196,3.505,3.52,3.53,3.505,263
2024-03-18 19:38:00,18036,3.5168,3.52,3.51,3.52,3.51,93
2024-03-18 19:39:00,621,3.5065,3.505,3.51,3.51,3.505,8
2024-03-18 19:40:00,8069,3.5114,3.505,3.51,3.52,3.505,88
2024-03-18 19:41:00,1774,3.501,3.5,3.5067,3.5067,3.5,16
2024-03-18 19:42:00,5676,3.5096,3.505,3.515,3.515,3.505,68
2024-03-18 19:43:00,312,3.5139,3.515,3.515,3.515,3.515,14
2024-03-18 19:44:00,511,3.5164,3.518,3.515,3.518,3.515,14
2024-03-18 19:45:00,2562,3.5099,3.515,3.505,3.515,3.505,37
2024-03-18 19:46:00,277,3.503,3.504,3.504,3.504,3.504,7
2024-03-18 19:47:00,685,3.5042,3.5,3.5,3.5,3.5,19
2024-03-18 19:48:00,10831,3.5104,3.505,3.515,3.52,3.505,143
2024-03-18 19:49:00,882,3.5167,3.515,3.515,3.52,3.515,19
2024-03-18 19:50:00,1962,3.5161,3.515,3.52,3.52,3.515,28
2024-03-18 19:51:00,6221,3.5103,3.515,3.51,3.515,3.51,72
2024-03-18 19:52:00,4721,3.5055,3.505,3.505,3.5099,3.505,36
2024-03-18 19:53:00,1507,3.5045,3.505,3.505,3.505,3.505,28
2024-03-18 19:54:00,7521,3.5091,3.505,3.515,3.515,3.505,122
2024-03-18 19:55:00,17625,3.5204,3.515,3.51,3.53,3.51,162
2024-03-18 19:56:00,25285,3.509,3.51,3.505,3.515,3.5001,285
2024-03-18 19:57:00,4087,3.5078,3.51,3.51,3.51,3.5,38
2024-03-18 19:58:00,25520,3.5093,3.506,3.51,3.515,3.505,144
2024-03-18 19:59:00,46481,3.5113,3.505,3.505,3.525,3.5,262
2024-03-18 20:00:00,162,3.51,3.51,3.51,3.51,3.51,2
2024-03-18 20:25:00,300,3.5,3.5,3.5,3.5,3.5,1
2024-03-18 20:28:00,147,3.5,3.5,3.5,3.5,3.5,2
2024-03-18 20:57:00,100,3.51,3.51,3.51,3.51,3.51,1
2024-03-18 21:06:00,165,3.59,3.59,3.59,3.59,3.59,2
2024-03-18 21:18:00,200,3.55,3.55,3.55,3.55,3.55,1
2024-03-18 21:22:00,950,3.42,3.42,3.42,3.42,3.42,1
2024-03-18 21:52:00,100,3.6,3.6,3.6,3.6,3.6,1
2024-03-18 22:57:00,100,3.6,3.6,3.6,3.6,3.6,1
2024-03-19 11:10:00,409,3.57,3.57,3.57,3.57,3.57,1
2024-03-19 12:00:00,3296,3.6336,3.42,3.64,3.65,3.42,6
2024-03-19 12:06:00,100,3.59,3.59,3.59,3.59,3.59,1
2024-03-19 12:42:00,529,3.4249,3.42,3.42,3.42,3.42,2
2024-03-19 12:48:00,138,3.51,3.51,3.51,3.51,3.51,1
2024-03-19 13:22:00,640,3.51,3.51,3.51,3.51,3.51,1
2024-03-19 13:30:00,21853,3.4652,3.46,3.49,3.49,3.44,116
2024-03-19 13:31:00,1045,3.5073,3.5063,3.5063,3.5063,3.5063,8
2024-03-19 13:32:00,1233,3.4758,3.49,3.47,3.49,3.47,18
2024-03-19 13:33:00,3332,3.4889,3.48,3.49,3.49,3.48,9
2024-03-19 13:34:00,763,3.5059,3.49,3.5,3.515,3.49,10
2024-03-19 13:35:00,572,3.51,3.51,3.51,3.51,3.51,4
2024-03-19 13:36:00,1963,3.4985,3.5125,3.5,3.5125,3.4957,20
2024-03-19 13:37:00,4323,3.4987,3.5019,3.485,3.5019,3.485,17
2024-03-19 13:38:00,1978,3.4669,3.48,3.455,3.48,3.4505,22
2024-03-19 13:39:00,4220,3.4616,3.46,3.46,3.465,3.46,23
2024-03-19 13:40:00,1280,3.4611,3.46,3.4614,3.4614,3.455,17
2024-03-19 13:41:00,1267,3.4705,3.47,3.47,3.47,3.4696,14
2024-03-19 13:42:00,596,3.4721,3.47,3.47,3.4797,3.47,8
2024-03-19 13:43:00,1228,3.4834,3.4767,3.495,3.495,3.4767,23
2024-03-19 13:44:00,4885,3.4924,3.49,3.5009,3.51,3.49,16
2024-03-19 13:45:00,241,3.5029,3.5,3.5,3.5,3.5,4
2024-03-19 13:46:00,574,3.5064,3.5008,3.5099,3.5099,3.5008,6
2024-03-19 13:47:00,1099,3.5089,3.51,3.5101,3.5101,3.51,18
2024-03-19 13:48:00,3789,3.507,3.51,3.48,3.515,3.48,30
2024-03-19 13:49:00,957,3.4839,3.4841,3.48,3.485,3.48,8
2024-03-19 13:50:00,3708,3.496,3.487,3.4999,3.4999,3.487,11
2024-03-19 13:51:00,1484,3.502,3.5,3.505,3.505,3.5,23
2024-03-19 13:52:00,888,3.5059,3.5,3.51,3.51,3.5,13
2024-03-19 13:53:00,518,3.5118,3.515,3.51,3.515,3.51,15
2024-03-19 13:54:00,2079,3.5049,3.5094,3.52,3.52,3.5,29
2024-03-19 13:55:00,3949,3.5257,3.525,3.515,3.54,3.515,31
2024-03-19 13:56:00,2598,3.5377,3.52,3.535,3.55,3.52,24
2024-03-19 13:57:00,557,3.5316,3.53,3.53,3.53,3.53,6
2024-03-19 13:58:00,376,3.5281,3.53,3.52,3.53,3.52,10
2024-03-19 13:59:00,1259,3.5158,3.52,3.51,3.52,3.51,22
2024-03-19 14:00:00,1770,3.5041,3.51,3.51,3.51,3.5,25
2024-03-19 14:01:00,895,3.5105,3.51,3.51,3.51,3.51,18
2024-03-19 14:02:00,200,3.5075,3.505,3.51,3.51,3.505,2
2024-03-19 14:03:00,2656,3.5085,3.51,3.5,3.51,3.5,40
2024-03-19 14:04:00,1299,3.5091,3.51,3.51,3.51,3.51,19
2024-03-19 14:05:00,2622,3.5069,3.505,3.505,3.51,3.5,34
2024-03-19 14:06:00,902,3.5099,3.505,3.51,3.51,3.505,14
2024-03-19 14:07:00,858,3.5186,3.52,3.52,3.52,3.52,18
2024-03-19 14:08:00,2320,3.512,3.515,3.505,3.515,3.5,29
2024-03-19 14:09:00,6108,3.4996,3.505,3.49,3.505,3.49,35
2024-03-19 14:10:00,619,3.4802,3.4899,3.48,3.4899,3.48,16
2024-03-19 14:11:00,700,3.4748,3.4709,3.4799,3.4799,3.4709,2
2024-03-19 14:12:00,302,3.4791,3.48,3.4799,3.48,3.4799,4
2024-03-19 14:14:00,1248,3.4865,3.48,3.49,3.49,3.48,14
2024-03-19 14:15:00,991,3.4913,3.4913,3.4908,3.4913,3.4908,8
2024-03-19 14:17:00,2448,3.4967,3.495,3.495,3.5,3.495,34
2024-03-19 14:18:00,1675,3.4906,3.49,3.49,3.49,3.49,40
2024-03-19 14:19:00,201,3.4825,3.48,3.48,3.48,3.48,4
2024-03-19 14:20:00,406,3.4836,3.485,3.48,3.485,3.48,6
2024-03-19 14:21:00,2294,3.4794,3.48,3.47,3.48,3.47,19
2024-03-19 14:23:00,997,3.4721,3.48,3.47,3.48,3.47,16
2024-03-19 14:24:00,300,3.477,3.48,3.4799,3.48,3.4799,4
2024-03-19 14:25:00,5518,3.4677,3.47,3.475,3.475,3.46,74
2024-03-19 14:26:00,2536,3.4837,3.48,3.4849,3.49,3.48,35
2024-03-19 14:27:00,897,3.5,3.5,3.5,3.5,3.5,17
2024-03-19 14:29:00,100,3.49,3.49,3.49,3.49,3.49,1
2024-03-19 14:30:00,2258,3.4942,3.49,3.5,3.5,3.49,29
2024-03-19 14:31:00,632,3.4907,3.49,3.49,3.49,3.49,7
2024-03-19 14:33:00,1866,3.5006,3.5,3.505,3.505,3.5,24
2024-03-19 14:34:00,410,3.517,3.515,3.515,3.52,3.515,10
2024-03-19 14:35:00,836,3.5191,3.52,3.515,3.52,3.515,22
2024-03-19 14:36:00,2592,3.5106,3.515,3.51,3.515,3.505,42
2024-03-19 14:37:00,155,3.5076,3.505,3.505,3.505,3.505,5
2024-03-19 14:38:00,360,3.5083,3.51,3.505,3.51,3.505,6
2024-03-19 14:39:00,1199,3.5104,3.51,3.515,3.515,3.51,12
2024-03-19 14:40:00,1286,3.5088,3.515,3.505,3.515,3.505,21
2024-03-19 14:42:00,64747,3.4994,3.5,3.495,3.5,3.49,65
2024-03-19 14:43:00,325,3.498,3.5,3.5,3.5,3.5,6
2024-03-19 14:44:00,480,3.4985,3.4987,3.4987,3.4987,3.4987,3
2024-03-19 14:45:00,5224,3.5013,3.5,3.505,3.505,3.5,20
2024-03-19 14:46:00,877,3.5118,3.5131,3.51,3.5131,3.51,21
2024-03-19 14:47:00,651,3.5177,3.5191,3.5197,3.5197,3.51,6
2024-03-19 14:48:00,1897,3.515,3.5101,3.51,3.5183,3.51,6
2024-03-19 14:49:00,160,3.5137,3.51,3.51,3.51,3.51,3
2024-03-19 14:50:00,577,3.5122,3.51,3.51,3.51,3.51,18
2024-03-19 14:51:00,1906,3.5094,3.51,3.5,3.51,3.5,30
2024-03-19 14:52:00,11089,3.5002,3.5099,3.495,3.5099,3.495,22
2024-03-19 14:53:00,638,3.4903,3.49,3.49,3.49,3.49,11
2024-03-19 14:55:00,20378,3.4901,3.49,3.49,3.49,3.49,12
2024-03-19 14:56:00,276,3.4935,3.495,3.495,3.495,3.495,9
2024-03-19 14:57:00,1293,3.4907,3.49,3.49,3.4908,3.49,11
2024-03-19 14:58:00,8734,3.5133,3.49,3.54,3.54,3.49,91
2024-03-19 14:59:00,7704,3.5258,3.53,3.54,3.54,3.52,43
2024-03-19 15:00:00,9180,3.5346,3.535,3.5375,3.54,3.5275,29
2024-03-19 15:02:00,13376,3.5528,3.56,3.53,3.56,3.53,57
2024-03-19 15:03:00,2262,3.5301,3.5299,3.53,3.535,3.5299,21
2024-03-19 15:05:00,1677,3.5377,3.5383,3.535,3.5383,3.535,19
2024-03-19 15:06:00,1075,3.5402,3.54,3.54,3.545,3.54,22
2024-03-19 15:07:00,5793,3.5344,3.545,3.52,3.545,3.52,49
2024-03-19 15:08:00,200,3.52,3.52,3.52,3.52,3.52,1
2024-03-19 15:09:00,268,3.5152,3.51,3.5198,3.5198,3.51,6
2024-03-19 15:10:00,474,3.5217,3.52,3.52,3.52,3.52,16
2024-03-19 15:11:00,1789,3.5089,3.511,3.505,3.511,3.505,24
2024-03-19 15:12:00,100,3.5,3.5,3.5,3.5,3.5,1
2024-03-19 15:13:00,3500,3.5083,3.5087,3.5,3.51,3.5,9
2024-03-19 15:14:00,686,3.5032,3.5,3.501,3.501,3.5,15
2024-03-19 15:15:00,11648,3.5033,3.5099,3.5,3.5099,3.5,44
2024-03-19 15:16:00,6709,3.5055,3.499,3.5,3.51,3.499,41
2024-03-19 15:17:00,327,3.4984,3.495,3.5,3.5,3.495,7
2024-03-19 15:18:00,476,3.5008,3.5,3.5,3.5,3.5,6
2024-03-19 15:19:00,11005,3.508,3.5,3.5,3.51,3.495,32
2024-03-19 15:20:00,3137,3.4999,3.5,3.5,3.5,3.5,22
2024-03-19 15:21:00,125,3.4988,3.4985,3.4985,3.4985,3.4985,2
2024-03-19 15:22:00,14649,3.5089,3.5,3.5,3.51,3.5,39
2024-03-19 15:24:00,1880,3.4912,3.495,3.49,3.495,3.49,18
2024-03-19 15:26:00,11691,3.5089,3.5,3.51,3.51,3.5,28
2024-03-19 15:27:00,1015,3.5099,3.5095,3.51,3.51,3.5095,16
2024-03-19 15:29:00,7208,3.5125,3.51,3.5157,3.5157,3.51,15
2024-03-19 15:30:00,5261,3.5165,3.52,3.515,3.52,3.515,32
2024-03-19 15:33:00,100,3.51,3.51,3.51,3.51,3.51,1
2024-03-19 15:34:00,3733,3.5084,3.51,3.505,3.51,3.5,33
2024-03-19 15:35:00,5580,3.5081,3.5,3.505,3.5099,3.5,26
2024-03-19 15:36:00,500,3.5067,3.505,3.505,3.505,3.505,7
2024-03-19 15:37:00,350,3.5004,3.5,3.501,3.501,3.5,3
2024-03-19 15:38:00,100,3.5,3.5,3.5,3.5,3.5,1
2024-03-19 15:39:00,11952,3.5,3.505,3.5,3.505,3.499,44
2024-03-19 15:40:00,355,3.5058,3.505,3.505,3.505,3.505,10
2024-03-19 15:41:00,411,3.503,3.505,3.5009,3.505,3.5009,6
2024-03-19 15:42:00,1620,3.5085,3.505,3.51,3.51,3.505,19
2024-03-19 15:45:00,3445,3.5107,3.515,3.51,3.515,3.51,45
2024-03-19 15:46:00,100,3.51,3.51,3.51,3.51,3.51,1
2024-03-19 15:47:00,1181,3.5187,3.5199,3.51,3.5199,3.51,9
2024-03-19 15:48:00,901,3.5105,3.51,3.51,3.51,3.51,7
2024-03-19 15:49:00,2575,3.5183,3.5199,3.515,3.5199,3.51,13
2024-03-19 15:50:00,20864,3.4973,3.51,3.495,3.52,3.49,56
2024-03-19 15:51:00,2147,3.4999,3.5,3.5,3.5,3.5,22
2024-03-19 15:52:00,1492,3.4983,3.5,3.49,3.5,3.49,9
2024-03-19 15:53:00,725,3.4907,3.49,3.49,3.49,3.49,17
2024-03-19 15:54:00,361,3.4925,3.49,3.4968,3.4968,3.49,12
2024-03-19 15:55:00,507,3.4925,3.49,3.49,3.49,3.49,17
2024-03-19 15:57:00,1000,3.5,3.5,3.5,3.5,3.5,1
2024-03-19 15:58:00,1856,3.5027,3.5,3.51,3.51,3.5,28
2024-03-19 15:59:00,770,3.5199,3.52,3.52,3.52,3.52,14
2024-03-19 16:00:00,926,3.5117,3.5115,3.51,3.5115,3.51,9
2024-03-19 16:04:00,295,3.5167,3.52,3.515,3.52,3.515,7
2024-03-19 16:05:00,1015,3.5104,3.51,3.51,3.51,3.51,10
2024-03-19 16:06:00,111,3.5105,3.51,3.51,3.51,3.51,3
2024-03-19 16:07:00,2316,3.5102,3.5102,3.5102,3.5102,3.5102,2
2024-03-19 16:09:00,1221,3.5113,3.51,3.51,3.51,3.51,22
2024-03-19 16:10:00,463,3.5114,3.51,3.51,3.51,3.51,7
2024-03-19 16:12:00,12371,3.52,3.515,3.52,3.52,3.515,40
2024-03-19 16:13:00,239,3.525,3.525,3.525,3.525,3.525,2
2024-03-19 16:16:00,300,3.525,3.525,3.525,3.525,3.525,2
2024-03-19 16:17:00,300,3.525,3.525,3.525,3.525,3.525,2
2024-03-19 16:18:00,711,3.5224,3.525,3.52,3.525,3.52,8
2024-03-19 16:19:00,1150,3.5254,3.53,3.525,3.53,3.525,12
2024-03-19 16:20:00,805,3.5216,3.525,3.5205,3.525,3.52,9
2024-03-19 16:21:00,3078,3.5198,3.52,3.52,3.52,3.52,54
2024-03-19 16:22:00,413,3.5127,3.5197,3.51,3.5197,3.51,2
2024-03-19 16:24:00,1575,3.5118,3.5117,3.51,3.5117,3.51,13
2024-03-19 16:25:00,262,3.515,3.515,3.515,3.515,3.515,6
2024-03-19 16:28:00,300,3.5126,3.51,3.51,3.51,3.51,5
2024-03-19 16:29:00,1137,3.5169,3.51,3.52,3.52,3.51,16
2024-03-19 16:31:00,229,3.522,3.52,3.52,3.52,3.52,7
2024-03-19 16:34:00,243,3.5235,3.525,3.525,3.525,3.525,7
2024-03-19 16:35:00,2207,3.5291,3.525,3.535,3.535,3.525,48
2024-03-19 16:36:00,3267,3.5434,3.535,3.5412,3.545,3.535,25
2024-03-19 16:37:00,2561,3.55,3.545,3.5599,3.5599,3.545,22
2024-03-19 16:38:00,3000,3.5527,3.56,3.545,3.56,3.545,35
2024-03-19 16:39:00,581,3.5463,3.545,3.5466,3.5466,3.545,5
2024-03-19 16:42:00,111,3.545,3.545,3.545,3.545,3.545,2
2024-03-19 16:43:00,323,3.5467,3.55,3.545,3.55,3.545,5
2024-03-19 16:44:00,492,3.5447,3.545,3.545,3.545,3.545,12
2024-03-19 16:45:00,1233,3.544,3.545,3.545,3.549,3.54,22
2024-03-19 16:46:00,7662,3.5409,3.55,3.53,3.55,3.53,46
2024-03-19 16:47:00,305,3.5326,3.535,3.535,3.535,3.535,12
2024-03-19 16:48:00,7009,3.5216,3.535,3.52,3.535,3.52,25
2024-03-19 16:49:00,698,3.525,3.525,3.525,3.525,3.525,14
2024-03-19 16:50:00,2124,3.531,3.525,3.535,3.535,3.525,32
2024-03-19 16:51:00,100,3.535,3.535,3.535,3.535,3.535,1
2024-03-19 16:52:00,1788,3.5397,3.535,3.54,3.54,3.535,21
2024-03-19 16:53:00,703,3.5413,3.545,3.54,3.545,3.54,24
2024-03-19 16:55:00,1954,3.54,3.535,3.54,3.55,3.535,34
2024-03-19 16:56:00,528,3.5462,3.55,3.545,3.55,3.545,8
2024-03-19 16:57:00,1163,3.5412,3.545,3.54,3.545,3.54,25
2024-03-19 16:58:00,422,3.54,3.54,3.54,3.54,3.54,9
2024-03-19 16:59:00,2598,3.5434,3.54,3.545,3.545,3.54,35
2024-03-19 17:01:00,503,3.5493,3.55,3.55,3.55,3.545,12
2024-03-19 17:02:00,279,3.5468,3.55,3.545,3.55,3.545,10
2024-03-19 17:05:00,360,3.5411,3.54,3.54,3.54,3.54,12
2024-03-19 17:06:00,700,3.545,3.545,3.545,3.545,3.545,1
2024-03-19 17:08:00,100,3.54,3.54,3.54,3.54,3.54,1
2024-03-19 17:09:00,1238,3.55,3.55,3.55,3.55,3.55,18
2024-03-19 17:11:00,101,3.555,3.555,3.555,3.555,3.555,2
2024-03-19 17:12:00,4357,3.5607,3.555,3.57,3.57,3.555,38
2024-03-19 17:15:00,171,3.5621,3.56,3.56,3.56,3.56,7
2024-03-19 17:17:00,2391,3.5695,3.569,3.58,3.58,3.569,18
2024-03-19 17:18:00,167,3.5786,3.58,3.58,3.58,3.58,8
2024-03-19 17:19:00,25991,3.5824,3.58,3.56,3.595,3.56,164
2024-03-19 17:20:00,265,3.5722,3.569,3.569,3.569,3.569,7
2024-03-19 17:22:00,286,3.5642,3.565,3.565,3.565,3.565,2
2024-03-19 17:23:00,488,3.56,3.56,3.56,3.56,3.56,2
2024-03-19 17:26:00,406,3.5622,3.565,3.565,3.565,3.565,8
2024-03-19 17:27:00,129,3.565,3.565,3.565,3.565,3.565,3
2024-03-19 17:28:00,1100,3.5645,3.56,3.565,3.565,3.56,3
2024-03-19 17:29:00,205,3.5605,3.56,3.56,3.56,3.56,6
2024-03-19 17:30:00,194,3.565,3.565,3.565,3.565,3.565,10
2024-03-19 17:32:00,157,3.565,3.565,3.565,3.565,3.565,4
2024-03-19 17:33:00,405,3.5637,3.56,3.565,3.565,3.56,8
2024-03-19 17:35:00,7354,3.5592,3.5601,3.549,3.5601,3.54,49
2024-03-19 17:36:00,401,3.5409,3.54,3.54,3.54,3.54,12
2024-03-19 17:37:00,551,3.5423,3.54,3.545,3.545,3.54,6
2024-03-19 17:39:00,4497,3.5456,3.545,3.545,3.55,3.54,42
2024-03-19 17:42:00,104,3.5403,3.54,3.54,3.54,3.54,3
2024-03-19 17:43:00,227,3.5412,3.54,3.54,3.54,3.54,6
2024-03-19 17:45:00,283,3.5415,3.54,3.54,3.54,3.54,10
2024-03-19 17:46:00,4819,3.5459,3.545,3.545,3.55,3.545,19
2024-03-19 17:47:00,1206,3.5595,3.55,3.56,3.56,3.55,19
2024-03-19 17:48:00,159,3.552,3.55,3.55,3.55,3.55,5
2024-03-19 17:49:00,500,3.5553,3.5553,3.5553,3.5553,3.5553,1
2024-03-19 17:50:00,601,3.5539,3.555,3.555,3.555,3.555,10
2024-03-19 17:51:00,1100,3.5586,3.559,3.555,3.559,3.555,2
2024-03-19 17:52:00,2036,3.5552,3.555,3.555,3.555,3.555,6
2024-03-19 17:53:00,383,3.5523,3.55,3.55,3.55,3.55,12
2024-03-19 17:54:00,1295,3.5546,3.555,3.555,3.555,3.555,11
2024-03-19 17:55:00,3855,3.541,3.55,3.53,3.55,3.53,48
2024-03-19 17:57:00,3338,3.5479,3.54,3.555,3.555,3.54,36
2024-03-19 17:59:00,200,3.5512,3.55,3.55,3.55,3.55,8
2024-03-19 18:00:00,301,3.5514,3.55,3.55,3.55,3.55,10
2024-03-19 18:01:00,498,3.5501,3.55,3.55,3.55,3.55,15
2024-03-19 18:02:00,607,3.5495,3.55,3.55,3.55,3.55,7
2024-03-19 18:06:00,324,3.5507,3.55,3.55,3.55,3.55,10
2024-03-19 18:11:00,117,3.5406,3.54,3.54,3.54,3.54,2
2024-03-19 18:13:00,2978,3.5488,3.545,3.545,3.55,3.545,35
2024-03-19 18:15:00,5238,3.5473,3.545,3.545,3.55,3.545,44
2024-03-19 18:18:00,1250,3.5469,3.5474,3.54,3.55,3.54,5
2024-03-19 18:19:00,500,3.5441,3.5451,3.54,3.5451,3.54,2
2024-03-19 18:20:00,1146,3.542,3.542,3.54,3.542,3.54,26
2024-03-19 18:21:00,820,3.544,3.545,3.54,3.5455,3.54,7
2024-03-19 18:22:00,2251,3.5508,3.55,3.555,3.555,3.55,31
2024-03-19 18:23:00,2447,3.5589,3.555,3.555,3.5598,3.555,6
2024-03-19 18:24:00,1084,3.5575,3.5594,3.55,3.5594,3.55,7
2024-03-19 18:25:00,561,3.5521,3.55,3.55,3.55,3.55,19
2024-03-19 18:26:00,1857,3.5552,3.555,3.555,3.5588,3.555,8
2024-03-19 18:27:00,474,3.5529,3.55,3.55,3.5589,3.55,7
2024-03-19 18:28:00,2358,3.558,3.55,3.56,3.565,3.55,29
2024-03-19 18:29:00,840,3.5717,3.57,3.57,3.575,3.57,10
2024-03-19 18:30:00,459,3.5727,3.57,3.575,3.575,3.57,17
2024-03-19 18:33:00,100,3.575,3.575,3.575,3.575,3.575,1
2024-03-19 18:34:00,231,3.575,3.575,3.575,3.575,3.575,2
2024-03-19 18:36:00,524,3.5759,3.575,3.575,3.58,3.575,9
2024-03-19 18:38:00,323,3.5734,3.57,3.575,3.575,3.57,4
2024-03-19 18:39:00,2577,3.5779,3.57,3.57,3.5793,3.57,10
2024-03-19 18:40:00,620,3.5744,3.575,3.58,3.58,3.57,14
2024-03-19 18:41:00,6243,3.589,3.575,3.5955,3.6,3.575,48
2024-03-19 18:42:00,4055,3.5941,3.605,3.58,3.605,3.58,64
2024-03-19 18:43:00,1039,3.5871,3.5891,3.58,3.5899,3.58,10
2024-03-19 18:44:00,366,3.5853,3.585,3.585,3.585,3.585,6
2024-03-19 18:46:00,752,3.5801,3.58,3.58,3.58,3.58,16
2024-03-19 18:47:00,200,3.5725,3.575,3.57,3.575,3.57,2
2024-03-19 18:48:00,835,3.5755,3.575,3.57,3.58,3.57,7
2024-03-19 18:49:00,424,3.5717,3.575,3.57,3.575,3.57,9
2024-03-19 18:50:00,338,3.5715,3.57,3.57,3.57,3.57,12
2024-03-19 18:51:00,102,3.575,3.575,3.575,3.575,3.575,3
2024-03-19 18:52:00,321,3.5717,3.57,3.57,3.575,3.57,4
2024-03-19 18:53:00,370,3.5717,3.57,3.575,3.575,3.57,5
2024-03-19 18:54:00,1001,3.5749,3.57,3.57,3.5799,3.57,17
2024-03-19 18:55:00,314,3.5723,3.57,3.57,3.57,3.57,13
2024-03-19 18:56:00,813,3.5711,3.57,3.575,3.575,3.57,6
2024-03-19 18:57:00,291,3.5702,3.57,3.57,3.57,3.57,3
2024-03-19 18:58:00,200,3.57,3.57,3.57,3.57,3.57,2
2024-03-19 18:59:00,1691,3.5745,3.575,3.575,3.575,3.575,17
2024-03-19 19:00:00,1037,3.5696,3.57,3.5691,3.57,3.5691,22
2024-03-19 19:01:00,3044,3.5601,3.56,3.56,3.56,3.56,23
2024-03-19 19:02:00,1975,3.5555,3.56,3.555,3.56,3.555,39
2024-03-19 19:03:00,951,3.5548,3.55,3.555,3.555,3.55,14
2024-03-19 19:04:00,2685,3.5483,3.55,3.54,3.55,3.54,32
2024-03-19 19:05:00,909,3.5419,3.55,3.53,3.55,3.53,24
2024-03-19 19:06:00,102,3.53,3.53,3.53,3.53,3.53,2
2024-03-19 19:08:00,1090,3.5268,3.53,3.525,3.53,3.52,15
2024-03-19 19:09:00,571,3.5225,3.52,3.52,3.52,3.52,14
2024-03-19 19:10:00,269,3.5242,3.52,3.52,3.52,3.52,18
2024-03-19 19:11:00,540,3.5208,3.52,3.52,3.52,3.52,15
2024-03-19 19:12:00,487,3.5205,3.52,3.52,3.52,3.52,29
2024-03-19 19:13:00,195,3.5228,3.52,3.52,3.52,3.52,30
2024-03-19 19:14:00,509,3.5264,3.526,3.526,3.526,3.526,2
2024-03-19 19:15:00,2523,3.5214,3.52,3.51,3.525,3.51,46
2024-03-19 19:16:00,211,3.5124,3.51,3.51,3.51,3.51,12
2024-03-19 19:17:00,326,3.5142,3.51,3.51,3.51,3.51,20
2024-03-19 19:18:00,262,3.5141,3.515,3.51,3.515,3.51,7
2024-03-19 19:19:00,153,3.5167,3.515,3.515,3.515,3.515,2
2024-03-19 19:20:00,622,3.5146,3.515,3.515,3.515,3.51,15
2024-03-19 19:21:00,4009,3.5193,3.515,3.525,3.53,3.51,54
2024-03-19 19:22:00,660,3.5251,3.525,3.525,3.525,3.525,7
2024-03-19 19:23:00,1164,3.5259,3.525,3.525,3.525,3.525,18
2024-03-19 19:26:00,269,3.5231,3.52,3.525,3.525,3.52,20
2024-03-19 19:27:00,636,3.5264,3.525,3.53,3.53,3.52,20
2024-03-19 19:28:00,509,3.525,3.52,3.52,3.53,3.52,9
2024-03-19 19:29:00,165,3.522,3.52,3.52,3.52,3.52,4
2024-03-19 19:30:00,3395,3.5285,3.529,3.525,3.529,3.525,12
2024-03-19 19:31:00,315,3.5218,3.52,3.52,3.52,3.52,7
2024-03-19 19:32:00,598,3.5225,3.525,3.52,3.525,3.52,24
2024-03-19 19:33:00,295,3.5238,3.52,3.525,3.525,3.52,6
2024-03-19 19:34:00,1963,3.5203,3.52,3.52,3.5203,3.52,16
2024-03-19 19:35:00,7274,3.5292,3.53,3.52,3.53,3.52,83
2024-03-19 19:37:00,100,3.525,3.525,3.525,3.525,3.525,1
2024-03-19 19:38:00,4500,3.5244,3.525,3.525,3.525,3.52,27
2024-03-19 19:39:00,356,3.5238,3.52,3.52,3.5288,3.52,6
2024-03-19 19:40:00,532,3.5237,3.52,3.525,3.525,3.52,26
2024-03-19 19:41:00,608,3.5218,3.52,3.52,3.52,3.52,13
2024-03-19 19:42:00,1055,3.5256,3.525,3.525,3.53,3.525,11
2024-03-19 19:43:00,805,3.5236,3.52,3.525,3.525,3.52,19
2024-03-19 19:44:00,11785,3.5194,3.52,3.52,3.525,3.515,118
2024-03-19 19:45:00,365,3.5234,3.525,3.52,3.525,3.52,19
2024-03-19 19:46:00,304,3.5217,3.52,3.52,3.52,3.52,4
2024-03-19 19:47:00,1701,3.5232,3.52,3.52,3.525,3.52,26
2024-03-19 19:48:00,1457,3.5212,3.52,3.525,3.525,3.52,36
2024-03-19 19:49:00,2196,3.5202,3.52,3.52,3.52,3.52,34
2024-03-19 19:50:00,5479,3.5108,3.52,3.5,3.52,3.5,89
2024-03-19 19:51:00,18354,3.4992,3.5,3.495,3.5,3.49,123
2024-03-19 19:52:00,4302,3.4971,3.49,3.4966,3.5,3.49,44
2024-03-19 19:53:00,1745,3.4968,3.495,3.495,3.5,3.493,39
2024-03-19 19:54:00,2829,3.4919,3.493,3.495,3.5,3.49,38
2024-03-19 19:55:00,11937,3.4943,3.495,3.49,3.5,3.49,64
2024-03-19 19:56:00,5831,3.4905,3.49,3.49,3.495,3.49,66
2024-03-19 19:57:00,8906,3.4875,3.49,3.49,3.4905,3.48,102
2024-03-19 19:58:00,13717,3.4904,3.48,3.49,3.4999,3.48,93
2024-03-19 19:59:00,16986,3.4846,3.49,3.48,3.495,3.48,158
2024-03-19 20:27:00,203,3.5401,3.54,3.54,3.54,3.54,2
2024-03-19 20:40:00,276,3.619,3.619,3.619,3.619,3.619,1
2024-03-19 21:41:00,100,3.6173,3.6173,3.6173,3.6173,3.6173,1
2024-03-20 11:24:00,100,3.55,3.55,3.55,3.55,3.55,1
2024-03-20 12:03:00,100,3.59,3.59,3.59,3.59,3.59,1
2024-03-20 12:20:00,1000,3.59,3.59,3.59,3.59,3.59,1
2024-03-20 12:22:00,900,3.6,3.6,3.6,3.6,3.6,1
2024-03-20 12:23:00,780,3.59,3.59,3.59,3.59,3.59,3
2024-03-20 12:32:00,421,3.6,3.6,3.6,3.6,3.6,1
2024-03-20 12:43:00,100,3.6,3.6,3.6,3.6,3.6,1
2024-03-20 13:01:00,200,3.6,3.6,3.6,3.6,3.6,1
2024-03-20 13:16:00,490,3.5501,3.5501,3.5501,3.5501,3.5501,1
2024-03-20 13:25:00,415,3.59,3.59,3.59,3.59,3.59,5
2024-03-20 13:30:00,17115,3.5678,3.57,3.55,3.57,3.55,34
2024-03-20 13:31:00,986,3.5622,3.545,3.55,3.57,3.545,25
2024-03-20 13:32:00,154,3.5883,3.59,3.59,3.59,3.59,7
2024-03-20 13:33:00,351,3.5872,3.59,3.59,3.59,3.59,8
2024-03-20 13:34:00,3363,3.5655,3.58,3.54,3.58,3.54,33
2024-03-20 13:35:00,608,3.5425,3.53,3.5453,3.5495,3.53,7
2024-03-20 13:36:00,412,3.5511,3.54,3.55,3.55,3.54,11
2024-03-20 13:37:00,3152,3.5424,3.5653,3.55,3.5653,3.5325,23
2024-03-20 13:38:00,1788,3.563,3.5599,3.5696,3.5698,3.5599,12
2024-03-20 13:39:00,597,3.5755,3.57,3.57,3.58,3.57,10
2024-03-20 13:40:00,1945,3.5702,3.5699,3.5701,3.5701,3.5699,9
2024-03-20 13:41:00,1922,3.5729,3.5765,3.56,3.5765,3.56,25
2024-03-20 13:43:00,3809,3.5691,3.55,3.58,3.58,3.55,20
2024-03-20 13:44:00,323,3.5698,3.57,3.57,3.57,3.57,13
2024-03-20 13:46:00,1206,3.561,3.5698,3.56,3.5698,3.56,14
2024-03-20 13:47:00,1907,3.5389,3.54,3.53,3.54,3.53,11
2024-03-20 13:48:00,4442,3.5353,3.53,3.54,3.54,3.53,23
2024-03-20 13:49:00,1960,3.5383,3.54,3.55,3.55,3.52,25
2024-03-20 13:50:00,191,3.5599,3.56,3.56,3.56,3.56,5
2024-03-20 13:51:00,1186,3.5668,3.57,3.56,3.57,3.56,27
2024-03-20 13:52:00,234,3.555,3.555,3.555,3.555,3.555,7
2024-03-20 13:53:00,799,3.5648,3.555,3.57,3.57,3.555,15
2024-03-20 13:54:00,12068,3.5586,3.56,3.55,3.56,3.545,48
2024-03-20 13:55:00,1387,3.5545,3.5598,3.55,3.56,3.55,24
2024-03-20 13:56:00,387,3.5247,3.525,3.5246,3.525,3.5246,9
2024-03-20 13:57:00,355,3.5203,3.52,3.52,3.52,3.52,12
2024-03-20 13:59:00,613,3.5133,3.51,3.515,3.515,3.51,9
2024-03-20 14:00:00,678,3.5128,3.51,3.515,3.515,3.51,12
2024-03-20 14:01:00,1309,3.5138,3.5133,3.5133,3.5133,3.5133,8
2024-03-20 14:02:00,675,3.5085,3.51,3.5012,3.51,3.5012,22
2024-03-20 14:03:00,3439,3.4986,3.5,3.49,3.5,3.49,29
2024-03-20 14:04:00,2345,3.4917,3.48,3.495,3.495,3.48,19
2024-03-20 14:05:00,2048,3.5072,3.5,3.51,3.51,3.4998,27
2024-03-20 14:06:00,3635,3.5198,3.52,3.52,3.52,3.52,22
2024-03-20 14:07:00,6923,3.5282,3.5399,3.52,3.54,3.52,60
2024-03-20 14:08:00,1946,3.5206,3.525,3.52,3.525,3.52,28
2024-03-20 14:09:00,289,3.5018,3.5,3.5,3.5,3.5,5
2024-03-20 14:10:00,244,3.5044,3.5,3.5,3.5,3.5,7
2024-03-20 14:11:00,228,3.5004,3.5,3.5,3.5,3.5,7
2024-03-20 14:13:00,1198,3.4913,3.4906,3.49,3.5,3.49,6
2024-03-20 14:15:00,3657,3.5062,3.49,3.515,3.515,3.49,35
2024-03-20 14:16:00,190,3.519,3.52,3.52,3.52,3.52,6
2024-03-20 14:18:00,648,3.5138,3.51,3.52,3.52,3.51,10
2024-03-20 14:19:00,551,3.5103,3.51,3.51,3.51,3.51,11
2024-03-20 14:21:00,1136,3.5092,3.5,3.51,3.51,3.5,13
2024-03-20 14:22:00,2122,3.5199,3.52,3.52,3.52,3.52,21
2024-03-20 14:23:00,1781,3.5163,3.52,3.515,3.52,3.51,17
2024-03-20 14:24:00,276,3.5134,3.5133,3.5133,3.5133,3.5133,3
2024-03-20 14:25:00,500,3.5167,3.5167,3.5167,3.5167,3.5167,1
2024-03-20 14:26:00,2510,3.5187,3.515,3.515,3.52,3.515,29
2024-03-20 14:27:00,204,3.5175,3.515,3.52,3.52,3.515,4
2024-03-20 14:28:00,152,3.5198,3.5198,3.5198,3.5198,3.5198,2
2024-03-20 14:29:00,7445,3.5242,3.52,3.52,3.53,3.52,63
2024-03-20 14:30:00,429,3.5158,3.5155,3.5155,3.5155,3.5155,10
2024-03-20 14:31:00,7052,3.5114,3.5113,3.51,3.52,3.51,17
2024-03-20 14:32:00,729,3.513,3.515,3.5126,3.515,3.51,12
2024-03-20 14:33:00,6175,3.51,3.51,3.51,3.51,3.51,30
2024-03-20 14:34:00,615,3.4867,3.49,3.49,3.49,3.49,15
2024-03-20 14:35:00,198,3.4832,3.48,3.48,3.48,3.48,4
2024-03-20 14:36:00,1098,3.48,3.48,3.48,3.48,3.48,5
2024-03-20 14:37:00,107,3.4802,3.48,3.48,3.48,3.48,3
2024-03-20 14:38:00,194,3.48,3.48,3.48,3.48,3.48,5
2024-03-20 14:39:00,200,3.48,3.48,3.48,3.48,3.48,2
2024-03-20 14:40:00,424,3.4838,3.475,3.475,3.475,3.475,8
2024-03-20 14:41:00,1241,3.4702,3.4701,3.47,3.4701,3.47,24
2024-03-20 14:43:00,300,3.4708,3.4708,3.4708,3.4708,3.4708,2
2024-03-20 14:45:00,209,3.4726,3.47,3.47,3.47,3.47,5
2024-03-20 14:47:00,2224,3.4786,3.4793,3.475,3.4793,3.475,8
2024-03-20 14:48:00,1871,3.473,3.47,3.47,3.475,3.47,29
2024-03-20 14:49:00,130,3.4619,3.46,3.46,3.46,3.46,3
2024-03-20 14:50:00,1516,3.4568,3.46,3.45,3.46,3.45,26
2024-03-20 14:51:00,2535,3.4608,3.455,3.465,3.465,3.455,22
2024-03-20 14:52:00,208,3.4647,3.465,3.465,3.465,3.465,9
2024-03-20 14:53:00,12081,3.4901,3.46,3.52,3.52,3.46,96
2024-03-20 14:56:00,2021,3.5191,3.5199,3.52,3.52,3.515,31
2024-03-20 14:58:00,500,3.5192,3.5199,3.5199,3.5199,3.5199,9
2024-03-20 14:59:00,303,3.5133,3.51,3.51,3.51,3.51,14
2024-03-20 15:00:00,604,3.519,3.5196,3.52,3.52,3.5196,5
2024-03-20 15:01:00,3296,3.5262,3.52,3.5198,3.53,3.5198,22
2024-03-20 15:03:00,2140,3.511,3.51,3.52,3.52,3.51,36
2024-03-20 15:05:00,1860,3.5177,3.5184,3.51,3.52,3.51,9
2024-03-20 15:06:00,1245,3.515,3.515,3.515,3.515,3.515,7
2024-03-20 15:07:00,258,3.5113,3.51,3.51,3.51,3.51,9
2024-03-20 15:08:00,178,3.5122,3.51,3.51,3.51,3.51,3
2024-03-20 15:09:00,240,3.5106,3.51,3.51,3.51,3.51,8
2024-03-20 15:11:00,201,3.515,3.515,3.515,3.515,3.515,4
2024-03-20 15:12:00,2026,3.5121,3.512,3.51,3.512,3.51,11
2024-03-20 15:13:00,368,3.5153,3.515,3.515,3.515,3.515,8
2024-03-20 15:14:00,203,3.5126,3.515,3.515,3.515,3.515,5
2024-03-20 15:16:00,110,3.5107,3.51,3.51,3.51,3.51,3
2024-03-20 15:17:00,638,3.5098,3.51,3.51,3.51,3.51,23
2024-03-20 15:18:00,129,3.5011,3.5,3.5,3.5,3.5,4
2024-03-20 15:21:00,1092,3.4994,3.5,3.5,3.5,3.5,28
2024-03-20 15:22:00,256,3.4936,3.495,3.49,3.495,3.49,4
2024-03-20 15:24:00,133,3.4912,3.49,3.49,3.49,3.49,4
2024-03-20 15:26:00,429,3.4878,3.49,3.485,3.49,3.485,10
2024-03-20 15:27:00,201,3.4825,3.48,3.48,3.48,3.48,5
2024-03-20 15:28:00,1657,3.4894,3.485,3.49,3.49,3.485,30
2024-03-20 15:30:00,188,3.4899,3.49,3.49,3.49,3.49,7
2024-03-20 15:31:00,954,3.4896,3.49,3.4899,3.49,3.4899,21
2024-03-20 15:32:00,157,3.4814,3.48,3.48,3.48,3.48,5
2024-03-20 15:33:00,2613,3.4813,3.4809,3.48,3.485,3.48,24
2024-03-20 15:34:00,157,3.4768,3.475,3.475,3.475,3.475,4
2024-03-20 15:35:00,2976,3.4897,3.48,3.505,3.505,3.48,36
2024-03-20 15:38:00,1201,3.5001,3.5,3.5,3.5,3.5,25
2024-03-20 15:40:00,7417,3.4894,3.49,3.495,3.5,3.48,58
2024-03-20 15:41:00,12448,3.5023,3.4934,3.5199,3.5199,3.49,101
2024-03-20 15:42:00,3861,3.5028,3.515,3.49,3.515,3.49,37
2024-03-20 15:43:00,20889,3.5007,3.5,3.51,3.51,3.5,94
2024-03-20 15:45:00,2989,3.5087,3.51,3.51,3.51,3.5,47
2024-03-20 15:46:00,538,3.5168,3.515,3.515,3.515,3.515,17
2024-03-20 15:47:00,7059,3.5148,3.51,3.5197,3.52,3.51,61
2024-03-20 15:48:00,13739,3.5224,3.52,3.515,3.53,3.51,144
2024-03-20 15:49:00,201,3.5175,3.515,3.515,3.515,3.515,4
2024-03-20 15:51:00,8047,3.5104,3.51,3.514,3.515,3.51,84
2024-03-20 15:52:00,216,3.5196,3.52,3.52,3.52,3.52,5
2024-03-20 15:54:00,5256,3.5207,3.52,3.52,3.53,3.52,72
2024-03-20 15:55:00,8707,3.5202,3.52,3.52,3.525,3.52,82
2024-03-20 15:56:00,210,3.5195,3.52,3.52,3.52,3.52,5
2024-03-20 15:57:00,2128,3.5199,3.52,3.52,3.52,3.52,22
2024-03-20 15:58:00,331,3.515,3.515,3.515,3.515,3.515,3
2024-03-20 15:59:00,120,3.511,3.51,3.51,3.51,3.51,2
2024-03-20 16:00:00,9349,3.5198,3.52,3.51,3.52,3.51,101
2024-03-20 16:01:00,8785,3.5097,3.515,3.505,3.515,3.5,86
2024-03-20 16:03:00,320,3.5039,3.5,3.51,3.51,3.5,6
2024-03-20 16:04:00,330,3.5076,3.505,3.51,3.51,3.505,4
2024-03-20 16:05:00,550,3.5064,3.51,3.51,3.51,3.5,6
2024-03-20 16:06:00,237,3.5079,3.51,3.51,3.51,3.51,6
2024-03-20 16:07:00,456,3.5039,3.51,3.5,3.51,3.5,10
2024-03-20 16:08:00,7295,3.5001,3.5,3.5,3.5,3.5,88
2024-03-20 16:09:00,1100,3.5,3.5,3.5,3.5,3.5,17
2024-03-20 16:10:00,50813,3.519,3.51,3.515,3.52,3.505,154
2024-03-20 16:11:00,6580,3.5162,3.515,3.52,3.52,3.51,39
2024-03-20 16:12:00,35610,3.5181,3.515,3.51,3.52,3.51,73
2024-03-20 16:13:00,4456,3.51,3.51,3.51,3.51,3.51,34
2024-03-20 16:14:00,200,3.51,3.5099,3.51,3.51,3.5099,2
2024-03-20 16:15:00,2132,3.5095,3.51,3.505,3.51,3.505,18
2024-03-20 16:16:00,651,3.5062,3.51,3.5,3.51,3.5,9
2024-03-20 16:17:00,48442,3.5029,3.5,3.505,3.51,3.5,175
2024-03-20 16:18:00,18696,3.5001,3.505,3.5,3.505,3.5,36
2024-03-20 16:19:00,384,3.505,3.505,3.505,3.505,3.505,6
2024-03-20 16:20:00,208,3.5076,3.51,3.51,3.51,3.51,5
2024-03-20 16:21:00,1662,3.5024,3.51,3.5,3.51,3.5,46
2024-03-20 16:22:00,2033,3.4902,3.49,3.49,3.49,3.49,21
2024-03-20 16:23:00,1994,3.4896,3.49,3.49,3.49,3.49,40
2024-03-20 16:24:00,305,3.4734,3.475,3.47,3.475,3.47,4
2024-03-20 16:26:00,260,3.4683,3.465,3.465,3.465,3.465,13
2024-03-20 16:27:00,5037,3.4735,3.4611,3.4847,3.485,3.46,45
2024-03-20 16:29:00,100,3.485,3.485,3.485,3.485,3.485,1
2024-03-20 16:30:00,1614,3.4733,3.48,3.4701,3.48,3.4701,21
2024-03-20 16:31:00,1254,3.4782,3.47,3.48,3.48,3.47,10
2024-03-20 16:32:00,5976,3.4551,3.475,3.455,3.475,3.4501,47
2024-03-20 16:33:00,13174,3.4702,3.45,3.48,3.48,3.4499,49
2024-03-20 16:35:00,379,3.4771,3.475,3.48,3.48,3.475,8
2024-03-20 16:38:00,607,3.4752,3.475,3.475,3.475,3.475,4
2024-03-20 16:39:00,967,3.4713,3.475,3.47,3.475,3.47,18
2024-03-20 16:40:00,156,3.4634,3.46,3.46,3.46,3.46,4
2024-03-20 16:43:00,1075,3.4596,3.46,3.46,3.46,3.46,21
2024-03-20 16:45:00,2071,3.4594,3.4599,3.45,3.46,3.45,6
2024-03-20 16:46:00,2804,3.4592,3.455,3.46,3.46,3.45,10
2024-03-20 16:47:00,101,3.455,3.455,3.455,3.455,3.455,2
2024-03-20 16:48:00,207,3.455,3.45,3.46,3.46,3.45,4
2024-03-20 16:49:00,104,3.4503,3.45,3.45,3.45,3.45,3
2024-03-20 16:51:00,601,3.46,3.46,3.46,3.46,3.46,9
2024-03-20 16:53:00,392,3.4515,3.45,3.45,3.45,3.45,9
2024-03-20 16:55:00,129,3.455,3.455,3.455,3.455,3.455,4
2024-03-20 16:56:00,210,3.4567,3.4582,3.4582,3.4582,3.4582,4
2024-03-20 16:57:00,406,3.456,3.45,3.45,3.45,3.45,9
2024-03-20 16:59:00,4270,3.4501,3.45,3.45,3.45,3.45,42
2024-03-20 17:00:00,326,3.4481,3.45,3.45,3.45,3.45,8
2024-03-20 17:01:00,313,3.4388,3.44,3.44,3.44,3.44,15
2024-03-20 17:02:00,2068,3.4385,3.4391,3.435,3.44,3.435,16
2024-03-20 17:03:00,553,3.4295,3.43,3.42,3.435,3.42,19
2024-03-20 17:04:00,226,3.4204,3.42,3.42,3.42,3.42,5
2024-03-20 17:05:00,2439,3.4286,3.4293,3.42,3.4293,3.42,7
2024-03-20 17:06:00,206,3.4204,3.42,3.42,3.42,3.42,9
2024-03-20 17:07:00,301,3.4186,3.42,3.42,3.42,3.42,12
2024-03-20 17:08:00,2238,3.4109,3.412,3.41,3.412,3.41,22
2024-03-20 17:09:00,336,3.4104,3.41,3.41,3.41,3.41,10
2024-03-20 17:10:00,230,3.4103,3.41,3.41,3.41,3.41,7
2024-03-20 17:11:00,186,3.4123,3.41,3.41,3.41,3.41,3
2024-03-20 17:13:00,652,3.4168,3.4199,3.41,3.4199,3.41,7
2024-03-20 17:14:00,934,3.416,3.41,3.4199,3.42,3.41,13
2024-03-20 17:15:00,1954,3.4223,3.42,3.425,3.43,3.42,23
2024-03-20 17:17:00,1100,3.4214,3.4209,3.4209,3.4209,3.4209,8
2024-03-20 17:18:00,1626,3.4275,3.42,3.43,3.43,3.42,11
2024-03-20 17:19:00,5732,3.4448,3.435,3.45,3.45,3.435,40
2024-03-20 17:21:00,1059,3.4486,3.45,3.445,3.45,3.445,23
2024-03-20 17:23:00,724,3.4455,3.445,3.445,3.45,3.445,6
2024-03-20 17:27:00,246,3.4419,3.44,3.44,3.44,3.44,8
2024-03-20 17:29:00,411,3.4404,3.44,3.44,3.44,3.44,9
2024-03-20 17:32:00,224,3.4416,3.44,3.44,3.44,3.44,8
2024-03-20 17:36:00,282,3.4405,3.44,3.44,3.44,3.44,4
2024-03-20 17:37:00,326,3.4402,3.44,3.44,3.44,3.44,6
2024-03-20 17:39:00,1001,3.449,3.449,3.449,3.449,3.449,3
2024-03-20 17:40:00,1721,3.4476,3.448,3.445,3.448,3.445,5
2024-03-20 17:41:00,164,3.4404,3.44,3.44,3.44,3.44,5
2024-03-20 17:42:00,386,3.4406,3.44,3.44,3.44,3.44,7
2024-03-20 17:44:00,155,3.44,3.44,3.44,3.44,3.44,3
2024-03-20 17:46:00,1438,3.4414,3.44,3.44,3.445,3.44,26
2024-03-20 17:47:00,270,3.4406,3.44,3.44,3.44,3.44,5
2024-03-20 17:48:00,6251,3.438,3.44,3.435,3.44,3.435,52
2024-03-20 17:49:00,315,3.4415,3.44,3.44,3.44,3.44,6
2024-03-20 17:51:00,869,3.4432,3.44,3.444,3.444,3.44,4
2024-03-20 17:53:00,235,3.4421,3.445,3.44,3.445,3.44,5
2024-03-20 17:54:00,215,3.4423,3.44,3.44,3.44,3.44,6
2024-03-20 17:55:00,206,3.4405,3.44,3.44,3.44,3.44,5
2024-03-20 17:56:00,200,3.44,3.44,3.44,3.44,3.44,2
2024-03-20 17:58:00,814,3.4401,3.44,3.44,3.44,3.44,16
2024-03-20 17:59:00,2775,3.429,3.43,3.43,3.43,3.425,27
2024-03-20 18:00:00,1576,3.4442,3.44,3.45,3.45,3.44,28
2024-03-20 18:01:00,3532,3.4762,3.46,3.5005,3.5005,3.46,35
2024-03-20 18:02:00,1506,3.5004,3.5,3.5,3.505,3.5,24
2024-03-20 18:03:00,405,3.5,3.5,3.5,3.5,3.5,8
2024-03-20 18:04:00,2182,3.5098,3.5097,3.5097,3.5098,3.5097,9
2024-03-20 18:05:00,5652,3.52,3.52,3.52,3.52,3.52,44
2024-03-20 18:06:00,163,3.5251,3.525,3.525,3.525,3.525,5
2024-03-20 18:07:00,1183,3.5199,3.52,3.52,3.52,3.52,24
2024-03-20 18:09:00,991,3.5048,3.51,3.5,3.51,3.5,18
2024-03-20 18:10:00,1052,3.5062,3.5,3.51,3.51,3.5,18
2024-03-20 18:11:00,4606,3.5262,3.52,3.52,3.5297,3.52,34
2024-03-20 18:13:00,748,3.5189,3.5193,3.5193,3.5193,3.5193,7
2024-03-20 18:15:00,546,3.5126,3.51,3.51,3.51,3.51,13
2024-03-20 18:16:00,507,3.4997,3.5,3.5,3.5,3.5,15
2024-03-20 18:17:00,277,3.4977,3.4999,3.495,3.4999,3.495,5
2024-03-20 18:20:00,1675,3.4896,3.49,3.49,3.49,3.485,18
2024-03-20 18:23:00,1084,3.4901,3.49,3.49,3.49,3.49,14
2024-03-20 18:25:00,1411,3.4868,3.487,3.487,3.487,3.487,6
2024-03-20 18:26:00,5600,3.4986,3.49,3.495,3.5,3.49,43
2024-03-20 18:28:00,1021,3.5126,3.51,3.515,3.515,3.51,12
2024-03-20 18:29:00,6589,3.5199,3.52,3.52,3.52,3.5199,70
2024-03-20 18:30:00,920,3.5219,3.525,3.52,3.525,3.52,30
2024-03-20 18:31:00,151,3.515,3.515,3.515,3.515,3.515,7
2024-03-20 18:32:00,1359,3.5104,3.51,3.51,3.51,3.51,24
2024-03-20 18:33:00,1288,3.4994,3.5,3.5,3.5,3.49,19
2024-03-20 18:34:00,753,3.4896,3.49,3.49,3.49,3.49,8
2024-03-20 18:36:00,1913,3.48,3.47,3.48,3.48,3.47,23
2024-03-20 18:37:00,451,3.4951,3.5,3.5,3.5,3.5,10
2024-03-20 18:38:00,4354,3.5194,3.51,3.515,3.52,3.51,33
2024-03-20 18:40:00,235,3.5137,3.515,3.512,3.515,3.512,7
2024-03-20 18:41:00,531,3.5197,3.52,3.5199,3.52,3.5199,7
2024-03-20 18:42:00,9698,3.5248,3.52,3.52,3.53,3.52,95
2024-03-20 18:43:00,2814,3.5207,3.525,3.52,3.525,3.52,40
2024-03-20 18:45:00,10318,3.5206,3.52,3.525,3.53,3.52,112
2024-03-20 18:46:00,8942,3.5209,3.53,3.52,3.535,3.515,66
2024-03-20 18:47:00,6498,3.5213,3.525,3.52,3.53,3.52,52
2024-03-20 18:49:00,6127,3.5199,3.52,3.52,3.52,3.52,58
2024-03-20 18:51:00,2935,3.5102,3.51,3.515,3.515,3.51,26
2024-03-20 18:52:00,1676,3.5235,3.52,3.535,3.535,3.52,19
2024-03-20 18:53:00,2931,3.5374,3.535,3.53,3.5395,3.53,17
2024-03-20 18:54:00,1320,3.5395,3.54,3.54,3.54,3.53,26
2024-03-20 18:55:00,8807,3.5219,3.53,3.52,3.53,3.52,82
2024-03-20 18:56:00,10939,3.5184,3.515,3.52,3.52,3.51,61
2024-03-20 18:58:00,6918,3.521,3.52,3.525,3.53,3.52,31
2024-03-20 19:00:00,1495,3.5074,3.51,3.5,3.51,3.5,13
2024-03-20 19:01:00,2602,3.5094,3.505,3.514,3.514,3.505,18
2024-03-20 19:02:00,1883,3.508,3.51,3.51,3.51,3.505,14
2024-03-20 19:05:00,1066,3.5167,3.52,3.52,3.52,3.52,21
2024-03-20 19:07:00,1422,3.5047,3.51,3.51,3.51,3.5012,11
2024-03-20 19:08:00,1135,3.5099,3.505,3.51,3.51,3.505,20
2024-03-20 19:09:00,17641,3.5191,3.52,3.5102,3.52,3.51,155
2024-03-20 19:10:00,502,3.519,3.519,3.519,3.519,3.519,2
2024-03-20 19:11:00,1520,3.5104,3.51,3.51,3.51,3.51,20
2024-03-20 19:12:00,863,3.5002,3.5001,3.5001,3.5001,3.5001,5
2024-03-20 19:13:00,5543,3.5023,3.505,3.5,3.505,3.5,34
2024-03-20 19:14:00,248,3.5006,3.5,3.5,3.5,3.5,6
2024-03-20 19:15:00,596,3.4975,3.495,3.4999,3.5,3.495,8
2024-03-20 19:16:00,1101,3.4981,3.4999,3.4999,3.4999,3.49,13
2024-03-20 19:18:00,101,3.4901,3.49,3.49,3.49,3.49,2
2024-03-20 19:19:00,1217,3.4987,3.495,3.5,3.5,3.495,15
2024-03-20 19:20:00,232,3.5014,3.5061,3.5061,3.5061,3.5061,4
2024-03-20 19:21:00,810,3.51,3.51,3.5099,3.51,3.5099,10
2024-03-20 19:22:00,465,3.5048,3.505,3.505,3.505,3.505,7
2024-03-20 19:23:00,1065,3.5081,3.505,3.5088,3.5088,3.505,6
2024-03-20 19:24:00,2510,3.5095,3.5099,3.51,3.51,3.5,30
2024-03-20 19:26:00,504,3.5199,3.52,3.52,3.52,3.52,8
2024-03-20 19:27:00,251,3.516,3.52,3.515,3.52,3.515,4
2024-03-20 19:28:00,14208,3.5196,3.52,3.51,3.52,3.51,126
2024-03-20 19:29:00,2890,3.5105,3.52,3.505,3.52,3.505,42
2024-03-20 19:30:00,2044,3.5137,3.51,3.52,3.52,3.51,26
2024-03-20 19:31:00,1433,3.5182,3.515,3.52,3.52,3.511,19
2024-03-20 19:32:00,1025,3.5195,3.52,3.52,3.52,3.52,15
2024-03-20 19:33:00,1708,3.5108,3.51,3.5107,3.5107,3.51,9
2024-03-20 19:34:00,7481,3.5109,3.5145,3.51,3.515,3.51,72
2024-03-20 19:35:00,1089,3.51,3.51,3.51,3.51,3.51,22
2024-03-20 19:36:00,1996,3.5005,3.5,3.5,3.505,3.5,21
2024-03-20 19:37:00,322,3.4947,3.495,3.495,3.495,3.495,9
2024-03-20 19:39:00,3332,3.4976,3.49,3.5,3.5,3.49,52
2024-03-20 19:40:00,1785,3.5013,3.505,3.5,3.505,3.5,10
2024-03-20 19:42:00,3950,3.5008,3.5,3.5,3.5,3.5,46
2024-03-20 19:43:00,563,3.5084,3.51,3.505,3.51,3.505,7
2024-03-20 19:44:00,3282,3.5088,3.5,3.505,3.5093,3.5,9
2024-03-20 19:45:00,239,3.5011,3.5,3.5,3.5,3.5,5
2024-03-20 19:46:00,1827,3.5007,3.5,3.5001,3.505,3.5,7
2024-03-20 19:47:00,2997,3.5006,3.5,3.5,3.5,3.5,44
2024-03-20 19:48:00,1708,3.5031,3.5,3.505,3.505,3.5,19
2024-03-20 19:49:00,730,3.5069,3.5,3.51,3.51,3.5,5
2024-03-20 19:50:00,2033,3.4993,3.5,3.49,3.5,3.49,32
2024-03-20 19:51:00,1242,3.4991,3.5,3.49,3.5,3.49,5
2024-03-20 19:52:00,974,3.4972,3.495,3.49,3.495,3.49,10
2024-03-20 19:53:00,1006,3.4934,3.49,3.495,3.495,3.49,16
2024-03-20 19:54:00,12947,3.5002,3.49,3.5,3.505,3.49,98
2024-03-20 19:55:00,1068,3.507,3.5075,3.5075,3.5075,3.5075,11
2024-03-20 19:56:00,6382,3.5107,3.505,3.52,3.52,3.505,60
2024-03-20 19:57:00,28555,3.5143,3.52,3.5,3.52,3.5,213
2024-03-20 19:58:00,5145,3.5091,3.5,3.51,3.51,3.5,8
2024-03-20 19:59:00,6399,3.5047,3.505,3.51,3.51,3.5,81
2024-03-20 20:00:00,224,3.51,3.51,3.51,3.51,3.51,2
2024-03-20 20:13:00,142,3.47,3.47,3.47,3.47,3.47,1
2024-03-20 20:22:00,291,3.5392,3.5392,3.5392,3.5392,3.5392,2
2024-03-20 20:23:00,200,3.51,3.51,3.51,3.51,3.51,1
2024-03-20 20:26:00,150,3.54,3.54,3.54,3.54,3.54,1
2024-03-20 20:33:00,200,3.54,3.54,3.54,3.54,3.54,1
2024-03-21 11:19:00,565,3.54,3.54,3.54,3.54,3.54,3
2024-03-21 12:00:00,639,3.5526,3.6,3.54,3.6,3.54,7
2024-03-21 12:16:00,120,3.58,3.58,3.58,3.58,3.58,1
2024-03-21 12:36:00,300,3.58,3.58,3.58,3.58,3.58,1
2024-03-21 12:42:00,300,3.58,3.58,3.58,3.58,3.58,1
2024-03-21 12:46:00,250,3.58,3.58,3.58,3.58,3.58,1
2024-03-21 12:48:00,250,3.58,3.58,3.58,3.58,3.58,1
2024-03-21 13:05:00,500,3.5319,3.5319,3.5319,3.5319,3.5319,1
2024-03-21 13:16:00,200,3.58,3.58,3.58,3.58,3.58,1
2024-03-21 13:26:00,2724,3.5796,3.58,3.58,3.58,3.57,4
2024-03-21 13:30:00,9527,3.5576,3.55,3.5605,3.59,3.55,32
2024-03-21 13:31:00,10217,3.6069,3.6,3.6006,3.62,3.6,14
2024-03-21 13:32:00,24294,3.6371,3.575,3.61,3.65,3.575,117
2024-03-21 13:33:00,2185,3.6118,3.603,3.59,3.62,3.59,10
2024-03-21 13:34:00,2334,3.5828,3.58,3.5969,3.6,3.5713,17
2024-03-21 13:35:00,2235,3.6025,3.6,3.61,3.61,3.6,25
2024-03-21 13:36:00,2330,3.6103,3.6052,3.61,3.62,3.6,36
2024-03-21 13:37:00,167,3.6152,3.61,3.61,3.61,3.61,4
2024-03-21 13:38:00,8213,3.6409,3.63,3.62,3.65,3.62,46
2024-03-21 13:39:00,3231,3.6213,3.62,3.63,3.63,3.6188,26
2024-03-21 13:40:00,2658,3.6235,3.625,3.63,3.63,3.62,17
2024-03-21 13:41:00,617,3.6326,3.63,3.6366,3.6366,3.625,7
2024-03-21 13:42:00,2205,3.6415,3.6396,3.6401,3.65,3.6396,23
2024-03-21 13:43:00,1266,3.6271,3.63,3.62,3.63,3.62,29
2024-03-21 13:44:00,215,3.6284,3.63,3.63,3.63,3.63,6
2024-03-21 13:45:00,10085,3.6257,3.62,3.62,3.635,3.615,67
2024-03-21 13:46:00,11312,3.6204,3.615,3.61,3.6243,3.61,34
2024-03-21 13:47:00,3016,3.6062,3.61,3.6001,3.61,3.6,12
2024-03-21 13:48:00,1390,3.6015,3.61,3.6,3.61,3.6,13
2024-03-21 13:49:00,4227,3.5834,3.58,3.58,3.585,3.58,29
2024-03-21 13:50:00,412,3.5902,3.59,3.59,3.59,3.59,6
2024-03-21 13:51:00,6409,3.6041,3.6,3.605,3.61,3.6,23
2024-03-21 13:52:00,2337,3.6095,3.61,3.6093,3.61,3.605,25
2024-03-21 13:53:00,1189,3.5989,3.6,3.6,3.6,3.6,16
2024-03-21 13:54:00,146,3.5916,3.59,3.59,3.59,3.59,3
2024-03-21 13:55:00,1645,3.5972,3.59,3.5992,3.6,3.59,20
2024-03-21 13:56:00,638,3.6016,3.6,3.6,3.6,3.6,10
2024-03-21 13:57:00,583,3.6057,3.6099,3.6099,3.6099,3.6099,10
2024-03-21 13:58:00,1242,3.5953,3.6,3.585,3.6,3.585,23
2024-03-21 13:59:00,308,3.5818,3.58,3.58,3.58,3.58,8
2024-03-21 14:00:00,2544,3.5865,3.58,3.59,3.59,3.58,47
2024-03-21 14:01:00,916,3.5821,3.584,3.58,3.584,3.58,15
2024-03-21 14:02:00,536,3.5831,3.58,3.58,3.58,3.58,14
2024-03-21 14:03:00,1600,3.5806,3.58,3.58,3.58,3.58,34
2024-03-21 14:04:00,130,3.5823,3.58,3.58,3.58,3.58,2
2024-03-21 14:06:00,818,3.589,3.58,3.59,3.59,3.58,13
2024-03-21 14:07:00,300,3.6,3.6,3.6,3.6,3.6,1
2024-03-21 14:08:00,3504,3.6089,3.605,3.61,3.61,3.605,43
2024-03-21 14:09:00,2287,3.6094,3.6,3.61,3.61,3.6,41
2024-03-21 14:10:00,475,3.613,3.615,3.615,3.615,3.615,6
2024-03-21 14:11:00,5160,3.6047,3.605,3.6001,3.61,3.6001,28
2024-03-21 14:13:00,1683,3.6096,3.6011,3.61,3.61,3.6011,13
2024-03-21 14:14:00,498,3.6072,3.61,3.605,3.61,3.605,15
2024-03-21 14:15:00,1954,3.6098,3.61,3.61,3.61,3.61,32
2024-03-21 14:16:00,339,3.6103,3.61,3.61,3.61,3.61,8
2024-03-21 14:17:00,476,3.61,3.61,3.61,3.61,3.61,8
2024-03-21 14:18:00,133,3.6012,3.6,3.6,3.6,3.6,3
2024-03-21 14:19:00,1295,3.6005,3.61,3.595,3.61,3.595,18
2024-03-21 14:20:00,1943,3.5902,3.59,3.5894,3.59,3.5894,29
2024-03-21 14:21:00,1512,3.5802,3.58,3.5799,3.58,3.5799,13
2024-03-21 14:22:00,1787,3.5897,3.58,3.595,3.595,3.58,13
2024-03-21 14:23:00,1042,3.5995,3.5997,3.5998,3.5998,3.5997,5
2024-03-21 14:24:00,833,3.6001,3.5998,3.5998,3.5998,3.5998,16
2024-03-21 14:27:00,126,3.6021,3.6,3.6,3.6,3.6,3
2024-03-21 14:28:00,2586,3.6015,3.605,3.6,3.605,3.6,44
2024-03-21 14:29:00,547,3.6098,3.6099,3.6099,3.6099,3.6099,3
2024-03-21 14:30:00,1034,3.6045,3.6,3.606,3.606,3.6,9
2024-03-21 14:31:00,4600,3.6054,3.6099,3.6,3.6099,3.6,4
2024-03-21 14:32:00,400,3.607,3.607,3.607,3.607,3.607,1
2024-03-21 14:33:00,674,3.6021,3.6,3.6,3.605,3.6,11
2024-03-21 14:34:00,360,3.6044,3.6,3.6,3.6,3.6,10
2024-03-21 14:35:00,402,3.6023,3.6,3.6,3.6,3.6,7
2024-03-21 14:36:00,5125,3.6046,3.6,3.6,3.61,3.6,57
2024-03-21 14:37:00,1940,3.612,3.61,3.614,3.6161,3.61,24
2024-03-21 14:38:00,10225,3.6177,3.615,3.615,3.625,3.615,30
2024-03-21 14:39:00,4247,3.6192,3.615,3.62,3.625,3.615,39
2024-03-21 14:40:00,1607,3.6299,3.63,3.63,3.63,3.63,25
2024-03-21 14:41:00,826,3.6188,3.62,3.625,3.625,3.62,25
2024-03-21 14:43:00,2981,3.6203,3.62,3.62,3.62,3.62,46
2024-03-21 14:44:00,174,3.6149,3.615,3.615,3.615,3.615,9
2024-03-21 14:45:00,349,3.6121,3.6103,3.6103,3.6103,3.6103,4
2024-03-21 14:46:00,2262,3.615,3.615,3.615,3.615,3.615,8
2024-03-21 14:47:00,928,3.6221,3.62,3.6275,3.6275,3.62,18
2024-03-21 14:49:00,261,3.6212,3.62,3.62,3.62,3.62,7
2024-03-21 14:50:00,874,3.6244,3.625,3.62,3.625,3.62,7
2024-03-21 14:51:00,198,3.621,3.62,3.62,3.62,3.62,6
2024-03-21 14:52:00,505,3.631,3.63,3.635,3.635,3.63,5
2024-03-21 14:53:00,11719,3.6528,3.64,3.655,3.66,3.64,62
2024-03-21 14:54:00,1150,3.6505,3.66,3.64,3.66,3.64,27
2024-03-21 14:55:00,137,3.645,3.645,3.645,3.645,3.645,2
2024-03-21 14:56:00,1275,3.6449,3.6451,3.6451,3.6451,3.6451,10
2024-03-21 14:57:00,3966,3.646,3.6412,3.655,3.6575,3.6412,31
2024-03-21 14:58:00,2649,3.6493,3.66,3.6475,3.66,3.64,43
2024-03-21 14:59:00,6317,3.6486,3.64,3.645,3.65,3.64,41
2024-03-21 15:00:00,834,3.6443,3.6441,3.645,3.645,3.64,16
2024-03-21 15:01:00,2267,3.6487,3.65,3.645,3.65,3.645,21
2024-03-21 15:02:00,4766,3.6368,3.65,3.625,3.65,3.625,39
2024-03-21 15:03:00,1383,3.6289,3.63,3.63,3.63,3.625,15
2024-03-21 15:05:00,2611,3.6157,3.62,3.62,3.62,3.6106,22
2024-03-21 15:06:00,202,3.6183,3.62,3.6166,3.62,3.6166,4
2024-03-21 15:07:00,3416,3.615,3.615,3.615,3.615,3.615,28
2024-03-21 15:08:00,326,3.6119,3.61,3.61,3.61,3.61,10
2024-03-21 15:10:00,6016,3.6165,3.62,3.61,3.62,3.61,28
2024-03-21 15:11:00,668,3.615,3.615,3.615,3.615,3.615,7
2024-03-21 15:12:00,194,3.615,3.615,3.615,3.615,3.615,7
2024-03-21 15:13:00,3571,3.6045,3.61,3.5985,3.61,3.5985,48
2024-03-21 15:14:00,622,3.598,3.59,3.59,3.59,3.59,15
2024-03-21 15:15:00,1949,3.5802,3.58,3.58,3.58,3.58,27
2024-03-21 15:16:00,1566,3.5869,3.585,3.59,3.59,3.585,10
2024-03-21 15:17:00,2430,3.5908,3.5908,3.5906,3.5908,3.59,17
2024-03-21 15:18:00,1598,3.5865,3.59,3.58,3.59,3.58,26
2024-03-21 15:19:00,6114,3.5847,3.58,3.585,3.585,3.58,8
2024-03-21 15:20:00,3792,3.5895,3.5899,3.5897,3.5899,3.585,5
2024-03-21 15:21:00,370,3.5893,3.59,3.59,3.59,3.59,5
2024-03-21 15:22:00,384,3.595,3.5972,3.5972,3.5972,3.5972,12
2024-03-21 15:23:00,431,3.5966,3.59,3.6,3.6,3.59,7
2024-03-21 15:24:00,362,3.5934,3.595,3.595,3.595,3.595,9
2024-03-21 15:25:00,274,3.592,3.59,3.59,3.59,3.59,13
2024-03-21 15:27:00,876,3.5893,3.59,3.585,3.59,3.585,20
2024-03-21 15:29:00,200,3.5825,3.58,3.58,3.58,3.58,4
2024-03-21 15:32:00,270,3.5816,3.58,3.58,3.58,3.58,4
2024-03-21 15:33:00,1679,3.5742,3.58,3.56,3.58,3.56,29
2024-03-21 15:34:00,2646,3.5625,3.5606,3.57,3.57,3.56,14
2024-03-21 15:35:00,470,3.5707,3.5705,3.57,3.5705,3.57,5
2024-03-21 15:36:00,1143,3.5716,3.57,3.5769,3.5769,3.57,17
2024-03-21 15:38:00,126,3.5788,3.5788,3.5788,3.5788,3.5788,1
2024-03-21 15:39:00,624,3.5786,3.575,3.58,3.58,3.575,11
2024-03-21 15:40:00,199,3.5818,3.58,3.58,3.58,3.58,7
2024-03-21 15:41:00,276,3.5832,3.58,3.585,3.585,3.58,5
2024-03-21 15:42:00,3259,3.5793,3.58,3.5792,3.58,3.5788,21
2024-03-21 15:43:00,2051,3.5751,3.575,3.575,3.575,3.575,3
2024-03-21 15:44:00,3200,3.5763,3.5799,3.57,3.5799,3.57,8
2024-03-21 15:45:00,592,3.5743,3.57,3.5799,3.5799,3.57,18
2024-03-21 15:46:00,3059,3.5717,3.5707,3.575,3.575,3.5707,21
2024-03-21 15:47:00,890,3.5776,3.5788,3.5788,3.5788,3.5788,14
2024-03-21 15:48:00,637,3.5742,3.57,3.57,3.57,3.57,23
2024-03-21 15:49:00,2156,3.5744,3.57,3.565,3.5791,3.565,26
2024-03-21 15:50:00,200,3.565,3.565,3.565,3.565,3.565,2
2024-03-21 15:51:00,5439,3.5705,3.57,3.58,3.58,3.57,21
2024-03-21 15:52:00,542,3.5792,3.58,3.5776,3.58,3.5776,11
2024-03-21 15:53:00,27251,3.5878,3.58,3.58,3.59,3.58,56
2024-03-21 15:54:00,5291,3.5838,3.5789,3.585,3.59,3.5789,14
2024-03-21 15:55:00,379,3.5849,3.585,3.585,3.585,3.585,2
2024-03-21 15:57:00,1554,3.5871,3.58,3.5899,3.5899,3.58,21
2024-03-21 15:58:00,144,3.5891,3.59,3.59,3.59,3.59,5
2024-03-21 16:01:00,1038,3.5802,3.58,3.58,3.58,3.58,26
2024-03-21 16:03:00,291,3.5798,3.5799,3.5799,3.5799,3.5799,4
2024-03-21 16:04:00,1819,3.5784,3.57,3.5799,3.58,3.57,23
2024-03-21 16:05:00,100,3.5898,3.5898,3.5898,3.5898,3.5898,1
2024-03-21 16:07:00,9685,3.5898,3.59,3.59,3.59,3.5899,51
2024-03-21 16:08:00,1494,3.5859,3.59,3.59,3.59,3.58,12
2024-03-21 16:09:00,6445,3.59,3.59,3.59,3.59,3.5899,57
2024-03-21 16:10:00,7326,3.59,3.59,3.59,3.59,3.59,4
2024-03-21 16:13:00,574,3.5881,3.59,3.59,3.59,3.59,16
2024-03-21 16:14:00,7901,3.5898,3.59,3.59,3.59,3.585,47
2024-03-21 16:15:00,611,3.5842,3.5893,3.58,3.5893,3.58,12
2024-03-21 16:16:00,879,3.5846,3.585,3.585,3.585,3.585,4
2024-03-21 16:17:00,700,3.59,3.59,3.5899,3.59,3.5899,8
2024-03-21 16:19:00,2161,3.5898,3.585,3.59,3.59,3.585,22
2024-03-21 16:20:00,3757,3.59,3.59,3.59,3.59,3.59,10
2024-03-21 16:21:00,7953,3.59,3.59,3.59,3.59,3.5899,47
2024-03-21 16:22:00,2049,3.59,3.59,3.59,3.59,3.59,4
2024-03-21 16:23:00,3596,3.59,3.59,3.59,3.59,3.59,40
2024-03-21 16:24:00,10408,3.5906,3.59,3.59,3.6,3.59,100
2024-03-21 16:25:00,7951,3.6014,3.59,3.62,3.625,3.59,90
2024-03-21 16:26:00,4546,3.6103,3.61,3.61,3.61,3.61,75
2024-03-21 16:27:00,22266,3.6106,3.61,3.61,3.615,3.6,111
2024-03-21 16:29:00,3952,3.6101,3.61,3.61,3.61,3.6099,45
2024-03-21 16:30:00,1282,3.6162,3.6113,3.6191,3.62,3.6113,12
2024-03-21 16:31:00,4223,3.6106,3.615,3.61,3.615,3.61,44
2024-03-21 16:32:00,1742,3.6083,3.605,3.61,3.61,3.605,30
2024-03-21 16:33:00,6896,3.6,3.6,3.6,3.6,3.6,68
2024-03-21 16:34:00,1915,3.6002,3.6,3.6,3.6,3.6,23
2024-03-21 16:35:00,41143,3.6092,3.6,3.605,3.61,3.5999,77
2024-03-21 16:36:00,825,3.6097,3.61,3.61,3.61,3.61,6
2024-03-21 16:38:00,14386,3.6099,3.61,3.61,3.61,3.605,109
2024-03-21 16:39:00,34677,3.6023,3.605,3.61,3.61,3.6,78
2024-03-21 16:40:00,9271,3.6126,3.61,3.615,3.625,3.61,89
2024-03-21 16:41:00,3606,3.615,3.615,3.615,3.615,3.615,10
2024-03-21 16:42:00,762,3.6164,3.615,3.6199,3.62,3.615,16
2024-03-21 16:43:00,4316,3.615,3.615,3.615,3.615,3.615,12
2024-03-21 16:44:00,1332,3.6108,3.615,3.61,3.615,3.61,27
2024-03-21 16:45:00,581,3.6106,3.61,3.61,3.61,3.61,4
2024-03-21 16:46:00,133,3.6062,3.605,3.605,3.605,3.605,2
2024-03-21 16:47:00,1478,3.6097,3.605,3.61,3.61,3.605,4
2024-03-21 16:48:00,2023,3.6005,3.6,3.6,3.605,3.6,45
2024-03-21 16:50:00,1105,3.6045,3.6,3.6097,3.61,3.5999,13
2024-03-21 16:51:00,1872,3.6106,3.6099,3.615,3.615,3.6097,23
2024-03-21 16:52:00,100,3.615,3.615,3.615,3.615,3.615,1
2024-03-21 16:53:00,286,3.615,3.615,3.615,3.615,3.615,3
2024-03-21 16:54:00,100,3.615,3.615,3.615,3.615,3.615,1
2024-03-21 16:55:00,3715,3.6142,3.615,3.615,3.615,3.615,16
2024-03-21 16:57:00,2169,3.6089,3.61,3.605,3.615,3.6,27
2024-03-21 16:59:00,5077,3.6099,3.605,3.61,3.61,3.605,31
2024-03-21 17:00:00,455,3.605,3.605,3.605,3.605,3.605,4
2024-03-21 17:01:00,189,3.61,3.61,3.61,3.61,3.61,1
2024-03-21 17:02:00,1845,3.6006,3.605,3.6,3.605,3.6,30
2024-03-21 17:04:00,100,3.605,3.605,3.605,3.605,3.605,1
2024-03-21 17:05:00,6371,3.6096,3.605,3.611,3.611,3.605,26
2024-03-21 17:06:00,1186,3.6149,3.6151,3.615,3.6151,3.615,9
2024-03-21 17:07:00,3836,3.6191,3.6169,3.615,3.625,3.615,39
2024-03-21 17:08:00,1005,3.615,3.615,3.615,3.615,3.615,7
2024-03-21 17:09:00,104,3.615,3.615,3.615,3.615,3.615,2
2024-03-21 17:10:00,3548,3.6266,3.62,3.63,3.63,3.62,38
2024-03-21 17:11:00,805,3.625,3.625,3.625,3.625,3.625,4
2024-03-21 17:12:00,110,3.625,3.625,3.625,3.625,3.625,3
2024-03-21 17:13:00,5380,3.6202,3.62,3.62,3.62,3.62,12
2024-03-21 17:14:00,2852,3.6299,3.63,3.625,3.635,3.625,35
2024-03-21 17:15:00,1035,3.6332,3.63,3.6367,3.6367,3.63,10
2024-03-21 17:16:00,4287,3.6363,3.635,3.635,3.64,3.63,14
2024-03-21 17:17:00,181,3.6338,3.63,3.63,3.63,3.63,6
2024-03-21 17:18:00,1654,3.6357,3.635,3.6398,3.6398,3.635,8
2024-03-21 17:19:00,1567,3.634,3.635,3.635,3.635,3.63,8
2024-03-21 17:20:00,2282,3.6231,3.63,3.62,3.63,3.615,42
2024-03-21 17:21:00,371,3.6252,3.625,3.625,3.625,3.625,9
2024-03-21 17:22:00,220,3.6254,3.625,3.625,3.625,3.625,4
2024-03-21 17:23:00,733,3.6284,3.63,3.625,3.63,3.625,8
2024-03-21 17:25:00,271,3.6256,3.62,3.62,3.62,3.62,9
2024-03-21 17:26:00,224,3.6202,3.62,3.62,3.62,3.62,7
2024-03-21 17:27:00,2406,3.6118,3.62,3.61,3.62,3.61,21
2024-03-21 17:29:00,584,3.6103,3.61,3.61,3.61,3.61,4
2024-03-21 17:30:00,24847,3.6102,3.6,3.6101,3.615,3.6,57
2024-03-21 17:31:00,582,3.615,3.615,3.615,3.615,3.615,17
2024-03-21 17:33:00,115,3.6107,3.61,3.61,3.61,3.61,4
2024-03-21 17:35:00,1168,3.6127,3.61,3.614,3.615,3.61,23
2024-03-21 17:37:00,105,3.6102,3.61,3.61,3.61,3.61,2
2024-03-21 17:38:00,630,3.61,3.61,3.61,3.61,3.61,13
2024-03-21 17:39:00,545,3.6028,3.605,3.605,3.605,3.6,8
2024-03-21 17:41:00,404,3.6056,3.6,3.61,3.61,3.6,5
2024-03-21 17:42:00,1233,3.6098,3.6099,3.6099,3.6099,3.6099,3
2024-03-21 17:43:00,100,3.6025,3.6025,3.6025,3.6025,3.6025,1
2024-03-21 17:44:00,252,3.605,3.605,3.605,3.605,3.605,3
2024-03-21 17:45:00,3438,3.6072,3.605,3.6025,3.6079,3.6025,14
2024-03-21 17:46:00,253,3.6098,3.61,3.61,3.61,3.61,3
2024-03-21 17:47:00,2736,3.6005,3.61,3.6,3.61,3.6,34
2024-03-21 17:48:00,340,3.5955,3.59,3.5997,3.5997,3.59,7
2024-03-21 17:49:00,1704,3.5988,3.596,3.6,3.6,3.596,8
2024-03-21 17:50:00,1061,3.5989,3.5993,3.59,3.6,3.59,6
2024-03-21 17:51:00,700,3.5969,3.6,3.59,3.6,3.59,10
2024-03-21 17:52:00,126,3.595,3.595,3.595,3.595,3.595,5
2024-03-21 17:53:00,1786,3.5895,3.59,3.58,3.59,3.58,20
2024-03-21 17:54:00,492,3.5871,3.585,3.5899,3.5899,3.585,7
2024-03-21 17:55:00,665,3.585,3.5848,3.585,3.585,3.5848,7
2024-03-21 17:56:00,508,3.581,3.585,3.58,3.585,3.58,14
2024-03-21 17:57:00,1076,3.579,3.5793,3.5793,3.5793,3.5793,6
2024-03-21 17:58:00,508,3.5763,3.57,3.5725,3.5797,3.57,5
2024-03-21 17:59:00,3010,3.5799,3.58,3.5799,3.58,3.5799,20
2024-03-21 18:00:00,642,3.5898,3.59,3.59,3.59,3.59,12
2024-03-21 18:01:00,360,3.5919,3.595,3.595,3.595,3.595,8
2024-03-21 18:02:00,2726,3.583,3.59,3.59,3.59,3.58,30
2024-03-21 18:03:00,105,3.585,3.585,3.585,3.585,3.585,2
2024-03-21 18:05:00,1058,3.585,3.585,3.585,3.585,3.585,6
2024-03-21 18:07:00,311,3.5806,3.58,3.58,3.58,3.58,8
2024-03-21 18:08:00,400,3.5875,3.59,3.59,3.59,3.58,4
2024-03-21 18:09:00,300,3.58,3.58,3.58,3.58,3.58,3
2024-03-21 18:10:00,538,3.58,3.58,3.58,3.58,3.58,9
2024-03-21 18:11:00,1073,3.5808,3.58,3.58,3.58,3.58,14
2024-03-21 18:13:00,243,3.5819,3.5809,3.5809,3.5809,3.5809,5
2024-03-21 18:14:00,100,3.58,3.58,3.58,3.58,3.58,1
2024-03-21 18:16:00,126,3.59,3.59,3.59,3.59,3.59,1
2024-03-21 18:17:00,3562,3.5894,3.5892,3.5893,3.59,3.58,43
2024-03-21 18:18:00,100,3.59,3.59,3.59,3.59,3.59,1
2024-03-21 18:19:00,200,3.5881,3.59,3.5862,3.59,3.5862,2
2024-03-21 18:20:00,219,3.5895,3.59,3.59,3.59,3.59,4
2024-03-21 18:21:00,2073,3.5948,3.59,3.605,3.605,3.59,29
2024-03-21 18:22:00,288,3.6073,3.605,3.6099,3.6099,3.605,6
2024-03-21 18:24:00,292,3.6071,3.61,3.61,3.61,3.61,7
2024-03-21 18:25:00,103,3.6099,3.61,3.61,3.61,3.61,3
2024-03-21 18:28:00,333,3.6049,3.6071,3.6,3.6071,3.6,4
2024-03-21 18:29:00,425,3.6074,3.6099,3.6044,3.61,3.6044,5
2024-03-21 18:30:00,157,3.61,3.61,3.61,3.61,3.61,1
2024-03-21 18:31:00,893,3.609,3.61,3.605,3.61,3.605,8
2024-03-21 18:32:00,317,3.6035,3.6025,3.6,3.6025,3.6,5
2024-03-21 18:33:00,240,3.605,3.605,3.605,3.605,3.605,6
2024-03-21 18:35:00,300,3.605,3.605,3.605,3.605,3.605,6
2024-03-21 18:37:00,534,3.6015,3.6012,3.6012,3.6012,3.6012,4
2024-03-21 18:40:00,4868,3.6012,3.6,3.6,3.605,3.6,107
2024-03-21 18:41:00,2151,3.6051,3.6,3.61,3.61,3.6,13
2024-03-21 18:43:00,335,3.604,3.605,3.605,3.605,3.605,9
2024-03-21 18:45:00,929,3.6011,3.6009,3.6009,3.6009,3.6009,4
2024-03-21 18:46:00,1300,3.607,3.607,3.607,3.607,3.607,1
2024-03-21 18:47:00,17846,3.6078,3.61,3.61,3.61,3.6,129
2024-03-21 18:48:00,1932,3.6044,3.61,3.61,3.61,3.603,8
2024-03-21 18:49:00,2280,3.6019,3.6,3.61,3.61,3.6,16
2024-03-21 18:50:00,2090,3.6039,3.6033,3.605,3.605,3.6033,16
2024-03-21 18:51:00,2037,3.6088,3.605,3.605,3.61,3.6,10
2024-03-21 18:52:00,823,3.6051,3.605,3.605,3.605,3.605,11
2024-03-21 18:54:00,675,3.6065,3.6099,3.61,3.61,3.6,4
2024-03-21 18:55:00,1130,3.6093,3.605,3.61,3.61,3.605,4
2024-03-21 18:56:00,127,3.605,3.605,3.605,3.605,3.605,4
2024-03-21 18:57:00,103,3.6071,3.6072,3.6072,3.6072,3.6072,2
2024-03-21 18:58:00,6586,3.6115,3.61,3.61,3.615,3.61,94
2024-03-21 18:59:00,1058,3.6041,3.605,3.6,3.61,3.6,17
2024-03-21 19:00:00,250,3.6077,3.605,3.61,3.61,3.605,4
2024-03-21 19:01:00,342,3.6057,3.61,3.605,3.61,3.605,7
2024-03-21 19:03:00,2521,3.6024,3.6,3.6,3.61,3.6,23
2024-03-21 19:04:00,325,3.6045,3.6,3.61,3.61,3.6,5
2024-03-21 19:06:00,713,3.6072,3.61,3.605,3.61,3.605,8
2024-03-21 19:08:00,720,3.6016,3.605,3.6,3.605,3.6,10
2024-03-21 19:10:00,213,3.6092,3.6086,3.6086,3.6086,3.6086,6
2024-03-21 19:11:00,460,3.6049,3.61,3.6,3.61,3.6,5
2024-03-21 19:12:00,1688,3.6066,3.61,3.61,3.61,3.6,21
2024-03-21 19:13:00,1772,3.6088,3.605,3.6,3.61,3.6,10
2024-03-21 19:14:00,1922,3.6011,3.6,3.6,3.6,3.6,42
2024-03-21 19:15:00,2892,3.6074,3.6071,3.605,3.609,3.605,10
2024-03-21 19:16:00,425,3.6045,3.6,3.6089,3.6089,3.6,6
2024-03-21 19:18:00,727,3.6071,3.61,3.605,3.61,3.605,14
2024-03-21 19:19:00,247,3.6073,3.61,3.605,3.61,3.605,5
2024-03-21 19:20:00,101,3.6,3.6,3.6,3.6,3.6,2
2024-03-21 19:22:00,3126,3.6013,3.605,3.6,3.61,3.6,30
2024-03-21 19:23:00,1532,3.5983,3.6,3.6,3.6,3.59,35
2024-03-21 19:24:00,4248,3.6025,3.6,3.6099,3.6099,3.6,28
2024-03-21 19:25:00,947,3.6047,3.6,3.61,3.61,3.6,8
2024-03-21 19:26:00,1260,3.6083,3.605,3.61,3.61,3.605,14
2024-03-21 19:27:00,5029,3.6099,3.605,3.61,3.61,3.605,53
2024-03-21 19:28:00,3107,3.6097,3.6101,3.61,3.6101,3.61,50
2024-03-21 19:29:00,15646,3.6016,3.605,3.6,3.61,3.6,67
2024-03-21 19:30:00,818,3.603,3.6,3.61,3.61,3.6,23
2024-03-21 19:31:00,469,3.6079,3.61,3.605,3.61,3.605,7
2024-03-21 19:32:00,2097,3.6091,3.6099,3.605,3.61,3.605,13
2024-03-21 19:33:00,441,3.6054,3.605,3.61,3.61,3.605,16
2024-03-21 19:34:00,437,3.6064,3.6083,3.605,3.6083,3.605,13
2024-03-21 19:36:00,758,3.6077,3.61,3.605,3.61,3.605,16
2024-03-21 19:37:00,2410,3.6106,3.61,3.61,3.61,3.61,34
2024-03-21 19:38:00,752,3.616,3.615,3.615,3.62,3.615,19
2024-03-21 19:39:00,2399,3.6152,3.615,3.62,3.62,3.615,18
2024-03-21 19:40:00,11010,3.6097,3.61,3.605,3.61,3.605,80
2024-03-21 19:41:00,3822,3.6114,3.61,3.61,3.62,3.61,46
2024-03-21 19:42:00,644,3.6175,3.62,3.615,3.62,3.615,13
2024-03-21 19:43:00,2625,3.6155,3.615,3.62,3.62,3.615,17
2024-03-21 19:44:00,6801,3.6127,3.62,3.61,3.62,3.61,88
2024-03-21 19:45:00,1005,3.6023,3.61,3.6,3.61,3.6,11
2024-03-21 19:46:00,4676,3.6095,3.605,3.61,3.61,3.605,25
2024-03-21 19:47:00,557,3.6068,3.61,3.605,3.61,3.605,12
2024-03-21 19:48:00,916,3.6057,3.61,3.61,3.61,3.6,34
2024-03-21 19:49:00,1537,3.6095,3.605,3.61,3.61,3.605,16
2024-03-21 19:50:00,5979,3.6013,3.61,3.61,3.61,3.6003,26
2024-03-21 19:51:00,10220,3.6005,3.6001,3.595,3.605,3.595,89
2024-03-21 19:52:00,767,3.5941,3.595,3.595,3.595,3.59,23
2024-03-21 19:53:00,11237,3.6041,3.595,3.6128,3.6128,3.595,98
2024-03-21 19:54:00,2156,3.6144,3.615,3.615,3.6173,3.6112,25
2024-03-21 19:55:00,3148,3.6099,3.61,3.605,3.615,3.605,51
2024-03-21 19:56:00,2084,3.6078,3.61,3.605,3.61,3.6,24
2024-03-21 19:57:00,1302,3.6046,3.605,3.605,3.61,3.6,30
2024-03-21 19:58:00,4725,3.6041,3.605,3.61,3.61,3.6,76
2024-03-21 19:59:00,5595,3.6032,3.6,3.61,3.61,3.6,121
2024-03-21 20:00:00,10470,3.6005,3.6,3.6481,3.6481,3.6,5
2024-03-21 20:04:00,100,3.65,3.65,3.65,3.65,3.65,1
2024-03-21 20:06:00,100,3.65,3.65,3.65,3.65,3.65,1
2024-03-21 20:17:00,500,3.67,3.67,3.67,3.67,3.67,1
2024-03-21 20:19:00,330,3.67,3.67,3.67,3.67,3.67,2
2024-03-21 20:22:00,1000,3.6691,3.6691,3.6691,3.6691,3.6691,1
2024-03-21 20:30:00,500,3.67,3.67,3.67,3.67,3.67,1
2024-03-21 20:34:00,1200,3.67,3.67,3.67,3.67,3.67,1
2024-03-21 20:36:00,500,3.67,3.67,3.67,3.67,3.67,1
2024-03-21 20:43:00,524,3.6301,3.63,3.63,3.63,3.63,3
2024-03-21 21:08:00,1001,3.6,3.6,3.6,3.6,3.6,1
2024-03-21 21:27:00,234,3.6,3.6,3.6,3.6,3.6,2
2024-03-21 21:35:00,200,3.5988,3.5988,3.5988,3.5988,3.5988,1
2024-03-21 21:41:00,300,3.51,3.51,3.51,3.51,3.51,1
2024-03-21 21:42:00,500,3.6,3.6,3.6,3.6,3.6,1
2024-03-21 21:49:00,368,3.6103,3.6,3.63,3.63,3.6,2
2024-03-21 22:01:00,540,3.63,3.63,3.63,3.63,3.63,1
2024-03-21 22:22:00,344,3.6596,3.68,3.65,3.68,3.65,3
2024-03-21 22:29:00,180,3.6504,3.6504,3.6504,3.6504,3.6504,1
2024-03-21 22:33:00,200,3.67,3.66,3.68,3.68,3.66,2
2024-03-21 22:46:00,800,3.6799,3.6799,3.6799,3.6799,3.6799,1
2024-03-21 23:46:00,1200,3.68,3.68,3.68,3.68,3.68,2
2024-03-21 23:50:00,600,3.7,3.7,3.7,3.7,3.7,1
2024-03-21 23:52:00,1159,3.6709,3.68,3.58,3.68,3.58,6
2024-03-21 23:55:00,100,3.7,3.7,3.7,3.7,3.7,1
2024-03-22 08:20:00,100,3.74,3.74,3.74,3.74,3.74,1
2024-03-22 08:27:00,126,3.74,3.74,3.74,3.74,3.74,1
2024-03-22 10:14:00,221,3.7219,3.7,3.74,3.74,3.7,3
2024-03-22 11:00:00,879,3.7295,3.75,3.75,3.75,3.7,10
2024-03-22 11:16:00,121,3.6217,3.62,3.62,3.62,3.62,2
2024-03-22 12:00:00,7326,3.7405,3.75,3.75,3.7988,3.55,15
2024-03-22 12:02:00,250,3.75,3.75,3.75,3.75,3.75,2
2024-03-22 12:03:00,535,3.6595,3.5563,3.75,3.75,3.5563,4
2024-03-22 12:05:00,3110,3.727,3.73,3.73,3.73,3.73,3
2024-03-22 12:12:00,1000,3.7,3.7,3.7,3.7,3.7,2
2024-03-22 12:13:00,135,3.7,3.7,3.7,3.7,3.7,3
2024-03-22 12:17:00,465,3.6,3.6,3.6,3.6,3.6,6
2024-03-22 12:18:00,2736,3.55,3.55,3.5504,3.5504,3.55,2
2024-03-22 12:19:00,1500,3.7,3.7,3.7,3.7,3.7,1
2024-03-22 12:29:00,500,3.69,3.69,3.69,3.69,3.69,1
2024-03-22 12:33:00,2700,3.6,3.6,3.6,3.6,3.6,3
2024-03-22 12:34:00,1000,3.65,3.65,3.65,3.65,3.65,1
2024-03-22 12:35:00,2000,3.67,3.65,3.69,3.69,3.65,2
2024-03-22 12:37:00,525,3.6514,3.65,3.65,3.65,3.65,3
2024-03-22 12:39:00,500,3.65,3.65,3.65,3.65,3.65,1
2024-03-22 12:43:00,1000,3.55,3.55,3.55,3.55,3.55,1
2024-03-22 12:52:00,1000,3.65,3.65,3.65,3.65,3.65,1
2024-03-22 13:01:00,3854,3.5502,3.55,3.55,3.55,3.55,2
2024-03-22 13:02:00,1500,3.5501,3.5501,3.5501,3.5501,3.5501,1
2024-03-22 13:30:00,11592,3.6214,3.63,3.66,3.66,3.6,16
2024-03-22 13:31:00,2449,3.5848,3.6,3.5601,3.6,3.56,22
2024-03-22 13:32:00,3083,3.567,3.58,3.57,3.58,3.5545,49
2024-03-22 13:33:00,8329,3.5471,3.58,3.53,3.58,3.52,57
2024-03-22 13:35:00,1793,3.5426,3.52,3.55,3.55,3.52,22
2024-03-22 13:36:00,1912,3.5411,3.55,3.54,3.55,3.54,12
2024-03-22 13:37:00,6329,3.5073,3.53,3.47,3.53,3.47,49
2024-03-22 13:38:00,2661,3.4995,3.49,3.5003,3.518,3.49,22
2024-03-22 13:39:00,6980,3.4974,3.51,3.4911,3.52,3.4795,42
2024-03-22 13:40:00,13251,3.4597,3.5,3.46,3.5,3.44,52
2024-03-22 13:41:00,4260,3.4652,3.461,3.4307,3.475,3.4307,32
2024-03-22 13:42:00,8533,3.4315,3.4379,3.43,3.4396,3.42,24
2024-03-22 13:43:00,6976,3.4457,3.43,3.4501,3.4605,3.43,55
2024-03-22 13:44:00,3453,3.4558,3.4599,3.45,3.4599,3.45,13
2024-03-22 13:45:00,2167,3.4572,3.4599,3.46,3.4601,3.45,18
2024-03-22 13:46:00,1364,3.4478,3.457,3.445,3.457,3.44,13
2024-03-22 13:47:00,3813,3.4597,3.45,3.4785,3.4785,3.45,40
2024-03-22 13:48:00,3603,3.4819,3.475,3.4782,3.488,3.475,24
2024-03-22 13:49:00,4262,3.4559,3.47,3.43,3.47,3.43,53
2024-03-22 13:50:00,35984,3.3814,3.425,3.38,3.425,3.36,183
2024-03-22 13:51:00,2967,3.3922,3.4,3.3995,3.4,3.38,16
2024-03-22 13:52:00,973,3.3949,3.3999,3.385,3.3999,3.385,12
2024-03-22 13:53:00,3461,3.3861,3.3827,3.3998,3.3999,3.375,31
2024-03-22 13:54:00,12094,3.3983,3.39,3.4,3.414,3.39,40
2024-03-22 13:55:00,1139,3.3825,3.3786,3.395,3.395,3.3786,12
2024-03-22 13:56:00,7891,3.3832,3.4,3.38,3.4,3.37,57
2024-03-22 13:57:00,5615,3.3686,3.36,3.38,3.39,3.35,53
2024-03-22 13:58:00,9650,3.3714,3.37,3.3702,3.3798,3.37,24
2024-03-22 13:59:00,3543,3.376,3.378,3.385,3.385,3.3708,34
2024-03-22 14:00:00,6610,3.407,3.39,3.41,3.43,3.39,38
2024-03-22 14:01:00,1447,3.4175,3.405,3.42,3.42,3.405,10
2024-03-22 14:02:00,6967,3.4378,3.425,3.43,3.445,3.425,51
2024-03-22 14:03:00,6926,3.4419,3.435,3.44,3.45,3.435,30
2024-03-22 14:04:00,1876,3.4438,3.44,3.445,3.45,3.44,17
2024-03-22 14:05:00,1557,3.4516,3.4499,3.46,3.46,3.4499,21
2024-03-22 14:06:00,15187,3.4831,3.47,3.47,3.49,3.46,99
2024-03-22 14:07:00,1378,3.4751,3.4698,3.48,3.48,3.4698,23
2024-03-22 14:08:00,3073,3.4974,3.49,3.5,3.51,3.4899,32
2024-03-22 14:09:00,9877,3.4581,3.49,3.45,3.49,3.45,29
2024-03-22 14:10:00,2692,3.4349,3.44,3.43,3.445,3.425,16
2024-03-22 14:11:00,469,3.4358,3.43,3.445,3.445,3.43,9
2024-03-22 14:13:00,2375,3.4413,3.4401,3.4401,3.4401,3.4401,5
2024-03-22 14:14:00,2871,3.4333,3.4474,3.4133,3.45,3.4133,26
2024-03-22 14:15:00,2644,3.4097,3.4106,3.41,3.415,3.4,19
2024-03-22 14:16:00,6963,3.4043,3.405,3.41,3.41,3.4005,36
2024-03-22 14:17:00,449,3.4078,3.4098,3.405,3.4098,3.405,8
2024-03-22 14:18:00,1645,3.4107,3.4097,3.415,3.415,3.4097,20
2024-03-22 14:19:00,111,3.4195,3.42,3.42,3.42,3.42,2
2024-03-22 14:20:00,27525,3.3986,3.42,3.38,3.42,3.38,67
2024-03-22 14:21:00,1561,3.4047,3.4,3.41,3.41,3.4,10
2024-03-22 14:22:00,1995,3.4154,3.41,3.42,3.42,3.41,20
2024-03-22 14:23:00,960,3.4192,3.42,3.42,3.42,3.4118,23
2024-03-22 14:24:00,793,3.4201,3.42,3.42,3.42,3.42,9
2024-03-22 14:25:00,1908,3.4304,3.43,3.43,3.4399,3.425,39
2024-03-22 14:26:00,419,3.4202,3.42,3.42,3.42,3.42,3
2024-03-22 14:27:00,416,3.4188,3.42,3.425,3.425,3.42,12
2024-03-22 14:28:00,1030,3.4311,3.43,3.4305,3.435,3.43,19
2024-03-22 14:29:00,1210,3.4236,3.43,3.42,3.43,3.42,14
2024-03-22 14:30:00,1049,3.4179,3.418,3.418,3.418,3.418,8
2024-03-22 14:31:00,7159,3.3963,3.41,3.39,3.41,3.3887,49
2024-03-22 14:32:00,114,3.3907,3.39,3.39,3.39,3.39,5
2024-03-22 14:33:00,1524,3.3821,3.39,3.38,3.39,3.38,18
2024-03-22 14:34:00,4228,3.3883,3.38,3.395,3.395,3.38,26
2024-03-22 14:35:00,3066,3.3972,3.394,3.395,3.4,3.394,27
2024-03-22 14:36:00,1539,3.3947,3.39,3.4,3.4,3.39,22
2024-03-22 14:37:00,1049,3.3902,3.39,3.39,3.39,3.39,13
2024-03-22 14:38:00,3228,3.3829,3.3888,3.38,3.3888,3.38,21
2024-03-22 14:39:00,3126,3.3855,3.38,3.39,3.39,3.38,47
2024-03-22 14:40:00,2122,3.3952,3.395,3.3999,3.3999,3.395,6
2024-03-22 14:41:00,942,3.3986,3.4,3.4,3.4,3.4,15
2024-03-22 14:42:00,5245,3.4098,3.4099,3.4099,3.4099,3.4099,14
2024-03-22 14:43:00,20774,3.3841,3.41,3.4,3.415,3.38,72
2024-03-22 14:44:00,241,3.4019,3.4,3.4,3.4,3.4,17
2024-03-22 14:46:00,848,3.4091,3.4,3.41,3.41,3.4,15
2024-03-22 14:47:00,26490,3.4024,3.415,3.41,3.415,3.4,33
2024-03-22 14:48:00,240,3.4109,3.41,3.41,3.41,3.41,9
2024-03-22 14:49:00,248,3.3994,3.4,3.4,3.4,3.4,8
2024-03-22 14:50:00,213,3.4004,3.4,3.4,3.4,3.4,6
2024-03-22 14:51:00,10583,3.3801,3.405,3.36,3.405,3.36,45
2024-03-22 14:52:00,5746,3.3502,3.36,3.345,3.36,3.3388,37
2024-03-22 14:53:00,3555,3.3497,3.34,3.3499,3.35,3.34,16
2024-03-22 14:54:00,1361,3.3355,3.34,3.34,3.34,3.335,9
2024-03-22 14:55:00,7311,3.3496,3.34,3.3588,3.3588,3.34,23
2024-03-22 14:56:00,864,3.3509,3.3504,3.35,3.3504,3.35,17
2024-03-22 14:57:00,1263,3.3516,3.35,3.35,3.35,3.35,27
2024-03-22 14:59:00,681,3.3544,3.355,3.355,3.355,3.35,14
2024-03-22 15:01:00,1826,3.3602,3.36,3.36,3.36,3.3575,31
2024-03-22 15:02:00,465,3.3712,3.37,3.375,3.375,3.37,13
2024-03-22 15:03:00,23013,3.3807,3.38,3.365,3.39,3.365,70
2024-03-22 15:04:00,468,3.374,3.375,3.37,3.375,3.37,15
2024-03-22 15:05:00,840,3.364,3.37,3.36,3.37,3.36,14
2024-03-22 15:06:00,10145,3.3601,3.37,3.36,3.37,3.36,8
2024-03-22 15:07:00,3541,3.3553,3.37,3.36,3.37,3.35,37
2024-03-22 15:08:00,1243,3.3595,3.3698,3.355,3.3698,3.355,17
2024-03-22 15:09:00,6839,3.3607,3.35,3.3499,3.37,3.3499,76
2024-03-22 15:10:00,10680,3.3351,3.34,3.33,3.34,3.33,30
2024-03-22 15:11:00,2105,3.3398,3.3367,3.34,3.34,3.3367,28
2024-03-22 15:12:00,1919,3.3348,3.331,3.345,3.345,3.33,12
2024-03-22 15:13:00,242,3.349,3.35,3.3492,3.35,3.3492,11
2024-03-22 15:14:00,1171,3.3482,3.345,3.345,3.3497,3.345,13
2024-03-22 15:15:00,1625,3.3451,3.345,3.345,3.35,3.3429,22
2024-03-22 15:16:00,311,3.3472,3.35,3.35,3.35,3.35,12
2024-03-22 15:17:00,3231,3.3449,3.3432,3.34,3.346,3.34,18
2024-03-22 15:18:00,1422,3.3461,3.346,3.345,3.346,3.345,17
2024-03-22 15:19:00,3801,3.3521,3.3472,3.355,3.36,3.345,44
2024-03-22 15:20:00,560,3.3567,3.3592,3.355,3.3592,3.355,19
2024-03-22 15:22:00,431,3.3557,3.355,3.355,3.355,3.355,21
2024-03-22 15:23:00,3818,3.3695,3.355,3.39,3.39,3.355,42
2024-03-22 15:24:00,4207,3.3876,3.3899,3.385,3.3899,3.385,15
2024-03-22 15:25:00,120,3.3816,3.38,3.38,3.38,3.38,2
2024-03-22 15:26:00,322,3.39,3.39,3.39,3.39,3.39,8
2024-03-22 15:27:00,501,3.3928,3.39,3.4,3.4,3.39,12
2024-03-22 15:28:00,5381,3.3808,3.39,3.3801,3.39,3.3801,18
2024-03-22 15:29:00,104,3.3891,3.3894,3.3894,3.3894,3.3894,3
2024-03-22 15:30:00,2842,3.3879,3.385,3.3895,3.3899,3.385,14
2024-03-22 15:31:00,4860,3.3901,3.3823,3.405,3.405,3.3823,23
2024-03-22 15:32:00,2117,3.4099,3.4099,3.4099,3.41,3.4099,7
2024-03-22 15:35:00,1397,3.4054,3.41,3.395,3.41,3.395,21
2024-03-22 15:36:00,744,3.3992,3.3993,3.3993,3.3993,3.3993,10
2024-03-22 15:38:00,604,3.389,3.39,3.385,3.39,3.385,17
2024-03-22 15:39:00,200,3.3825,3.38,3.385,3.385,3.38,2
2024-03-22 15:40:00,122,3.3812,3.38,3.38,3.38,3.38,4
2024-03-22 15:41:00,2051,3.3733,3.38,3.37,3.38,3.37,23
2024-03-22 15:42:00,424,3.3715,3.37,3.37,3.37,3.37,13
2024-03-22 15:43:00,592,3.3786,3.3793,3.3793,3.3793,3.3793,4
2024-03-22 15:44:00,521,3.3759,3.3794,3.37,3.3794,3.37,8
2024-03-22 15:45:00,436,3.3729,3.37,3.37,3.375,3.37,6
2024-03-22 15:46:00,3201,3.3802,3.375,3.385,3.385,3.375,28
2024-03-22 15:47:00,279,3.38,3.38,3.38,3.38,3.38,10
2024-03-22 15:48:00,7086,3.3756,3.3799,3.355,3.38,3.355,41
2024-03-22 15:49:00,206,3.3472,3.35,3.35,3.35,3.35,4
2024-03-22 15:51:00,2429,3.3401,3.34,3.3387,3.34,3.3387,14
2024-03-22 15:52:00,158,3.3317,3.33,3.33,3.33,3.33,10
2024-03-22 15:53:00,500,3.339,3.3399,3.34,3.34,3.335,3
2024-03-22 15:54:00,1833,3.338,3.3399,3.3347,3.34,3.33,12
2024-03-22 15:55:00,1086,3.3299,3.33,3.3299,3.33,3.325,27
2024-03-22 15:56:00,20703,3.3202,3.325,3.325,3.325,3.32,18
2024-03-22 15:57:00,275,3.3237,3.32,3.32,3.32,3.32,12
2024-03-22 15:58:00,21784,3.3032,3.32,3.295,3.32,3.29,115
2024-03-22 15:59:00,797,3.2979,3.295,3.2991,3.2991,3.295,14
2024-03-22 16:00:00,1745,3.2961,3.2982,3.295,3.2982,3.295,24
2024-03-22 16:01:00,14931,3.289,3.295,3.2802,3.295,3.28,40
2024-03-22 16:02:00,4235,3.2853,3.2889,3.29,3.29,3.28,21
2024-03-22 16:03:00,397,3.2851,3.285,3.285,3.285,3.285,15
2024-03-22 16:04:00,5082,3.2891,3.2855,3.288,3.29,3.285,41
2024-03-22 16:06:00,7667,3.298,3.3,3.307,3.307,3.294,33
2024-03-22 16:07:00,957,3.3083,3.31,3.305,3.31,3.305,17
2024-03-22 16:08:00,475,3.3012,3.305,3.3,3.305,3.3,17
2024-03-22 16:09:00,1010,3.2973,3.2973,3.2973,3.2973,3.2973,3
2024-03-22 16:10:00,909,3.295,3.2944,3.295,3.295,3.2944,7
2024-03-22 16:12:00,5082,3.3015,3.3,3.305,3.3088,3.3,49
2024-03-22 16:13:00,305,3.306,3.309,3.3,3.309,3.3,3
2024-03-22 16:14:00,10390,3.2909,3.3,3.29,3.3,3.29,21
2024-03-22 16:15:00,224,3.2992,3.3,3.299,3.3,3.299,5
2024-03-22 16:16:00,1011,3.2974,3.2999,3.295,3.2999,3.295,5
2024-03-22 16:18:00,4577,3.2817,3.29,3.279,3.29,3.275,34
2024-03-22 16:19:00,5634,3.2835,3.275,3.2893,3.2893,3.275,32
2024-03-22 16:21:00,2195,3.2814,3.28,3.285,3.285,3.28,19
2024-03-22 16:22:00,987,3.2797,3.2824,3.275,3.2824,3.275,25
2024-03-22 16:23:00,230,3.2794,3.2799,3.2799,3.2799,3.2799,8
2024-03-22 16:24:00,5331,3.2711,3.2709,3.2791,3.2791,3.2701,8
2024-03-22 16:25:00,484,3.2733,3.27,3.2788,3.2788,3.27,12
2024-03-22 16:26:00,151,3.275,3.275,3.275,3.275,3.275,4
2024-03-22 16:27:00,280,3.2723,3.27,3.275,3.275,3.27,8
2024-03-22 16:28:00,11235,3.2799,3.2799,3.2801,3.2801,3.275,46
2024-03-22 16:29:00,10349,3.2895,3.285,3.285,3.29,3.2801,32
2024-03-22 16:31:00,884,3.2893,3.2899,3.2877,3.2899,3.2877,8
2024-03-22 16:32:00,6434,3.2709,3.285,3.26,3.285,3.26,62
2024-03-22 16:33:00,3155,3.2689,3.265,3.27,3.27,3.265,31
2024-03-22 16:34:00,281,3.2611,3.261,3.261,3.261,3.261,4
2024-03-22 16:35:00,1305,3.2635,3.2625,3.27,3.27,3.2625,5
2024-03-22 16:36:00,3509,3.2644,3.265,3.2643,3.265,3.2643,3
2024-03-22 16:37:00,704,3.2617,3.26,3.2601,3.2666,3.26,9
2024-03-22 16:39:00,3896,3.2728,3.27,3.285,3.285,3.268,39
2024-03-22 16:45:00,241,3.2818,3.281,3.281,3.281,3.281,5
2024-03-22 16:46:00,113,3.2854,3.285,3.285,3.285,3.285,3
2024-03-22 16:47:00,3052,3.2915,3.29,3.295,3.3,3.29,28
2024-03-22 16:48:00,10894,3.2989,3.29,3.3,3.3,3.29,61
2024-03-22 16:49:00,2145,3.3101,3.31,3.31,3.31,3.31,13
2024-03-22 16:50:00,514,3.3102,3.31,3.31,3.31,3.31,3
2024-03-22 16:51:00,1179,3.3163,3.315,3.3174,3.3174,3.315,4
2024-03-22 16:52:00,1335,3.3176,3.3179,3.315,3.32,3.315,8
2024-03-22 16:53:00,134,3.3146,3.315,3.315,3.315,3.315,4
2024-03-22 16:54:00,2902,3.3199,3.32,3.32,3.32,3.32,24
2024-03-22 16:55:00,138,3.3186,3.32,3.32,3.32,3.32,3
2024-03-22 16:56:00,2021,3.3161,3.315,3.32,3.32,3.315,19
2024-03-22 16:57:00,216,3.32,3.32,3.32,3.32,3.32,4
2024-03-22 16:59:00,118,3.3196,3.32,3.32,3.32,3.32,7
2024-03-22 17:00:00,313,3.3126,3.3125,3.3125,3.3125,3.3125,3
2024-03-22 17:01:00,7230,3.3219,3.3199,3.33,3.33,3.3199,26
2024-03-22 17:02:00,100,3.335,3.335,3.335,3.335,3.335,1
2024-03-22 17:03:00,13066,3.364,3.34,3.36,3.38,3.34,121
2024-03-22 17:05:00,1331,3.3493,3.35,3.35,3.35,3.35,18
2024-03-22 17:06:00,1862,3.3489,3.3479,3.35,3.35,3.3479,9
2024-03-22 17:08:00,1719,3.3462,3.35,3.345,3.35,3.345,25
2024-03-22 17:09:00,12766,3.3669,3.345,3.38,3.38,3.345,70
2024-03-22 17:10:00,23836,3.3958,3.39,3.39,3.41,3.3875,139
2024-03-22 17:12:00,263,3.3895,3.39,3.39,3.39,3.39,6
2024-03-22 17:13:00,1505,3.3759,3.38,3.3736,3.38,3.3736,13
2024-03-22 17:14:00,116,3.3707,3.37,3.37,3.37,3.37,4
2024-03-22 17:15:00,222,3.373,3.37,3.375,3.375,3.37,6
2024-03-22 17:17:00,1205,3.3738,3.3726,3.38,3.38,3.3726,4
2024-03-22 17:18:00,472,3.3735,3.375,3.37,3.375,3.37,6
2024-03-22 17:19:00,429,3.3706,3.37,3.37,3.37,3.37,18
2024-03-22 17:20:00,506,3.3663,3.3697,3.36,3.3697,3.36,7
2024-03-22 17:21:00,119,3.37,3.37,3.37,3.37,3.37,1
2024-03-22 17:22:00,111,3.3609,3.36,3.36,3.36,3.36,3
2024-03-22 17:24:00,1489,3.3702,3.37,3.37,3.37,3.37,24
2024-03-22 17:25:00,119,3.3704,3.37,3.37,3.37,3.37,4
2024-03-22 17:26:00,255,3.3798,3.3799,3.3797,3.3799,3.3797,3
2024-03-22 17:27:00,1601,3.376,3.3757,3.3757,3.3757,3.3757,5
2024-03-22 17:28:00,707,3.3705,3.37,3.37,3.37,3.37,8
2024-03-22 17:29:00,217,3.3728,3.37,3.37,3.37,3.37,5
2024-03-22 17:31:00,373,3.3718,3.37,3.3703,3.3703,3.37,6
2024-03-22 17:34:00,779,3.3701,3.37,3.37,3.37,3.37,22
2024-03-22 17:35:00,462,3.366,3.37,3.365,3.37,3.365,10
2024-03-22 17:36:00,215,3.3626,3.365,3.36,3.365,3.36,5
2024-03-22 17:37:00,101,3.36,3.36,3.36,3.36,3.36,2
2024-03-22 17:38:00,3213,3.3649,3.365,3.365,3.365,3.36,6
2024-03-22 17:39:00,1239,3.3614,3.3601,3.365,3.365,3.36,20
2024-03-22 17:40:00,5618,3.3697,3.36,3.375,3.375,3.36,46
2024-03-22 17:41:00,532,3.379,3.375,3.3799,3.3799,3.375,4
2024-03-22 17:43:00,2765,3.3801,3.3799,3.385,3.385,3.3799,16
2024-03-22 17:44:00,1722,3.3874,3.3876,3.385,3.3876,3.385,5
2024-03-22 17:46:00,2651,3.3901,3.39,3.395,3.395,3.3899,23
2024-03-22 17:51:00,2164,3.3988,3.395,3.405,3.405,3.3908,27
2024-03-22 17:52:00,417,3.4093,3.41,3.4091,3.41,3.4091,10
2024-03-22 17:53:00,30652,3.4124,3.405,3.43,3.45,3.395,150
2024-03-22 17:54:00,4213,3.4237,3.43,3.42,3.43,3.42,48
2024-03-22 17:55:00,1011,3.4077,3.415,3.4,3.415,3.4,13
2024-03-22 17:56:00,7100,3.408,3.405,3.405,3.4099,3.405,19
2024-03-22 17:57:00,3779,3.4085,3.41,3.41,3.41,3.4001,15
2024-03-22 17:59:00,411,3.4042,3.4,3.41,3.41,3.4,10
2024-03-22 18:00:00,6737,3.3964,3.4009,3.395,3.41,3.39,41
2024-03-22 18:01:00,21584,3.3813,3.3982,3.38,3.3982,3.365,80
2024-03-22 18:03:00,227,3.3752,3.375,3.375,3.375,3.375,8
2024-03-22 18:04:00,222,3.3724,3.37,3.375,3.375,3.37,5
2024-03-22 18:05:00,1185,3.3685,3.37,3.3657,3.37,3.365,16
2024-03-22 18:06:00,219,3.3651,3.369,3.369,3.369,3.369,6
2024-03-22 18:07:00,404,3.3637,3.365,3.36,3.365,3.36,9
2024-03-22 18:09:00,3879,3.3695,3.36,3.375,3.375,3.36,48
2024-03-22 18:12:00,846,3.3687,3.37,3.36,3.37,3.36,26
2024-03-22 18:13:00,126,3.3614,3.36,3.36,3.36,3.36,4
2024-03-22 18:14:00,102,3.3601,3.36,3.36,3.36,3.36,2
2024-03-22 18:15:00,610,3.3648,3.3658,3.36,3.3658,3.36,5
2024-03-22 18:16:00,3868,3.3607,3.365,3.355,3.365,3.355,33
2024-03-22 18:17:00,506,3.355,3.36,3.355,3.36,3.35,8
2024-03-22 18:18:00,1657,3.3601,3.36,3.36,3.36,3.36,19
2024-03-22 18:19:00,383,3.36,3.36,3.36,3.36,3.36,6
2024-03-22 18:20:00,202,3.355,3.355,3.355,3.355,3.355,9
2024-03-22 18:23:00,205,3.35,3.35,3.35,3.35,3.35,3
2024-03-22 18:24:00,127,3.3515,3.35,3.35,3.35,3.35,5
2024-03-22 18:25:00,600,3.3576,3.35,3.3591,3.3591,3.35,2
2024-03-22 18:26:00,219,3.3527,3.355,3.35,3.355,3.35,5
2024-03-22 18:27:00,5848,3.364,3.355,3.3692,3.37,3.355,49
2024-03-22 18:28:00,1250,3.3654,3.365,3.37,3.37,3.364,8
2024-03-22 18:29:00,114,3.3694,3.37,3.37,3.37,3.37,2
2024-03-22 18:30:00,1312,3.3604,3.365,3.36,3.365,3.36,30
2024-03-22 18:31:00,115,3.3609,3.36,3.36,3.36,3.36,3
2024-03-22 18:33:00,312,3.3602,3.36,3.3601,3.3601,3.36,7
2024-03-22 18:34:00,625,3.36,3.36,3.36,3.36,3.36,14
2024-03-22 18:35:00,102,3.3597,3.3599,3.3599,3.3599,3.3599,2
2024-03-22 18:37:00,937,3.355,3.35,3.355,3.355,3.35,18
2024-03-22 18:38:00,3720,3.355,3.355,3.355,3.355,3.355,3
2024-03-22 18:39:00,1321,3.3542,3.35,3.355,3.355,3.35,13
2024-03-22 18:40:00,315,3.3519,3.355,3.35,3.355,3.35,6
2024-03-22 18:41:00,2744,3.3499,3.35,3.35,3.35,3.35,19
2024-03-22 18:42:00,1985,3.3455,3.34,3.34,3.35,3.34,10
2024-03-22 18:43:00,963,3.3439,3.345,3.34,3.345,3.34,15
2024-03-22 18:44:00,210,3.3402,3.34,3.34,3.34,3.34,5
2024-03-22 18:45:00,870,3.3401,3.34,3.34,3.34,3.34,20
2024-03-22 18:46:00,1257,3.3314,3.335,3.331,3.335,3.331,10
2024-03-22 18:47:00,1635,3.3392,3.339,3.33,3.339,3.33,13
2024-03-22 18:48:00,670,3.3391,3.3399,3.3399,3.3399,3.3399,6
2024-03-22 18:49:00,348,3.3309,3.33,3.33,3.33,3.33,14
2024-03-22 18:50:00,104,3.33,3.33,3.33,3.33,3.33,2
2024-03-22 18:51:00,7150,3.3277,3.33,3.335,3.335,3.315,55
2024-03-22 18:52:00,740,3.3363,3.339,3.335,3.34,3.335,14
2024-03-22 18:53:00,6377,3.3427,3.33,3.35,3.35,3.33,63
2024-03-22 18:54:00,207,3.3508,3.35,3.35,3.35,3.35,5
2024-03-22 18:55:00,328,3.3505,3.35,3.351,3.351,3.35,10
2024-03-22 18:56:00,828,3.3494,3.35,3.35,3.35,3.35,22
2024-03-22 18:58:00,2200,3.3455,3.345,3.345,3.346,3.345,6
2024-03-22 19:00:00,1640,3.3359,3.34,3.335,3.34,3.335,9
2024-03-22 19:01:00,857,3.335,3.335,3.33,3.34,3.33,23
2024-03-22 19:02:00,20033,3.3287,3.33,3.32,3.33,3.32,54
2024-03-22 19:03:00,645,3.3166,3.32,3.315,3.32,3.315,16
2024-03-22 19:04:00,1124,3.3167,3.32,3.31,3.32,3.31,19
2024-03-22 19:05:00,530,3.3172,3.315,3.315,3.32,3.315,6
2024-03-22 19:06:00,100,3.31,3.31,3.31,3.31,3.31,1
2024-03-22 19:07:00,9893,3.3102,3.31,3.32,3.32,3.305,43
2024-03-22 19:08:00,249,3.317,3.32,3.315,3.32,3.315,9
2024-03-22 19:09:00,917,3.3107,3.31,3.31,3.31,3.31,18
2024-03-22 19:10:00,4152,3.3199,3.31,3.33,3.33,3.31,36
2024-03-22 19:11:00,256,3.3249,3.3205,3.3205,3.3205,3.3205,13
2024-03-22 19:12:00,623,3.3192,3.32,3.315,3.32,3.315,8
2024-03-22 19:14:00,723,3.3102,3.31,3.31,3.31,3.31,14
2024-03-22 19:17:00,190,3.3176,3.32,3.32,3.32,3.32,4
2024-03-22 19:18:00,460,3.3107,3.31,3.31,3.31,3.31,7
2024-03-22 19:20:00,241,3.3106,3.31,3.31,3.31,3.31,5
2024-03-22 19:21:00,1215,3.3101,3.31,3.31,3.31,3.31,12
2024-03-22 19:22:00,245,3.3137,3.31,3.315,3.315,3.31,5
2024-03-22 19:23:00,1271,3.3167,3.318,3.315,3.32,3.315,14
2024-03-22 19:24:00,744,3.3101,3.31,3.31,3.31,3.31,12
2024-03-22 19:25:00,7735,3.3101,3.31,3.31,3.31,3.31,75
2024-03-22 19:26:00,343,3.3086,3.31,3.305,3.31,3.305,10
2024-03-22 19:27:00,210,3.305,3.305,3.305,3.305,3.305,2
2024-03-22 19:29:00,1230,3.3081,3.305,3.309,3.309,3.305,7
2024-03-22 19:30:00,1572,3.304,3.3,3.305,3.305,3.3,16
2024-03-22 19:31:00,6243,3.3099,3.3098,3.31,3.32,3.305,54
2024-03-22 19:32:00,9023,3.3288,3.32,3.34,3.34,3.32,51
2024-03-22 19:33:00,251,3.34,3.34,3.34,3.34,3.34,5
2024-03-22 19:34:00,133,3.3357,3.335,3.335,3.335,3.335,5
2024-03-22 19:35:00,1343,3.3379,3.335,3.335,3.3398,3.335,10
2024-03-22 19:36:00,801,3.3353,3.335,3.335,3.335,3.33,8
2024-03-22 19:37:00,320,3.3313,3.33,3.33,3.33,3.33,4
2024-03-22 19:38:00,4194,3.34,3.33,3.34,3.34,3.33,46
2024-03-22 19:39:00,233,3.3452,3.3495,3.3413,3.3495,3.3413,4
2024-03-22 19:40:00,233,3.3478,3.345,3.345,3.345,3.345,5
2024-03-22 19:42:00,130,3.3455,3.345,3.345,3.345,3.345,5
2024-03-22 19:43:00,13654,3.3395,3.3442,3.3312,3.345,3.33,97
2024-03-22 19:44:00,1361,3.3358,3.335,3.335,3.34,3.335,15
2024-03-22 19:45:00,360,3.3311,3.33,3.33,3.33,3.33,7
2024-03-22 19:46:00,825,3.333,3.33,3.335,3.335,3.33,17
2024-03-22 19:47:00,895,3.3343,3.335,3.33,3.335,3.33,10
2024-03-22 19:48:00,547,3.3336,3.335,3.335,3.335,3.335,12
2024-03-22 19:49:00,2168,3.332,3.33,3.33,3.335,3.33,31
2024-03-22 19:50:00,536,3.3345,3.33,3.335,3.335,3.33,16
2024-03-22 19:51:00,9516,3.3304,3.335,3.33,3.335,3.33,72
2024-03-22 19:52:00,8235,3.343,3.34,3.35,3.35,3.34,86
2024-03-22 19:53:00,3077,3.3494,3.345,3.3469,3.35,3.345,14
2024-03-22 19:54:00,8374,3.3503,3.345,3.35,3.36,3.345,87
2024-03-22 19:55:00,4038,3.3429,3.345,3.34,3.345,3.34,18
2024-03-22 19:56:00,3631,3.3478,3.345,3.345,3.35,3.34,46
2024-03-22 19:57:00,17983,3.3372,3.345,3.33,3.35,3.33,121
2024-03-22 19:58:00,4362,3.3225,3.32,3.32,3.325,3.32,43
2024-03-22 19:59:00,22748,3.3097,3.325,3.3,3.325,3.3,167
2024-03-22 20:00:00,864,3.31,3.31,3.31,3.31,3.31,5
2024-03-22 20:13:00,100,3.32,3.32,3.32,3.32,3.32,1
2024-03-22 20:24:00,100,3.3585,3.3585,3.3585,3.3585,3.3585,1
2024-03-22 20:44:00,150,3.3563,3.3595,3.3595,3.3595,3.3595,2
2024-03-22 20:45:00,105,3.34,3.34,3.34,3.34,3.34,1
2024-03-22 20:51:00,100,3.3599,3.3599,3.3599,3.3599,3.3599,1
2024-03-22 21:01:00,1998,3.36,3.36,3.36,3.36,3.36,3
2024-03-22 21:09:00,1498,3.36,3.36,3.36,3.36,3.36,1
2024-03-22 21:12:00,1000,3.36,3.36,3.36,3.36,3.36,1
2024-03-22 21:47:00,300,3.39,3.39,3.39,3.39,3.39,1
2024-03-22 22:16:00,100,3.38,3.38,3.38,3.38,3.38,1
2024-03-22 22:36:00,2000,3.42,3.42,3.42,3.42,3.42,1
